1 
2.000000e-02 
-5.148000e-03 
-1.018000e-03 
-5.560000e-04 
-2.260000e-04 
1.525000e-03 
7.750000e-04 
1.200000e-04 
-1.500000e-03 
-2.594000e-03 
-9.210000e-04 
2.407000e-03 
3.680000e-03 
2.443000e-03 
1.069000e-03 
2.650000e-03 
4.117000e-03 
2.938000e-03 
3.347000e-03 
6.422000e-03 
6.424000e-03 
5.574000e-03 
5.415000e-03 
5.381000e-03 
3.504000e-03 
2.399000e-03 
1.400000e-04 
-5.131000e-03 
-3.684000e-03 
9.850000e-04 
2.543000e-03 
2.880000e-04 
-6.403000e-03 
-8.104000e-03 
-5.043000e-03 
-5.260000e-03 
-7.452000e-03 
-8.519000e-03 
-7.931000e-03 
-5.797000e-03 
-4.269000e-03 
-5.175000e-03 
-4.539000e-03 
1.928000e-03 
5.217000e-03 
-1.696000e-03 
-5.025000e-03 
-2.754000e-03 
-1.515000e-03 
-3.365000e-03 
-5.030000e-03 
-2.291000e-03 
4.080000e-04 
2.360000e-04 
-1.630000e-03 
-4.629000e-03 
-6.541000e-03 
-4.054000e-03 
-3.644000e-03 
-7.270000e-03 
-7.113000e-03 
-1.005000e-03 
4.382000e-03 
6.350000e-03 
5.755000e-03 
2.065000e-03 
8.300000e-04 
-1.392000e-03 
-3.885000e-03 
-5.973000e-03 
-5.178000e-03 
-4.527000e-03 
-8.872000e-03 
-1.252000e-02 
-1.410000e-02 
-9.635000e-03 
-6.912000e-03 
-1.117400e-02 
-1.456700e-02 
-1.722600e-02 
-1.348300e-02 
-1.189000e-03 
7.466000e-03 
1.224700e-02 
8.557000e-03 
3.125000e-03 
-3.820000e-04 
-5.954000e-03 
-9.377000e-03 
-7.834000e-03 
-6.261000e-03 
-6.404000e-03 
-7.203000e-03 
-1.047700e-02 
-1.007000e-02 
-7.335000e-03 
-3.974000e-03 
-1.708000e-03 
-1.007000e-03 
-5.411000e-03 
-7.349000e-03 
-2.527000e-03 
-1.390000e-03 
-5.052000e-03 
9.600000e-05 
5.327000e-03 
5.930000e-03 
5.696000e-03 
-3.720000e-03 
-8.625000e-03 
-7.858000e-03 
-8.300000e-03 
-6.378000e-03 
-5.433000e-03 
9.970000e-04 
1.810500e-02 
1.596200e-02 
2.910000e-04 
-6.840000e-03 
-9.745000e-03 
-3.920000e-04 
5.952000e-03 
6.814000e-03 
8.264000e-03 
5.551000e-03 
6.754000e-03 
1.164200e-02 
1.264100e-02 
1.178600e-02 
8.243000e-03 
-2.057000e-03 
-9.233000e-03 
-8.744000e-03 
-3.090000e-04 
6.571000e-03 
7.540000e-03 
-3.878000e-03 
-1.901200e-02 
-1.618100e-02 
-5.253000e-03 
-1.003000e-03 
2.000000e-05 
-1.260000e-04 
-3.100000e-04 
6.593000e-03 
1.248100e-02 
8.780000e-04 
-9.896000e-03 
-9.990000e-03 
-3.468000e-03 
-1.031000e-03 
-1.324400e-02 
-2.392900e-02 
-2.883900e-02 
-3.290500e-02 
-2.587100e-02 
-4.362000e-03 
9.396000e-03 
7.319000e-03 
-3.192000e-03 
-7.337000e-03 
-1.074000e-03 
1.274600e-02 
1.869000e-02 
2.343000e-03 
-1.321900e-02 
-1.141700e-02 
-7.003000e-03 
-6.185000e-03 
-1.043600e-02 
-1.284800e-02 
-4.597000e-03 
5.247000e-03 
1.243300e-02 
1.311600e-02 
1.125800e-02 
1.103000e-03 
-9.779000e-03 
-1.021000e-02 
-8.787000e-03 
-7.644000e-03 
-2.419000e-03 
6.805000e-03 
1.084500e-02 
9.913000e-03 
6.692000e-03 
4.468000e-03 
7.415000e-03 
1.234900e-02 
6.020000e-04 
-1.737100e-02 
-2.352300e-02 
-2.102300e-02 
-1.153900e-02 
5.601000e-03 
1.882800e-02 
1.770400e-02 
1.289500e-02 
6.922000e-03 
6.690000e-04 
5.654000e-03 
1.477200e-02 
2.256100e-02 
2.999600e-02 
3.632000e-02 
3.481600e-02 
2.411600e-02 
-1.732000e-03 
-4.894600e-02 
-8.718000e-02 
-1.051710e-01 
-7.950300e-02 
1.417300e-02 
1.285230e-01 
1.711300e-01 
1.824720e-01 
1.857770e-01 
2.011330e-01 
1.934680e-01 
2.152370e-01 
1.507980e-01 
-1.106600e-02 
-8.575700e-02 
-1.905550e-01 
-2.322250e-01 
-2.084870e-01 
-2.147180e-01 
-2.208010e-01 
-2.256080e-01 
-1.933730e-01 
-2.444800e-02 
1.086110e-01 
2.199920e-01 
3.076710e-01 
2.766730e-01 
2.259990e-01 
1.266970e-01 
3.836500e-02 
4.046500e-02 
7.184800e-02 
1.066200e-01 
1.235740e-01 
8.918400e-02 
3.934300e-02 
-1.757400e-02 
-1.143780e-01 
-2.188770e-01 
-3.017180e-01 
-3.435950e-01 
-3.643490e-01 
-3.753340e-01 
-3.707770e-01 
-3.432580e-01 
-2.462980e-01 
-1.011670e-01 
1.150900e-02 
1.158580e-01 
2.121010e-01 
3.152580e-01 
4.187200e-01 
4.305650e-01 
4.212500e-01 
4.011900e-01 
3.889170e-01 
1.935670e-01 
3.892900e-02 
3.845000e-03 
-8.555400e-02 
-1.563640e-01 
-2.222600e-01 
-2.622490e-01 
-2.731740e-01 
-2.713320e-01 
-1.831950e-01 
6.687000e-03 
8.482500e-02 
9.722600e-02 
1.134280e-01 
9.724700e-02 
1.265820e-01 
1.632300e-01 
1.863960e-01 
2.129140e-01 
2.134160e-01 
1.679610e-01 
3.028400e-02 
-5.506800e-02 
-1.172930e-01 
-1.738130e-01 
-1.931230e-01 
-9.586600e-02 
4.303800e-02 
9.584600e-02 
8.355300e-02 
1.945900e-02 
-3.562000e-02 
-4.915000e-02 
-2.098200e-02 
-1.988700e-02 
-3.117800e-02 
-3.874600e-02 
-5.018300e-02 
-7.397400e-02 
-1.441950e-01 
-1.584360e-01 
-1.201990e-01 
-1.204380e-01 
-7.644000e-02 
-2.827600e-02 
1.136200e-02 
4.939400e-02 
6.655800e-02 
1.590000e-04 
-1.086040e-01 
-1.488450e-01 
-2.045770e-01 
-2.195930e-01 
-2.297340e-01 
-1.780580e-01 
-4.212000e-03 
9.561000e-02 
1.715190e-01 
2.625200e-01 
2.906550e-01 
2.860350e-01 
1.982170e-01 
1.067330e-01 
7.953800e-02 
3.509600e-02 
1.274800e-02 
1.012400e-02 
2.208200e-02 
1.819500e-02 
-4.512000e-03 
-2.359000e-02 
-3.923900e-02 
-4.971000e-02 
-4.399100e-02 
-6.262000e-03 
1.863100e-02 
1.594800e-02 
1.100800e-02 
3.756000e-03 
-1.472700e-02 
-3.033100e-02 
-2.559500e-02 
-1.611500e-02 
-1.955900e-02 
-3.216600e-02 
-3.190300e-02 
-1.926900e-02 
-2.163100e-02 
-4.835100e-02 
-9.201200e-02 
-1.069790e-01 
-6.060900e-02 
-5.447000e-03 
3.234300e-02 
6.251200e-02 
8.305400e-02 
9.769900e-02 
9.240800e-02 
5.108400e-02 
-1.767000e-03 
-4.523300e-02 
-7.490400e-02 
-6.543900e-02 
-2.377900e-02 
6.956000e-03 
2.036100e-02 
3.522600e-02 
4.161900e-02 
4.562200e-02 
3.371200e-02 
6.294000e-03 
-1.160100e-02 
-2.393100e-02 
-2.549600e-02 
-2.819600e-02 
-2.752300e-02 
-7.112000e-03 
9.769000e-03 
1.416800e-02 
1.324700e-02 
1.468900e-02 
2.483300e-02 
6.706200e-02 
1.027270e-01 
1.031620e-01 
6.193200e-02 
-3.708000e-03 
-5.191300e-02 
-9.648700e-02 
-1.224930e-01 
-1.279090e-01 
-1.075660e-01 
-9.220700e-02 
-8.809300e-02 
-7.129600e-02 
-2.339700e-02 
2.137100e-02 
3.173200e-02 
2.419200e-02 
9.700000e-04 
-3.166000e-03 
-1.038000e-03 
-3.421000e-03 
-5.170000e-03 
-7.790000e-04 
1.137900e-02 
2.264800e-02 
2.717300e-02 
2.253700e-02 
1.884800e-02 
1.717400e-02 
1.104000e-02 
4.786000e-03 
1.102500e-02 
2.415000e-02 
3.451700e-02 
4.098100e-02 
3.789600e-02 
2.828900e-02 
7.391000e-03 
-1.731300e-02 
-3.023800e-02 
-3.468400e-02 
-3.546800e-02 
-2.771200e-02 
-1.269600e-02 
-2.358000e-03 
2.555000e-03 
1.418000e-03 
-1.603000e-03 
-7.580000e-04 
7.469000e-03 
1.552800e-02 
2.766200e-02 
4.446300e-02 
5.781000e-02 
5.562100e-02 
4.844100e-02 
4.602600e-02 
4.153000e-02 
2.953800e-02 
4.250000e-04 
-2.647600e-02 
-5.721500e-02 
-8.137900e-02 
-8.877100e-02 
-9.069100e-02 
-7.893800e-02 
-5.772800e-02 
-3.414400e-02 
2.118000e-03 
3.376200e-02 
4.312600e-02 
4.507900e-02 
4.026500e-02 
3.166500e-02 
3.105200e-02 
3.296000e-02 
2.694900e-02 
1.117000e-03 
-2.858400e-02 
-4.852300e-02 
-6.205800e-02 
-7.340500e-02 
-8.797200e-02 
-9.123100e-02 
-7.539200e-02 
-3.048800e-02 
1.316700e-02 
3.486200e-02 
4.251800e-02 
3.677100e-02 
2.447100e-02 
1.660500e-02 
1.893700e-02 
2.599300e-02 
2.871700e-02 
3.015900e-02 
3.629300e-02 
3.743100e-02 
3.008500e-02 
6.428000e-03 
-1.765200e-02 
-2.234000e-02 
-1.559100e-02 
5.579000e-03 
2.336300e-02 
2.827600e-02 
2.379000e-02 
-5.272000e-03 
-2.840100e-02 
-4.065600e-02 
-5.182700e-02 
-5.741400e-02 
-5.816300e-02 
-5.303300e-02 
-4.157600e-02 
-2.327400e-02 
-2.136000e-03 
1.884200e-02 
3.171600e-02 
3.439500e-02 
2.782700e-02 
2.307600e-02 
2.268900e-02 
2.335100e-02 
1.795400e-02 
5.313000e-03 
-9.880000e-04 
-3.912000e-03 
-4.940000e-04 
1.109700e-02 
1.437400e-02 
4.067000e-03 
-4.498000e-03 
-5.916000e-03 
1.761000e-03 
1.408100e-02 
2.467000e-02 
3.287300e-02 
3.399000e-02 
2.852300e-02 
4.140000e-03 
-2.086900e-02 
-3.002400e-02 
-3.374600e-02 
-2.468800e-02 
5.325000e-03 
3.143300e-02 
4.009500e-02 
4.057000e-02 
2.727200e-02 
4.981000e-03 
-1.163100e-02 
-1.871500e-02 
-2.064300e-02 
-2.058400e-02 
-2.099600e-02 
-2.379500e-02 
-2.219900e-02 
-1.086700e-02 
7.230000e-03 
2.228600e-02 
2.789100e-02 
2.425500e-02 
1.213100e-02 
-6.842000e-03 
-2.619600e-02 
-4.184900e-02 
-5.055000e-02 
-5.184900e-02 
-4.901200e-02 
-4.107700e-02 
-2.218900e-02 
6.432000e-03 
2.782600e-02 
3.755900e-02 
3.592800e-02 
2.463800e-02 
1.192900e-02 
2.047000e-03 
-4.100000e-05 
3.116000e-03 
1.893000e-03 
4.870000e-04 
-1.492000e-03 
-4.279000e-03 
-5.778000e-03 
-6.782000e-03 
-9.869000e-03 
-1.693800e-02 
-2.572100e-02 
-2.705300e-02 
-1.741100e-02 
2.157000e-03 
2.766100e-02 
4.300800e-02 
4.950100e-02 
5.018100e-02 
4.275800e-02 
1.638900e-02 
-1.312300e-02 
-3.085900e-02 
-3.982000e-02 
-3.103500e-02 
-4.798000e-03 
2.018300e-02 
3.668900e-02 
4.594100e-02 
4.579300e-02 
4.005900e-02 
2.014500e-02 
-1.778000e-03 
-1.533500e-02 
-3.173200e-02 
-4.507200e-02 
-5.400600e-02 
-5.763000e-02 
-5.041600e-02 
-3.769700e-02 
-2.249300e-02 
-5.500000e-03 
9.817000e-03 
2.022100e-02 
2.519900e-02 
1.994000e-02 
7.700000e-04 
-2.130500e-02 
-3.359200e-02 
-3.379500e-02 
-2.927000e-02 
-2.203300e-02 
-1.675400e-02 
-1.458500e-02 
-1.353100e-02 
-1.393400e-02 
-1.335200e-02 
-1.258700e-02 
-1.303900e-02 
-1.613900e-02 
-1.912900e-02 
-1.510100e-02 
-5.099000e-03 
5.817000e-03 
1.787000e-02 
2.480400e-02 
3.129800e-02 
2.989300e-02 
1.611600e-02 
1.846000e-03 
-6.645000e-03 
-9.876000e-03 
-5.940000e-03 
1.162000e-03 
8.053000e-03 
2.301900e-02 
3.804600e-02 
4.894800e-02 
5.497500e-02 
5.367300e-02 
4.785400e-02 
4.558100e-02 
4.359600e-02 
3.535300e-02 
1.761400e-02 
1.346000e-03 
-7.012000e-03 
-9.818000e-03 
-4.690000e-03 
-2.500000e-05 
-8.589000e-03 
-2.652800e-02 
-5.060900e-02 
-7.261400e-02 
-8.215000e-02 
-7.720800e-02 
-4.785500e-02 
-2.132900e-02 
-1.049400e-02 
-9.730000e-04 
7.158000e-03 
1.441600e-02 
2.022600e-02 
1.662600e-02 
6.001000e-03 
-1.194000e-03 
-4.820000e-04 
2.731000e-03 
6.975000e-03 
1.354100e-02 
1.687200e-02 
1.232900e-02 
2.279000e-03 
-9.940000e-03 
-2.357900e-02 
-3.308200e-02 
-3.288600e-02 
-2.295000e-02 
-1.078400e-02 
8.470000e-04 
7.076000e-03 
5.481000e-03 
6.615000e-03 
1.044000e-02 
1.044900e-02 
1.016800e-02 
1.120000e-02 
7.792000e-03 
-2.050000e-04 
-5.996000e-03 
-7.910000e-03 
-6.298000e-03 
-2.163000e-03 
1.988000e-03 
1.150500e-02 
2.243000e-02 
2.715100e-02 
3.306300e-02 
3.801600e-02 
3.609800e-02 
2.852000e-02 
1.800100e-02 
1.055300e-02 
1.142300e-02 
1.650500e-02 
1.285700e-02 
1.857000e-03 
-9.002000e-03 
-1.667900e-02 
-1.653700e-02 
-9.332000e-03 
3.199000e-03 
1.174100e-02 
1.155700e-02 
7.265000e-03 
2.868000e-03 
4.400000e-04 
2.688000e-03 
9.688000e-03 
1.577600e-02 
1.223900e-02 
5.580000e-04 
-9.466000e-03 
-1.075100e-02 
-5.494000e-03 
3.147000e-03 
1.003900e-02 
1.068200e-02 
8.264000e-03 
2.557000e-03 
-3.314000e-03 
-2.606000e-03 
2.089000e-03 
1.046300e-02 
2.022200e-02 
2.154700e-02 
1.442500e-02 
-9.519000e-03 
-2.560400e-02 
-2.504400e-02 
-2.417600e-02 
-2.228400e-02 
-1.577000e-02 
-3.030000e-04 
1.043100e-02 
1.276900e-02 
1.151000e-02 
1.001200e-02 
4.288000e-03 
-1.212800e-02 
-2.876000e-02 
-3.471500e-02 
-3.602200e-02 
-3.210900e-02 
-2.250000e-02 
-7.196000e-03 
8.741000e-03 
1.656100e-02 
1.723200e-02 
1.084600e-02 
3.089000e-03 
-5.431000e-03 
-1.011900e-02 
-1.194800e-02 
-1.380600e-02 
-1.090800e-02 
-5.059000e-03 
-2.283000e-03 
-7.167000e-03 
-1.408700e-02 
-1.766600e-02 
-1.951500e-02 
-2.128900e-02 
-1.733300e-02 
-7.032000e-03 
3.190000e-04 
4.193000e-03 
6.474000e-03 
5.810000e-03 
4.918000e-03 
4.611000e-03 
2.673000e-03 
-1.635000e-03 
-6.061000e-03 
-7.327000e-03 
-3.056000e-03 
8.874000e-03 
2.517800e-02 
3.634100e-02 
3.993200e-02 
3.620700e-02 
2.328200e-02 
9.418000e-03 
5.730000e-04 
-3.231000e-03 
-8.984000e-03 
-1.140000e-02 
-4.596000e-03 
3.207000e-03 
1.315100e-02 
2.536100e-02 
3.521500e-02 
3.841900e-02 
3.774400e-02 
2.168300e-02 
7.508000e-03 
5.142000e-03 
4.369000e-03 
2.308000e-03 
-1.298000e-03 
-2.657000e-03 
-9.390000e-03 
-8.367000e-03 
-4.930000e-03 
-3.359000e-03 
-5.374000e-03 
-1.209000e-02 
-1.157800e-02 
6.937000e-03 
2.846000e-02 
3.664900e-02 
1.759200e-02 
-1.252700e-02 
-2.077000e-02 
-1.386800e-02 
5.130000e-03 
1.663800e-02 
1.464900e-02 
1.121400e-02 
4.951000e-03 
-8.608000e-03 
-1.762400e-02 
-2.085500e-02 
-2.606000e-02 
-2.857100e-02 
-2.524400e-02 
-2.116400e-02 
-2.173700e-02 
-2.628100e-02 
-2.204800e-02 
-1.006300e-02 
-5.720000e-03 
-9.355000e-03 
-9.819000e-03 
-3.412000e-03 
5.447000e-03 
1.197500e-02 
8.957000e-03 
-8.910000e-03 
-2.875600e-02 
-3.699800e-02 
-3.384300e-02 
-2.094000e-02 
-3.165000e-03 
1.988400e-02 
3.897000e-02 
5.211800e-02 
6.128700e-02 
6.217300e-02 
4.886600e-02 
3.196600e-02 
2.244200e-02 
1.187800e-02 
2.196000e-03 
-8.575000e-03 
-2.190400e-02 
-3.113300e-02 
-2.655300e-02 
-7.643000e-03 
9.416000e-03 
1.789100e-02 
2.158800e-02 
2.746000e-02 
3.410600e-02 
3.952700e-02 
3.903100e-02 
2.462100e-02 
6.315000e-03 
-1.074600e-02 
-2.717500e-02 
-3.560300e-02 
-3.044300e-02 
-1.187200e-02 
8.004000e-03 
1.964500e-02 
1.600900e-02 
-1.043900e-02 
-3.375100e-02 
-3.803800e-02 
-2.813200e-02 
-9.044000e-03 
-8.420000e-04 
-6.942000e-03 
-1.429900e-02 
-1.885300e-02 
-2.326600e-02 
-2.721900e-02 
-3.417100e-02 
-4.103600e-02 
-4.148600e-02 
-2.569000e-02 
-6.081000e-03 
4.100000e-04 
9.510000e-04 
-3.400000e-05 
-2.721000e-03 
-8.228000e-03 
-8.883000e-03 
-7.340000e-03 
-3.717000e-03 
2.230000e-04 
-3.668000e-03 
-1.034300e-02 
-1.313200e-02 
-1.015300e-02 
-5.016000e-03 
-2.662000e-03 
-5.294000e-03 
-5.626000e-03 
-1.138000e-03 
4.308000e-03 
8.594000e-03 
8.434000e-03 
7.959000e-03 
6.688000e-03 
7.129000e-03 
1.452600e-02 
2.159000e-02 
2.686500e-02 
2.976400e-02 
2.742300e-02 
2.564600e-02 
2.547700e-02 
2.173900e-02 
1.940500e-02 
1.841200e-02 
1.654500e-02 
1.141700e-02 
7.536000e-03 
3.556000e-03 
-1.953000e-03 
-1.054800e-02 
-2.333100e-02 
-3.449800e-02 
-3.278700e-02 
-2.282000e-02 
-1.130500e-02 
1.549000e-03 
4.925000e-03 
2.930000e-04 
-9.521000e-03 
-1.138500e-02 
6.400000e-03 
3.435700e-02 
5.005100e-02 
4.855000e-02 
3.968500e-02 
2.428800e-02 
-1.656000e-03 
-1.977600e-02 
-2.211700e-02 
-1.488100e-02 
-9.980000e-03 
-1.060700e-02 
-1.569300e-02 
-3.228800e-02 
-5.317000e-02 
-5.105500e-02 
-1.116600e-02 
8.637000e-03 
1.705000e-03 
-1.480000e-04 
1.151300e-02 
2.920300e-02 
4.260900e-02 
4.616800e-02 
4.332200e-02 
3.328900e-02 
9.519000e-03 
-7.131000e-03 
-2.328200e-02 
-3.487900e-02 
-3.148300e-02 
-1.980500e-02 
-1.758300e-02 
-2.162500e-02 
-1.532200e-02 
1.436000e-03 
1.913500e-02 
3.161100e-02 
4.076400e-02 
4.071800e-02 
3.422500e-02 
3.086100e-02 
3.049500e-02 
2.321900e-02 
4.949000e-03 
-1.847100e-02 
-3.402400e-02 
-3.368800e-02 
-2.552800e-02 
-2.549800e-02 
-2.917500e-02 
-2.639300e-02 
-1.659500e-02 
-4.068000e-03 
9.620000e-04 
-8.086000e-03 
-3.257500e-02 
-4.372200e-02 
-3.175300e-02 
-7.741000e-03 
1.280300e-02 
1.088000e-02 
-3.054000e-03 
-6.718000e-03 
-1.388000e-03 
6.047000e-03 
1.383300e-02 
2.321700e-02 
3.432800e-02 
3.070300e-02 
1.896600e-02 
4.403000e-03 
-1.113000e-02 
-2.442900e-02 
-1.860400e-02 
5.069000e-03 
2.054600e-02 
2.888800e-02 
3.362600e-02 
3.352200e-02 
2.886700e-02 
2.080500e-02 
4.036000e-03 
-1.117600e-02 
-1.143400e-02 
-3.630000e-04 
1.132700e-02 
1.458200e-02 
6.590000e-03 
-7.660000e-04 
-2.329000e-03 
-5.506000e-03 
-1.391000e-02 
-2.693700e-02 
-3.445300e-02 
-2.749200e-02 
-1.444700e-02 
-8.930000e-04 
7.618000e-03 
1.130400e-02 
1.803200e-02 
2.173200e-02 
1.656900e-02 
1.580000e-03 
-8.673000e-03 
-6.168000e-03 
1.066000e-03 
6.836000e-03 
9.496000e-03 
5.782000e-03 
-1.236000e-03 
-5.392000e-03 
-6.503000e-03 
-1.360100e-02 
-2.120100e-02 
-2.248000e-02 
-9.029000e-03 
1.601500e-02 
2.262100e-02 
1.121900e-02 
-1.273000e-03 
-2.240000e-03 
1.763000e-03 
-7.846000e-03 
-2.742900e-02 
-4.163900e-02 
-4.891200e-02 
-4.377900e-02 
-2.150200e-02 
7.110000e-04 
1.360000e-02 
2.147100e-02 
2.557200e-02 
2.603100e-02 
2.034200e-02 
1.401200e-02 
1.093200e-02 
1.117000e-02 
9.898000e-03 
8.368000e-03 
4.878000e-03 
9.350000e-04 
-1.390000e-03 
-8.283000e-03 
-1.591900e-02 
-2.373600e-02 
-2.891500e-02 
-2.494300e-02 
-1.009100e-02 
-6.490000e-04 
-4.500000e-05 
-3.037000e-03 
-4.248000e-03 
-9.520000e-04 
1.660000e-03 
-2.044000e-03 
-1.121200e-02 
-2.008100e-02 
-2.453900e-02 
-1.396900e-02 
4.578000e-03 
1.639000e-02 
2.029500e-02 
1.912500e-02 
1.628200e-02 
1.311200e-02 
2.413000e-03 
-1.444200e-02 
-2.344500e-02 
-2.131200e-02 
-1.602000e-03 
2.313800e-02 
3.354200e-02 
3.478600e-02 
3.384300e-02 
3.197300e-02 
2.482700e-02 
1.459900e-02 
3.717000e-03 
-6.464000e-03 
-1.563100e-02 
-2.378900e-02 
-2.924900e-02 
-2.946700e-02 
-2.442200e-02 
-1.725400e-02 
-1.305100e-02 
-7.999000e-03 
7.500000e-05 
7.824000e-03 
1.253100e-02 
7.023000e-03 
-4.384000e-03 
-1.571900e-02 
-2.235500e-02 
-2.253300e-02 
-1.977200e-02 
-1.798300e-02 
-1.322600e-02 
2.310000e-04 
1.393900e-02 
2.097500e-02 
2.229600e-02 
1.568600e-02 
8.630000e-03 
8.496000e-03 
1.154500e-02 
1.564800e-02 
1.786600e-02 
1.998500e-02 
2.145300e-02 
2.046500e-02 
1.719900e-02 
1.417600e-02 
1.272700e-02 
1.249800e-02 
1.094400e-02 
7.162000e-03 
1.743000e-03 
-5.204000e-03 
-1.322900e-02 
-1.925600e-02 
-2.041600e-02 
-2.166200e-02 
-2.328700e-02 
-2.282200e-02 
-1.618400e-02 
-4.898000e-03 
8.580000e-04 
3.763000e-03 
3.983000e-03 
-9.320000e-04 
-1.177900e-02 
-1.903300e-02 
-1.819300e-02 
-1.484100e-02 
-1.007800e-02 
-7.810000e-03 
-2.296000e-03 
4.905000e-03 
1.440200e-02 
2.395300e-02 
2.862300e-02 
2.754300e-02 
2.308700e-02 
1.902700e-02 
1.123600e-02 
-1.954000e-03 
-1.735200e-02 
-2.706800e-02 
-2.886600e-02 
-2.438400e-02 
-1.465600e-02 
1.968000e-03 
1.654500e-02 
2.484100e-02 
2.630000e-02 
2.023200e-02 
1.064500e-02 
1.902000e-03 
-1.414000e-03 
-1.133000e-03 
4.460000e-03 
1.315400e-02 
2.088500e-02 
2.929000e-02 
3.391600e-02 
3.428200e-02 
3.242300e-02 
2.794800e-02 
2.150200e-02 
1.239100e-02 
4.464000e-03 
-1.744000e-03 
-8.691000e-03 
-1.534400e-02 
-2.124600e-02 
-2.565800e-02 
-2.963300e-02 
-3.331900e-02 
-3.512800e-02 
-3.375600e-02 
-2.812000e-02 
-2.016600e-02 
-1.423100e-02 
-1.086300e-02 
-1.004700e-02 
-1.022300e-02 
-9.428000e-03 
-9.394000e-03 
-8.447000e-03 
-5.182000e-03 
-2.865000e-03 
-2.540000e-03 
-1.310000e-03 
-8.890000e-04 
-1.407000e-03 
-1.825000e-03 
-1.917000e-03 
-2.815000e-03 
-1.797000e-03 
1.218000e-03 
6.531000e-03 
1.049300e-02 
9.964000e-03 
4.901000e-03 
-9.330000e-04 
-1.435000e-03 
-1.640000e-04 
1.316000e-03 
2.744000e-03 
4.386000e-03 
5.002000e-03 
6.142000e-03 
7.351000e-03 
5.712000e-03 
1.420000e-03 
-2.480000e-03 
-1.261000e-03 
3.517000e-03 
7.686000e-03 
1.051300e-02 
1.209100e-02 
1.181100e-02 
1.025500e-02 
8.050000e-03 
3.813000e-03 
6.660000e-04 
6.270000e-04 
4.086000e-03 
8.868000e-03 
1.313900e-02 
1.612700e-02 
1.599400e-02 
1.407700e-02 
1.287700e-02 
1.300200e-02 
1.423200e-02 
1.611300e-02 
1.617200e-02 
1.401000e-02 
1.033100e-02 
7.283000e-03 
6.050000e-03 
7.369000e-03 
8.873000e-03 
1.221000e-02 
1.662900e-02 
1.871700e-02 
1.705500e-02 
1.219000e-02 
5.671000e-03 
-1.680000e-03 
-7.632000e-03 
-1.345000e-02 
-1.759900e-02 
-1.847200e-02 
-1.638500e-02 
-1.461300e-02 
-1.390000e-02 
-1.064000e-02 
-4.704000e-03 
-1.437000e-03 
-3.002000e-03 
-8.959000e-03 
-1.628500e-02 
-1.997100e-02 
-2.250700e-02 
-2.553200e-02 
-2.846600e-02 
-2.889700e-02 
-2.497200e-02 
-1.875700e-02 
-1.109000e-02 
-3.180000e-03 
9.430000e-04 
2.389000e-03 
4.670000e-04 
-3.611000e-03 
-6.384000e-03 
-6.950000e-03 
-3.325000e-03 
2.518000e-03 
6.781000e-03 
7.528000e-03 
7.007000e-03 
5.647000e-03 
6.046000e-03 
7.410000e-03 
9.921000e-03 
1.225700e-02 
1.252000e-02 
1.198800e-02 
1.155900e-02 
1.256100e-02 
1.258100e-02 
1.169300e-02 
6.203000e-03 
6.820000e-04 
-3.579000e-03 
-5.045000e-03 
-3.186000e-03 
-1.860000e-04 
4.290000e-03 
7.699000e-03 
1.072100e-02 
1.110200e-02 
9.312000e-03 
6.543000e-03 
2.144000e-03 
-3.626000e-03 
-9.928000e-03 
-1.356600e-02 
-1.450700e-02 
-1.392300e-02 
-1.287300e-02 
-1.089300e-02 
-7.321000e-03 
-3.281000e-03 
6.790000e-04 
2.480000e-03 
1.234000e-03 
-4.825000e-03 
-1.056200e-02 
-1.400900e-02 
-1.755800e-02 
-2.102000e-02 
-2.313200e-02 
-2.295400e-02 
-2.023000e-02 
-1.383000e-02 
-6.225000e-03 
2.734000e-03 
9.544000e-03 
1.256800e-02 
1.294700e-02 
9.516000e-03 
5.287000e-03 
3.185000e-03 
2.268000e-03 
1.087000e-03 
-1.221000e-03 
-1.334000e-03 
3.640000e-04 
2.601000e-03 
4.316000e-03 
5.913000e-03 
6.310000e-03 
3.967000e-03 
9.300000e-05 
-5.004000e-03 
-6.731000e-03 
-7.157000e-03 
-8.002000e-03 
-7.461000e-03 
-7.220000e-03 
-5.673000e-03 
-5.270000e-04 
5.151000e-03 
9.333000e-03 
1.167000e-02 
9.290000e-03 
4.559000e-03 
7.100000e-05 
-4.102000e-03 
-6.793000e-03 
-8.519000e-03 
-9.120000e-03 
-1.081400e-02 
-1.119400e-02 
-1.118300e-02 
-9.878000e-03 
-6.238000e-03 
-3.065000e-03 
1.800000e-05 
-2.230000e-04 
-1.748000e-03 
-1.991000e-03 
-1.903000e-03 
-1.988000e-03 
-1.503000e-03 
1.233000e-03 
5.192000e-03 
9.028000e-03 
1.241600e-02 
1.519700e-02 
1.710000e-02 
1.749700e-02 
1.802200e-02 
1.854000e-02 
1.836600e-02 
1.847000e-02 
1.842700e-02 
2.065300e-02 
2.308900e-02 
2.224300e-02 
1.744200e-02 
8.827000e-03 
4.790000e-04 
-4.980000e-03 
-8.278000e-03 
-8.837000e-03 
-9.262000e-03 
-1.089500e-02 
-1.103700e-02 
-1.112800e-02 
-1.077600e-02 
-8.746000e-03 
-6.256000e-03 
-3.389000e-03 
-1.890000e-04 
3.115000e-03 
6.065000e-03 
6.753000e-03 
4.794000e-03 
1.622000e-03 
-2.470000e-03 
-6.422000e-03 
-9.862000e-03 
-1.294500e-02 
-1.378900e-02 
-1.369700e-02 
-1.244300e-02 
-9.468000e-03 
-7.266000e-03 
-6.770000e-03 
-8.925000e-03 
-1.244200e-02 
-1.597300e-02 
-1.937400e-02 
-1.960100e-02 
-1.662800e-02 
-1.329900e-02 
-9.517000e-03 
-7.231000e-03 
-3.911000e-03 
8.190000e-04 
6.551000e-03 
1.248700e-02 
1.909300e-02 
2.471500e-02 
2.512300e-02 
2.072100e-02 
7.729000e-03 
-4.392000e-03 
-1.315700e-02 
-1.908800e-02 
-2.212300e-02 
-2.457400e-02 
-2.275500e-02 
-1.655300e-02 
-5.161000e-03 
6.629000e-03 
1.669600e-02 
2.585500e-02 
3.285400e-02 
3.468700e-02 
3.159900e-02 
2.200900e-02 
1.198300e-02 
3.956000e-03 
-4.127000e-03 
-1.037400e-02 
-1.677800e-02 
-2.133200e-02 
-2.222600e-02 
-1.694200e-02 
-6.752000e-03 
1.400000e-05 
2.675000e-03 
2.266000e-03 
1.633000e-03 
3.181000e-03 
4.504000e-03 
7.290000e-03 
9.853000e-03 
1.183700e-02 
1.014100e-02 
7.857000e-03 
7.073000e-03 
5.260000e-03 
5.303000e-03 
4.542000e-03 
2.721000e-03 
1.247000e-03 
-2.090000e-04 
-2.014000e-03 
-3.227000e-03 
-3.775000e-03 
-3.266000e-03 
-2.772000e-03 
-4.107000e-03 
-5.395000e-03 
-5.789000e-03 
-5.293000e-03 
-6.603000e-03 
-6.705000e-03 
-4.438000e-03 
-5.038000e-03 
-6.738000e-03 
-6.554000e-03 
-3.784000e-03 
-4.410000e-04 
4.967000e-03 
1.230900e-02 
1.822600e-02 
2.306400e-02 
2.545400e-02 
2.371900e-02 
1.590800e-02 
6.603000e-03 
-2.248000e-03 
-8.290000e-03 
-1.164100e-02 
-1.327500e-02 
-1.303000e-02 
-1.166100e-02 
-9.735000e-03 
-8.418000e-03 
-6.324000e-03 
-6.459000e-03 
-4.670000e-03 
-1.918000e-03 
1.420000e-04 
4.180000e-04 
-1.493000e-03 
-2.246000e-03 
-5.038000e-03 
-6.092000e-03 
-3.860000e-03 
-1.272000e-03 
2.188000e-03 
2.758000e-03 
1.365000e-03 
-5.830000e-04 
-1.744000e-03 
-2.095000e-03 
-3.595000e-03 
-4.543000e-03 
-6.354000e-03 
-8.318000e-03 
-1.071400e-02 
-1.078500e-02 
-1.087900e-02 
-1.078900e-02 
-1.092400e-02 
-8.430000e-03 
-3.278000e-03 
1.805000e-03 
4.953000e-03 
5.207000e-03 
4.321000e-03 
1.156000e-03 
3.820000e-04 
1.687000e-03 
4.751000e-03 
5.129000e-03 
5.124000e-03 
5.068000e-03 
5.194000e-03 
4.895000e-03 
3.285000e-03 
1.490000e-03 
5.330000e-04 
5.890000e-04 
4.860000e-04 
4.090000e-04 
1.040000e-03 
2.796000e-03 
2.815000e-03 
2.800000e-03 
2.893000e-03 
2.805000e-03 
1.507000e-03 
-3.440000e-04 
-1.640000e-03 
-1.462000e-03 
-1.750000e-03 
-1.433000e-03 
-1.982000e-03 
-1.876000e-03 
-1.105000e-03 
1.658000e-03 
3.244000e-03 
3.146000e-03 
2.699000e-03 
8.670000e-04 
1.402000e-03 
1.337000e-03 
1.263000e-03 
1.033000e-03 
7.170000e-04 
4.540000e-04 
1.371000e-03 
5.200000e-04 
-9.550000e-04 
-9.950000e-04 
-4.270000e-04 
1.254000e-03 
1.169000e-03 
1.349000e-03 
1.132000e-03 
2.723000e-03 
3.294000e-03 
3.168000e-03 
2.933000e-03 
1.273000e-03 
-3.560000e-04 
-2.927000e-03 
-5.079000e-03 
-7.459000e-03 
-8.336000e-03 
-7.814000e-03 
-5.771000e-03 
-1.928000e-03 
1.228000e-03 
3.124000e-03 
3.110000e-03 
2.350000e-04 
-2.565000e-03 
-4.075000e-03 
-3.774000e-03 
-1.831000e-03 
6.400000e-04 
2.754000e-03 
5.051000e-03 
6.987000e-03 
7.507000e-03 
8.679000e-03 
8.464000e-03 
7.059000e-03 
6.534000e-03 
5.184000e-03 
4.707000e-03 
4.699000e-03 
4.496000e-03 
4.454000e-03 
4.275000e-03 
3.038000e-03 
1.266000e-03 
-1.390000e-04 
-1.571000e-03 
-1.197000e-03 
-1.760000e-04 
3.520000e-04 
1.397000e-03 
2.531000e-03 
2.533000e-03 
2.532000e-03 
1.879000e-03 
2.500000e-04 
-7.870000e-04 
-1.771000e-03 
-2.262000e-03 
-2.920000e-03 
-2.848000e-03 
-2.048000e-03 
-8.480000e-04 
4.390000e-04 
1.305000e-03 
1.905000e-03 
1.339000e-03 
4.480000e-04 
-6.480000e-04 
-1.184000e-03 
-1.678000e-03 
-2.074000e-03 
-2.871000e-03 
-3.176000e-03 
-2.694000e-03 
-1.724000e-03 
-6.030000e-04 
1.540000e-04 
7.620000e-04 
1.210000e-03 
1.716000e-03 
1.668000e-03 
1.626000e-03 
1.040000e-03 
9.110000e-04 
7.790000e-04 
6.960000e-04 
9.480000e-04 
1.436000e-03 
2.282000e-03 
2.792000e-03 
3.023000e-03 
3.039000e-03 
2.802000e-03 
2.732000e-03 
2.384000e-03 
2.005000e-03 
1.814000e-03 
1.566000e-03 
1.093000e-03 
7.620000e-04 
8.650000e-04 
7.340000e-04 
5.900000e-04 
3.450000e-04 
-1.070000e-04 
-4.490000e-04 
-7.770000e-04 
-9.760000e-04 
-1.115000e-03 
-1.361000e-03 
-1.504000e-03 
-1.480000e-03 
-1.304000e-03 
-1.188000e-03 
-1.099000e-03 
-9.880000e-04 
-9.560000e-04 
-1.021000e-03 
-1.068000e-03 
-1.113000e-03 
-1.264000e-03 
-1.432000e-03 
-1.554000e-03 
-1.511000e-03 
-1.444000e-03 
-1.366000e-03 
-1.331000e-03 
-1.307000e-03 
-1.223000e-03 
-1.132000e-03 
-9.970000e-04 
-9.260000e-04 
-8.650000e-04 
-8.440000e-04 
-8.100000e-04 
-7.880000e-04 
-7.810000e-04 
-7.580000e-04 
-7.400000e-04 
-7.130000e-04 
-6.780000e-04 
-6.350000e-04 
-5.930000e-04 
-5.510000e-04 
-5.160000e-04 
-4.840000e-04 
-4.520000e-04 
-4.200000e-04 
-3.900000e-04 
