1 
1.000000e-02 
5.300000e-05 
-4.900000e-05 
5.300000e-05 
-5.000000e-05 
5.600000e-05 
-4.300000e-05 
6.400000e-05 
-4.000000e-05 
6.800000e-05 
-3.600000e-05 
7.400000e-05 
-3.200000e-05 
8.000000e-05 
-2.900000e-05 
8.100000e-05 
-8.300000e-05 
6.300000e-05 
1.800000e-05 
1.570000e-04 
5.800000e-05 
1.680000e-04 
1.500000e-05 
9.300000e-05 
-6.000000e-06 
1.020000e-04 
-8.000000e-06 
1.400000e-05 
-2.510000e-04 
-1.820000e-04 
-2.830000e-04 
-1.130000e-04 
-1.900000e-05 
1.870000e-04 
2.100000e-05 
-1.110000e-04 
-7.350000e-04 
-9.580000e-04 
-6.140000e-04 
4.660000e-04 
1.113000e-03 
1.230000e-03 
5.160000e-04 
4.660000e-04 
2.240000e-04 
6.110000e-04 
1.079000e-03 
1.412000e-03 
9.220000e-04 
5.320000e-04 
-2.550000e-04 
-1.072000e-03 
-1.360000e-03 
-7.450000e-04 
-1.390000e-04 
5.230000e-04 
8.100000e-05 
-1.111000e-03 
-2.095000e-03 
-1.764000e-03 
-9.500000e-04 
1.407000e-03 
3.567000e-03 
4.819000e-03 
4.905000e-03 
3.914000e-03 
1.205000e-03 
-7.790000e-04 
-6.038000e-03 
-8.833000e-03 
-6.649000e-03 
-2.579000e-03 
-9.110000e-04 
1.400000e-04 
1.602000e-03 
1.954000e-03 
4.460000e-04 
-3.905000e-03 
-6.496000e-03 
-4.791000e-03 
-1.680000e-04 
3.292000e-03 
3.850000e-03 
2.925000e-03 
2.048000e-03 
4.293000e-03 
6.984000e-03 
9.356000e-03 
1.014000e-02 
8.740000e-03 
4.551000e-03 
-1.669000e-03 
-1.057500e-02 
-1.818700e-02 
-1.873500e-02 
-7.233000e-03 
6.150000e-03 
1.232400e-02 
3.806000e-03 
-8.355000e-03 
-1.776900e-02 
-1.465900e-02 
-1.021000e-03 
1.220800e-02 
1.736200e-02 
1.704900e-02 
1.658200e-02 
1.265000e-02 
5.130000e-03 
4.460000e-04 
-3.350000e-04 
1.660000e-03 
1.425000e-03 
-2.829000e-03 
-7.742000e-03 
-7.901000e-03 
-4.799000e-03 
-2.696000e-03 
-2.255000e-03 
-4.296000e-03 
-7.871000e-03 
-1.445400e-02 
-1.995600e-02 
-2.173500e-02 
-2.172100e-02 
-1.597200e-02 
-4.733000e-03 
6.829000e-03 
9.666000e-03 
5.687000e-03 
6.350000e-04 
-1.196000e-03 
4.801000e-03 
1.958300e-02 
2.332600e-02 
1.733000e-02 
1.183900e-02 
9.644000e-03 
9.512000e-03 
9.651000e-03 
8.337000e-03 
2.862000e-03 
-3.587000e-03 
-5.322000e-03 
-5.641000e-03 
-6.797000e-03 
-8.496000e-03 
-1.087800e-02 
-1.266700e-02 
-1.082100e-02 
-4.680000e-03 
-5.500000e-05 
8.700000e-05 
-2.700000e-05 
1.764000e-03 
7.470000e-03 
1.448900e-02 
1.891800e-02 
1.744600e-02 
1.149900e-02 
7.092000e-03 
3.927000e-03 
-4.967000e-03 
-1.418600e-02 
-1.703700e-02 
-1.717400e-02 
-1.487000e-02 
-1.275300e-02 
-1.028900e-02 
-6.190000e-03 
-2.871000e-03 
-2.707000e-03 
-6.425000e-03 
-1.318800e-02 
-1.407700e-02 
-1.083800e-02 
-9.752000e-03 
-6.476000e-03 
1.532000e-03 
7.576000e-03 
1.329800e-02 
2.015400e-02 
2.219000e-02 
2.032800e-02 
1.720700e-02 
1.453200e-02 
1.304200e-02 
1.370500e-02 
1.347200e-02 
1.269100e-02 
4.996000e-03 
-2.620000e-03 
-4.511000e-03 
-7.327000e-03 
-1.143700e-02 
-1.331300e-02 
-1.378300e-02 
-1.076300e-02 
-8.320000e-03 
-6.328000e-03 
-3.378000e-03 
9.670000e-04 
6.794000e-03 
1.000600e-02 
1.011600e-02 
1.002900e-02 
7.895000e-03 
6.861000e-03 
4.842000e-03 
1.028000e-03 
-2.132000e-03 
-4.588000e-03 
-7.142000e-03 
-8.410000e-03 
-8.979000e-03 
-9.540000e-03 
-1.011400e-02 
-1.315600e-02 
-1.869300e-02 
-2.139500e-02 
-2.000600e-02 
-1.353500e-02 
-2.354000e-03 
4.953000e-03 
6.219000e-03 
5.042000e-03 
1.946000e-03 
1.360000e-04 
-2.428000e-03 
-4.829000e-03 
-4.161000e-03 
-9.910000e-04 
1.239900e-02 
2.362900e-02 
2.308000e-02 
2.006200e-02 
1.563400e-02 
1.107100e-02 
7.467000e-03 
4.151000e-03 
-2.244000e-03 
-8.934000e-03 
-1.226200e-02 
-1.153400e-02 
-7.017000e-03 
-1.326000e-03 
7.970000e-04 
6.870000e-04 
-1.643000e-03 
-2.258000e-03 
-4.200000e-05 
5.212000e-03 
7.261000e-03 
8.929000e-03 
9.168000e-03 
1.205800e-02 
9.824000e-03 
1.912000e-03 
-1.572000e-03 
-2.947000e-03 
-1.382100e-02 
-2.780500e-02 
-3.917200e-02 
-5.085400e-02 
-5.323200e-02 
-4.513400e-02 
-2.489700e-02 
-1.383000e-03 
1.942200e-02 
3.124500e-02 
2.671300e-02 
2.246400e-02 
1.639000e-02 
9.376000e-03 
7.030000e-03 
1.131700e-02 
1.356400e-02 
1.352700e-02 
1.048800e-02 
1.200400e-02 
1.632100e-02 
2.089800e-02 
2.005800e-02 
1.811700e-02 
1.170600e-02 
6.539000e-03 
5.364000e-03 
7.658000e-03 
7.496000e-03 
-1.060000e-04 
-8.158000e-03 
-6.319000e-03 
-5.646000e-03 
-4.654000e-03 
-1.375100e-02 
-2.755400e-02 
-3.758000e-02 
-3.470900e-02 
-3.119200e-02 
-2.984600e-02 
-2.851800e-02 
-2.667900e-02 
-1.741200e-02 
9.421000e-03 
3.525600e-02 
5.959300e-02 
8.467800e-02 
1.056300e-01 
1.031300e-01 
9.605800e-02 
8.059100e-02 
5.117500e-02 
2.227600e-02 
-3.936000e-03 
-1.938500e-02 
-1.767600e-02 
-3.549000e-03 
1.880200e-02 
3.833600e-02 
5.246700e-02 
4.730700e-02 
3.431700e-02 
1.870500e-02 
7.535000e-03 
-4.791000e-03 
-1.405800e-02 
-2.110500e-02 
-2.467200e-02 
-2.514200e-02 
-1.680000e-02 
-1.290600e-02 
-1.688300e-02 
-2.988100e-02 
-6.125500e-02 
-9.933600e-02 
-1.362220e-01 
-1.533650e-01 
-1.368200e-01 
-1.273230e-01 
-1.083430e-01 
-5.925300e-02 
-1.092000e-03 
4.244300e-02 
7.971000e-02 
9.758400e-02 
7.625700e-02 
4.984800e-02 
6.422200e-02 
5.854300e-02 
1.560600e-02 
-5.424000e-02 
-1.098550e-01 
-1.759320e-01 
-1.633460e-01 
-1.377430e-01 
-7.292600e-02 
3.513000e-02 
8.010400e-02 
1.060560e-01 
2.395670e-01 
2.578400e-01 
2.002310e-01 
1.709850e-01 
1.754730e-01 
2.050400e-01 
1.891180e-01 
1.251310e-01 
5.906500e-02 
1.830000e-04 
-3.089200e-02 
-4.765600e-02 
-8.258300e-02 
-9.579400e-02 
-8.619800e-02 
-1.199060e-01 
-1.782320e-01 
-2.230390e-01 
-2.648390e-01 
-3.097180e-01 
-3.333320e-01 
-3.206150e-01 
-3.040150e-01 
-2.831450e-01 
-1.976670e-01 
-8.960000e-02 
-3.253000e-03 
2.219600e-02 
1.691800e-02 
1.790900e-02 
1.529200e-02 
1.317900e-02 
1.102100e-02 
1.532200e-02 
2.473900e-02 
4.392900e-02 
5.429200e-02 
5.036100e-02 
3.122900e-02 
2.267200e-02 
2.449000e-02 
4.478400e-02 
8.355200e-02 
1.207410e-01 
1.550370e-01 
1.898440e-01 
2.188430e-01 
2.297780e-01 
2.229280e-01 
2.109370e-01 
2.035820e-01 
1.838270e-01 
1.442720e-01 
1.007840e-01 
8.402600e-02 
8.601600e-02 
1.047150e-01 
1.262780e-01 
1.294990e-01 
1.275890e-01 
1.259940e-01 
9.319200e-02 
4.434000e-02 
-2.900000e-05 
-2.611400e-02 
-3.564700e-02 
-5.107400e-02 
-9.616400e-02 
-1.483470e-01 
-1.937510e-01 
-2.387390e-01 
-2.836490e-01 
-3.073230e-01 
-2.968610e-01 
-2.806280e-01 
-2.611630e-01 
-2.456440e-01 
-2.329860e-01 
-2.200230e-01 
-2.091210e-01 
-2.008560e-01 
-1.955470e-01 
-1.893070e-01 
-1.790890e-01 
-1.486450e-01 
-1.045070e-01 
-6.602600e-02 
-3.859000e-02 
-9.895000e-03 
3.358100e-02 
9.820700e-02 
1.593460e-01 
2.145340e-01 
2.730940e-01 
3.127580e-01 
3.388030e-01 
3.587570e-01 
3.432100e-01 
3.233980e-01 
3.138980e-01 
3.013000e-01 
2.820890e-01 
2.693950e-01 
2.836390e-01 
2.715380e-01 
2.202090e-01 
1.730350e-01 
1.329790e-01 
9.850400e-02 
6.664600e-02 
5.676400e-02 
5.945000e-02 
5.629800e-02 
5.000300e-02 
4.386900e-02 
4.035400e-02 
3.481000e-02 
1.098600e-02 
-1.777100e-02 
-4.273000e-02 
-6.698800e-02 
-9.015200e-02 
-1.047930e-01 
-1.032570e-01 
-1.005740e-01 
-1.003370e-01 
-1.073290e-01 
-1.413180e-01 
-1.799600e-01 
-2.137630e-01 
-2.474250e-01 
-2.803450e-01 
-3.100840e-01 
-3.178100e-01 
-3.048050e-01 
-2.971700e-01 
-2.822290e-01 
-2.712970e-01 
-2.061420e-01 
-1.041230e-01 
-1.284000e-02 
1.943700e-02 
3.254400e-02 
5.704300e-02 
6.284300e-02 
6.096400e-02 
5.693300e-02 
5.087000e-02 
5.243500e-02 
7.465500e-02 
1.269070e-01 
1.834720e-01 
2.251030e-01 
2.584960e-01 
2.888640e-01 
2.944490e-01 
2.814780e-01 
2.696190e-01 
2.495380e-01 
2.246820e-01 
1.926120e-01 
1.618710e-01 
1.395710e-01 
1.174900e-01 
8.783500e-02 
3.952000e-02 
-2.298500e-02 
-5.480100e-02 
-5.759100e-02 
-6.489000e-02 
-7.748100e-02 
-8.775400e-02 
-9.857100e-02 
-1.222160e-01 
-1.627080e-01 
-1.965060e-01 
-2.310470e-01 
-2.435330e-01 
-2.368870e-01 
-2.337440e-01 
-2.042780e-01 
-1.313160e-01 
-1.225390e-01 
-1.299750e-01 
-1.420440e-01 
-1.651760e-01 
-1.735400e-01 
-1.796700e-01 
-1.912550e-01 
-2.012060e-01 
-2.020060e-01 
-1.998820e-01 
-1.933970e-01 
-1.821770e-01 
-1.687910e-01 
-1.532240e-01 
-1.357250e-01 
-1.087680e-01 
-4.913900e-02 
-2.756000e-03 
8.333000e-03 
3.647400e-02 
8.123600e-02 
1.199110e-01 
1.560440e-01 
1.917820e-01 
2.276230e-01 
2.453380e-01 
2.333700e-01 
2.146520e-01 
2.060950e-01 
2.092920e-01 
2.080510e-01 
2.064160e-01 
1.992500e-01 
1.828230e-01 
1.609540e-01 
1.349270e-01 
1.121640e-01 
8.492700e-02 
5.793500e-02 
4.002600e-02 
3.574500e-02 
3.483200e-02 
3.374800e-02 
4.380600e-02 
5.169300e-02 
4.971300e-02 
4.062300e-02 
2.578900e-02 
9.365000e-03 
-5.645000e-03 
-2.732100e-02 
-6.414100e-02 
-7.397800e-02 
-7.483500e-02 
-1.036810e-01 
-1.358870e-01 
-1.367200e-01 
-1.310480e-01 
-1.262530e-01 
-1.169300e-01 
-1.093020e-01 
-1.034580e-01 
-1.065050e-01 
-1.161500e-01 
-1.268970e-01 
-1.289340e-01 
-1.279220e-01 
-1.217760e-01 
-1.010080e-01 
-7.936200e-02 
-5.963600e-02 
-4.125400e-02 
-3.478300e-02 
-3.383400e-02 
-2.830800e-02 
-2.158600e-02 
5.174000e-03 
4.678000e-02 
8.364000e-02 
1.196120e-01 
1.494620e-01 
1.607390e-01 
1.618640e-01 
1.607320e-01 
1.508330e-01 
1.098600e-01 
5.485900e-02 
2.996700e-02 
2.784600e-02 
2.627200e-02 
2.553300e-02 
2.797700e-02 
2.756700e-02 
2.364100e-02 
1.977900e-02 
1.823400e-02 
2.004200e-02 
2.681500e-02 
4.243300e-02 
3.587100e-02 
4.767000e-03 
-2.168400e-02 
-4.743700e-02 
-6.403100e-02 
-7.326200e-02 
-8.186200e-02 
-7.771900e-02 
-7.241100e-02 
-7.659700e-02 
-7.646900e-02 
-7.807200e-02 
-7.676600e-02 
-5.449400e-02 
-2.710000e-02 
-5.522000e-03 
1.772000e-02 
2.945000e-02 
3.320100e-02 
4.556700e-02 
6.126900e-02 
7.338200e-02 
8.695300e-02 
9.122200e-02 
8.974700e-02 
9.041100e-02 
9.617100e-02 
1.059740e-01 
1.180180e-01 
1.219880e-01 
1.199970e-01 
1.168900e-01 
1.124570e-01 
1.059350e-01 
9.356500e-02 
7.540800e-02 
6.031500e-02 
5.682600e-02 
6.165400e-02 
6.501600e-02 
6.382800e-02 
5.751900e-02 
4.831700e-02 
3.599300e-02 
1.866900e-02 
-3.910000e-04 
-4.771700e-02 
-1.036180e-01 
-1.208840e-01 
-1.254990e-01 
-1.324870e-01 
-1.235180e-01 
-1.024110e-01 
-9.050600e-02 
-8.684100e-02 
-9.425200e-02 
-1.092970e-01 
-1.251720e-01 
-1.400520e-01 
-1.544350e-01 
-1.669210e-01 
-1.652900e-01 
-1.168190e-01 
-4.887100e-02 
-2.410000e-03 
5.670000e-03 
-2.363900e-02 
-9.413500e-02 
-1.546990e-01 
-1.542270e-01 
-1.431720e-01 
-1.391850e-01 
-1.281080e-01 
-1.137910e-01 
-9.630300e-02 
-5.048900e-02 
1.640000e-03 
4.776300e-02 
7.730700e-02 
8.414100e-02 
8.697600e-02 
8.562300e-02 
7.106600e-02 
3.536300e-02 
7.840000e-04 
-8.620000e-03 
-7.505000e-03 
4.515000e-03 
5.277900e-02 
1.044880e-01 
1.497880e-01 
1.943190e-01 
2.128340e-01 
2.097060e-01 
1.934980e-01 
1.648920e-01 
1.399940e-01 
1.140970e-01 
9.613500e-02 
1.074250e-01 
9.720000e-02 
4.468700e-02 
8.250000e-04 
-4.392200e-02 
-7.194300e-02 
-7.766700e-02 
-7.477900e-02 
-6.997100e-02 
-5.729000e-03 
9.769000e-03 
-7.164000e-03 
-2.503300e-02 
-4.085100e-02 
-5.214400e-02 
-6.406600e-02 
-7.667400e-02 
-8.979400e-02 
-9.382100e-02 
-9.061400e-02 
-8.687100e-02 
-8.067000e-02 
-7.810300e-02 
-7.816300e-02 
-1.025270e-01 
-1.135330e-01 
-1.094610e-01 
-1.061980e-01 
-1.007830e-01 
-8.993700e-02 
-7.367700e-02 
-5.462600e-02 
-3.646700e-02 
-2.226100e-02 
5.829000e-03 
4.980300e-02 
6.880600e-02 
7.445900e-02 
7.717000e-02 
7.734600e-02 
7.096600e-02 
6.535500e-02 
7.731000e-03 
-3.403100e-02 
-2.935000e-02 
2.015600e-02 
5.629600e-02 
5.774000e-02 
6.888200e-02 
8.125400e-02 
9.468000e-02 
1.064510e-01 
1.182060e-01 
1.239740e-01 
1.241570e-01 
1.183620e-01 
1.140030e-01 
8.451300e-02 
3.517200e-02 
-8.804000e-03 
-5.113600e-02 
-7.507800e-02 
-7.809300e-02 
-7.642700e-02 
-7.626800e-02 
-5.288400e-02 
2.724000e-03 
5.452400e-02 
7.161700e-02 
6.562400e-02 
6.126300e-02 
4.808800e-02 
2.754600e-02 
-2.759000e-03 
-1.130100e-02 
6.003000e-03 
7.560800e-02 
1.152120e-01 
9.569100e-02 
7.094000e-02 
5.458500e-02 
4.962200e-02 
4.330500e-02 
5.708800e-02 
9.629400e-02 
1.307390e-01 
1.512220e-01 
1.703050e-01 
1.863780e-01 
1.895100e-01 
1.962400e-01 
2.045390e-01 
2.105350e-01 
2.145080e-01 
2.095750e-01 
2.006700e-01 
1.899480e-01 
1.742220e-01 
1.553280e-01 
1.267160e-01 
9.692300e-02 
7.633400e-02 
6.509100e-02 
3.661900e-02 
5.935000e-03 
-9.094000e-03 
-3.573100e-02 
-7.575000e-02 
-1.130400e-01 
-1.472730e-01 
-1.816420e-01 
-2.135760e-01 
-2.369970e-01 
-2.522160e-01 
-2.613610e-01 
-2.617440e-01 
-2.608990e-01 
-2.562240e-01 
-2.489140e-01 
-2.386610e-01 
-2.256540e-01 
-2.106180e-01 
-1.956630e-01 
-1.810030e-01 
-1.679660e-01 
-1.593890e-01 
-1.542870e-01 
-1.503370e-01 
-1.481680e-01 
-1.442710e-01 
-1.387550e-01 
-1.320780e-01 
-1.262000e-01 
-1.206960e-01 
-1.191550e-01 
-1.194480e-01 
-1.207880e-01 
-1.225530e-01 
-1.248160e-01 
-1.250790e-01 
-1.270850e-01 
-1.314240e-01 
-1.391330e-01 
-1.478800e-01 
-1.574680e-01 
-1.643460e-01 
-1.719170e-01 
-1.782170e-01 
-1.848880e-01 
-1.865220e-01 
-1.823200e-01 
-1.743390e-01 
-1.640000e-01 
-1.479330e-01 
-1.251320e-01 
-9.432000e-02 
-6.499600e-02 
-4.039800e-02 
-2.218900e-02 
-7.582000e-03 
5.627000e-03 
1.725100e-02 
2.860800e-02 
4.156400e-02 
5.521900e-02 
7.017100e-02 
8.732700e-02 
1.040010e-01 
1.202130e-01 
1.402230e-01 
1.568640e-01 
1.683340e-01 
1.809050e-01 
1.938770e-01 
2.042670e-01 
2.142760e-01 
2.264930e-01 
2.350460e-01 
2.450680e-01 
2.679170e-01 
2.862760e-01 
3.023610e-01 
2.837420e-01 
2.522900e-01 
2.215440e-01 
2.244650e-01 
2.166990e-01 
1.605380e-01 
1.158630e-01 
7.130500e-02 
8.521100e-02 
1.120600e-01 
9.548900e-02 
8.363600e-02 
8.879700e-02 
1.160070e-01 
1.613750e-01 
1.889660e-01 
1.797120e-01 
1.661440e-01 
1.489760e-01 
8.992600e-02 
1.813500e-02 
-1.363000e-03 
2.274000e-03 
-1.130000e-04 
1.155000e-03 
4.164000e-03 
-4.465000e-03 
-1.989500e-02 
-3.418900e-02 
-4.343900e-02 
-4.248400e-02 
-3.887700e-02 
-3.318000e-02 
-2.821600e-02 
-2.618200e-02 
-2.476400e-02 
-2.591400e-02 
-2.860300e-02 
-2.931900e-02 
-3.114400e-02 
-3.354400e-02 
-3.506600e-02 
-4.000500e-02 
-4.471700e-02 
-4.958500e-02 
-5.513200e-02 
-6.402000e-02 
-7.190500e-02 
-7.939400e-02 
-8.594800e-02 
-9.142600e-02 
-9.517500e-02 
-9.353200e-02 
-8.945100e-02 
-8.156900e-02 
-7.238700e-02 
-6.168400e-02 
-5.002900e-02 
-3.741700e-02 
-2.275200e-02 
-1.306900e-02 
-4.200000e-03 
7.321000e-03 
1.804800e-02 
2.653800e-02 
3.518300e-02 
4.509100e-02 
5.294000e-02 
6.004000e-02 
6.496400e-02 
7.098100e-02 
7.768300e-02 
7.915400e-02 
8.123400e-02 
8.291100e-02 
7.956400e-02 
7.623600e-02 
7.456200e-02 
7.200200e-02 
6.687400e-02 
6.149700e-02 
5.414100e-02 
3.596900e-02 
2.492200e-02 
3.236700e-02 
3.430200e-02 
3.868200e-02 
5.072000e-02 
4.612300e-02 
-1.216600e-02 
-8.130200e-02 
-1.049340e-01 
-1.084840e-01 
-1.095340e-01 
-1.077060e-01 
-1.042630e-01 
-1.008860e-01 
-9.304600e-02 
-8.342000e-02 
-7.693700e-02 
-7.142900e-02 
-6.544500e-02 
-5.751600e-02 
-4.549300e-02 
-3.707700e-02 
-2.982100e-02 
-2.191400e-02 
-1.510500e-02 
-1.174000e-02 
-1.160900e-02 
-1.196400e-02 
-1.409500e-02 
-2.377400e-02 
-4.136300e-02 
-5.850800e-02 
-7.302600e-02 
-7.507100e-02 
-7.323800e-02 
-7.317900e-02 
-7.241000e-02 
-7.141500e-02 
-7.225900e-02 
-7.457100e-02 
-7.545800e-02 
-7.430700e-02 
-6.999500e-02 
-6.506600e-02 
-5.904900e-02 
-5.233800e-02 
-4.374300e-02 
-3.646400e-02 
-3.105000e-02 
-2.469600e-02 
-1.958900e-02 
-1.552500e-02 
-1.090000e-02 
-6.731000e-03 
-2.618000e-03 
-2.800000e-05 
2.695000e-03 
6.701000e-03 
1.116800e-02 
1.611600e-02 
2.295900e-02 
2.721500e-02 
2.919200e-02 
3.783200e-02 
5.429500e-02 
5.839500e-02 
5.234600e-02 
4.261100e-02 
2.421400e-02 
1.482000e-02 
1.496300e-02 
2.111400e-02 
3.903000e-02 
5.346400e-02 
5.959900e-02 
6.147100e-02 
5.196800e-02 
3.630200e-02 
2.528700e-02 
2.365600e-02 
2.483400e-02 
2.790900e-02 
3.199600e-02 
3.376400e-02 
3.235100e-02 
3.086100e-02 
2.756500e-02 
2.009600e-02 
5.901000e-03 
-1.005100e-02 
-2.673300e-02 
-4.457200e-02 
-6.234900e-02 
-7.746400e-02 
-8.752000e-02 
-9.348500e-02 
-9.810300e-02 
-1.000910e-01 
-9.978400e-02 
-9.998600e-02 
-9.720100e-02 
-9.184400e-02 
-8.483100e-02 
-7.864300e-02 
-7.236200e-02 
-6.410100e-02 
-5.605000e-02 
-4.671200e-02 
-3.448300e-02 
-1.783800e-02 
-4.010000e-04 
1.661100e-02 
3.207600e-02 
4.279200e-02 
4.993800e-02 
5.666300e-02 
6.371000e-02 
6.900800e-02 
7.248500e-02 
7.683700e-02 
8.106800e-02 
8.635700e-02 
9.125200e-02 
9.637400e-02 
1.021860e-01 
1.038920e-01 
1.036600e-01 
1.029130e-01 
1.002800e-01 
9.759400e-02 
9.666700e-02 
9.718500e-02 
9.884100e-02 
9.962000e-02 
1.005540e-01 
9.757100e-02 
8.982500e-02 
7.976700e-02 
7.007000e-02 
6.124100e-02 
5.384300e-02 
4.393000e-02 
3.296100e-02 
2.116600e-02 
9.630000e-03 
-1.086000e-03 
-1.346800e-02 
-2.484700e-02 
-3.224000e-02 
-3.935100e-02 
-4.884300e-02 
-5.759700e-02 
-6.614000e-02 
-7.738300e-02 
-8.787000e-02 
-9.950600e-02 
-1.114030e-01 
-1.194780e-01 
-1.263710e-01 
-1.319820e-01 
-1.305410e-01 
-1.295020e-01 
-1.269810e-01 
-1.221620e-01 
-1.156060e-01 
-1.090880e-01 
-1.024860e-01 
-9.677000e-02 
-9.281600e-02 
-8.727800e-02 
-7.987100e-02 
-6.939600e-02 
-5.667400e-02 
-4.388000e-02 
-3.190400e-02 
-2.246800e-02 
-1.461200e-02 
-1.085700e-02 
-9.692000e-03 
-1.053900e-02 
-1.288700e-02 
-1.476900e-02 
-1.684500e-02 
-1.786800e-02 
-1.879000e-02 
-1.835600e-02 
-1.719100e-02 
-1.625500e-02 
-1.598300e-02 
-1.696700e-02 
-1.741300e-02 
-1.704900e-02 
-1.646000e-02 
-1.430800e-02 
-9.088000e-03 
-1.732000e-03 
5.394000e-03 
1.465500e-02 
2.773100e-02 
3.912700e-02 
4.878600e-02 
5.696700e-02 
6.052000e-02 
6.478300e-02 
7.118500e-02 
7.661400e-02 
8.008500e-02 
8.502000e-02 
9.331100e-02 
1.011170e-01 
1.094160e-01 
1.174470e-01 
1.222610e-01 
1.223280e-01 
1.190710e-01 
1.149450e-01 
1.108950e-01 
1.058840e-01 
1.007650e-01 
9.357500e-02 
8.719500e-02 
8.322700e-02 
8.059700e-02 
8.056800e-02 
8.340600e-02 
8.732200e-02 
9.179800e-02 
9.153700e-02 
8.785800e-02 
8.343400e-02 
7.856500e-02 
6.953600e-02 
5.780500e-02 
4.492300e-02 
3.000500e-02 
1.491000e-02 
2.125000e-03 
-7.811000e-03 
-1.626800e-02 
-2.497500e-02 
-3.255500e-02 
-3.638700e-02 
-3.662700e-02 
-3.599600e-02 
-3.579600e-02 
-3.661100e-02 
-3.790800e-02 
-3.880400e-02 
-4.069400e-02 
-4.131300e-02 
-4.149000e-02 
-4.205900e-02 
-4.112800e-02 
-3.998800e-02 
-3.903400e-02 
-3.790200e-02 
-3.571200e-02 
-3.502900e-02 
-3.534200e-02 
-3.432000e-02 
-3.447000e-02 
-3.411200e-02 
-3.310400e-02 
-3.139100e-02 
-2.956900e-02 
-2.786600e-02 
-2.754100e-02 
-2.704100e-02 
-2.395500e-02 
-1.893000e-02 
-1.389000e-02 
-1.005600e-02 
-4.762000e-03 
4.710000e-04 
4.025000e-03 
6.361000e-03 
6.751000e-03 
4.774000e-03 
1.330000e-03 
-1.109000e-03 
-2.483000e-03 
7.300000e-05 
5.699000e-03 
1.525000e-02 
2.733600e-02 
3.641200e-02 
4.292600e-02 
4.618600e-02 
4.214500e-02 
3.372500e-02 
2.496600e-02 
1.394400e-02 
5.156000e-03 
2.165000e-03 
2.005000e-03 
2.365000e-03 
2.508000e-03 
-2.400000e-05 
-2.434000e-03 
-4.648000e-03 
-3.884000e-03 
-8.870000e-04 
3.476000e-03 
7.342000e-03 
1.138500e-02 
9.641000e-03 
4.442000e-03 
-5.700000e-04 
-7.172000e-03 
-1.512900e-02 
-2.143800e-02 
-2.654200e-02 
-3.061000e-02 
-3.232600e-02 
-3.350500e-02 
-3.568200e-02 
-3.781400e-02 
-3.961000e-02 
-4.185500e-02 
-4.489500e-02 
-4.714300e-02 
-4.964400e-02 
-5.172700e-02 
-5.354100e-02 
-5.291600e-02 
-5.215200e-02 
-5.029300e-02 
-4.778300e-02 
-4.442500e-02 
-3.839600e-02 
-2.980700e-02 
-2.154300e-02 
-1.360400e-02 
-5.822000e-03 
7.340000e-04 
2.190000e-03 
3.458000e-03 
5.095000e-03 
4.597000e-03 
2.523000e-03 
1.110000e-03 
1.470000e-04 
7.000000e-06 
1.715000e-03 
3.694000e-03 
6.203000e-03 
7.905000e-03 
7.431000e-03 
4.019000e-03 
-5.340000e-04 
-5.950000e-03 
-1.351100e-02 
-1.987300e-02 
-2.456800e-02 
-2.933000e-02 
-3.188700e-02 
-3.330300e-02 
-3.415700e-02 
-3.392300e-02 
-3.322800e-02 
-3.172400e-02 
-3.050700e-02 
-2.991700e-02 
-3.049200e-02 
-2.970200e-02 
-2.834700e-02 
-2.649000e-02 
-2.448000e-02 
-2.137800e-02 
-1.874200e-02 
-1.730500e-02 
-1.417000e-02 
-1.368000e-02 
-1.603900e-02 
-1.586500e-02 
-1.687700e-02 
-1.812400e-02 
-1.723400e-02 
-1.593800e-02 
-1.399800e-02 
-1.125300e-02 
-9.294000e-03 
-5.989000e-03 
-1.742000e-03 
3.315000e-03 
7.349000e-03 
1.038300e-02 
1.402400e-02 
1.569700e-02 
1.601100e-02 
1.723000e-02 
1.761800e-02 
1.720300e-02 
1.504700e-02 
1.406900e-02 
1.211600e-02 
1.042100e-02 
8.305000e-03 
7.235000e-03 
5.938000e-03 
5.050000e-03 
4.366000e-03 
2.810000e-03 
2.801000e-03 
2.778000e-03 
2.138000e-03 
3.426000e-03 
5.776000e-03 
8.263000e-03 
1.128900e-02 
1.340900e-02 
1.514700e-02 
1.790300e-02 
1.991600e-02 
1.940800e-02 
1.730900e-02 
1.533400e-02 
1.346000e-02 
1.289300e-02 
1.403900e-02 
1.512500e-02 
1.850800e-02 
2.200800e-02 
2.485100e-02 
2.686400e-02 
2.867300e-02 
2.830800e-02 
2.808900e-02 
2.842900e-02 
2.875100e-02 
3.066000e-02 
3.417200e-02 
3.702600e-02 
3.902200e-02 
4.143300e-02 
4.190900e-02 
4.014900e-02 
3.693300e-02 
3.301600e-02 
2.653500e-02 
1.656600e-02 
7.715000e-03 
1.647000e-03 
-3.865000e-03 
-3.762000e-03 
-1.543000e-03 
2.923000e-03 
8.281000e-03 
1.283900e-02 
1.588500e-02 
1.607100e-02 
1.235700e-02 
1.020400e-02 
6.053000e-03 
3.948000e-03 
3.801000e-03 
3.432000e-03 
8.920000e-04 
-5.150000e-04 
-2.445000e-03 
-6.118000e-03 
-8.846000e-03 
-9.152000e-03 
-9.829000e-03 
-8.863000e-03 
-8.317000e-03 
-6.670000e-03 
-4.708000e-03 
-4.768000e-03 
-4.757000e-03 
-4.829000e-03 
-7.686000e-03 
-1.295100e-02 
-1.819600e-02 
-2.379600e-02 
-2.938100e-02 
-3.450500e-02 
-3.923300e-02 
-4.023500e-02 
-4.030700e-02 
-3.826600e-02 
-3.337200e-02 
-2.926800e-02 
-2.445400e-02 
-2.047000e-02 
-1.660300e-02 
-1.318200e-02 
-1.110200e-02 
-1.015300e-02 
-9.618000e-03 
-7.654000e-03 
-4.673000e-03 
2.140000e-04 
5.107000e-03 
9.666000e-03 
1.433000e-02 
1.953200e-02 
2.366900e-02 
2.750600e-02 
3.058700e-02 
3.255500e-02 
3.344500e-02 
3.402300e-02 
3.369200e-02 
3.375500e-02 
3.525300e-02 
3.599100e-02 
3.653000e-02 
3.860400e-02 
3.891900e-02 
4.121200e-02 
4.442600e-02 
4.771800e-02 
5.009300e-02 
4.990300e-02 
4.846400e-02 
4.406800e-02 
3.602800e-02 
2.756800e-02 
2.027400e-02 
1.336400e-02 
7.804000e-03 
4.598000e-03 
1.608000e-03 
-2.832000e-03 
-5.898000e-03 
-1.073600e-02 
-1.641700e-02 
-2.101300e-02 
-2.421900e-02 
-2.843600e-02 
-2.920800e-02 
-2.727700e-02 
-2.311300e-02 
-1.965800e-02 
-1.768100e-02 
-1.671900e-02 
-1.624600e-02 
-1.641000e-02 
-1.693700e-02 
-1.842000e-02 
-1.968200e-02 
-2.135700e-02 
-2.324900e-02 
-2.408200e-02 
-2.543300e-02 
-2.627100e-02 
-2.740800e-02 
-2.805300e-02 
-2.988300e-02 
-3.064600e-02 
-3.151100e-02 
-3.166900e-02 
-3.154600e-02 
-3.093400e-02 
-3.092600e-02 
-2.780600e-02 
-2.378500e-02 
-1.794400e-02 
-1.082800e-02 
-3.527000e-03 
4.122000e-03 
1.250200e-02 
2.079900e-02 
2.614800e-02 
3.217500e-02 
3.740000e-02 
4.051200e-02 
4.233600e-02 
4.108800e-02 
3.764900e-02 
3.255900e-02 
2.876800e-02 
2.654700e-02 
2.260600e-02 
1.976400e-02 
1.816300e-02 
1.614700e-02 
1.442100e-02 
1.247900e-02 
1.083600e-02 
9.160000e-03 
6.680000e-03 
1.591000e-03 
-5.405000e-03 
-1.548200e-02 
-2.298000e-02 
-3.031700e-02 
-3.651800e-02 
-3.920400e-02 
-3.857400e-02 
-3.713600e-02 
-3.414500e-02 
-2.904300e-02 
-2.237900e-02 
-1.732400e-02 
-1.223900e-02 
-8.313000e-03 
-4.445000e-03 
-3.833000e-03 
-5.189000e-03 
-4.890000e-03 
-4.541000e-03 
-2.962000e-03 
5.820000e-04 
4.139000e-03 
8.201000e-03 
1.155300e-02 
1.462200e-02 
1.669300e-02 
1.442500e-02 
1.127700e-02 
6.389000e-03 
5.770000e-04 
-6.152000e-03 
-1.047100e-02 
-1.161600e-02 
-1.066600e-02 
-8.627000e-03 
-7.703000e-03 
-7.611000e-03 
-8.147000e-03 
-1.066700e-02 
-1.230400e-02 
-1.351900e-02 
-1.373400e-02 
-1.316200e-02 
-1.318400e-02 
-1.371600e-02 
-1.324100e-02 
-1.151300e-02 
-7.844000e-03 
-2.945000e-03 
1.791000e-03 
5.577000e-03 
7.453000e-03 
7.740000e-03 
7.122000e-03 
4.364000e-03 
9.790000e-04 
-3.542000e-03 
-7.271000e-03 
-1.162700e-02 
-1.430400e-02 
-1.689700e-02 
-1.890100e-02 
-1.807800e-02 
-1.724800e-02 
-1.518100e-02 
-1.302000e-02 
-1.103800e-02 
-7.925000e-03 
-5.450000e-03 
-4.553000e-03 
-2.777000e-03 
-9.650000e-04 
5.600000e-04 
3.937000e-03 
8.727000e-03 
1.300900e-02 
1.727000e-02 
2.020600e-02 
2.203700e-02 
2.408700e-02 
2.415400e-02 
2.169400e-02 
1.791300e-02 
1.502300e-02 
1.203000e-02 
8.770000e-03 
7.670000e-03 
7.548000e-03 
7.064000e-03 
6.244000e-03 
3.382000e-03 
4.200000e-04 
-2.304000e-03 
-4.724000e-03 
-5.794000e-03 
-5.897000e-03 
-3.899000e-03 
-2.217000e-03 
-2.363000e-03 
-3.068000e-03 
-6.193000e-03 
-8.171000e-03 
-9.410000e-03 
-1.073000e-02 
-9.985000e-03 
-9.825000e-03 
-7.782000e-03 
-5.619000e-03 
-3.316000e-03 
-2.193000e-03 
-2.036000e-03 
-2.528000e-03 
-3.977000e-03 
-6.775000e-03 
-9.090000e-03 
-1.132700e-02 
-1.357300e-02 
-1.502400e-02 
-1.531100e-02 
-1.507900e-02 
-1.301200e-02 
-1.034000e-02 
-7.962000e-03 
-4.907000e-03 
2.000000e-04 
4.823000e-03 
7.827000e-03 
1.042700e-02 
1.364300e-02 
1.806600e-02 
2.234000e-02 
2.730400e-02 
3.025200e-02 
3.159700e-02 
3.333700e-02 
3.294100e-02 
3.118800e-02 
2.736100e-02 
2.416200e-02 
2.060500e-02 
1.691000e-02 
1.440000e-02 
1.196100e-02 
9.058000e-03 
5.532000e-03 
3.222000e-03 
3.370000e-04 
-1.383000e-03 
-3.841000e-03 
-6.281000e-03 
-7.812000e-03 
-9.109000e-03 
-1.008500e-02 
-1.087300e-02 
-1.066600e-02 
-1.028500e-02 
-1.080900e-02 
-1.227700e-02 
-1.235100e-02 
-1.139400e-02 
-9.884000e-03 
-9.431000e-03 
-9.131000e-03 
-8.890000e-03 
-9.889000e-03 
-1.204700e-02 
-1.424900e-02 
-1.561300e-02 
-1.562700e-02 
-1.593800e-02 
-1.436300e-02 
-1.165400e-02 
-9.294000e-03 
-7.011000e-03 
-3.671000e-03 
-1.060000e-04 
1.394000e-03 
5.021000e-03 
1.152800e-02 
1.741200e-02 
2.086900e-02 
2.659900e-02 
3.415900e-02 
3.917600e-02 
4.395800e-02 
4.673900e-02 
4.919400e-02 
5.023600e-02 
4.909700e-02 
4.478600e-02 
3.990100e-02 
3.534700e-02 
3.226600e-02 
2.937500e-02 
2.574000e-02 
2.188200e-02 
1.680000e-02 
1.204100e-02 
4.199000e-03 
-4.874000e-03 
-1.158700e-02 
-1.774700e-02 
-2.329200e-02 
-2.773300e-02 
-3.062700e-02 
-3.303100e-02 
-3.354200e-02 
-3.218200e-02 
-3.048600e-02 
-2.717600e-02 
-2.353400e-02 
-1.857200e-02 
-1.334000e-02 
-7.756000e-03 
-3.277000e-03 
-1.408000e-03 
6.040000e-04 
3.386000e-03 
4.457000e-03 
3.711000e-03 
3.208000e-03 
5.240000e-04 
-4.840000e-04 
-1.104000e-03 
-2.338000e-03 
-3.605000e-03 
-4.335000e-03 
-4.628000e-03 
-6.709000e-03 
-9.854000e-03 
-1.152600e-02 
-1.406500e-02 
-1.533100e-02 
-1.779700e-02 
-2.008800e-02 
-2.112300e-02 
-2.223300e-02 
-2.259700e-02 
-2.295900e-02 
-2.425600e-02 
-2.467400e-02 
-2.526000e-02 
-2.542200e-02 
-2.420900e-02 
-2.344500e-02 
-2.212600e-02 
-1.982900e-02 
-1.692600e-02 
-1.469000e-02 
-1.331900e-02 
-1.270900e-02 
-1.073700e-02 
-1.082600e-02 
-1.131900e-02 
-1.089700e-02 
-1.151900e-02 
-1.431600e-02 
-1.652900e-02 
-2.038700e-02 
-2.221700e-02 
-2.479000e-02 
-2.563300e-02 
-2.526500e-02 
-2.431400e-02 
-2.245600e-02 
-1.938300e-02 
-1.748500e-02 
-1.418500e-02 
-1.037600e-02 
-6.836000e-03 
-3.447000e-03 
6.370000e-04 
3.732000e-03 
6.424000e-03 
8.485000e-03 
1.277300e-02 
1.666100e-02 
1.971800e-02 
2.202300e-02 
2.543900e-02 
2.802500e-02 
3.032300e-02 
3.259300e-02 
3.318800e-02 
3.413100e-02 
3.525600e-02 
3.856700e-02 
4.160700e-02 
4.545800e-02 
4.737200e-02 
4.723700e-02 
4.702700e-02 
4.520000e-02 
4.100100e-02 
3.648100e-02 
3.404800e-02 
3.171600e-02 
2.990400e-02 
2.976500e-02 
2.855900e-02 
2.703400e-02 
2.451600e-02 
1.911500e-02 
1.366900e-02 
9.048000e-03 
2.831000e-03 
-2.215000e-03 
-5.915000e-03 
-7.445000e-03 
-1.004600e-02 
-1.174300e-02 
-1.220300e-02 
-1.387600e-02 
-1.561700e-02 
-1.717300e-02 
-2.009700e-02 
-2.225400e-02 
-2.311800e-02 
-2.833500e-02 
-3.242900e-02 
-3.293500e-02 
-3.404500e-02 
-3.594300e-02 
-3.659600e-02 
-3.571200e-02 
-3.337000e-02 
-3.119900e-02 
-2.907200e-02 
-2.765500e-02 
-2.664500e-02 
-2.534000e-02 
-2.411000e-02 
-2.147600e-02 
-1.920200e-02 
-1.817000e-02 
-1.734100e-02 
-1.527300e-02 
-1.389500e-02 
-1.298800e-02 
-1.063800e-02 
-7.933000e-03 
-6.547000e-03 
-6.065000e-03 
-5.613000e-03 
-4.983000e-03 
-5.073000e-03 
-5.582000e-03 
-5.052000e-03 
-4.415000e-03 
-2.833000e-03 
-2.012000e-03 
-5.720000e-04 
1.915000e-03 
2.168000e-03 
3.523000e-03 
5.818000e-03 
7.786000e-03 
1.011500e-02 
1.379700e-02 
1.528600e-02 
1.722400e-02 
2.034700e-02 
2.258600e-02 
2.397600e-02 
2.429600e-02 
2.441000e-02 
2.343100e-02 
2.175100e-02 
2.015300e-02 
1.877800e-02 
1.714300e-02 
1.578000e-02 
1.289700e-02 
1.020000e-02 
7.636000e-03 
4.630000e-03 
2.748000e-03 
1.161000e-03 
7.280000e-04 
9.220000e-04 
9.750000e-04 
1.089000e-03 
1.226000e-03 
1.267000e-03 
1.712000e-03 
2.850000e-03 
4.461000e-03 
7.999000e-03 
1.149800e-02 
1.336200e-02 
1.493400e-02 
1.752900e-02 
1.897700e-02 
1.997500e-02 
1.995400e-02 
1.917800e-02 
1.849300e-02 
1.788800e-02 
1.712200e-02 
1.635800e-02 
1.450800e-02 
1.196300e-02 
1.008500e-02 
9.001000e-03 
6.773000e-03 
5.499000e-03 
5.602000e-03 
6.529000e-03 
6.363000e-03 
6.597000e-03 
8.106000e-03 
9.393000e-03 
9.938000e-03 
1.152900e-02 
1.250100e-02 
1.513700e-02 
1.647100e-02 
1.628200e-02 
1.592400e-02 
1.334300e-02 
1.142300e-02 
9.831000e-03 
8.423000e-03 
6.206000e-03 
3.067000e-03 
2.158000e-03 
1.391000e-03 
-9.680000e-04 
-1.977000e-03 
-3.438000e-03 
-5.542000e-03 
-7.516000e-03 
-8.456000e-03 
-8.367000e-03 
-8.325000e-03 
-8.338000e-03 
-8.303000e-03 
-8.126000e-03 
-8.044000e-03 
-5.942000e-03 
-4.700000e-03 
-5.133000e-03 
-5.062000e-03 
-5.050000e-03 
-5.069000e-03 
-5.263000e-03 
-5.245000e-03 
-5.271000e-03 
-5.897000e-03 
-7.808000e-03 
-9.565000e-03 
-1.106300e-02 
-1.151700e-02 
-1.287600e-02 
-1.377200e-02 
-1.345100e-02 
-1.318500e-02 
-1.418900e-02 
-1.549000e-02 
-1.514500e-02 
-1.466200e-02 
-1.347800e-02 
-1.216200e-02 
-1.066200e-02 
-8.771000e-03 
-7.866000e-03 
-6.673000e-03 
-6.455000e-03 
-6.366000e-03 
-7.503000e-03 
-8.848000e-03 
-8.826000e-03 
-9.086000e-03 
-1.084200e-02 
-1.241000e-02 
-1.456700e-02 
-1.571200e-02 
-1.699700e-02 
-1.745300e-02 
-1.752800e-02 
-1.690200e-02 
-1.595200e-02 
-1.419000e-02 
-1.382900e-02 
-1.440400e-02 
-1.372200e-02 
-1.398400e-02 
-1.402200e-02 
-1.320800e-02 
-1.209000e-02 
-9.086000e-03 
-5.757000e-03 
-1.561000e-03 
2.778000e-03 
5.228000e-03 
7.474000e-03 
7.741000e-03 
7.381000e-03 
8.340000e-03 
8.788000e-03 
8.387000e-03 
8.237000e-03 
8.010000e-03 
7.778000e-03 
7.549000e-03 
7.240000e-03 
5.912000e-03 
5.917000e-03 
6.851000e-03 
6.742000e-03 
6.397000e-03 
6.550000e-03 
7.698000e-03 
9.568000e-03 
1.009700e-02 
1.155500e-02 
1.287200e-02 
1.479100e-02 
1.729700e-02 
1.803100e-02 
2.029400e-02 
2.356200e-02 
2.422600e-02 
2.498400e-02 
2.523100e-02 
2.393100e-02 
2.297200e-02 
2.125800e-02 
1.930300e-02 
1.829000e-02 
1.750100e-02 
1.650700e-02 
1.524900e-02 
1.187800e-02 
9.132000e-03 
6.560000e-03 
2.658000e-03 
8.260000e-04 
-1.997000e-03 
-4.353000e-03 
-7.075000e-03 
-8.747000e-03 
-1.101300e-02 
-1.406200e-02 
-1.530100e-02 
-1.687700e-02 
-1.665700e-02 
-1.599400e-02 
-1.429600e-02 
-1.051300e-02 
-7.210000e-03 
-4.654000e-03 
-1.901000e-03 
-6.500000e-05 
1.467000e-03 
2.958000e-03 
4.521000e-03 
6.014000e-03 
7.333000e-03 
8.556000e-03 
8.694000e-03 
9.361000e-03 
1.036300e-02 
1.038900e-02 
1.136300e-02 
1.152000e-02 
1.187800e-02 
1.278000e-02 
1.225900e-02 
1.123000e-02 
1.042300e-02 
8.526000e-03 
5.046000e-03 
2.876000e-03 
-4.780000e-04 
-5.650000e-03 
-1.010200e-02 
-1.374700e-02 
-1.696900e-02 
-1.942500e-02 
-2.187800e-02 
-2.345000e-02 
-2.452700e-02 
-2.584700e-02 
-2.688000e-02 
-2.807400e-02 
-2.903200e-02 
-2.989900e-02 
-3.034200e-02 
-3.071900e-02 
-3.059100e-02 
-3.070000e-02 
-3.164500e-02 
-3.094800e-02 
-2.937400e-02 
-2.841600e-02 
-2.494100e-02 
-2.321800e-02 
-2.134900e-02 
-1.847800e-02 
-1.755700e-02 
-1.691500e-02 
-1.514200e-02 
-1.507800e-02 
-1.486400e-02 
-1.397300e-02 
-1.341200e-02 
-1.267800e-02 
-1.209400e-02 
-1.127400e-02 
-1.086100e-02 
-8.662000e-03 
-6.386000e-03 
-6.042000e-03 
-5.668000e-03 
-5.066000e-03 
-4.145000e-03 
-1.957000e-03 
-6.750000e-04 
-4.320000e-04 
-2.490000e-04 
1.910000e-04 
-3.070000e-04 
-8.870000e-04 
-2.480000e-03 
-3.545000e-03 
-4.114000e-03 
-4.146000e-03 
-3.007000e-03 
-8.220000e-04 
1.482000e-03 
4.273000e-03 
5.738000e-03 
7.066000e-03 
8.784000e-03 
8.635000e-03 
8.531000e-03 
6.094000e-03 
3.976000e-03 
2.013000e-03 
4.700000e-05 
-8.050000e-04 
-1.212000e-03 
-2.120000e-03 
-3.214000e-03 
-3.431000e-03 
-4.579000e-03 
-5.318000e-03 
-4.535000e-03 
-3.995000e-03 
-3.447000e-03 
-2.983000e-03 
-2.387000e-03 
-1.947000e-03 
-1.316000e-03 
-1.170000e-03 
-1.295000e-03 
-3.320000e-04 
1.413000e-03 
2.522000e-03 
4.974000e-03 
6.686000e-03 
9.649000e-03 
1.308900e-02 
1.492400e-02 
1.649600e-02 
1.822700e-02 
1.965000e-02 
2.134300e-02 
2.450800e-02 
2.630400e-02 
2.731600e-02 
2.914400e-02 
2.879700e-02 
2.786700e-02 
2.709800e-02 
2.646000e-02 
2.553700e-02 
2.589100e-02 
2.697800e-02 
2.803800e-02 
2.872400e-02 
3.044000e-02 
3.112500e-02 
3.235000e-02 
3.448300e-02 
3.414200e-02 
3.366900e-02 
3.258800e-02 
3.202500e-02 
3.053300e-02 
2.846700e-02 
2.756900e-02 
2.546000e-02 
2.341900e-02 
2.011000e-02 
1.560400e-02 
1.250300e-02 
9.712000e-03 
5.963000e-03 
3.643000e-03 
5.650000e-04 
-1.348000e-03 
-4.139000e-03 
-6.384000e-03 
-8.907000e-03 
-1.147700e-02 
-1.302300e-02 
-1.457100e-02 
-1.616800e-02 
-1.678000e-02 
-1.633000e-02 
-1.577600e-02 
-1.563500e-02 
-1.457700e-02 
-1.380300e-02 
-1.419600e-02 
-1.490600e-02 
-1.494200e-02 
-1.446100e-02 
-1.345300e-02 
-1.139200e-02 
-9.068000e-03 
-6.966000e-03 
-3.854000e-03 
-1.439000e-03 
-3.630000e-04 
-3.250000e-04 
-4.550000e-04 
-4.860000e-04 
-5.670000e-04 
-1.830000e-04 
1.511000e-03 
3.200000e-03 
4.698000e-03 
6.091000e-03 
6.263000e-03 
5.675000e-03 
6.793000e-03 
8.230000e-03 
7.765000e-03 
8.640000e-03 
9.872000e-03 
9.289000e-03 
8.579000e-03 
8.050000e-03 
6.468000e-03 
3.883000e-03 
2.349000e-03 
4.940000e-04 
-2.411000e-03 
-4.317000e-03 
-4.884000e-03 
-6.457000e-03 
-8.518000e-03 
-9.393000e-03 
-9.121000e-03 
-1.025000e-02 
-1.174700e-02 
-1.221900e-02 
-1.271400e-02 
-1.262000e-02 
-1.214500e-02 
-1.152900e-02 
-8.982000e-03 
-8.195000e-03 
-7.581000e-03 
-6.393000e-03 
-7.361000e-03 
-9.073000e-03 
-9.099000e-03 
-8.623000e-03 
-8.516000e-03 
-8.279000e-03 
-8.083000e-03 
-7.797000e-03 
-7.649000e-03 
-6.719000e-03 
-5.534000e-03 
-4.285000e-03 
-1.307000e-03 
1.002000e-03 
2.496000e-03 
4.280000e-03 
5.086000e-03 
4.795000e-03 
5.757000e-03 
7.120000e-03 
7.418000e-03 
8.647000e-03 
9.202000e-03 
8.624000e-03 
7.904000e-03 
6.463000e-03 
5.177000e-03 
3.892000e-03 
3.563000e-03 
3.422000e-03 
4.584000e-03 
4.714000e-03 
2.275000e-03 
1.685000e-03 
1.755000e-03 
8.200000e-05 
-1.858000e-03 
-4.534000e-03 
-6.658000e-03 
-7.448000e-03 
-8.156000e-03 
-8.930000e-03 
-7.963000e-03 
-5.036000e-03 
-3.038000e-03 
-2.133000e-03 
-1.492000e-03 
-1.873000e-03 
-3.088000e-03 
-3.970000e-03 
-4.866000e-03 
-5.768000e-03 
-7.545000e-03 
-7.912000e-03 
-7.550000e-03 
-7.448000e-03 
-7.337000e-03 
-7.170000e-03 
-7.035000e-03 
-6.839000e-03 
-6.706000e-03 
-6.492000e-03 
-6.452000e-03 
-6.385000e-03 
-7.521000e-03 
-8.813000e-03 
-8.801000e-03 
-8.332000e-03 
-1.007800e-02 
-1.137800e-02 
-1.059100e-02 
-1.095300e-02 
-1.278000e-02 
-1.349100e-02 
-1.359600e-02 
-1.423100e-02 
-1.560300e-02 
-1.681800e-02 
-1.795600e-02 
-1.829300e-02 
-1.843100e-02 
-1.941900e-02 
-1.897900e-02 
-1.800500e-02 
-1.719800e-02 
-1.641900e-02 
-1.554500e-02 
-1.476500e-02 
-1.404700e-02 
-1.332200e-02 
-1.250800e-02 
-1.179500e-02 
-1.105000e-02 
-1.019400e-02 
-8.043000e-03 
-5.479000e-03 
-3.161000e-03 
-9.670000e-04 
1.064000e-03 
1.798000e-03 
1.924000e-03 
2.281000e-03 
2.539000e-03 
3.652000e-03 
5.690000e-03 
7.923000e-03 
1.126500e-02 
1.431800e-02 
1.579700e-02 
1.824000e-02 
2.028500e-02 
1.987300e-02 
2.033300e-02 
2.197700e-02 
2.137300e-02 
2.050800e-02 
2.012500e-02 
1.883800e-02 
1.604400e-02 
1.513000e-02 
1.497900e-02 
1.440900e-02 
1.371200e-02 
1.179500e-02 
9.911000e-03 
9.694000e-03 
7.512000e-03 
5.873000e-03 
5.751000e-03 
4.389000e-03 
3.956000e-03 
4.882000e-03 
5.785000e-03 
6.398000e-03 
7.237000e-03 
7.260000e-03 
6.490000e-03 
4.204000e-03 
2.679000e-03 
1.352000e-03 
-5.180000e-04 
-1.933000e-03 
-9.150000e-04 
1.081000e-03 
2.631000e-03 
3.444000e-03 
6.134000e-03 
7.498000e-03 
7.870000e-03 
9.424000e-03 
9.749000e-03 
9.222000e-03 
8.927000e-03 
8.661000e-03 
8.287000e-03 
7.907000e-03 
7.623000e-03 
7.296000e-03 
7.026000e-03 
6.655000e-03 
7.246000e-03 
8.680000e-03 
8.787000e-03 
8.216000e-03 
7.903000e-03 
7.523000e-03 
7.150000e-03 
6.728000e-03 
6.352000e-03 
6.424000e-03 
7.777000e-03 
8.401000e-03 
7.894000e-03 
8.735000e-03 
9.968000e-03 
9.551000e-03 
8.859000e-03 
8.481000e-03 
8.088000e-03 
8.870000e-03 
9.830000e-03 
9.345000e-03 
8.682000e-03 
8.208000e-03 
7.677000e-03 
7.080000e-03 
6.114000e-03 
3.874000e-03 
2.373000e-03 
1.059000e-03 
-1.117000e-03 
-1.717000e-03 
-1.777000e-03 
-2.736000e-03 
-5.711000e-03 
-7.431000e-03 
-8.192000e-03 
-8.533000e-03 
-8.384000e-03 
-8.410000e-03 
-8.317000e-03 
-8.327000e-03 
-8.168000e-03 
-8.158000e-03 
-8.017000e-03 
-8.005000e-03 
-8.342000e-03 
-1.051600e-02 
-1.107700e-02 
-1.041400e-02 
-1.216400e-02 
-1.356400e-02 
-1.292400e-02 
-1.257300e-02 
-1.235800e-02 
-1.214800e-02 
-1.182700e-02 
-1.154900e-02 
-1.120000e-02 
-1.094100e-02 
-1.061800e-02 
-1.042400e-02 
-9.899000e-03 
-8.324000e-03 
-6.415000e-03 
-6.451000e-03 
-4.684000e-03 
-2.771000e-03 
-1.662000e-03 
-1.780000e-04 
5.470000e-04 
1.964000e-03 
2.846000e-03 
2.446000e-03 
2.348000e-03 
2.060000e-03 
1.940000e-03 
1.583000e-03 
3.542000e-03 
4.567000e-03 
4.083000e-03 
2.638000e-03 
3.680000e-04 
1.280000e-04 
1.850000e-04 
-1.420000e-04 
-3.100000e-04 
-4.520000e-04 
-5.160000e-04 
-6.910000e-04 
-7.660000e-04 
-1.008000e-03 
-1.462000e-03 
-3.288000e-03 
-4.352000e-03 
-5.300000e-03 
-6.269000e-03 
-6.765000e-03 
-7.018000e-03 
-6.905000e-03 
-6.731000e-03 
-6.681000e-03 
-6.815000e-03 
-8.228000e-03 
-9.309000e-03 
-8.962000e-03 
-9.776000e-03 
-1.138600e-02 
-1.126400e-02 
-1.069100e-02 
-1.040700e-02 
-1.016800e-02 
-9.779000e-03 
-9.723000e-03 
-1.042500e-02 
-1.032900e-02 
-8.934000e-03 
-8.944000e-03 
-1.045700e-02 
-1.021500e-02 
-1.064300e-02 
-1.246800e-02 
-1.206300e-02 
-1.129300e-02 
-1.085200e-02 
-1.073000e-02 
-1.121700e-02 
-1.088600e-02 
-1.016400e-02 
-9.732000e-03 
-9.136000e-03 
-9.020000e-03 
-1.012800e-02 
-1.100200e-02 
-1.012600e-02 
-1.149900e-02 
-1.239800e-02 
-1.294100e-02 
-1.363300e-02 
-1.231700e-02 
-1.053200e-02 
-9.842000e-03 
-8.255000e-03 
-6.699000e-03 
-5.209000e-03 
-3.763000e-03 
-2.466000e-03 
-1.007000e-03 
1.128000e-03 
1.872000e-03 
2.420000e-03 
3.741000e-03 
4.888000e-03 
5.820000e-03 
7.079000e-03 
8.645000e-03 
7.499000e-03 
5.912000e-03 
6.588000e-03 
7.448000e-03 
8.397000e-03 
8.472000e-03 
9.231000e-03 
1.012300e-02 
1.097200e-02 
1.132400e-02 
1.192200e-02 
1.401000e-02 
1.384600e-02 
1.524000e-02 
1.760900e-02 
1.892500e-02 
2.017700e-02 
2.082600e-02 
2.170500e-02 
2.293600e-02 
2.208100e-02 
2.114000e-02 
1.894400e-02 
1.722400e-02 
1.501500e-02 
1.279300e-02 
1.139000e-02 
1.025900e-02 
8.856000e-03 
9.005000e-03 
8.252000e-03 
6.080000e-03 
5.132000e-03 
3.882000e-03 
1.395000e-03 
-9.710000e-04 
-8.520000e-04 
-6.220000e-04 
-5.680000e-04 
-2.760000e-04 
1.570000e-03 
2.818000e-03 
2.879000e-03 
2.800000e-03 
3.951000e-03 
4.624000e-03 
5.631000e-03 
5.610000e-03 
7.051000e-03 
8.570000e-03 
9.056000e-03 
9.683000e-03 
9.806000e-03 
9.355000e-03 
9.631000e-03 
9.510000e-03 
8.857000e-03 
8.448000e-03 
6.784000e-03 
6.389000e-03 
5.261000e-03 
4.302000e-03 
4.157000e-03 
5.503000e-03 
6.371000e-03 
7.534000e-03 
8.831000e-03 
1.031000e-02 
1.084800e-02 
1.042000e-02 
1.092100e-02 
1.053900e-02 
9.807000e-03 
9.188000e-03 
8.680000e-03 
7.979000e-03 
8.103000e-03 
8.352000e-03 
8.594000e-03 
8.438000e-03 
7.852000e-03 
6.592000e-03 
5.186000e-03 
2.938000e-03 
1.135000e-03 
6.890000e-04 
-6.760000e-04 
-1.287000e-03 
-1.418000e-03 
-1.681000e-03 
-2.203000e-03 
-3.389000e-03 
-4.406000e-03 
-5.284000e-03 
-5.452000e-03 
-5.431000e-03 
-5.678000e-03 
-5.597000e-03 
-6.255000e-03 
-7.007000e-03 
-8.002000e-03 
-9.421000e-03 
-9.585000e-03 
-9.219000e-03 
-8.529000e-03 
-6.791000e-03 
-6.087000e-03 
-5.278000e-03 
-4.603000e-03 
-3.793000e-03 
-3.780000e-03 
-3.092000e-03 
-2.874000e-03 
-4.046000e-03 
-4.778000e-03 
-6.681000e-03 
-9.605000e-03 
-1.114200e-02 
-1.101600e-02 
-1.065300e-02 
-9.968000e-03 
-8.189000e-03 
-6.530000e-03 
-5.268000e-03 
-6.025000e-03 
-7.467000e-03 
-7.916000e-03 
-7.546000e-03 
-5.529000e-03 
-2.875000e-03 
-8.210000e-04 
1.910000e-03 
2.674000e-03 
1.507000e-03 
6.180000e-04 
-1.910000e-04 
-6.940000e-04 
-7.230000e-04 
-1.004000e-03 
-4.030000e-04 
-1.260000e-04 
-3.530000e-04 
-9.500000e-04 
-1.776000e-03 
-1.946000e-03 
-2.673000e-03 
-3.937000e-03 
-4.294000e-03 
-5.290000e-03 
-5.863000e-03 
-5.717000e-03 
-6.155000e-03 
-6.617000e-03 
-7.160000e-03 
-8.132000e-03 
-8.277000e-03 
-9.152000e-03 
-9.334000e-03 
-8.152000e-03 
-6.420000e-03 
-6.058000e-03 
-5.770000e-03 
-5.384000e-03 
-4.955000e-03 
-4.541000e-03 
-3.141000e-03 
-2.444000e-03 
-1.132000e-03 
-2.950000e-04 
4.310000e-04 
1.393000e-03 
2.423000e-03 
2.677000e-03 
3.525000e-03 
4.188000e-03 
4.974000e-03 
4.890000e-03 
5.099000e-03 
5.713000e-03 
6.203000e-03 
6.355000e-03 
5.759000e-03 
5.308000e-03 
4.592000e-03 
3.294000e-03 
2.078000e-03 
1.123000e-03 
5.790000e-04 
-2.600000e-04 
-1.216000e-03 
-2.017000e-03 
-2.323000e-03 
-2.655000e-03 
-2.820000e-03 
-2.706000e-03 
-2.356000e-03 
-1.923000e-03 
-1.544000e-03 
-1.201000e-03 
-7.470000e-04 
-5.400000e-05 
2.630000e-04 
1.430000e-04 
3.210000e-04 
4.890000e-04 
1.870000e-04 
-2.960000e-04 
-6.340000e-04 
-1.170000e-03 
-1.458000e-03 
-1.681000e-03 
-1.805000e-03 
-1.820000e-03 
-2.062000e-03 
-1.947000e-03 
-1.846000e-03 
-1.730000e-03 
-1.679000e-03 
-1.404000e-03 
-1.078000e-03 
-9.860000e-04 
-9.800000e-04 
-8.650000e-04 
-8.210000e-04 
-7.280000e-04 
-6.950000e-04 
-6.010000e-04 
-5.630000e-04 
-5.130000e-04 
-6.800000e-04 
-6.100000e-04 
-5.270000e-04 
-4.400000e-04 
-6.910000e-04 
-7.700000e-04 
-7.520000e-04 
-7.290000e-04 
-6.990000e-04 
-6.730000e-04 
-7.190000e-04 
-6.550000e-04 
-7.180000e-04 
-5.340000e-04 
-5.060000e-04 
-4.740000e-04 
-3.520000e-04 
-1.700000e-04 
3.700000e-05 
2.850000e-04 
5.330000e-04 
7.600000e-04 
1.009000e-03 
1.149000e-03 
1.304000e-03 
1.370000e-03 
1.480000e-03 
1.568000e-03 
1.650000e-03 
1.706000e-03 
1.759000e-03 
1.756000e-03 
1.783000e-03 
1.800000e-03 
1.806000e-03 
1.802000e-03 
1.814000e-03 
1.801000e-03 
1.737000e-03 
1.677000e-03 
1.593000e-03 
1.536000e-03 
1.507000e-03 
1.475000e-03 
1.440000e-03 
1.396000e-03 
1.341000e-03 
1.313000e-03 
1.269000e-03 
1.206000e-03 
1.157000e-03 
1.105000e-03 
1.045000e-03 
9.990000e-04 
9.320000e-04 
8.690000e-04 
8.170000e-04 
7.640000e-04 
7.000000e-04 
6.570000e-04 
6.130000e-04 
5.710000e-04 
5.390000e-04 
5.050000e-04 
4.660000e-04 
4.280000e-04 
3.970000e-04 
3.670000e-04 
3.360000e-04 
3.060000e-04 
2.760000e-04 
2.460000e-04 
2.160000e-04 
1.870000e-04 
1.590000e-04 
1.330000e-04 
1.080000e-04 
8.300000e-05 
6.000000e-05 
3.800000e-05 
1.600000e-05 
-3.000000e-06 
-2.300000e-05 
-4.100000e-05 
-5.900000e-05 
-7.600000e-05 
-9.200000e-05 
-1.070000e-04 
-1.220000e-04 
-1.350000e-04 
-1.490000e-04 
-1.610000e-04 
-1.720000e-04 
-1.830000e-04 
-1.930000e-04 
-2.020000e-04 
-2.100000e-04 
-2.180000e-04 
-2.250000e-04 
