1 
1.000000e-02 
5.600000e-02 
4.700000e-02 
3.700000e-02 
2.800000e-02 
1.900000e-02 
9.000000e-03 
1.000000e-03 
-8.000000e-03 
-1.700000e-02 
-2.600000e-02 
-3.400000e-02 
-4.300000e-02 
-5.200000e-02 
-6.000000e-02 
-6.800000e-02 
-7.600000e-02 
-8.400000e-02 
-9.200000e-02 
-1.000000e-01 
-1.080000e-01 
-1.160000e-01 
-1.230000e-01 
-1.310000e-01 
-1.390000e-01 
-1.470000e-01 
-1.550000e-01 
-1.630000e-01 
-1.710000e-01 
-1.790000e-01 
-1.880000e-01 
-1.960000e-01 
-2.040000e-01 
-2.130000e-01 
-2.210000e-01 
-2.300000e-01 
-2.380000e-01 
-2.470000e-01 
-2.560000e-01 
-2.640000e-01 
-2.730000e-01 
-2.820000e-01 
-2.900000e-01 
-2.990000e-01 
-3.080000e-01 
-3.170000e-01 
-3.260000e-01 
-3.340000e-01 
-3.430000e-01 
-3.520000e-01 
-3.600000e-01 
-3.680000e-01 
-3.770000e-01 
-3.850000e-01 
-3.930000e-01 
-4.010000e-01 
-4.100000e-01 
-4.180000e-01 
-4.260000e-01 
-4.340000e-01 
-4.420000e-01 
-4.510000e-01 
-4.590000e-01 
-4.670000e-01 
-4.750000e-01 
-4.820000e-01 
-4.900000e-01 
-4.980000e-01 
-5.060000e-01 
-5.130000e-01 
-5.200000e-01 
-5.270000e-01 
-5.350000e-01 
-5.420000e-01 
-5.490000e-01 
-5.560000e-01 
-5.630000e-01 
-5.700000e-01 
-5.760000e-01 
-5.830000e-01 
-5.890000e-01 
-5.950000e-01 
-6.000000e-01 
-6.060000e-01 
-6.110000e-01 
-6.170000e-01 
-6.220000e-01 
-6.270000e-01 
-6.320000e-01 
-6.370000e-01 
-6.420000e-01 
-6.470000e-01 
-6.520000e-01 
-6.570000e-01 
-6.620000e-01 
-6.660000e-01 
-6.710000e-01 
-6.750000e-01 
-6.800000e-01 
-6.840000e-01 
-6.890000e-01 
-6.930000e-01 
-6.980000e-01 
-7.030000e-01 
-7.070000e-01 
-7.110000e-01 
-7.160000e-01 
-7.200000e-01 
-7.240000e-01 
-7.280000e-01 
-7.320000e-01 
-7.350000e-01 
-7.400000e-01 
-7.440000e-01 
-7.480000e-01 
-7.510000e-01 
-7.550000e-01 
-7.590000e-01 
-7.630000e-01 
-7.670000e-01 
-7.710000e-01 
-7.750000e-01 
-7.800000e-01 
-7.840000e-01 
-7.880000e-01 
-7.910000e-01 
-7.950000e-01 
-7.980000e-01 
-8.000000e-01 
-8.030000e-01 
-8.060000e-01 
-8.090000e-01 
-8.120000e-01 
-8.140000e-01 
-8.170000e-01 
-8.210000e-01 
-8.240000e-01 
-8.270000e-01 
-8.300000e-01 
-8.320000e-01 
-8.340000e-01 
-8.350000e-01 
-8.360000e-01 
-8.370000e-01 
-8.370000e-01 
-8.360000e-01 
-8.350000e-01 
-8.340000e-01 
-8.320000e-01 
-8.310000e-01 
-8.300000e-01 
-8.300000e-01 
-8.290000e-01 
-8.290000e-01 
-8.270000e-01 
-8.260000e-01 
-8.230000e-01 
-8.210000e-01 
-8.170000e-01 
-8.140000e-01 
-8.110000e-01 
-8.070000e-01 
-8.040000e-01 
-8.010000e-01 
-7.980000e-01 
-7.960000e-01 
-7.940000e-01 
-7.920000e-01 
-7.900000e-01 
-7.880000e-01 
-7.860000e-01 
-7.840000e-01 
-7.810000e-01 
-7.790000e-01 
-7.760000e-01 
-7.730000e-01 
-7.700000e-01 
-7.660000e-01 
-7.630000e-01 
-7.600000e-01 
-7.570000e-01 
-7.540000e-01 
-7.520000e-01 
-7.490000e-01 
-7.460000e-01 
-7.440000e-01 
-7.410000e-01 
-7.380000e-01 
-7.360000e-01 
-7.330000e-01 
-7.290000e-01 
-7.250000e-01 
-7.210000e-01 
-7.180000e-01 
-7.140000e-01 
-7.110000e-01 
-7.070000e-01 
-7.040000e-01 
-7.000000e-01 
-6.960000e-01 
-6.910000e-01 
-6.860000e-01 
-6.810000e-01 
-6.740000e-01 
-6.670000e-01 
-6.600000e-01 
-6.520000e-01 
-6.450000e-01 
-6.380000e-01 
-6.320000e-01 
-6.260000e-01 
-6.190000e-01 
-6.130000e-01 
-6.070000e-01 
-6.010000e-01 
-5.950000e-01 
-5.890000e-01 
-5.820000e-01 
-5.750000e-01 
-5.680000e-01 
-5.620000e-01 
-5.560000e-01 
-5.510000e-01 
-5.470000e-01 
-5.430000e-01 
-5.400000e-01 
-5.360000e-01 
-5.330000e-01 
-5.300000e-01 
-5.260000e-01 
-5.220000e-01 
-5.180000e-01 
-5.130000e-01 
-5.080000e-01 
-5.030000e-01 
-4.980000e-01 
-4.930000e-01 
-4.890000e-01 
-4.850000e-01 
-4.810000e-01 
-4.770000e-01 
-4.730000e-01 
-4.680000e-01 
-4.630000e-01 
-4.580000e-01 
-4.510000e-01 
-4.440000e-01 
-4.360000e-01 
-4.280000e-01 
-4.180000e-01 
-4.090000e-01 
-3.980000e-01 
-3.880000e-01 
-3.770000e-01 
-3.650000e-01 
-3.530000e-01 
-3.410000e-01 
-3.280000e-01 
-3.150000e-01 
-3.000000e-01 
-2.850000e-01 
-2.700000e-01 
-2.540000e-01 
-2.380000e-01 
-2.220000e-01 
-2.050000e-01 
-1.880000e-01 
-1.710000e-01 
-1.550000e-01 
-1.380000e-01 
-1.220000e-01 
-1.050000e-01 
-8.900000e-02 
-7.200000e-02 
-5.500000e-02 
-3.900000e-02 
-2.200000e-02 
-7.000000e-03 
9.000000e-03 
2.300000e-02 
3.700000e-02 
5.100000e-02 
6.400000e-02 
7.700000e-02 
8.900000e-02 
1.010000e-01 
1.130000e-01 
1.240000e-01 
1.360000e-01 
1.470000e-01 
1.600000e-01 
1.720000e-01 
1.860000e-01 
1.990000e-01 
2.140000e-01 
2.280000e-01 
2.420000e-01 
2.570000e-01 
2.710000e-01 
2.850000e-01 
2.990000e-01 
3.130000e-01 
3.270000e-01 
3.430000e-01 
3.600000e-01 
3.790000e-01 
3.990000e-01 
4.190000e-01 
4.410000e-01 
4.620000e-01 
4.840000e-01 
5.070000e-01 
5.300000e-01 
5.530000e-01 
5.780000e-01 
6.030000e-01 
6.290000e-01 
6.550000e-01 
6.800000e-01 
7.060000e-01 
7.310000e-01 
7.570000e-01 
7.830000e-01 
8.080000e-01 
8.340000e-01 
8.590000e-01 
8.860000e-01 
9.120000e-01 
9.390000e-01 
9.670000e-01 
9.950000e-01 
1.024000e+00 
1.052000e+00 
1.080000e+00 
1.107000e+00 
1.134000e+00 
1.159000e+00 
1.185000e+00 
1.212000e+00 
1.239000e+00 
1.267000e+00 
1.296000e+00 
1.325000e+00 
1.356000e+00 
1.388000e+00 
1.421000e+00 
1.454000e+00 
1.488000e+00 
1.520000e+00 
1.553000e+00 
1.584000e+00 
1.616000e+00 
1.648000e+00 
1.679000e+00 
1.712000e+00 
1.744000e+00 
1.776000e+00 
1.808000e+00 
1.840000e+00 
1.871000e+00 
1.901000e+00 
1.930000e+00 
1.958000e+00 
1.985000e+00 
2.012000e+00 
2.038000e+00 
2.065000e+00 
2.093000e+00 
2.123000e+00 
2.153000e+00 
2.183000e+00 
2.213000e+00 
2.244000e+00 
2.274000e+00 
2.305000e+00 
2.335000e+00 
2.364000e+00 
2.392000e+00 
2.420000e+00 
2.448000e+00 
2.477000e+00 
2.507000e+00 
2.536000e+00 
2.566000e+00 
2.596000e+00 
2.627000e+00 
2.659000e+00 
2.691000e+00 
2.723000e+00 
2.756000e+00 
2.789000e+00 
2.822000e+00 
2.856000e+00 
2.889000e+00 
2.924000e+00 
2.958000e+00 
2.992000e+00 
3.026000e+00 
3.060000e+00 
3.093000e+00 
3.127000e+00 
3.163000e+00 
3.199000e+00 
3.237000e+00 
3.276000e+00 
3.315000e+00 
3.354000e+00 
3.393000e+00 
3.432000e+00 
3.471000e+00 
3.510000e+00 
3.549000e+00 
3.588000e+00 
3.626000e+00 
3.664000e+00 
3.702000e+00 
3.740000e+00 
3.778000e+00 
3.815000e+00 
3.850000e+00 
3.884000e+00 
3.918000e+00 
3.950000e+00 
3.982000e+00 
4.013000e+00 
4.044000e+00 
4.075000e+00 
4.106000e+00 
4.136000e+00 
4.166000e+00 
4.196000e+00 
4.225000e+00 
4.253000e+00 
4.280000e+00 
4.305000e+00 
4.328000e+00 
4.351000e+00 
4.373000e+00 
4.395000e+00 
4.418000e+00 
4.440000e+00 
4.463000e+00 
4.487000e+00 
4.510000e+00 
4.532000e+00 
4.553000e+00 
4.573000e+00 
4.591000e+00 
4.606000e+00 
4.619000e+00 
4.630000e+00 
4.637000e+00 
4.643000e+00 
4.648000e+00 
4.653000e+00 
4.659000e+00 
4.668000e+00 
4.678000e+00 
4.690000e+00 
4.701000e+00 
4.713000e+00 
4.723000e+00 
4.732000e+00 
4.740000e+00 
4.746000e+00 
4.751000e+00 
4.754000e+00 
4.756000e+00 
4.757000e+00 
4.757000e+00 
4.756000e+00 
4.755000e+00 
4.752000e+00 
4.747000e+00 
4.739000e+00 
4.727000e+00 
4.711000e+00 
4.692000e+00 
4.669000e+00 
4.644000e+00 
4.616000e+00 
4.586000e+00 
4.555000e+00 
4.524000e+00 
4.493000e+00 
4.462000e+00 
4.432000e+00 
4.403000e+00 
4.376000e+00 
4.352000e+00 
4.331000e+00 
4.313000e+00 
4.297000e+00 
4.283000e+00 
4.268000e+00 
4.254000e+00 
4.239000e+00 
4.221000e+00 
4.200000e+00 
4.174000e+00 
4.142000e+00 
4.103000e+00 
4.057000e+00 
4.004000e+00 
3.944000e+00 
3.877000e+00 
3.802000e+00 
3.721000e+00 
3.632000e+00 
3.536000e+00 
3.433000e+00 
3.323000e+00 
3.206000e+00 
3.082000e+00 
2.954000e+00 
2.822000e+00 
2.687000e+00 
2.552000e+00 
2.415000e+00 
2.280000e+00 
2.147000e+00 
2.017000e+00 
1.890000e+00 
1.767000e+00 
1.646000e+00 
1.529000e+00 
1.415000e+00 
1.302000e+00 
1.189000e+00 
1.076000e+00 
9.590000e-01 
8.390000e-01 
7.120000e-01 
5.800000e-01 
4.410000e-01 
2.980000e-01 
1.520000e-01 
4.000000e-03 
-1.440000e-01 
-2.910000e-01 
-4.370000e-01 
-5.790000e-01 
-7.180000e-01 
-8.510000e-01 
-9.770000e-01 
-1.095000e+00 
-1.203000e+00 
-1.300000e+00 
-1.387000e+00 
-1.463000e+00 
-1.530000e+00 
-1.587000e+00 
-1.638000e+00 
-1.683000e+00 
-1.725000e+00 
-1.765000e+00 
-1.808000e+00 
-1.853000e+00 
-1.902000e+00 
-1.958000e+00 
-2.021000e+00 
-2.093000e+00 
-2.174000e+00 
-2.266000e+00 
-2.368000e+00 
-2.479000e+00 
-2.600000e+00 
-2.729000e+00 
-2.865000e+00 
-3.009000e+00 
-3.159000e+00 
-3.316000e+00 
-3.477000e+00 
-3.642000e+00 
-3.810000e+00 
-3.981000e+00 
-4.153000e+00 
-4.326000e+00 
-4.502000e+00 
-4.683000e+00 
-4.872000e+00 
-5.070000e+00 
-5.277000e+00 
-5.494000e+00 
-5.722000e+00 
-5.959000e+00 
-6.206000e+00 
-6.462000e+00 
-6.724000e+00 
-6.993000e+00 
-7.268000e+00 
-7.550000e+00 
-7.838000e+00 
-8.131000e+00 
-8.427000e+00 
-8.726000e+00 
-9.026000e+00 
-9.324000e+00 
-9.618000e+00 
-9.906000e+00 
-1.018700e+01 
-1.046100e+01 
-1.072900e+01 
-1.099400e+01 
-1.125900e+01 
-1.152700e+01 
-1.179900e+01 
-1.207500e+01 
-1.235500e+01 
-1.263700e+01 
-1.292300e+01 
-1.321100e+01 
-1.350000e+01 
-1.378600e+01 
-1.406500e+01 
-1.433400e+01 
-1.459000e+01 
-1.482900e+01 
-1.505000e+01 
-1.525100e+01 
-1.542900e+01 
-1.558400e+01 
-1.571500e+01 
-1.582100e+01 
-1.590300e+01 
-1.596100e+01 
-1.599700e+01 
-1.601200e+01 
-1.601000e+01 
-1.599600e+01 
-1.597700e+01 
-1.596100e+01 
-1.595400e+01 
-1.595800e+01 
-1.597500e+01 
-16 
-1.602400e+01 
-1.603900e+01 
-1.604000e+01 
-1.602300e+01 
-1.598600e+01 
-1.592700e+01 
-1.584300e+01 
-1.573300e+01 
-1.559600e+01 
-1.543100e+01 
-1.523700e+01 
-1.501600e+01 
-1.476700e+01 
-1.449400e+01 
-1.419700e+01 
-1.388000e+01 
-1.354600e+01 
-1.319700e+01 
-1.283600e+01 
-1.246500e+01 
-1.208400e+01 
-1.169600e+01 
-1.130000e+01 
-1.089900e+01 
-1.049100e+01 
-1.008000e+01 
-9.666000e+00 
-9.250000e+00 
-8.833000e+00 
-8.417000e+00 
-8.002000e+00 
-7.589000e+00 
-7.179000e+00 
-6.770000e+00 
-6.365000e+00 
-5.966000e+00 
-5.573000e+00 
-5.189000e+00 
-4.817000e+00 
-4.459000e+00 
-4.118000e+00 
-3.798000e+00 
-3.499000e+00 
-3.224000e+00 
-2.975000e+00 
-2.750000e+00 
-2.546000e+00 
-2.358000e+00 
-2.182000e+00 
-2.017000e+00 
-1.862000e+00 
-1.715000e+00 
-1.576000e+00 
-1.444000e+00 
-1.319000e+00 
-1.203000e+00 
-1.097000e+00 
-1.003000e+00 
-9.200000e-01 
-8.460000e-01 
-7.810000e-01 
-7.200000e-01 
-6.620000e-01 
-6.030000e-01 
-5.390000e-01 
-4.680000e-01 
-3.910000e-01 
-3.080000e-01 
-2.240000e-01 
-1.440000e-01 
-7.200000e-02 
-1.000000e-02 
3.900000e-02 
7.200000e-02 
8.800000e-02 
8.600000e-02 
6.800000e-02 
3.300000e-02 
-1.600000e-02 
-7.800000e-02 
-1.520000e-01 
-2.360000e-01 
-3.280000e-01 
-4.270000e-01 
-5.300000e-01 
-6.350000e-01 
-7.390000e-01 
-8.390000e-01 
-9.320000e-01 
-1.014000e+00 
-1.084000e+00 
-1.140000e+00 
-1.185000e+00 
-1.219000e+00 
-1.246000e+00 
-1.267000e+00 
-1.282000e+00 
-1.293000e+00 
-1.299000e+00 
-1.300000e+00 
-1.297000e+00 
-1.287000e+00 
-1.272000e+00 
-1.251000e+00 
-1.224000e+00 
-1.192000e+00 
-1.155000e+00 
-1.114000e+00 
-1.070000e+00 
-1.027000e+00 
-9.860000e-01 
-9.510000e-01 
-9.220000e-01 
-8.990000e-01 
-8.830000e-01 
-8.730000e-01 
-8.670000e-01 
-8.640000e-01 
-8.650000e-01 
-8.690000e-01 
-8.760000e-01 
-8.860000e-01 
-9.000000e-01 
-9.170000e-01 
-9.380000e-01 
-9.610000e-01 
-9.840000e-01 
-1.004000e+00 
-1.018000e+00 
-1.024000e+00 
-1.024000e+00 
-1.019000e+00 
-1.010000e+00 
-9.990000e-01 
-9.870000e-01 
-9.740000e-01 
-9.590000e-01 
-9.400000e-01 
-9.120000e-01 
-8.710000e-01 
-8.110000e-01 
-7.300000e-01 
-6.260000e-01 
-4.980000e-01 
-3.500000e-01 
-1.840000e-01 
-4.000000e-03 
1.900000e-01 
3.960000e-01 
6.120000e-01 
8.360000e-01 
1.065000e+00 
1.295000e+00 
1.524000e+00 
1.749000e+00 
1.968000e+00 
2.180000e+00 
2.388000e+00 
2.594000e+00 
2.803000e+00 
3.018000e+00 
3.242000e+00 
3.478000e+00 
3.728000e+00 
3.990000e+00 
4.264000e+00 
4.544000e+00 
4.826000e+00 
5.105000e+00 
5.379000e+00 
5.643000e+00 
5.893000e+00 
6.128000e+00 
6.344000e+00 
6.540000e+00 
6.716000e+00 
6.874000e+00 
7.014000e+00 
7.137000e+00 
7.244000e+00 
7.333000e+00 
7.406000e+00 
7.461000e+00 
7.500000e+00 
7.521000e+00 
7.526000e+00 
7.516000e+00 
7.490000e+00 
7.451000e+00 
7.399000e+00 
7.340000e+00 
7.279000e+00 
7.221000e+00 
7.174000e+00 
7.140000e+00 
7.122000e+00 
7.120000e+00 
7.135000e+00 
7.166000e+00 
7.212000e+00 
7.270000e+00 
7.341000e+00 
7.420000e+00 
7.507000e+00 
7.597000e+00 
7.691000e+00 
7.787000e+00 
7.885000e+00 
7.987000e+00 
8.090000e+00 
8.192000e+00 
8.291000e+00 
8.384000e+00 
8.468000e+00 
8.544000e+00 
8.612000e+00 
8.673000e+00 
8.728000e+00 
8.777000e+00 
8.820000e+00 
8.856000e+00 
8.886000e+00 
8.909000e+00 
8.926000e+00 
8.936000e+00 
8.940000e+00 
8.937000e+00 
8.927000e+00 
8.909000e+00 
8.883000e+00 
8.849000e+00 
8.807000e+00 
8.756000e+00 
8.696000e+00 
8.627000e+00 
8.546000e+00 
8.455000e+00 
8.352000e+00 
8.237000e+00 
8.112000e+00 
7.976000e+00 
7.828000e+00 
7.670000e+00 
7.501000e+00 
7.323000e+00 
7.140000e+00 
6.959000e+00 
6.788000e+00 
6.634000e+00 
6.502000e+00 
6.396000e+00 
6.316000e+00 
6.263000e+00 
6.232000e+00 
6.219000e+00 
6.217000e+00 
6.221000e+00 
6.229000e+00 
6.239000e+00 
6.250000e+00 
6.261000e+00 
6.274000e+00 
6.289000e+00 
6.307000e+00 
6.330000e+00 
6.358000e+00 
6.390000e+00 
6.427000e+00 
6.469000e+00 
6.514000e+00 
6.560000e+00 
6.603000e+00 
6.642000e+00 
6.678000e+00 
6.713000e+00 
6.749000e+00 
6.788000e+00 
6.830000e+00 
6.872000e+00 
6.915000e+00 
6.956000e+00 
6.996000e+00 
7.035000e+00 
7.072000e+00 
7.109000e+00 
7.147000e+00 
7.186000e+00 
7.227000e+00 
7.274000e+00 
7.328000e+00 
7.393000e+00 
7.472000e+00 
7.567000e+00 
7.679000e+00 
7.807000e+00 
7.952000e+00 
8.111000e+00 
8.285000e+00 
8.472000e+00 
8.671000e+00 
8.880000e+00 
9.099000e+00 
9.323000e+00 
9.550000e+00 
9.776000e+00 
9.999000e+00 
1.021400e+01 
1.041900e+01 
1.061100e+01 
1.078900e+01 
1.094900e+01 
1.109200e+01 
1.121600e+01 
1.132000e+01 
1.140400e+01 
1.146700e+01 
1.151000e+01 
1.153200e+01 
1.153400e+01 
1.151600e+01 
1.147700e+01 
1.141800e+01 
1.133800e+01 
1.123900e+01 
1.112200e+01 
1.098900e+01 
1.084300e+01 
1.068600e+01 
1.052100e+01 
1.035100e+01 
1.017800e+01 
1.000500e+01 
9.833000e+00 
9.665000e+00 
9.502000e+00 
9.345000e+00 
9.195000e+00 
9.050000e+00 
8.907000e+00 
8.762000e+00 
8.611000e+00 
8.448000e+00 
8.272000e+00 
8.078000e+00 
7.865000e+00 
7.631000e+00 
7.374000e+00 
7.095000e+00 
6.793000e+00 
6.470000e+00 
6.127000e+00 
5.766000e+00 
5.388000e+00 
4.997000e+00 
4.595000e+00 
4.186000e+00 
3.776000e+00 
3.367000e+00 
2.964000e+00 
2.569000e+00 
2.186000e+00 
1.817000e+00 
1.465000e+00 
1.132000e+00 
8.200000e-01 
5.300000e-01 
2.640000e-01 
2.200000e-02 
-1.970000e-01 
-3.950000e-01 
-5.710000e-01 
-7.290000e-01 
-8.680000e-01 
-9.930000e-01 
-1.104000e+00 
-1.205000e+00 
-1.298000e+00 
-1.388000e+00 
-1.477000e+00 
-1.571000e+00 
-1.671000e+00 
-1.780000e+00 
-1.901000e+00 
-2.035000e+00 
-2.183000e+00 
-2.343000e+00 
-2.515000e+00 
-2.695000e+00 
-2.884000e+00 
-3.077000e+00 
-3.274000e+00 
-3.473000e+00 
-3.670000e+00 
-3.863000e+00 
-4.051000e+00 
-4.232000e+00 
-4.401000e+00 
-4.558000e+00 
-4.700000e+00 
-4.827000e+00 
-4.936000e+00 
-5.029000e+00 
-5.103000e+00 
-5.161000e+00 
-5.203000e+00 
-5.229000e+00 
-5.242000e+00 
-5.244000e+00 
-5.239000e+00 
-5.229000e+00 
-5.218000e+00 
-5.208000e+00 
-5.203000e+00 
-5.204000e+00 
-5.212000e+00 
-5.226000e+00 
-5.247000e+00 
-5.271000e+00 
-5.297000e+00 
-5.323000e+00 
-5.345000e+00 
-5.363000e+00 
-5.373000e+00 
-5.374000e+00 
-5.362000e+00 
-5.337000e+00 
-5.298000e+00 
-5.243000e+00 
-5.175000e+00 
-5.095000e+00 
-5.005000e+00 
-4.907000e+00 
-4.803000e+00 
-4.694000e+00 
-4.583000e+00 
-4.471000e+00 
-4.360000e+00 
-4.250000e+00 
-4.142000e+00 
-4.036000e+00 
-3.933000e+00 
-3.831000e+00 
-3.731000e+00 
-3.632000e+00 
-3.535000e+00 
-3.439000e+00 
-3.344000e+00 
-3.249000e+00 
-3.152000e+00 
-3.055000e+00 
-2.955000e+00 
-2.852000e+00 
-2.747000e+00 
-2.637000e+00 
-2.522000e+00 
-2.403000e+00 
-2.278000e+00 
-2.148000e+00 
-2.013000e+00 
-1.873000e+00 
-1.729000e+00 
-1.581000e+00 
-1.433000e+00 
-1.285000e+00 
-1.139000e+00 
-9.980000e-01 
-8.610000e-01 
-7.290000e-01 
-6.040000e-01 
-4.850000e-01 
-3.740000e-01 
-2.700000e-01 
-1.730000e-01 
-8.400000e-02 
-2.000000e-03 
7.300000e-02 
1.410000e-01 
2.030000e-01 
2.590000e-01 
3.100000e-01 
3.570000e-01 
3.980000e-01 
4.330000e-01 
4.600000e-01 
4.820000e-01 
4.960000e-01 
5.030000e-01 
5.010000e-01 
4.880000e-01 
4.640000e-01 
4.330000e-01 
3.980000e-01 
3.610000e-01 
3.250000e-01 
2.890000e-01 
2.550000e-01 
2.240000e-01 
1.950000e-01 
1.690000e-01 
1.450000e-01 
1.210000e-01 
9.700000e-02 
7.300000e-02 
4.700000e-02 
2.000000e-02 
-9.000000e-03 
-4.000000e-02 
-7.200000e-02 
-1.070000e-01 
-1.430000e-01 
-1.810000e-01 
-2.190000e-01 
-2.570000e-01 
-2.960000e-01 
-3.360000e-01 
-3.780000e-01 
-4.230000e-01 
-4.720000e-01 
-5.260000e-01 
-5.850000e-01 
-6.500000e-01 
-7.210000e-01 
-7.960000e-01 
-8.760000e-01 
-9.580000e-01 
-1.042000e+00 
-1.127000e+00 
-1.214000e+00 
-1.302000e+00 
-1.392000e+00 
-1.482000e+00 
-1.573000e+00 
-1.664000e+00 
-1.754000e+00 
-1.844000e+00 
-1.931000e+00 
-2.016000e+00 
-2.099000e+00 
-2.178000e+00 
-2.255000e+00 
-2.329000e+00 
-2.401000e+00 
-2.471000e+00 
-2.540000e+00 
-2.610000e+00 
-2.681000e+00 
-2.754000e+00 
-2.829000e+00 
-2.907000e+00 
-2.987000e+00 
-3.071000e+00 
-3.156000e+00 
-3.241000e+00 
-3.325000e+00 
-3.406000e+00 
-3.482000e+00 
-3.554000e+00 
-3.621000e+00 
-3.684000e+00 
-3.743000e+00 
-3.800000e+00 
-3.855000e+00 
-3.909000e+00 
-3.961000e+00 
-4.011000e+00 
-4.059000e+00 
-4.104000e+00 
-4.147000e+00 
-4.186000e+00 
-4.220000e+00 
-4.251000e+00 
-4.276000e+00 
-4.297000e+00 
-4.312000e+00 
-4.323000e+00 
-4.329000e+00 
-4.331000e+00 
-4.332000e+00 
-4.332000e+00 
-4.333000e+00 
-4.338000e+00 
-4.346000e+00 
-4.359000e+00 
-4.377000e+00 
-4.398000e+00 
-4.425000e+00 
-4.455000e+00 
-4.491000e+00 
-4.532000e+00 
-4.578000e+00 
-4.628000e+00 
-4.684000e+00 
-4.744000e+00 
-4.808000e+00 
-4.876000e+00 
-4.948000e+00 
-5.023000e+00 
-5.102000e+00 
-5.185000e+00 
-5.270000e+00 
-5.359000e+00 
-5.451000e+00 
-5.546000e+00 
-5.644000e+00 
-5.745000e+00 
-5.848000e+00 
-5.951000e+00 
-6.054000e+00 
-6.156000e+00 
-6.256000e+00 
-6.352000e+00 
-6.443000e+00 
-6.530000e+00 
-6.611000e+00 
-6.686000e+00 
-6.755000e+00 
-6.817000e+00 
-6.873000e+00 
-6.923000e+00 
-6.968000e+00 
-7.009000e+00 
-7.045000e+00 
-7.077000e+00 
-7.106000e+00 
-7.132000e+00 
-7.155000e+00 
-7.175000e+00 
-7.195000e+00 
-7.214000e+00 
-7.234000e+00 
-7.257000e+00 
-7.283000e+00 
-7.314000e+00 
-7.350000e+00 
-7.392000e+00 
-7.440000e+00 
-7.493000e+00 
-7.552000e+00 
-7.616000e+00 
-7.685000e+00 
-7.758000e+00 
-7.837000e+00 
-7.918000e+00 
-8.003000e+00 
-8.090000e+00 
-8.177000e+00 
-8.265000e+00 
-8.352000e+00 
-8.440000e+00 
-8.528000e+00 
-8.616000e+00 
-8.703000e+00 
-8.790000e+00 
-8.875000e+00 
-8.956000e+00 
-9.033000e+00 
-9.105000e+00 
-9.170000e+00 
-9.228000e+00 
-9.277000e+00 
-9.319000e+00 
-9.353000e+00 
-9.380000e+00 
-9.399000e+00 
-9.411000e+00 
-9.417000e+00 
-9.417000e+00 
-9.412000e+00 
-9.402000e+00 
-9.388000e+00 
-9.371000e+00 
-9.352000e+00 
-9.331000e+00 
-9.307000e+00 
-9.280000e+00 
-9.250000e+00 
-9.215000e+00 
-9.174000e+00 
-9.128000e+00 
-9.075000e+00 
-9.016000e+00 
-8.951000e+00 
-8.881000e+00 
-8.804000e+00 
-8.723000e+00 
-8.636000e+00 
-8.545000e+00 
-8.450000e+00 
-8.350000e+00 
-8.246000e+00 
-8.138000e+00 
-8.026000e+00 
-7.910000e+00 
-7.790000e+00 
-7.665000e+00 
-7.536000e+00 
-7.403000e+00 
-7.265000e+00 
-7.125000e+00 
-6.982000e+00 
-6.839000e+00 
-6.695000e+00 
-6.552000e+00 
-6.411000e+00 
-6.271000e+00 
-6.133000e+00 
-5.997000e+00 
-5.862000e+00 
-5.727000e+00 
-5.592000e+00 
-5.457000e+00 
-5.320000e+00 
-5.182000e+00 
-5.042000e+00 
-4.901000e+00 
-4.757000e+00 
-4.612000e+00 
-4.466000e+00 
-4.319000e+00 
-4.172000e+00 
-4.025000e+00 
-3.878000e+00 
-3.733000e+00 
-3.590000e+00 
-3.448000e+00 
-3.308000e+00 
-3.170000e+00 
-3.034000e+00 
-2.901000e+00 
-2.769000e+00 
-2.641000e+00 
-2.515000e+00 
-2.392000e+00 
-2.273000e+00 
-2.158000e+00 
-2.046000e+00 
-1.937000e+00 
-1.832000e+00 
-1.729000e+00 
-1.629000e+00 
-1.530000e+00 
-1.433000e+00 
-1.336000e+00 
-1.240000e+00 
-1.143000e+00 
-1.046000e+00 
-9.490000e-01 
-8.510000e-01 
-7.530000e-01 
-6.560000e-01 
-5.600000e-01 
-4.640000e-01 
-3.700000e-01 
-2.770000e-01 
-1.860000e-01 
-9.700000e-02 
-9.000000e-03 
7.700000e-02 
1.610000e-01 
2.440000e-01 
3.270000e-01 
4.090000e-01 
4.910000e-01 
5.720000e-01 
6.540000e-01 
7.360000e-01 
8.180000e-01 
9.000000e-01 
9.810000e-01 
1.061000e+00 
1.140000e+00 
1.217000e+00 
1.292000e+00 
1.364000e+00 
1.434000e+00 
1.500000e+00 
1.562000e+00 
1.621000e+00 
1.676000e+00 
1.727000e+00 
1.775000e+00 
1.820000e+00 
1.862000e+00 
1.902000e+00 
1.939000e+00 
1.973000e+00 
2.004000e+00 
2.032000e+00 
2.057000e+00 
2.078000e+00 
2.097000e+00 
2.115000e+00 
2.132000e+00 
2.150000e+00 
2.170000e+00 
2.192000e+00 
2.216000e+00 
2.243000e+00 
2.273000e+00 
2.306000e+00 
2.342000e+00 
2.380000e+00 
2.421000e+00 
2.464000e+00 
2.510000e+00 
2.556000e+00 
2.605000e+00 
2.655000e+00 
2.707000e+00 
2.760000e+00 
2.814000e+00 
2.868000e+00 
2.920000e+00 
2.971000e+00 
3.020000e+00 
3.066000e+00 
3.108000e+00 
3.146000e+00 
3.181000e+00 
3.213000e+00 
3.243000e+00 
3.270000e+00 
3.295000e+00 
3.319000e+00 
3.343000e+00 
3.367000e+00 
3.393000e+00 
3.422000e+00 
3.453000e+00 
3.487000e+00 
3.524000e+00 
3.563000e+00 
3.605000e+00 
3.649000e+00 
3.694000e+00 
3.739000e+00 
3.783000e+00 
3.826000e+00 
3.867000e+00 
3.905000e+00 
3.940000e+00 
3.971000e+00 
3.998000e+00 
4.022000e+00 
4.042000e+00 
4.058000e+00 
4.071000e+00 
4.080000e+00 
4.087000e+00 
4.091000e+00 
4.096000e+00 
4.101000e+00 
4.108000e+00 
4.118000e+00 
4.131000e+00 
4.149000e+00 
4.170000e+00 
4.195000e+00 
4.222000e+00 
4.251000e+00 
4.281000e+00 
4.311000e+00 
4.340000e+00 
4.368000e+00 
4.395000e+00 
4.419000e+00 
4.441000e+00 
4.460000e+00 
4.475000e+00 
4.487000e+00 
4.495000e+00 
4.499000e+00 
4.499000e+00 
4.495000e+00 
4.488000e+00 
4.477000e+00 
4.462000e+00 
4.445000e+00 
4.426000e+00 
4.404000e+00 
4.380000e+00 
4.354000e+00 
4.327000e+00 
4.300000e+00 
4.273000e+00 
4.247000e+00 
4.225000e+00 
4.205000e+00 
4.189000e+00 
4.177000e+00 
4.169000e+00 
4.164000e+00 
4.162000e+00 
4.162000e+00 
4.162000e+00 
4.164000e+00 
4.165000e+00 
4.166000e+00 
4.165000e+00 
4.163000e+00 
4.159000e+00 
4.152000e+00 
4.142000e+00 
4.130000e+00 
4.113000e+00 
4.094000e+00 
4.073000e+00 
4.050000e+00 
4.027000e+00 
4.004000e+00 
3.984000e+00 
3.966000e+00 
3.952000e+00 
3.941000e+00 
3.934000e+00 
3.931000e+00 
3.933000e+00 
3.940000e+00 
3.954000e+00 
3.974000e+00 
4.002000e+00 
4.038000e+00 
4.083000e+00 
4.138000e+00 
4.202000e+00 
4.277000e+00 
4.360000e+00 
4.451000e+00 
4.548000e+00 
4.650000e+00 
4.755000e+00 
4.862000e+00 
4.969000e+00 
5.073000e+00 
5.175000e+00 
5.273000e+00 
5.366000e+00 
5.454000e+00 
5.537000e+00 
5.616000e+00 
5.690000e+00 
5.760000e+00 
5.827000e+00 
5.892000e+00 
5.954000e+00 
6.014000e+00 
6.072000e+00 
6.127000e+00 
6.181000e+00 
6.232000e+00 
6.280000e+00 
6.327000e+00 
6.371000e+00 
6.413000e+00 
6.454000e+00 
6.493000e+00 
6.531000e+00 
6.567000e+00 
6.603000e+00 
6.639000e+00 
6.675000e+00 
6.712000e+00 
6.751000e+00 
6.791000e+00 
6.832000e+00 
6.875000e+00 
6.918000e+00 
6.961000e+00 
7.004000e+00 
7.044000e+00 
7.083000e+00 
7.118000e+00 
7.150000e+00 
7.179000e+00 
7.205000e+00 
7.228000e+00 
7.247000e+00 
7.265000e+00 
7.281000e+00 
7.294000e+00 
7.307000e+00 
7.318000e+00 
7.327000e+00 
7.334000e+00 
7.339000e+00 
7.342000e+00 
7.341000e+00 
7.338000e+00 
7.332000e+00 
7.321000e+00 
7.308000e+00 
7.290000e+00 
7.268000e+00 
7.243000e+00 
7.214000e+00 
7.180000e+00 
7.143000e+00 
7.102000e+00 
7.058000e+00 
7.011000e+00 
6.962000e+00 
6.909000e+00 
6.855000e+00 
6.798000e+00 
6.739000e+00 
6.679000e+00 
6.617000e+00 
6.555000e+00 
6.491000e+00 
6.428000e+00 
6.363000e+00 
6.297000e+00 
6.230000e+00 
6.162000e+00 
6.092000e+00 
6.020000e+00 
5.946000e+00 
5.870000e+00 
5.791000e+00 
5.712000e+00 
5.631000e+00 
5.548000e+00 
5.465000e+00 
5.382000e+00 
5.297000e+00 
5.212000e+00 
5.127000e+00 
5.042000e+00 
4.957000e+00 
4.874000e+00 
4.791000e+00 
4.711000e+00 
4.632000e+00 
4.556000e+00 
4.482000e+00 
4.410000e+00 
4.339000e+00 
4.271000e+00 
4.203000e+00 
4.138000e+00 
4.074000e+00 
4.012000e+00 
3.952000e+00 
3.894000e+00 
3.839000e+00 
3.786000e+00 
3.735000e+00 
3.688000e+00 
3.643000e+00 
3.601000e+00 
3.562000e+00 
3.526000e+00 
3.493000e+00 
3.463000e+00 
3.436000e+00 
3.411000e+00 
3.389000e+00 
3.369000e+00 
3.350000e+00 
3.332000e+00 
3.315000e+00 
3.297000e+00 
3.280000e+00 
3.262000e+00 
3.243000e+00 
3.222000e+00 
3.200000e+00 
3.174000e+00 
3.146000e+00 
3.115000e+00 
3.080000e+00 
3.041000e+00 
2.999000e+00 
2.953000e+00 
2.902000e+00 
2.849000e+00 
2.791000e+00 
2.730000e+00 
2.667000e+00 
2.601000e+00 
2.533000e+00 
2.464000e+00 
2.395000e+00 
2.324000e+00 
2.254000e+00 
2.183000e+00 
2.112000e+00 
2.040000e+00 
1.968000e+00 
1.895000e+00 
1.821000e+00 
1.745000e+00 
1.668000e+00 
1.591000e+00 
1.511000e+00 
1.431000e+00 
1.348000e+00 
1.265000e+00 
1.181000e+00 
1.095000e+00 
1.009000e+00 
9.220000e-01 
8.350000e-01 
7.480000e-01 
6.610000e-01 
5.760000e-01 
4.920000e-01 
4.090000e-01 
3.280000e-01 
2.480000e-01 
1.690000e-01 
9.200000e-02 
1.600000e-02 
-5.900000e-02 
-1.350000e-01 
-2.100000e-01 
-2.860000e-01 
-3.620000e-01 
-4.390000e-01 
-5.170000e-01 
-5.960000e-01 
-6.760000e-01 
-7.560000e-01 
-8.380000e-01 
-9.200000e-01 
-1.003000e+00 
-1.086000e+00 
-1.170000e+00 
-1.253000e+00 
-1.336000e+00 
-1.417000e+00 
-1.496000e+00 
-1.572000e+00 
-1.646000e+00 
-1.717000e+00 
-1.785000e+00 
-1.848000e+00 
-1.908000e+00 
-1.963000e+00 
-2.013000e+00 
-2.058000e+00 
-2.098000e+00 
-2.132000e+00 
-2.161000e+00 
-2.184000e+00 
-2.202000e+00 
-2.214000e+00 
-2.221000e+00 
-2.223000e+00 
-2.220000e+00 
-2.213000e+00 
-2.201000e+00 
-2.187000e+00 
-2.171000e+00 
-2.153000e+00 
-2.135000e+00 
-2.118000e+00 
-2.102000e+00 
-2.087000e+00 
-2.075000e+00 
-2.067000e+00 
-2.062000e+00 
-2.060000e+00 
-2.062000e+00 
-2.068000e+00 
-2.077000e+00 
-2.089000e+00 
-2.104000e+00 
-2.122000e+00 
-2.142000e+00 
-2.164000e+00 
-2.189000e+00 
-2.215000e+00 
-2.242000e+00 
-2.269000e+00 
-2.296000e+00 
-2.322000e+00 
-2.347000e+00 
-2.370000e+00 
-2.391000e+00 
-2.410000e+00 
-2.427000e+00 
-2.443000e+00 
-2.457000e+00 
-2.471000e+00 
-2.484000e+00 
-2.497000e+00 
-2.510000e+00 
-2.523000e+00 
-2.537000e+00 
-2.552000e+00 
-2.567000e+00 
-2.584000e+00 
-2.603000e+00 
-2.624000e+00 
-2.646000e+00 
-2.670000e+00 
-2.696000e+00 
-2.724000e+00 
-2.752000e+00 
-2.781000e+00 
-2.810000e+00 
-2.839000e+00 
-2.867000e+00 
-2.894000e+00 
-2.919000e+00 
-2.943000e+00 
-2.964000e+00 
-2.983000e+00 
-2.999000e+00 
-3.013000e+00 
-3.025000e+00 
-3.035000e+00 
-3.043000e+00 
-3.051000e+00 
-3.057000e+00 
-3.064000e+00 
-3.071000e+00 
-3.079000e+00 
-3.089000e+00 
-3.099000e+00 
-3.112000e+00 
-3.125000e+00 
-3.141000e+00 
-3.159000e+00 
-3.179000e+00 
-3.200000e+00 
-3.224000e+00 
-3.248000e+00 
-3.273000e+00 
-3.299000e+00 
-3.325000e+00 
-3.352000e+00 
-3.379000e+00 
-3.407000e+00 
-3.436000e+00 
-3.465000e+00 
-3.496000e+00 
-3.528000e+00 
-3.562000e+00 
-3.596000e+00 
-3.631000e+00 
-3.666000e+00 
-3.702000e+00 
-3.738000e+00 
-3.775000e+00 
-3.812000e+00 
-3.849000e+00 
-3.886000e+00 
-3.924000e+00 
-3.962000e+00 
-4.001000e+00 
-4.041000e+00 
-4.081000e+00 
-4.121000e+00 
-4.161000e+00 
-4.201000e+00 
-4.241000e+00 
-4.281000e+00 
-4.320000e+00 
-4.358000e+00 
-4.395000e+00 
-4.432000e+00 
-4.467000e+00 
-4.502000e+00 
-4.537000e+00 
-4.571000e+00 
-4.606000e+00 
-4.640000e+00 
-4.674000e+00 
-4.709000e+00 
-4.744000e+00 
-4.779000e+00 
-4.815000e+00 
-4.852000e+00 
-4.889000e+00 
-4.927000e+00 
-4.965000e+00 
-5.005000e+00 
-5.047000e+00 
-5.090000e+00 
-5.134000e+00 
-5.181000e+00 
-5.230000e+00 
-5.280000e+00 
-5.333000e+00 
-5.389000e+00 
-5.446000e+00 
-5.505000e+00 
-5.566000e+00 
-5.628000e+00 
-5.690000e+00 
-5.753000e+00 
-5.815000e+00 
-5.877000e+00 
-5.937000e+00 
-5.996000e+00 
-6.054000e+00 
-6.111000e+00 
-6.168000e+00 
-6.225000e+00 
-6.281000e+00 
-6.339000e+00 
-6.398000e+00 
-6.458000e+00 
-6.520000e+00 
-6.585000e+00 
-6.651000e+00 
-6.720000e+00 
-6.791000e+00 
-6.863000e+00 
-6.937000e+00 
-7.011000e+00 
-7.085000e+00 
-7.159000e+00 
-7.232000e+00 
-7.304000e+00 
-7.374000e+00 
-7.443000e+00 
-7.510000e+00 
-7.575000e+00 
-7.638000e+00 
-7.699000e+00 
-7.759000e+00 
-7.816000e+00 
-7.870000e+00 
-7.923000e+00 
-7.972000e+00 
-8.020000e+00 
-8.064000e+00 
-8.106000e+00 
-8.146000e+00 
-8.184000e+00 
-8.219000e+00 
-8.253000e+00 
-8.286000e+00 
-8.317000e+00 
-8.348000e+00 
-8.379000e+00 
-8.409000e+00 
-8.440000e+00 
-8.470000e+00 
-8.500000e+00 
-8.530000e+00 
-8.560000e+00 
-8.588000e+00 
-8.614000e+00 
-8.639000e+00 
-8.660000e+00 
-8.679000e+00 
-8.694000e+00 
-8.706000e+00 
-8.713000e+00 
-8.716000e+00 
-8.714000e+00 
-8.707000e+00 
-8.696000e+00 
-8.679000e+00 
-8.658000e+00 
-8.632000e+00 
-8.602000e+00 
-8.568000e+00 
-8.529000e+00 
-8.486000e+00 
-8.440000e+00 
-8.390000e+00 
-8.337000e+00 
-8.281000e+00 
-8.221000e+00 
-8.158000e+00 
-8.092000e+00 
-8.023000e+00 
-7.951000e+00 
-7.875000e+00 
-7.796000e+00 
-7.713000e+00 
-7.625000e+00 
-7.533000e+00 
-7.436000e+00 
-7.334000e+00 
-7.227000e+00 
-7.115000e+00 
-6.998000e+00 
-6.875000e+00 
-6.748000e+00 
-6.617000e+00 
-6.481000e+00 
-6.342000e+00 
-6.200000e+00 
-6.056000e+00 
-5.909000e+00 
-5.760000e+00 
-5.610000e+00 
-5.458000e+00 
-5.306000e+00 
-5.153000e+00 
-5 
-4.847000e+00 
-4.694000e+00 
-4.542000e+00 
-4.391000e+00 
-4.240000e+00 
-4.092000e+00 
-3.945000e+00 
-3.800000e+00 
-3.658000e+00 
-3.518000e+00 
-3.382000e+00 
-3.248000e+00 
-3.118000e+00 
-2.990000e+00 
-2.864000e+00 
-2.741000e+00 
-2.619000e+00 
-2.499000e+00 
-2.379000e+00 
-2.259000e+00 
-2.139000e+00 
-2.018000e+00 
-1.896000e+00 
-1.774000e+00 
-1.650000e+00 
-1.524000e+00 
-1.398000e+00 
-1.271000e+00 
-1.144000e+00 
-1.017000e+00 
-8.910000e-01 
-7.650000e-01 
-6.410000e-01 
-5.170000e-01 
-3.960000e-01 
-2.750000e-01 
-1.560000e-01 
-3.900000e-02 
7.700000e-02 
1.920000e-01 
3.050000e-01 
4.160000e-01 
5.250000e-01 
6.320000e-01 
7.380000e-01 
8.410000e-01 
9.430000e-01 
1.043000e+00 
1.140000e+00 
1.236000e+00 
1.330000e+00 
1.421000e+00 
1.511000e+00 
1.599000e+00 
1.686000e+00 
1.772000e+00 
1.857000e+00 
1.942000e+00 
2.027000e+00 
2.111000e+00 
2.196000e+00 
2.280000e+00 
2.364000e+00 
2.447000e+00 
2.530000e+00 
2.611000e+00 
2.689000e+00 
2.766000e+00 
2.840000e+00 
2.911000e+00 
2.980000e+00 
3.047000e+00 
3.112000e+00 
3.174000e+00 
3.235000e+00 
3.295000e+00 
3.353000e+00 
3.409000e+00 
3.465000e+00 
3.519000e+00 
3.571000e+00 
3.622000e+00 
3.672000e+00 
3.722000e+00 
3.771000e+00 
3.820000e+00 
3.869000e+00 
3.918000e+00 
3.967000e+00 
4.018000e+00 
4.068000e+00 
4.120000e+00 
4.171000e+00 
4.223000e+00 
4.275000e+00 
4.326000e+00 
4.377000e+00 
4.427000e+00 
4.477000e+00 
4.525000e+00 
4.573000e+00 
4.619000e+00 
4.664000e+00 
4.708000e+00 
4.751000e+00 
4.793000e+00 
4.834000e+00 
4.873000e+00 
4.911000e+00 
4.948000e+00 
4.983000e+00 
5.017000e+00 
5.049000e+00 
5.080000e+00 
5.109000e+00 
5.137000e+00 
5.165000e+00 
5.191000e+00 
5.217000e+00 
5.244000e+00 
5.270000e+00 
5.296000e+00 
5.324000e+00 
5.351000e+00 
5.380000e+00 
5.409000e+00 
5.439000e+00 
5.470000e+00 
5.501000e+00 
5.533000e+00 
5.566000e+00 
5.598000e+00 
5.631000e+00 
5.663000e+00 
5.695000e+00 
5.726000e+00 
5.758000e+00 
5.789000e+00 
5.820000e+00 
5.852000e+00 
5.883000e+00 
5.915000e+00 
5.947000e+00 
5.979000e+00 
6.011000e+00 
6.042000e+00 
6.074000e+00 
6.104000e+00 
6.135000e+00 
6.165000e+00 
6.194000e+00 
6.224000e+00 
6.253000e+00 
6.282000e+00 
6.311000e+00 
6.339000e+00 
6.367000e+00 
6.395000e+00 
6.422000e+00 
6.449000e+00 
6.475000e+00 
6.500000e+00 
6.524000e+00 
6.547000e+00 
6.569000e+00 
6.590000e+00 
6.610000e+00 
6.629000e+00 
6.648000e+00 
6.666000e+00 
6.683000e+00 
6.699000e+00 
6.715000e+00 
6.730000e+00 
6.745000e+00 
6.758000e+00 
6.772000e+00 
6.785000e+00 
6.797000e+00 
6.808000e+00 
6.819000e+00 
6.829000e+00 
6.837000e+00 
6.845000e+00 
6.851000e+00 
6.855000e+00 
6.857000e+00 
6.857000e+00 
6.855000e+00 
6.850000e+00 
6.844000e+00 
6.836000e+00 
6.827000e+00 
6.815000e+00 
6.803000e+00 
6.789000e+00 
6.774000e+00 
6.757000e+00 
6.738000e+00 
6.717000e+00 
6.694000e+00 
6.669000e+00 
6.642000e+00 
6.612000e+00 
6.581000e+00 
6.547000e+00 
6.511000e+00 
6.474000e+00 
6.436000e+00 
6.396000e+00 
6.355000e+00 
6.313000e+00 
6.270000e+00 
6.225000e+00 
6.179000e+00 
6.131000e+00 
6.081000e+00 
6.029000e+00 
5.976000e+00 
5.920000e+00 
5.862000e+00 
5.802000e+00 
5.740000e+00 
5.677000e+00 
5.613000e+00 
5.547000e+00 
5.479000e+00 
5.411000e+00 
5.343000e+00 
5.275000e+00 
5.207000e+00 
5.140000e+00 
5.074000e+00 
5.009000e+00 
4.945000e+00 
4.883000e+00 
4.821000e+00 
4.762000e+00 
4.703000e+00 
4.647000e+00 
4.591000e+00 
4.538000e+00 
4.485000e+00 
4.434000e+00 
4.384000e+00 
4.335000e+00 
4.286000e+00 
4.238000e+00 
4.189000e+00 
4.141000e+00 
4.092000e+00 
4.044000e+00 
3.995000e+00 
3.947000e+00 
3.898000e+00 
3.849000e+00 
3.799000e+00 
3.750000e+00 
3.701000e+00 
3.653000e+00 
3.605000e+00 
3.558000e+00 
3.512000e+00 
3.467000e+00 
3.422000e+00 
3.377000e+00 
3.333000e+00 
3.289000e+00 
3.246000e+00 
3.202000e+00 
3.158000e+00 
3.114000e+00 
3.070000e+00 
3.026000e+00 
2.981000e+00 
2.937000e+00 
2.892000e+00 
2.847000e+00 
2.800000e+00 
2.753000e+00 
2.704000e+00 
2.653000e+00 
2.601000e+00 
2.546000e+00 
2.490000e+00 
2.431000e+00 
2.371000e+00 
2.309000e+00 
2.246000e+00 
2.182000e+00 
2.117000e+00 
2.053000e+00 
1.988000e+00 
1.923000e+00 
1.860000e+00 
1.797000e+00 
1.735000e+00 
1.674000e+00 
1.615000e+00 
1.556000e+00 
1.498000e+00 
1.441000e+00 
1.384000e+00 
1.327000e+00 
1.270000e+00 
1.213000e+00 
1.155000e+00 
1.097000e+00 
1.038000e+00 
9.780000e-01 
9.180000e-01 
8.570000e-01 
7.960000e-01 
7.340000e-01 
6.730000e-01 
6.120000e-01 
5.510000e-01 
4.900000e-01 
4.300000e-01 
3.690000e-01 
3.090000e-01 
2.490000e-01 
1.900000e-01 
1.300000e-01 
7.200000e-02 
1.300000e-02 
-4.500000e-02 
-1.020000e-01 
-1.590000e-01 
-2.160000e-01 
-2.730000e-01 
-3.290000e-01 
-3.850000e-01 
-4.410000e-01 
-4.960000e-01 
-5.510000e-01 
-6.060000e-01 
-6.600000e-01 
-7.140000e-01 
-7.680000e-01 
-8.210000e-01 
-8.750000e-01 
-9.280000e-01 
-9.810000e-01 
-1.035000e+00 
-1.088000e+00 
-1.142000e+00 
-1.195000e+00 
-1.248000e+00 
-1.300000e+00 
-1.352000e+00 
-1.402000e+00 
-1.451000e+00 
-1.499000e+00 
-1.545000e+00 
-1.589000e+00 
-1.632000e+00 
-1.673000e+00 
-1.713000e+00 
-1.751000e+00 
-1.788000e+00 
-1.824000e+00 
-1.858000e+00 
-1.892000e+00 
-1.926000e+00 
-1.959000e+00 
-1.991000e+00 
-2.024000e+00 
-2.057000e+00 
-2.090000e+00 
-2.124000e+00 
-2.158000e+00 
-2.192000e+00 
-2.226000e+00 
-2.261000e+00 
-2.297000e+00 
-2.334000e+00 
-2.372000e+00 
-2.410000e+00 
-2.449000e+00 
-2.488000e+00 
-2.527000e+00 
-2.566000e+00 
-2.605000e+00 
-2.642000e+00 
-2.678000e+00 
-2.713000e+00 
-2.747000e+00 
-2.780000e+00 
-2.811000e+00 
-2.840000e+00 
-2.869000e+00 
-2.897000e+00 
-2.924000e+00 
-2.950000e+00 
-2.976000e+00 
-3.002000e+00 
-3.028000e+00 
-3.055000e+00 
-3.082000e+00 
-3.109000e+00 
-3.138000e+00 
-3.167000e+00 
-3.197000e+00 
-3.228000e+00 
-3.260000e+00 
-3.292000e+00 
-3.326000e+00 
-3.360000e+00 
-3.394000e+00 
-3.429000e+00 
-3.464000e+00 
-3.499000e+00 
-3.534000e+00 
-3.568000e+00 
-3.601000e+00 
-3.633000e+00 
-3.665000e+00 
-3.695000e+00 
-3.724000e+00 
-3.752000e+00 
-3.779000e+00 
-3.804000e+00 
-3.829000e+00 
-3.852000e+00 
-3.874000e+00 
-3.895000e+00 
-3.915000e+00 
-3.934000e+00 
-3.952000e+00 
-3.969000e+00 
-3.985000e+00 
-3.999000e+00 
-4.012000e+00 
-4.024000e+00 
-4.035000e+00 
-4.045000e+00 
-4.054000e+00 
-4.062000e+00 
-4.069000e+00 
-4.075000e+00 
-4.080000e+00 
-4.084000e+00 
-4.087000e+00 
-4.089000e+00 
-4.089000e+00 
-4.089000e+00 
-4.087000e+00 
-4.084000e+00 
-4.081000e+00 
-4.077000e+00 
-4.071000e+00 
-4.065000e+00 
-4.057000e+00 
-4.049000e+00 
-4.039000e+00 
-4.029000e+00 
-4.018000e+00 
-4.006000e+00 
-3.993000e+00 
-3.980000e+00 
-3.966000e+00 
-3.951000e+00 
-3.937000e+00 
-3.921000e+00 
-3.905000e+00 
-3.889000e+00 
-3.871000e+00 
-3.853000e+00 
-3.833000e+00 
-3.813000e+00 
-3.791000e+00 
-3.768000e+00 
-3.744000e+00 
-3.718000e+00 
-3.691000e+00 
-3.664000e+00 
-3.635000e+00 
-3.605000e+00 
-3.574000e+00 
-3.543000e+00 
-3.512000e+00 
-3.480000e+00 
-3.448000e+00 
-3.416000e+00 
-3.384000e+00 
-3.353000e+00 
-3.322000e+00 
-3.292000e+00 
-3.263000e+00 
-3.236000e+00 
-3.210000e+00 
-3.185000e+00 
-3.162000e+00 
-3.140000e+00 
-3.118000e+00 
-3.098000e+00 
-3.077000e+00 
-3.057000e+00 
-3.038000e+00 
-3.019000e+00 
-3 
-2.981000e+00 
-2.962000e+00 
-2.943000e+00 
-2.924000e+00 
-2.905000e+00 
-2.885000e+00 
-2.864000e+00 
-2.843000e+00 
-2.822000e+00 
-2.799000e+00 
-2.776000e+00 
-2.753000e+00 
-2.730000e+00 
-2.706000e+00 
-2.683000e+00 
-2.660000e+00 
-2.637000e+00 
-2.615000e+00 
-2.594000e+00 
-2.573000e+00 
-2.552000e+00 
-2.531000e+00 
-2.511000e+00 
-2.490000e+00 
-2.470000e+00 
-2.451000e+00 
-2.431000e+00 
-2.412000e+00 
-2.392000e+00 
-2.373000e+00 
-2.353000e+00 
-2.334000e+00 
-2.315000e+00 
-2.295000e+00 
-2.276000e+00 
-2.257000e+00 
-2.237000e+00 
-2.218000e+00 
-2.198000e+00 
-2.178000e+00 
-2.158000e+00 
-2.136000e+00 
-2.114000e+00 
-2.091000e+00 
-2.067000e+00 
-2.041000e+00 
-2.014000e+00 
-1.985000e+00 
-1.954000e+00 
-1.923000e+00 
-1.889000e+00 
-1.855000e+00 
-1.819000e+00 
-1.781000e+00 
-1.743000e+00 
-1.703000e+00 
-1.663000e+00 
-1.622000e+00 
-1.579000e+00 
-1.537000e+00 
-1.494000e+00 
-1.451000e+00 
-1.407000e+00 
-1.364000e+00 
-1.321000e+00 
-1.279000e+00 
-1.237000e+00 
-1.197000e+00 
-1.158000e+00 
-1.120000e+00 
-1.083000e+00 
-1.048000e+00 
-1.014000e+00 
-9.810000e-01 
-9.490000e-01 
-9.190000e-01 
-8.900000e-01 
-8.620000e-01 
-8.350000e-01 
-8.090000e-01 
-7.840000e-01 
-7.590000e-01 
-7.340000e-01 
-7.090000e-01 
-6.840000e-01 
-6.580000e-01 
-6.310000e-01 
-6.040000e-01 
-5.760000e-01 
-5.480000e-01 
-5.180000e-01 
-4.880000e-01 
-4.570000e-01 
-4.260000e-01 
-3.950000e-01 
-3.630000e-01 
-3.310000e-01 
-2.990000e-01 
-2.680000e-01 
-2.360000e-01 
-2.050000e-01 
-1.740000e-01 
-1.440000e-01 
-1.140000e-01 
-8.400000e-02 
-5.500000e-02 
-2.500000e-02 
4.000000e-03 
3.200000e-02 
6.000000e-02 
8.800000e-02 
1.160000e-01 
1.420000e-01 
1.690000e-01 
1.940000e-01 
2.190000e-01 
2.430000e-01 
2.670000e-01 
2.890000e-01 
3.110000e-01 
3.330000e-01 
3.530000e-01 
3.730000e-01 
3.930000e-01 
4.120000e-01 
4.310000e-01 
4.500000e-01 
4.690000e-01 
4.880000e-01 
5.070000e-01 
5.260000e-01 
5.460000e-01 
5.660000e-01 
5.870000e-01 
6.080000e-01 
6.290000e-01 
6.520000e-01 
6.750000e-01 
7.000000e-01 
7.250000e-01 
7.510000e-01 
7.770000e-01 
8.050000e-01 
8.330000e-01 
8.620000e-01 
8.920000e-01 
9.230000e-01 
9.540000e-01 
9.860000e-01 
1.018000e+00 
1.051000e+00 
1.083000e+00 
1.116000e+00 
1.148000e+00 
1.181000e+00 
1.212000e+00 
1.244000e+00 
1.275000e+00 
1.305000e+00 
1.334000e+00 
1.362000e+00 
1.389000e+00 
1.414000e+00 
1.438000e+00 
1.461000e+00 
1.482000e+00 
1.501000e+00 
1.518000e+00 
1.534000e+00 
1.549000e+00 
1.562000e+00 
1.573000e+00 
1.583000e+00 
1.591000e+00 
1.598000e+00 
1.604000e+00 
1.609000e+00 
1.613000e+00 
1.615000e+00 
1.617000e+00 
1.617000e+00 
1.617000e+00 
1.616000e+00 
1.615000e+00 
1.612000e+00 
1.610000e+00 
1.606000e+00 
1.602000e+00 
1.598000e+00 
1.594000e+00 
1.589000e+00 
1.583000e+00 
1.577000e+00 
1.571000e+00 
1.565000e+00 
1.558000e+00 
1.551000e+00 
1.543000e+00 
1.536000e+00 
1.528000e+00 
1.519000e+00 
1.510000e+00 
1.501000e+00 
1.492000e+00 
1.483000e+00 
1.473000e+00 
1.463000e+00 
1.454000e+00 
1.445000e+00 
1.436000e+00 
1.427000e+00 
1.418000e+00 
1.410000e+00 
1.401000e+00 
1.392000e+00 
1.383000e+00 
1.374000e+00 
1.365000e+00 
1.355000e+00 
1.345000e+00 
1.336000e+00 
1.326000e+00 
1.316000e+00 
1.306000e+00 
1.297000e+00 
1.287000e+00 
1.278000e+00 
1.269000e+00 
1.261000e+00 
1.254000e+00 
1.247000e+00 
1.242000e+00 
1.237000e+00 
1.234000e+00 
1.232000e+00 
1.231000e+00 
1.231000e+00 
1.233000e+00 
1.235000e+00 
1.239000e+00 
1.244000e+00 
1.250000e+00 
1.257000e+00 
1.266000e+00 
1.275000e+00 
1.285000e+00 
1.296000e+00 
1.306000e+00 
1.317000e+00 
1.328000e+00 
1.338000e+00 
1.347000e+00 
1.356000e+00 
1.363000e+00 
1.370000e+00 
1.375000e+00 
1.379000e+00 
1.382000e+00 
1.384000e+00 
1.385000e+00 
1.385000e+00 
1.383000e+00 
1.381000e+00 
1.378000e+00 
1.373000e+00 
1.368000e+00 
1.363000e+00 
1.357000e+00 
1.350000e+00 
1.343000e+00 
1.335000e+00 
1.328000e+00 
1.320000e+00 
1.312000e+00 
1.304000e+00 
1.295000e+00 
1.286000e+00 
1.278000e+00 
1.268000e+00 
1.259000e+00 
1.249000e+00 
1.238000e+00 
1.226000e+00 
1.214000e+00 
1.200000e+00 
1.186000e+00 
1.171000e+00 
1.156000e+00 
1.139000e+00 
1.121000e+00 
1.102000e+00 
1.081000e+00 
1.059000e+00 
1.036000e+00 
1.011000e+00 
9.850000e-01 
9.590000e-01 
9.310000e-01 
9.020000e-01 
8.730000e-01 
8.440000e-01 
8.140000e-01 
7.850000e-01 
7.550000e-01 
7.260000e-01 
6.970000e-01 
6.690000e-01 
6.420000e-01 
6.150000e-01 
5.890000e-01 
5.640000e-01 
5.400000e-01 
5.170000e-01 
4.950000e-01 
4.740000e-01 
4.540000e-01 
4.340000e-01 
4.150000e-01 
3.970000e-01 
3.790000e-01 
3.610000e-01 
3.430000e-01 
3.260000e-01 
3.100000e-01 
2.940000e-01 
2.790000e-01 
2.640000e-01 
2.500000e-01 
2.370000e-01 
2.250000e-01 
2.130000e-01 
2.020000e-01 
1.920000e-01 
1.830000e-01 
1.740000e-01 
1.660000e-01 
1.590000e-01 
1.520000e-01 
1.470000e-01 
1.420000e-01 
1.390000e-01 
1.370000e-01 
1.350000e-01 
1.340000e-01 
1.340000e-01 
1.340000e-01 
1.360000e-01 
1.380000e-01 
1.410000e-01 
1.450000e-01 
1.500000e-01 
1.550000e-01 
1.610000e-01 
1.670000e-01 
1.720000e-01 
1.770000e-01 
1.820000e-01 
1.860000e-01 
1.880000e-01 
1.900000e-01 
1.910000e-01 
1.900000e-01 
1.880000e-01 
1.850000e-01 
1.800000e-01 
1.750000e-01 
1.690000e-01 
1.630000e-01 
1.560000e-01 
1.490000e-01 
1.420000e-01 
1.350000e-01 
1.290000e-01 
1.230000e-01 
1.180000e-01 
1.130000e-01 
1.090000e-01 
1.060000e-01 
1.030000e-01 
1.010000e-01 
1.000000e-01 
1.000000e-01 
1.000000e-01 
1.010000e-01 
1.020000e-01 
1.040000e-01 
1.070000e-01 
1.100000e-01 
1.130000e-01 
1.160000e-01 
1.190000e-01 
1.230000e-01 
1.260000e-01 
1.290000e-01 
1.320000e-01 
1.350000e-01 
1.380000e-01 
1.410000e-01 
1.450000e-01 
1.480000e-01 
1.520000e-01 
1.570000e-01 
1.620000e-01 
1.670000e-01 
1.720000e-01 
1.790000e-01 
1.850000e-01 
1.930000e-01 
2.010000e-01 
2.090000e-01 
2.190000e-01 
2.290000e-01 
2.400000e-01 
2.510000e-01 
2.620000e-01 
2.730000e-01 
2.850000e-01 
2.960000e-01 
3.060000e-01 
3.150000e-01 
3.240000e-01 
3.320000e-01 
3.390000e-01 
3.450000e-01 
3.500000e-01 
3.540000e-01 
3.570000e-01 
3.590000e-01 
3.600000e-01 
3.610000e-01 
3.610000e-01 
3.600000e-01 
3.590000e-01 
3.580000e-01 
3.570000e-01 
3.560000e-01 
3.550000e-01 
3.540000e-01 
3.540000e-01 
3.560000e-01 
3.580000e-01 
3.610000e-01 
3.660000e-01 
3.710000e-01 
3.770000e-01 
3.850000e-01 
3.940000e-01 
4.030000e-01 
4.140000e-01 
4.260000e-01 
4.390000e-01 
4.530000e-01 
4.680000e-01 
4.840000e-01 
5.010000e-01 
5.180000e-01 
5.360000e-01 
5.550000e-01 
5.750000e-01 
5.940000e-01 
6.140000e-01 
6.340000e-01 
6.540000e-01 
6.730000e-01 
6.920000e-01 
7.100000e-01 
7.270000e-01 
7.440000e-01 
7.590000e-01 
7.740000e-01 
7.880000e-01 
8.000000e-01 
8.120000e-01 
8.230000e-01 
8.330000e-01 
8.420000e-01 
8.500000e-01 
8.570000e-01 
8.640000e-01 
8.690000e-01 
8.730000e-01 
8.770000e-01 
8.790000e-01 
8.810000e-01 
8.810000e-01 
8.810000e-01 
8.800000e-01 
8.780000e-01 
8.750000e-01 
8.720000e-01 
8.680000e-01 
8.630000e-01 
8.570000e-01 
8.500000e-01 
8.410000e-01 
8.320000e-01 
8.220000e-01 
8.100000e-01 
7.980000e-01 
7.850000e-01 
7.710000e-01 
7.560000e-01 
7.400000e-01 
7.240000e-01 
7.070000e-01 
6.900000e-01 
6.720000e-01 
6.550000e-01 
6.360000e-01 
6.170000e-01 
5.980000e-01 
5.790000e-01 
5.590000e-01 
5.380000e-01 
5.170000e-01 
4.950000e-01 
4.730000e-01 
4.500000e-01 
4.270000e-01 
4.030000e-01 
3.790000e-01 
3.550000e-01 
3.310000e-01 
3.070000e-01 
2.830000e-01 
2.590000e-01 
2.350000e-01 
2.120000e-01 
1.880000e-01 
1.640000e-01 
1.400000e-01 
1.150000e-01 
8.900000e-02 
6.200000e-02 
3.400000e-02 
7.000000e-03 
-2.200000e-02 
-5.000000e-02 
-7.900000e-02 
-1.070000e-01 
-1.340000e-01 
-1.620000e-01 
-1.880000e-01 
-2.140000e-01 
-2.400000e-01 
-2.660000e-01 
-2.920000e-01 
-3.180000e-01 
-3.440000e-01 
-3.700000e-01 
-3.960000e-01 
-4.220000e-01 
-4.480000e-01 
-4.750000e-01 
-5.010000e-01 
-5.270000e-01 
-5.530000e-01 
-5.790000e-01 
-6.060000e-01 
-6.330000e-01 
-6.610000e-01 
-6.890000e-01 
-7.190000e-01 
-7.490000e-01 
-7.790000e-01 
-8.100000e-01 
-8.400000e-01 
-8.710000e-01 
-9.020000e-01 
-9.330000e-01 
-9.620000e-01 
-9.920000e-01 
-1.020000e+00 
-1.047000e+00 
-1.074000e+00 
-1.099000e+00 
-1.124000e+00 
-1.148000e+00 
-1.171000e+00 
-1.193000e+00 
-1.214000e+00 
-1.235000e+00 
-1.256000e+00 
-1.276000e+00 
-1.295000e+00 
-1.314000e+00 
-1.332000e+00 
-1.350000e+00 
-1.367000e+00 
-1.383000e+00 
-1.398000e+00 
-1.413000e+00 
-1.427000e+00 
-1.441000e+00 
-1.454000e+00 
-1.468000e+00 
-1.481000e+00 
-1.494000e+00 
-1.507000e+00 
-1.519000e+00 
-1.530000e+00 
-1.541000e+00 
-1.551000e+00 
-1.561000e+00 
-1.569000e+00 
-1.576000e+00 
-1.581000e+00 
-1.585000e+00 
-1.588000e+00 
-1.589000e+00 
-1.589000e+00 
-1.587000e+00 
-1.585000e+00 
-1.581000e+00 
-1.576000e+00 
-1.569000e+00 
-1.562000e+00 
-1.554000e+00 
-1.545000e+00 
-1.535000e+00 
-1.524000e+00 
-1.513000e+00 
-1.501000e+00 
-1.488000e+00 
-1.475000e+00 
-1.462000e+00 
-1.449000e+00 
-1.435000e+00 
-1.420000e+00 
-1.406000e+00 
-1.390000e+00 
-1.375000e+00 
-1.359000e+00 
-1.342000e+00 
-1.326000e+00 
-1.309000e+00 
-1.291000e+00 
-1.274000e+00 
-1.256000e+00 
-1.239000e+00 
-1.222000e+00 
-1.205000e+00 
-1.189000e+00 
-1.173000e+00 
-1.157000e+00 
-1.142000e+00 
-1.127000e+00 
-1.113000e+00 
-1.099000e+00 
-1.086000e+00 
-1.074000e+00 
-1.062000e+00 
-1.051000e+00 
-1.041000e+00 
-1.033000e+00 
-1.025000e+00 
-1.018000e+00 
-1.013000e+00 
-1.008000e+00 
-1.004000e+00 
-1.001000e+00 
-9.980000e-01 
-9.970000e-01 
-9.950000e-01 
-9.950000e-01 
-9.950000e-01 
-9.950000e-01 
-9.960000e-01 
-9.970000e-01 
-9.980000e-01 
-9.990000e-01 
-1 
-1 
-9.990000e-01 
-9.980000e-01 
-9.960000e-01 
-9.930000e-01 
-9.890000e-01 
-9.850000e-01 
-9.800000e-01 
-9.760000e-01 
-9.710000e-01 
-9.660000e-01 
-9.620000e-01 
-9.570000e-01 
-9.530000e-01 
-9.500000e-01 
-9.460000e-01 
-9.430000e-01 
-9.400000e-01 
-9.370000e-01 
-9.330000e-01 
-9.300000e-01 
-9.260000e-01 
-9.210000e-01 
-9.150000e-01 
-9.090000e-01 
-9.020000e-01 
-8.940000e-01 
-8.850000e-01 
-8.760000e-01 
-8.640000e-01 
-8.520000e-01 
-8.390000e-01 
-8.240000e-01 
-8.080000e-01 
-7.900000e-01 
-7.710000e-01 
-7.500000e-01 
-7.280000e-01 
-7.050000e-01 
-6.800000e-01 
-6.550000e-01 
-6.290000e-01 
-6.020000e-01 
-5.750000e-01 
-5.470000e-01 
-5.200000e-01 
-4.930000e-01 
-4.660000e-01 
-4.390000e-01 
-4.130000e-01 
-3.870000e-01 
-3.620000e-01 
-3.370000e-01 
-3.130000e-01 
-2.900000e-01 
-2.670000e-01 
-2.460000e-01 
-2.250000e-01 
-2.050000e-01 
-1.860000e-01 
-1.670000e-01 
-1.500000e-01 
-1.330000e-01 
-1.170000e-01 
-1.020000e-01 
-8.700000e-02 
-7.300000e-02 
-5.900000e-02 
-4.600000e-02 
-3.400000e-02 
-2.300000e-02 
-1.200000e-02 
-3.000000e-03 
6.000000e-03 
1.400000e-02 
2.000000e-02 
2.600000e-02 
3.100000e-02 
3.500000e-02 
3.900000e-02 
4.100000e-02 
4.300000e-02 
4.400000e-02 
4.400000e-02 
4.400000e-02 
4.300000e-02 
4.300000e-02 
4.100000e-02 
4.000000e-02 
3.800000e-02 
3.500000e-02 
3.200000e-02 
3.000000e-02 
2.700000e-02 
2.300000e-02 
2.000000e-02 
1.700000e-02 
1.400000e-02 
1.000000e-02 
7.000000e-03 
5.000000e-03 
2.000000e-03 
0 
-1.000000e-03 
-3.000000e-03 
-4.000000e-03 
-4.000000e-03 
-4.000000e-03 
-4.000000e-03 
-4.000000e-03 
-3.000000e-03 
-1.000000e-03 
1.000000e-03 
3.000000e-03 
6.000000e-03 
1.000000e-02 
1.500000e-02 
2.000000e-02 
2.700000e-02 
3.600000e-02 
4.500000e-02 
5.500000e-02 
6.700000e-02 
7.900000e-02 
9.300000e-02 
1.070000e-01 
1.220000e-01 
1.370000e-01 
1.530000e-01 
1.690000e-01 
1.870000e-01 
2.050000e-01 
2.240000e-01 
2.440000e-01 
2.650000e-01 
2.870000e-01 
3.100000e-01 
3.340000e-01 
3.590000e-01 
3.850000e-01 
4.110000e-01 
4.380000e-01 
4.650000e-01 
4.920000e-01 
5.190000e-01 
5.460000e-01 
5.730000e-01 
6.010000e-01 
6.280000e-01 
6.550000e-01 
6.830000e-01 
7.110000e-01 
7.380000e-01 
7.660000e-01 
7.930000e-01 
8.210000e-01 
8.480000e-01 
8.750000e-01 
9.020000e-01 
9.280000e-01 
9.540000e-01 
9.800000e-01 
1.005000e+00 
1.030000e+00 
1.054000e+00 
1.078000e+00 
1.101000e+00 
1.124000e+00 
1.146000e+00 
1.167000e+00 
1.188000e+00 
1.209000e+00 
1.228000e+00 
1.247000e+00 
1.265000e+00 
1.282000e+00 
1.298000e+00 
1.314000e+00 
1.329000e+00 
1.343000e+00 
1.356000e+00 
1.368000e+00 
1.380000e+00 
1.391000e+00 
1.402000e+00 
1.413000e+00 
1.423000e+00 
1.433000e+00 
1.442000e+00 
1.452000e+00 
1.461000e+00 
1.469000e+00 
1.478000e+00 
1.487000e+00 
1.495000e+00 
1.503000e+00 
1.510000e+00 
1.517000e+00 
1.523000e+00 
1.529000e+00 
1.534000e+00 
1.537000e+00 
1.540000e+00 
1.541000e+00 
1.540000e+00 
1.538000e+00 
1.533000e+00 
1.527000e+00 
1.520000e+00 
1.510000e+00 
1.498000e+00 
1.485000e+00 
1.470000e+00 
1.453000e+00 
1.435000e+00 
1.416000e+00 
1.396000e+00 
1.375000e+00 
1.353000e+00 
1.332000e+00 
1.309000e+00 
1.288000e+00 
1.266000e+00 
1.244000e+00 
1.223000e+00 
1.203000e+00 
1.184000e+00 
1.166000e+00 
1.148000e+00 
1.131000e+00 
1.116000e+00 
1.101000e+00 
1.087000e+00 
1.074000e+00 
1.062000e+00 
1.050000e+00 
1.039000e+00 
1.028000e+00 
1.018000e+00 
1.009000e+00 
9.990000e-01 
9.900000e-01 
9.810000e-01 
9.720000e-01 
9.620000e-01 
9.520000e-01 
9.410000e-01 
9.300000e-01 
9.180000e-01 
9.060000e-01 
8.930000e-01 
8.790000e-01 
8.640000e-01 
8.490000e-01 
8.340000e-01 
8.180000e-01 
8.010000e-01 
7.840000e-01 
7.660000e-01 
7.480000e-01 
7.290000e-01 
7.090000e-01 
6.890000e-01 
6.690000e-01 
6.490000e-01 
6.280000e-01 
6.070000e-01 
5.860000e-01 
5.650000e-01 
5.440000e-01 
5.220000e-01 
5.000000e-01 
4.780000e-01 
4.560000e-01 
4.340000e-01 
4.120000e-01 
3.910000e-01 
3.690000e-01 
3.480000e-01 
3.270000e-01 
3.070000e-01 
2.870000e-01 
2.680000e-01 
2.490000e-01 
2.310000e-01 
2.130000e-01 
1.960000e-01 
1.790000e-01 
1.620000e-01 
1.460000e-01 
1.310000e-01 
1.160000e-01 
1.010000e-01 
8.700000e-02 
7.300000e-02 
5.900000e-02 
4.600000e-02 
3.300000e-02 
2.000000e-02 
7.000000e-03 
-5.000000e-03 
-1.800000e-02 
-3.000000e-02 
-4.300000e-02 
-5.600000e-02 
-6.800000e-02 
-8.100000e-02 
-9.300000e-02 
-1.050000e-01 
-1.170000e-01 
-1.290000e-01 
-1.400000e-01 
-1.510000e-01 
-1.620000e-01 
-1.730000e-01 
-1.840000e-01 
-1.950000e-01 
-2.060000e-01 
-2.170000e-01 
-2.280000e-01 
-2.380000e-01 
-2.490000e-01 
-2.590000e-01 
-2.690000e-01 
-2.790000e-01 
-2.870000e-01 
-2.960000e-01 
-3.030000e-01 
-3.100000e-01 
-3.160000e-01 
-3.220000e-01 
-3.270000e-01 
-3.330000e-01 
-3.370000e-01 
-3.420000e-01 
-3.460000e-01 
-3.500000e-01 
-3.540000e-01 
-3.570000e-01 
-3.610000e-01 
-3.640000e-01 
-3.670000e-01 
-3.700000e-01 
-3.730000e-01 
-3.750000e-01 
-3.770000e-01 
-3.790000e-01 
-3.800000e-01 
-3.810000e-01 
-3.820000e-01 
-3.820000e-01 
-3.820000e-01 
-3.820000e-01 
-3.820000e-01 
-3.810000e-01 
-3.800000e-01 
-3.780000e-01 
-3.760000e-01 
-3.740000e-01 
-3.710000e-01 
-3.680000e-01 
-3.640000e-01 
-3.600000e-01 
-3.550000e-01 
-3.510000e-01 
-3.460000e-01 
-3.420000e-01 
-3.380000e-01 
-3.340000e-01 
-3.310000e-01 
-3.270000e-01 
-3.240000e-01 
-3.220000e-01 
-3.190000e-01 
-3.160000e-01 
-3.130000e-01 
-3.100000e-01 
-3.070000e-01 
-3.040000e-01 
-3.000000e-01 
-2.960000e-01 
-2.920000e-01 
-2.870000e-01 
-2.820000e-01 
-2.770000e-01 
-2.710000e-01 
-2.650000e-01 
-2.590000e-01 
-2.520000e-01 
-2.440000e-01 
-2.360000e-01 
-2.280000e-01 
-2.190000e-01 
-2.090000e-01 
-2.000000e-01 
-1.900000e-01 
-1.800000e-01 
-1.690000e-01 
-1.590000e-01 
-1.490000e-01 
-1.380000e-01 
-1.280000e-01 
-1.180000e-01 
-1.080000e-01 
-9.800000e-02 
-8.800000e-02 
-7.900000e-02 
-6.900000e-02 
-6.000000e-02 
-5.100000e-02 
-4.200000e-02 
-3.300000e-02 
-2.500000e-02 
-1.600000e-02 
-8.000000e-03 
1.000000e-03 
9.000000e-03 
1.800000e-02 
2.700000e-02 
3.600000e-02 
4.600000e-02 
5.500000e-02 
6.500000e-02 
7.600000e-02 
8.700000e-02 
9.800000e-02 
1.090000e-01 
1.200000e-01 
1.320000e-01 
1.430000e-01 
1.540000e-01 
1.650000e-01 
1.750000e-01 
1.840000e-01 
1.930000e-01 
2.010000e-01 
2.080000e-01 
2.140000e-01 
2.190000e-01 
2.220000e-01 
2.250000e-01 
2.260000e-01 
2.270000e-01 
2.270000e-01 
2.270000e-01 
2.260000e-01 
2.240000e-01 
2.230000e-01 
2.210000e-01 
2.190000e-01 
2.170000e-01 
2.150000e-01 
2.130000e-01 
2.120000e-01 
2.100000e-01 
2.090000e-01 
2.090000e-01 
2.090000e-01 
2.100000e-01 
2.110000e-01 
2.130000e-01 
2.150000e-01 
2.180000e-01 
2.200000e-01 
2.230000e-01 
2.260000e-01 
2.290000e-01 
2.320000e-01 
2.340000e-01 
2.360000e-01 
2.380000e-01 
2.400000e-01 
2.410000e-01 
2.420000e-01 
2.430000e-01 
2.430000e-01 
2.430000e-01 
2.430000e-01 
2.420000e-01 
2.420000e-01 
2.410000e-01 
2.390000e-01 
2.380000e-01 
2.360000e-01 
2.340000e-01 
2.320000e-01 
2.290000e-01 
2.270000e-01 
2.240000e-01 
2.210000e-01 
2.180000e-01 
2.140000e-01 
2.100000e-01 
2.060000e-01 
2.010000e-01 
1.950000e-01 
1.890000e-01 
1.830000e-01 
1.750000e-01 
1.670000e-01 
1.590000e-01 
1.490000e-01 
1.400000e-01 
1.290000e-01 
1.180000e-01 
1.060000e-01 
9.400000e-02 
8.100000e-02 
6.800000e-02 
5.500000e-02 
4.100000e-02 
2.700000e-02 
1.300000e-02 
-1.000000e-03 
-1.400000e-02 
-2.800000e-02 
-4.100000e-02 
-5.400000e-02 
-6.600000e-02 
-7.900000e-02 
-9.100000e-02 
-1.020000e-01 
-1.140000e-01 
-1.250000e-01 
-1.370000e-01 
-1.470000e-01 
-1.580000e-01 
-1.680000e-01 
-1.780000e-01 
-1.870000e-01 
-1.970000e-01 
-2.050000e-01 
-2.130000e-01 
-2.220000e-01 
-2.300000e-01 
-2.380000e-01 
-2.450000e-01 
-2.540000e-01 
-2.620000e-01 
-2.700000e-01 
-2.790000e-01 
-2.880000e-01 
-2.970000e-01 
-3.060000e-01 
-3.160000e-01 
-3.260000e-01 
-3.360000e-01 
-3.460000e-01 
-3.570000e-01 
-3.670000e-01 
-3.780000e-01 
-3.880000e-01 
-3.990000e-01 
-4.100000e-01 
-4.210000e-01 
-4.310000e-01 
-4.420000e-01 
-4.520000e-01 
-4.630000e-01 
-4.730000e-01 
-4.830000e-01 
-4.930000e-01 
-5.030000e-01 
-5.140000e-01 
-5.240000e-01 
-5.350000e-01 
-5.450000e-01 
-5.560000e-01 
-5.670000e-01 
-5.780000e-01 
-5.900000e-01 
-6.020000e-01 
-6.140000e-01 
-6.270000e-01 
-6.400000e-01 
-6.540000e-01 
-6.690000e-01 
-6.840000e-01 
-6.990000e-01 
-7.150000e-01 
-7.320000e-01 
-7.500000e-01 
-7.680000e-01 
-7.860000e-01 
-8.060000e-01 
-8.260000e-01 
-8.460000e-01 
-8.680000e-01 
-8.900000e-01 
-9.120000e-01 
-9.360000e-01 
-9.600000e-01 
-9.840000e-01 
-1.009000e+00 
-1.034000e+00 
-1.059000e+00 
-1.085000e+00 
-1.110000e+00 
-1.137000e+00 
-1.163000e+00 
-1.189000e+00 
-1.215000e+00 
-1.242000e+00 
-1.269000e+00 
-1.296000e+00 
-1.323000e+00 
-1.349000e+00 
-1.376000e+00 
-1.403000e+00 
-1.430000e+00 
-1.456000e+00 
-1.482000e+00 
-1.507000e+00 
-1.533000e+00 
-1.557000e+00 
-1.582000e+00 
-1.607000e+00 
-1.631000e+00 
-1.656000e+00 
-1.680000e+00 
-1.705000e+00 
-1.729000e+00 
-1.753000e+00 
-1.778000e+00 
-1.802000e+00 
-1.826000e+00 
-1.850000e+00 
-1.874000e+00 
-1.898000e+00 
-1.922000e+00 
-1.944000e+00 
-1.967000e+00 
-1.989000e+00 
-2.010000e+00 
-2.030000e+00 
-2.049000e+00 
-2.067000e+00 
-2.084000e+00 
-2.100000e+00 
-2.114000e+00 
-2.126000e+00 
-2.137000e+00 
-2.146000e+00 
-2.152000e+00 
-2.158000e+00 
-2.161000e+00 
-2.162000e+00 
-2.161000e+00 
-2.158000e+00 
-2.154000e+00 
-2.147000e+00 
-2.139000e+00 
-2.129000e+00 
-2.118000e+00 
-2.106000e+00 
-2.092000e+00 
-2.077000e+00 
-2.060000e+00 
-2.043000e+00 
-2.024000e+00 
-2.005000e+00 
-1.985000e+00 
-1.964000e+00 
-1.942000e+00 
-1.919000e+00 
-1.895000e+00 
-1.870000e+00 
-1.844000e+00 
-1.818000e+00 
-1.791000e+00 
-1.762000e+00 
-1.732000e+00 
-1.702000e+00 
-1.669000e+00 
-1.636000e+00 
-1.602000e+00 
-1.566000e+00 
-1.528000e+00 
-1.489000e+00 
-1.449000e+00 
-1.408000e+00 
-1.366000e+00 
-1.323000e+00 
-1.280000e+00 
-1.236000e+00 
-1.192000e+00 
-1.147000e+00 
-1.102000e+00 
-1.057000e+00 
-1.011000e+00 
-9.660000e-01 
-9.200000e-01 
-8.750000e-01 
-8.290000e-01 
-7.830000e-01 
-7.380000e-01 
-6.920000e-01 
-6.470000e-01 
-6.020000e-01 
-5.580000e-01 
-5.130000e-01 
-4.690000e-01 
-4.250000e-01 
-3.810000e-01 
-3.370000e-01 
-2.930000e-01 
-2.480000e-01 
-2.040000e-01 
-1.600000e-01 
-1.150000e-01 
-7.100000e-02 
-2.600000e-02 
1.800000e-02 
6.300000e-02 
1.070000e-01 
1.510000e-01 
1.940000e-01 
2.370000e-01 
2.800000e-01 
3.220000e-01 
3.630000e-01 
4.030000e-01 
4.430000e-01 
4.820000e-01 
5.200000e-01 
5.570000e-01 
5.930000e-01 
6.280000e-01 
6.620000e-01 
6.950000e-01 
7.270000e-01 
7.580000e-01 
7.880000e-01 
8.170000e-01 
8.450000e-01 
8.730000e-01 
9.000000e-01 
9.260000e-01 
9.530000e-01 
9.790000e-01 
1.005000e+00 
1.031000e+00 
1.056000e+00 
1.083000e+00 
1.109000e+00 
1.135000e+00 
1.162000e+00 
1.189000e+00 
1.216000e+00 
1.243000e+00 
1.271000e+00 
1.298000e+00 
1.325000e+00 
1.353000e+00 
1.380000e+00 
1.408000e+00 
1.435000e+00 
1.462000e+00 
1.489000e+00 
1.516000e+00 
1.543000e+00 
1.569000e+00 
1.594000e+00 
1.619000e+00 
1.643000e+00 
1.667000e+00 
1.690000e+00 
1.712000e+00 
1.733000e+00 
1.754000e+00 
1.774000e+00 
1.793000e+00 
1.812000e+00 
1.830000e+00 
1.848000e+00 
1.865000e+00 
1.882000e+00 
1.898000e+00 
1.913000e+00 
1.928000e+00 
1.942000e+00 
1.956000e+00 
1.969000e+00 
1.982000e+00 
1.994000e+00 
2.006000e+00 
2.017000e+00 
2.027000e+00 
2.037000e+00 
2.047000e+00 
2.056000e+00 
2.064000e+00 
2.072000e+00 
2.079000e+00 
2.086000e+00 
2.091000e+00 
2.096000e+00 
2.100000e+00 
2.104000e+00 
2.106000e+00 
2.108000e+00 
2.109000e+00 
2.110000e+00 
2.109000e+00 
2.108000e+00 
2.106000e+00 
2.103000e+00 
2.099000e+00 
2.095000e+00 
2.091000e+00 
2.086000e+00 
2.080000e+00 
2.073000e+00 
2.066000e+00 
2.058000e+00 
2.049000e+00 
2.040000e+00 
2.029000e+00 
2.017000e+00 
2.004000e+00 
1.991000e+00 
1.976000e+00 
1.961000e+00 
1.945000e+00 
1.928000e+00 
1.911000e+00 
1.893000e+00 
1.874000e+00 
1.855000e+00 
1.836000e+00 
1.816000e+00 
1.795000e+00 
1.773000e+00 
1.751000e+00 
1.729000e+00 
1.705000e+00 
1.681000e+00 
1.657000e+00 
1.633000e+00 
1.608000e+00 
1.583000e+00 
1.558000e+00 
1.531000e+00 
1.505000e+00 
1.478000e+00 
1.452000e+00 
1.425000e+00 
1.398000e+00 
1.371000e+00 
1.344000e+00 
1.317000e+00 
1.289000e+00 
1.262000e+00 
1.235000e+00 
1.207000e+00 
1.179000e+00 
1.152000e+00 
1.125000e+00 
1.097000e+00 
1.071000e+00 
1.044000e+00 
1.019000e+00 
9.940000e-01 
9.700000e-01 
9.470000e-01 
9.240000e-01 
9.020000e-01 
8.810000e-01 
8.600000e-01 
8.400000e-01 
8.200000e-01 
8.020000e-01 
7.840000e-01 
7.660000e-01 
7.490000e-01 
7.320000e-01 
7.140000e-01 
6.970000e-01 
6.800000e-01 
6.620000e-01 
6.440000e-01 
6.260000e-01 
6.080000e-01 
5.900000e-01 
5.710000e-01 
5.530000e-01 
5.340000e-01 
5.160000e-01 
4.970000e-01 
4.790000e-01 
4.610000e-01 
4.420000e-01 
4.240000e-01 
4.050000e-01 
3.870000e-01 
3.680000e-01 
3.480000e-01 
3.280000e-01 
3.080000e-01 
2.880000e-01 
2.670000e-01 
2.460000e-01 
2.250000e-01 
2.030000e-01 
1.810000e-01 
1.590000e-01 
1.360000e-01 
1.130000e-01 
9.000000e-02 
6.600000e-02 
4.300000e-02 
1.900000e-02 
-5.000000e-03 
-2.900000e-02 
-5.200000e-02 
-7.600000e-02 
-9.900000e-02 
-1.220000e-01 
-1.450000e-01 
-1.680000e-01 
-1.900000e-01 
-2.120000e-01 
-2.340000e-01 
-2.560000e-01 
-2.780000e-01 
-3.000000e-01 
-3.220000e-01 
-3.440000e-01 
-3.660000e-01 
-3.890000e-01 
-4.110000e-01 
-4.350000e-01 
-4.580000e-01 
-4.820000e-01 
-5.060000e-01 
-5.310000e-01 
-5.550000e-01 
-5.800000e-01 
-6.040000e-01 
-6.290000e-01 
-6.520000e-01 
-6.760000e-01 
-6.980000e-01 
-7.200000e-01 
-7.420000e-01 
-7.620000e-01 
-7.820000e-01 
-8.000000e-01 
-8.190000e-01 
-8.360000e-01 
-8.520000e-01 
-8.680000e-01 
-8.830000e-01 
-8.970000e-01 
-9.100000e-01 
-9.230000e-01 
-9.350000e-01 
-9.470000e-01 
-9.580000e-01 
-9.680000e-01 
-9.780000e-01 
-9.870000e-01 
-9.960000e-01 
-1.003000e+00 
-1.010000e+00 
-1.017000e+00 
-1.023000e+00 
-1.028000e+00 
-1.033000e+00 
-1.037000e+00 
-1.040000e+00 
-1.043000e+00 
-1.046000e+00 
-1.048000e+00 
-1.049000e+00 
-1.050000e+00 
-1.051000e+00 
-1.051000e+00 
-1.051000e+00 
-1.051000e+00 
-1.050000e+00 
-1.048000e+00 
-1.047000e+00 
-1.045000e+00 
-1.043000e+00 
-1.040000e+00 
-1.037000e+00 
-1.033000e+00 
-1.030000e+00 
-1.025000e+00 
-1.021000e+00 
-1.016000e+00 
-1.011000e+00 
-1.005000e+00 
-1 
-9.940000e-01 
-9.880000e-01 
-9.820000e-01 
-9.750000e-01 
-9.690000e-01 
-9.620000e-01 
-9.550000e-01 
-9.480000e-01 
-9.410000e-01 
-9.330000e-01 
-9.260000e-01 
-9.190000e-01 
-9.120000e-01 
-9.060000e-01 
-8.990000e-01 
-8.940000e-01 
-8.880000e-01 
-8.830000e-01 
-8.790000e-01 
-8.750000e-01 
-8.720000e-01 
-8.700000e-01 
-8.680000e-01 
-8.680000e-01 
-8.680000e-01 
-8.690000e-01 
-8.700000e-01 
-8.720000e-01 
-8.750000e-01 
-8.780000e-01 
-8.820000e-01 
-8.850000e-01 
-8.890000e-01 
-8.930000e-01 
-8.970000e-01 
-9.010000e-01 
-9.050000e-01 
-9.090000e-01 
-9.140000e-01 
-9.180000e-01 
-9.210000e-01 
-9.250000e-01 
-9.290000e-01 
-9.320000e-01 
-9.350000e-01 
-9.380000e-01 
-9.410000e-01 
-9.430000e-01 
-9.440000e-01 
-9.450000e-01 
-9.450000e-01 
-9.440000e-01 
-9.430000e-01 
-9.410000e-01 
-9.380000e-01 
-9.340000e-01 
-9.290000e-01 
-9.240000e-01 
-9.170000e-01 
-9.100000e-01 
-9.020000e-01 
-8.920000e-01 
-8.810000e-01 
-8.690000e-01 
-8.570000e-01 
-8.430000e-01 
-8.290000e-01 
-8.130000e-01 
-7.970000e-01 
-7.800000e-01 
-7.620000e-01 
-7.430000e-01 
-7.220000e-01 
-7.010000e-01 
-6.780000e-01 
-6.550000e-01 
-6.300000e-01 
-6.060000e-01 
-5.810000e-01 
-5.550000e-01 
-5.300000e-01 
-5.060000e-01 
-4.810000e-01 
-4.560000e-01 
-4.310000e-01 
-4.060000e-01 
-3.820000e-01 
-3.580000e-01 
-3.350000e-01 
-3.130000e-01 
-2.910000e-01 
-2.700000e-01 
-2.490000e-01 
-2.290000e-01 
-2.090000e-01 
-1.910000e-01 
-1.730000e-01 
-1.550000e-01 
-1.370000e-01 
-1.200000e-01 
-1.030000e-01 
-8.600000e-02 
-7.000000e-02 
-5.400000e-02 
-3.800000e-02 
-2.200000e-02 
-6.000000e-03 
1.000000e-02 
2.600000e-02 
4.200000e-02 
5.800000e-02 
7.400000e-02 
9.000000e-02 
1.060000e-01 
1.220000e-01 
1.380000e-01 
1.530000e-01 
1.690000e-01 
1.830000e-01 
1.980000e-01 
2.120000e-01 
2.250000e-01 
2.380000e-01 
2.510000e-01 
2.630000e-01 
2.750000e-01 
2.860000e-01 
2.980000e-01 
3.090000e-01 
3.200000e-01 
3.310000e-01 
3.420000e-01 
3.520000e-01 
3.620000e-01 
3.710000e-01 
3.800000e-01 
3.890000e-01 
3.970000e-01 
4.050000e-01 
4.130000e-01 
4.200000e-01 
4.270000e-01 
4.340000e-01 
4.410000e-01 
4.470000e-01 
4.540000e-01 
4.590000e-01 
4.650000e-01 
4.700000e-01 
4.750000e-01 
4.800000e-01 
4.840000e-01 
4.890000e-01 
4.930000e-01 
4.970000e-01 
5.020000e-01 
5.060000e-01 
5.110000e-01 
5.160000e-01 
5.210000e-01 
5.260000e-01 
5.310000e-01 
5.360000e-01 
5.400000e-01 
5.450000e-01 
5.490000e-01 
5.530000e-01 
5.580000e-01 
5.610000e-01 
5.650000e-01 
5.690000e-01 
5.720000e-01 
5.760000e-01 
5.780000e-01 
5.810000e-01 
5.820000e-01 
5.840000e-01 
5.850000e-01 
5.850000e-01 
5.850000e-01 
5.850000e-01 
5.840000e-01 
5.830000e-01 
5.830000e-01 
5.820000e-01 
5.810000e-01 
5.810000e-01 
5.810000e-01 
5.820000e-01 
5.830000e-01 
5.850000e-01 
5.870000e-01 
5.890000e-01 
5.920000e-01 
5.950000e-01 
5.990000e-01 
6.030000e-01 
6.080000e-01 
6.130000e-01 
6.180000e-01 
6.230000e-01 
6.280000e-01 
6.320000e-01 
6.370000e-01 
6.420000e-01 
6.460000e-01 
6.510000e-01 
6.560000e-01 
6.610000e-01 
6.660000e-01 
6.720000e-01 
6.780000e-01 
6.840000e-01 
6.900000e-01 
6.970000e-01 
7.050000e-01 
7.120000e-01 
7.200000e-01 
7.280000e-01 
7.360000e-01 
7.450000e-01 
7.530000e-01 
7.620000e-01 
7.710000e-01 
7.800000e-01 
7.880000e-01 
7.970000e-01 
8.050000e-01 
8.140000e-01 
8.220000e-01 
8.300000e-01 
8.380000e-01 
8.460000e-01 
8.530000e-01 
8.600000e-01 
8.670000e-01 
8.730000e-01 
8.790000e-01 
8.850000e-01 
8.900000e-01 
8.940000e-01 
8.980000e-01 
9.010000e-01 
9.040000e-01 
9.070000e-01 
9.090000e-01 
9.100000e-01 
9.120000e-01 
9.130000e-01 
9.140000e-01 
9.140000e-01 
9.150000e-01 
9.160000e-01 
9.180000e-01 
9.200000e-01 
9.220000e-01 
9.240000e-01 
9.280000e-01 
9.310000e-01 
9.350000e-01 
9.390000e-01 
9.430000e-01 
9.480000e-01 
9.540000e-01 
9.600000e-01 
9.650000e-01 
9.720000e-01 
9.780000e-01 
9.840000e-01 
9.890000e-01 
9.940000e-01 
9.990000e-01 
1.002000e+00 
1.005000e+00 
1.007000e+00 
1.009000e+00 
1.010000e+00 
1.010000e+00 
1.009000e+00 
1.009000e+00 
1.008000e+00 
1.007000e+00 
1.006000e+00 
1.005000e+00 
1.005000e+00 
1.004000e+00 
1.003000e+00 
1.003000e+00 
1.002000e+00 
1.001000e+00 
1 
1 
1 
1.001000e+00 
1.002000e+00 
1.003000e+00 
1.005000e+00 
1.005000e+00 
1.005000e+00 
1.004000e+00 
1.002000e+00 
1 
9.970000e-01 
9.930000e-01 
9.890000e-01 
9.840000e-01 
9.780000e-01 
9.710000e-01 
9.630000e-01 
9.540000e-01 
9.430000e-01 
9.320000e-01 
9.190000e-01 
9.060000e-01 
8.920000e-01 
8.780000e-01 
8.630000e-01 
8.470000e-01 
8.310000e-01 
8.130000e-01 
7.940000e-01 
7.740000e-01 
7.530000e-01 
7.320000e-01 
7.090000e-01 
6.860000e-01 
6.630000e-01 
6.390000e-01 
6.150000e-01 
5.900000e-01 
5.650000e-01 
5.390000e-01 
5.130000e-01 
4.870000e-01 
4.600000e-01 
4.320000e-01 
4.040000e-01 
3.750000e-01 
3.460000e-01 
3.180000e-01 
2.890000e-01 
2.620000e-01 
2.350000e-01 
2.080000e-01 
1.830000e-01 
1.570000e-01 
1.310000e-01 
1.050000e-01 
7.900000e-02 
5.200000e-02 
2.500000e-02 
-3.000000e-03 
-3.100000e-02 
-6.000000e-02 
-8.900000e-02 
-1.180000e-01 
-1.470000e-01 
-1.760000e-01 
-2.040000e-01 
-2.310000e-01 
-2.580000e-01 
-2.850000e-01 
-3.110000e-01 
-3.380000e-01 
-3.640000e-01 
-3.900000e-01 
-4.160000e-01 
-4.420000e-01 
-4.680000e-01 
-4.930000e-01 
-5.170000e-01 
-5.400000e-01 
-5.620000e-01 
-5.840000e-01 
-6.050000e-01 
-6.260000e-01 
-6.460000e-01 
-6.660000e-01 
-6.860000e-01 
-7.050000e-01 
-7.250000e-01 
-7.440000e-01 
-7.630000e-01 
-7.820000e-01 
-8.010000e-01 
-8.200000e-01 
-8.390000e-01 
-8.580000e-01 
-8.770000e-01 
-8.960000e-01 
-9.140000e-01 
-9.320000e-01 
-9.490000e-01 
-9.660000e-01 
-9.830000e-01 
-9.990000e-01 
-1.015000e+00 
-1.031000e+00 
-1.046000e+00 
-1.061000e+00 
-1.076000e+00 
-1.092000e+00 
-1.107000e+00 
-1.123000e+00 
-1.139000e+00 
-1.155000e+00 
-1.171000e+00 
-1.187000e+00 
-1.204000e+00 
-1.220000e+00 
-1.237000e+00 
-1.254000e+00 
-1.272000e+00 
-1.290000e+00 
-1.309000e+00 
-1.328000e+00 
-1.347000e+00 
-1.367000e+00 
-1.387000e+00 
-1.407000e+00 
-1.426000e+00 
-1.446000e+00 
-1.465000e+00 
-1.484000e+00 
-1.502000e+00 
-1.520000e+00 
-1.539000e+00 
-1.557000e+00 
-1.576000e+00 
-1.594000e+00 
-1.612000e+00 
-1.630000e+00 
-1.647000e+00 
-1.664000e+00 
-1.681000e+00 
-1.697000e+00 
-1.713000e+00 
-1.729000e+00 
-1.743000e+00 
-1.756000e+00 
-1.769000e+00 
-1.781000e+00 
-1.791000e+00 
-1.801000e+00 
-1.810000e+00 
-1.818000e+00 
-1.825000e+00 
-1.830000e+00 
-1.835000e+00 
-1.838000e+00 
-1.840000e+00 
-1.841000e+00 
-1.842000e+00 
-1.840000e+00 
-1.839000e+00 
-1.836000e+00 
-1.832000e+00 
-1.827000e+00 
-1.822000e+00 
-1.816000e+00 
-1.810000e+00 
-1.803000e+00 
-1.796000e+00 
-1.788000e+00 
-1.780000e+00 
-1.772000e+00 
-1.763000e+00 
-1.755000e+00 
-1.745000e+00 
-1.737000e+00 
-1.727000e+00 
-1.718000e+00 
-1.708000e+00 
-1.698000e+00 
-1.688000e+00 
-1.677000e+00 
-1.666000e+00 
-1.654000e+00 
-1.642000e+00 
-1.629000e+00 
-1.617000e+00 
-1.604000e+00 
-1.590000e+00 
-1.577000e+00 
-1.564000e+00 
-1.550000e+00 
-1.537000e+00 
-1.523000e+00 
-1.509000e+00 
-1.495000e+00 
-1.481000e+00 
-1.466000e+00 
-1.452000e+00 
-1.437000e+00 
-1.422000e+00 
-1.407000e+00 
-1.393000e+00 
-1.378000e+00 
-1.363000e+00 
-1.347000e+00 
-1.332000e+00 
-1.317000e+00 
-1.301000e+00 
-1.286000e+00 
-1.270000e+00 
-1.255000e+00 
-1.240000e+00 
-1.225000e+00 
-1.211000e+00 
-1.197000e+00 
-1.184000e+00 
-1.172000e+00 
-1.160000e+00 
-1.150000e+00 
-1.140000e+00 
-1.132000e+00 
-1.124000e+00 
-1.118000e+00 
-1.112000e+00 
-1.107000e+00 
-1.102000e+00 
-1.099000e+00 
-1.095000e+00 
-1.092000e+00 
-1.089000e+00 
-1.087000e+00 
-1.085000e+00 
-1.082000e+00 
-1.080000e+00 
-1.078000e+00 
-1.075000e+00 
-1.072000e+00 
-1.068000e+00 
-1.064000e+00 
-1.058000e+00 
-1.052000e+00 
-1.044000e+00 
-1.036000e+00 
-1.027000e+00 
-1.018000e+00 
-1.007000e+00 
-9.960000e-01 
-9.830000e-01 
-9.700000e-01 
-9.570000e-01 
-9.420000e-01 
-9.270000e-01 
-9.120000e-01 
-8.950000e-01 
-8.780000e-01 
-8.610000e-01 
-8.430000e-01 
-8.240000e-01 
-8.060000e-01 
-7.860000e-01 
-7.660000e-01 
-7.460000e-01 
-7.250000e-01 
-7.030000e-01 
-6.810000e-01 
-6.570000e-01 
-6.330000e-01 
-6.090000e-01 
-5.830000e-01 
-5.570000e-01 
-5.300000e-01 
-5.030000e-01 
-4.750000e-01 
-4.480000e-01 
-4.200000e-01 
-3.920000e-01 
-3.630000e-01 
-3.340000e-01 
-3.050000e-01 
-2.760000e-01 
-2.460000e-01 
-2.160000e-01 
-1.850000e-01 
-1.540000e-01 
-1.230000e-01 
-9.200000e-02 
-6.100000e-02 
-3.000000e-02 
1.000000e-03 
3.200000e-02 
6.300000e-02 
9.400000e-02 
1.260000e-01 
1.570000e-01 
1.890000e-01 
2.200000e-01 
2.510000e-01 
2.820000e-01 
3.130000e-01 
3.430000e-01 
3.730000e-01 
4.020000e-01 
4.310000e-01 
4.590000e-01 
4.870000e-01 
5.140000e-01 
5.400000e-01 
5.660000e-01 
5.910000e-01 
6.150000e-01 
6.380000e-01 
6.600000e-01 
6.810000e-01 
7.020000e-01 
7.210000e-01 
7.400000e-01 
7.570000e-01 
7.740000e-01 
7.890000e-01 
8.030000e-01 
8.160000e-01 
8.270000e-01 
8.380000e-01 
8.460000e-01 
8.540000e-01 
8.600000e-01 
8.660000e-01 
8.710000e-01 
8.740000e-01 
8.770000e-01 
8.790000e-01 
8.810000e-01 
8.810000e-01 
8.820000e-01 
8.810000e-01 
8.800000e-01 
8.780000e-01 
8.760000e-01 
8.730000e-01 
8.700000e-01 
8.660000e-01 
8.620000e-01 
8.570000e-01 
8.520000e-01 
8.470000e-01 
8.410000e-01 
8.350000e-01 
8.280000e-01 
8.210000e-01 
8.140000e-01 
8.070000e-01 
7.990000e-01 
7.910000e-01 
7.830000e-01 
7.740000e-01 
7.660000e-01 
7.570000e-01 
7.480000e-01 
7.400000e-01 
7.320000e-01 
7.240000e-01 
7.160000e-01 
7.090000e-01 
7.020000e-01 
6.960000e-01 
6.910000e-01 
6.860000e-01 
6.820000e-01 
6.790000e-01 
6.760000e-01 
6.740000e-01 
6.730000e-01 
6.720000e-01 
6.720000e-01 
6.730000e-01 
6.740000e-01 
6.770000e-01 
6.790000e-01 
6.830000e-01 
6.870000e-01 
6.920000e-01 
6.980000e-01 
7.050000e-01 
7.130000e-01 
7.210000e-01 
7.310000e-01 
7.420000e-01 
7.540000e-01 
7.670000e-01 
7.810000e-01 
7.970000e-01 
8.130000e-01 
8.300000e-01 
8.480000e-01 
8.680000e-01 
8.870000e-01 
9.080000e-01 
9.290000e-01 
9.510000e-01 
9.730000e-01 
9.960000e-01 
1.018000e+00 
1.040000e+00 
1.062000e+00 
1.084000e+00 
1.105000e+00 
1.126000e+00 
1.146000e+00 
1.165000e+00 
1.183000e+00 
1.201000e+00 
1.217000e+00 
1.233000e+00 
1.248000e+00 
1.262000e+00 
1.275000e+00 
1.288000e+00 
1.300000e+00 
1.311000e+00 
1.322000e+00 
1.332000e+00 
1.342000e+00 
1.352000e+00 
1.360000e+00 
1.369000e+00 
1.377000e+00 
1.384000e+00 
1.391000e+00 
1.398000e+00 
1.404000e+00 
1.410000e+00 
1.415000e+00 
1.419000e+00 
1.423000e+00 
1.426000e+00 
1.428000e+00 
1.429000e+00 
1.429000e+00 
1.428000e+00 
1.426000e+00 
1.423000e+00 
1.419000e+00 
1.415000e+00 
1.411000e+00 
1.406000e+00 
1.400000e+00 
1.394000e+00 
1.387000e+00 
1.380000e+00 
1.373000e+00 
1.366000e+00 
1.358000e+00 
1.350000e+00 
1.341000e+00 
1.333000e+00 
1.324000e+00 
1.316000e+00 
1.308000e+00 
1.300000e+00 
1.292000e+00 
1.284000e+00 
1.276000e+00 
1.269000e+00 
1.262000e+00 
1.254000e+00 
1.246000e+00 
1.239000e+00 
1.231000e+00 
1.222000e+00 
1.214000e+00 
1.206000e+00 
1.197000e+00 
1.188000e+00 
1.180000e+00 
1.172000e+00 
1.164000e+00 
1.156000e+00 
1.148000e+00 
1.140000e+00 
1.133000e+00 
1.125000e+00 
1.118000e+00 
1.110000e+00 
1.102000e+00 
1.095000e+00 
1.087000e+00 
1.079000e+00 
1.072000e+00 
1.064000e+00 
1.056000e+00 
1.047000e+00 
1.039000e+00 
1.030000e+00 
1.021000e+00 
1.013000e+00 
1.004000e+00 
9.950000e-01 
9.860000e-01 
9.780000e-01 
9.690000e-01 
9.610000e-01 
9.520000e-01 
9.430000e-01 
9.340000e-01 
9.250000e-01 
9.170000e-01 
9.080000e-01 
9.000000e-01 
8.920000e-01 
8.840000e-01 
8.760000e-01 
8.690000e-01 
8.610000e-01 
8.540000e-01 
8.470000e-01 
8.400000e-01 
8.340000e-01 
8.270000e-01 
8.210000e-01 
8.140000e-01 
8.090000e-01 
8.030000e-01 
7.980000e-01 
7.940000e-01 
7.900000e-01 
7.860000e-01 
7.830000e-01 
7.810000e-01 
7.780000e-01 
7.750000e-01 
7.730000e-01 
7.700000e-01 
7.670000e-01 
7.650000e-01 
7.620000e-01 
7.590000e-01 
7.560000e-01 
7.530000e-01 
7.510000e-01 
7.480000e-01 
7.460000e-01 
7.440000e-01 
7.410000e-01 
7.390000e-01 
7.370000e-01 
7.340000e-01 
7.320000e-01 
7.300000e-01 
7.270000e-01 
7.250000e-01 
7.220000e-01 
7.190000e-01 
7.160000e-01 
7.130000e-01 
7.100000e-01 
7.070000e-01 
7.030000e-01 
6.990000e-01 
6.950000e-01 
6.900000e-01 
6.840000e-01 
6.780000e-01 
6.720000e-01 
6.640000e-01 
6.560000e-01 
6.460000e-01 
6.360000e-01 
6.260000e-01 
6.140000e-01 
6.010000e-01 
5.880000e-01 
5.740000e-01 
5.590000e-01 
5.440000e-01 
5.280000e-01 
5.120000e-01 
4.950000e-01 
4.780000e-01 
4.600000e-01 
4.420000e-01 
4.230000e-01 
4.040000e-01 
3.850000e-01 
3.660000e-01 
3.470000e-01 
3.270000e-01 
3.070000e-01 
2.870000e-01 
2.660000e-01 
2.460000e-01 
2.250000e-01 
2.040000e-01 
1.830000e-01 
1.620000e-01 
1.410000e-01 
1.200000e-01 
9.900000e-02 
7.900000e-02 
5.900000e-02 
3.900000e-02 
2.000000e-02 
1.000000e-03 
-1.700000e-02 
-3.400000e-02 
-5.100000e-02 
-6.700000e-02 
-8.200000e-02 
-9.700000e-02 
-1.110000e-01 
-1.240000e-01 
-1.370000e-01 
-1.500000e-01 
-1.620000e-01 
-1.730000e-01 
-1.840000e-01 
-1.950000e-01 
-2.060000e-01 
-2.170000e-01 
-2.270000e-01 
-2.380000e-01 
-2.480000e-01 
-2.580000e-01 
-2.680000e-01 
-2.770000e-01 
-2.870000e-01 
-2.960000e-01 
-3.050000e-01 
-3.140000e-01 
-3.230000e-01 
-3.310000e-01 
-3.400000e-01 
-3.480000e-01 
-3.550000e-01 
-3.630000e-01 
-3.700000e-01 
-3.780000e-01 
-3.850000e-01 
-3.920000e-01 
-3.980000e-01 
-4.050000e-01 
-4.110000e-01 
-4.170000e-01 
-4.230000e-01 
-4.290000e-01 
-4.350000e-01 
-4.410000e-01 
-4.470000e-01 
-4.530000e-01 
-4.590000e-01 
-4.660000e-01 
-4.730000e-01 
-4.800000e-01 
-4.880000e-01 
-4.960000e-01 
-5.030000e-01 
-5.120000e-01 
-5.190000e-01 
-5.270000e-01 
-5.350000e-01 
-5.420000e-01 
-5.490000e-01 
-5.560000e-01 
-5.630000e-01 
-5.700000e-01 
-5.760000e-01 
-5.830000e-01 
-5.900000e-01 
-5.960000e-01 
-6.030000e-01 
-6.100000e-01 
-6.160000e-01 
-6.230000e-01 
-6.300000e-01 
-6.370000e-01 
-6.430000e-01 
-6.500000e-01 
-6.580000e-01 
-6.650000e-01 
-6.720000e-01 
-6.800000e-01 
-6.870000e-01 
-6.950000e-01 
-7.040000e-01 
-7.120000e-01 
-7.210000e-01 
-7.300000e-01 
-7.390000e-01 
-7.480000e-01 
-7.580000e-01 
-7.680000e-01 
-7.780000e-01 
-7.890000e-01 
-8.000000e-01 
-8.110000e-01 
-8.230000e-01 
-8.360000e-01 
-8.490000e-01 
-8.620000e-01 
-8.760000e-01 
-8.910000e-01 
-9.060000e-01 
-9.210000e-01 
-9.370000e-01 
-9.540000e-01 
-9.710000e-01 
-9.880000e-01 
-1.007000e+00 
-1.025000e+00 
-1.044000e+00 
-1.063000e+00 
-1.082000e+00 
-1.102000e+00 
-1.121000e+00 
-1.141000e+00 
-1.160000e+00 
-1.179000e+00 
-1.198000e+00 
-1.216000e+00 
-1.234000e+00 
-1.252000e+00 
-1.269000e+00 
-1.285000e+00 
-1.301000e+00 
-1.317000e+00 
-1.332000e+00 
-1.346000e+00 
-1.360000e+00 
-1.373000e+00 
-1.385000e+00 
-1.397000e+00 
-1.409000e+00 
-1.420000e+00 
-1.431000e+00 
-1.442000e+00 
-1.453000e+00 
-1.463000e+00 
-1.473000e+00 
-1.482000e+00 
-1.492000e+00 
-1.501000e+00 
-1.510000e+00 
-1.519000e+00 
-1.527000e+00 
-1.535000e+00 
-1.543000e+00 
-1.550000e+00 
-1.557000e+00 
-1.564000e+00 
-1.570000e+00 
-1.576000e+00 
-1.581000e+00 
-1.586000e+00 
-1.590000e+00 
-1.594000e+00 
-1.597000e+00 
-1.599000e+00 
-1.600000e+00 
-1.601000e+00 
-1.601000e+00 
-1.601000e+00 
-1.600000e+00 
-1.599000e+00 
-1.597000e+00 
-1.596000e+00 
-1.593000e+00 
-1.591000e+00 
-1.589000e+00 
-1.586000e+00 
-1.583000e+00 
-1.580000e+00 
-1.577000e+00 
-1.574000e+00 
-1.572000e+00 
-1.569000e+00 
-1.566000e+00 
-1.563000e+00 
-1.560000e+00 
-1.558000e+00 
-1.555000e+00 
-1.552000e+00 
-1.549000e+00 
-1.546000e+00 
-1.543000e+00 
-1.539000e+00 
-1.536000e+00 
-1.532000e+00 
-1.527000e+00 
-1.523000e+00 
-1.518000e+00 
-1.512000e+00 
-1.506000e+00 
-1.499000e+00 
-1.492000e+00 
-1.485000e+00 
-1.477000e+00 
-1.469000e+00 
-1.460000e+00 
-1.451000e+00 
-1.441000e+00 
-1.431000e+00 
-1.421000e+00 
-1.410000e+00 
-1.398000e+00 
-1.386000e+00 
-1.373000e+00 
-1.360000e+00 
-1.346000e+00 
-1.332000e+00 
-1.316000e+00 
-1.301000e+00 
-1.285000e+00 
-1.268000e+00 
-1.251000e+00 
-1.234000e+00 
-1.217000e+00 
-1.199000e+00 
-1.181000e+00 
-1.163000e+00 
-1.145000e+00 
-1.126000e+00 
-1.107000e+00 
-1.087000e+00 
-1.067000e+00 
-1.047000e+00 
-1.026000e+00 
-1.006000e+00 
-9.850000e-01 
-9.650000e-01 
-9.440000e-01 
-9.230000e-01 
-9.030000e-01 
-8.820000e-01 
-8.620000e-01 
-8.410000e-01 
-8.200000e-01 
-7.990000e-01 
-7.780000e-01 
-7.570000e-01 
-7.360000e-01 
-7.150000e-01 
-6.940000e-01 
-6.730000e-01 
-6.520000e-01 
-6.310000e-01 
-6.090000e-01 
-5.880000e-01 
-5.670000e-01 
-5.450000e-01 
-5.240000e-01 
-5.020000e-01 
-4.800000e-01 
-4.590000e-01 
-4.370000e-01 
-4.150000e-01 
-3.930000e-01 
-3.710000e-01 
-3.490000e-01 
-3.260000e-01 
-3.040000e-01 
-2.820000e-01 
-2.590000e-01 
-2.370000e-01 
-2.140000e-01 
-1.920000e-01 
-1.690000e-01 
-1.460000e-01 
-1.230000e-01 
-1.000000e-01 
-7.700000e-02 
-5.400000e-02 
-3.100000e-02 
-9.000000e-03 
1.400000e-02 
3.600000e-02 
5.800000e-02 
8.000000e-02 
1.020000e-01 
1.230000e-01 
1.450000e-01 
1.660000e-01 
1.860000e-01 
2.060000e-01 
2.270000e-01 
2.460000e-01 
2.660000e-01 
2.860000e-01 
3.050000e-01 
3.240000e-01 
3.440000e-01 
3.630000e-01 
3.820000e-01 
4.010000e-01 
4.210000e-01 
4.400000e-01 
4.590000e-01 
4.780000e-01 
4.970000e-01 
5.160000e-01 
5.350000e-01 
5.530000e-01 
5.710000e-01 
5.900000e-01 
6.080000e-01 
6.250000e-01 
6.430000e-01 
6.600000e-01 
6.770000e-01 
6.940000e-01 
7.110000e-01 
7.270000e-01 
7.430000e-01 
7.580000e-01 
7.740000e-01 
7.900000e-01 
8.050000e-01 
8.210000e-01 
8.360000e-01 
8.520000e-01 
8.670000e-01 
8.820000e-01 
8.970000e-01 
9.110000e-01 
9.250000e-01 
9.380000e-01 
9.510000e-01 
9.640000e-01 
9.760000e-01 
9.890000e-01 
1.002000e+00 
1.015000e+00 
1.029000e+00 
1.043000e+00 
1.058000e+00 
1.074000e+00 
1.090000e+00 
1.106000e+00 
1.122000e+00 
1.138000e+00 
1.155000e+00 
1.172000e+00 
1.189000e+00 
1.205000e+00 
1.222000e+00 
1.239000e+00 
1.256000e+00 
1.274000e+00 
1.291000e+00 
1.309000e+00 
1.327000e+00 
1.345000e+00 
1.364000e+00 
1.382000e+00 
1.401000e+00 
1.419000e+00 
1.437000e+00 
1.455000e+00 
1.474000e+00 
1.492000e+00 
1.510000e+00 
1.528000e+00 
1.546000e+00 
1.565000e+00 
1.583000e+00 
1.602000e+00 
1.621000e+00 
1.639000e+00 
1.658000e+00 
1.676000e+00 
1.695000e+00 
1.713000e+00 
1.731000e+00 
1.749000e+00 
1.766000e+00 
1.783000e+00 
1.799000e+00 
1.815000e+00 
1.830000e+00 
1.844000e+00 
1.858000e+00 
1.871000e+00 
1.883000e+00 
1.893000e+00 
1.904000e+00 
1.913000e+00 
1.921000e+00 
1.928000e+00 
1.934000e+00 
1.939000e+00 
1.943000e+00 
1.946000e+00 
1.948000e+00 
1.949000e+00 
1.948000e+00 
1.947000e+00 
1.945000e+00 
1.942000e+00 
1.939000e+00 
1.934000e+00 
1.929000e+00 
1.922000e+00 
1.915000e+00 
1.907000e+00 
1.898000e+00 
1.889000e+00 
1.878000e+00 
1.867000e+00 
1.855000e+00 
1.842000e+00 
1.828000e+00 
1.814000e+00 
1.800000e+00 
1.785000e+00 
1.769000e+00 
1.753000e+00 
1.736000e+00 
1.719000e+00 
1.701000e+00 
1.682000e+00 
1.663000e+00 
1.643000e+00 
1.622000e+00 
1.601000e+00 
1.579000e+00 
1.556000e+00 
1.533000e+00 
1.509000e+00 
1.484000e+00 
1.459000e+00 
1.434000e+00 
1.408000e+00 
1.381000e+00 
1.354000e+00 
1.327000e+00 
1.299000e+00 
1.270000e+00 
1.241000e+00 
1.211000e+00 
1.181000e+00 
1.151000e+00 
1.120000e+00 
1.089000e+00 
1.057000e+00 
1.025000e+00 
9.920000e-01 
9.590000e-01 
9.260000e-01 
8.920000e-01 
8.570000e-01 
8.220000e-01 
7.870000e-01 
7.510000e-01 
7.150000e-01 
6.780000e-01 
6.410000e-01 
6.030000e-01 
5.660000e-01 
5.280000e-01 
4.900000e-01 
4.520000e-01 
4.140000e-01 
3.760000e-01 
3.390000e-01 
3.010000e-01 
2.640000e-01 
2.270000e-01 
1.900000e-01 
1.540000e-01 
1.180000e-01 
8.300000e-02 
4.800000e-02 
1.300000e-02 
-2.100000e-02 
-5.500000e-02 
-8.900000e-02 
-1.220000e-01 
-1.550000e-01 
-1.870000e-01 
-2.190000e-01 
-2.510000e-01 
-2.820000e-01 
-3.130000e-01 
-3.440000e-01 
-3.740000e-01 
-4.040000e-01 
-4.330000e-01 
-4.620000e-01 
-4.900000e-01 
-5.170000e-01 
-5.440000e-01 
-5.700000e-01 
-5.950000e-01 
-6.190000e-01 
-6.430000e-01 
-6.660000e-01 
-6.890000e-01 
-7.110000e-01 
-7.320000e-01 
-7.520000e-01 
-7.720000e-01 
-7.920000e-01 
-8.110000e-01 
-8.290000e-01 
-8.470000e-01 
-8.640000e-01 
-8.810000e-01 
-8.980000e-01 
-9.140000e-01 
-9.290000e-01 
-9.450000e-01 
-9.600000e-01 
-9.750000e-01 
-9.900000e-01 
-1.004000e+00 
-1.019000e+00 
-1.033000e+00 
-1.047000e+00 
-1.062000e+00 
-1.076000e+00 
-1.090000e+00 
-1.104000e+00 
-1.117000e+00 
-1.131000e+00 
-1.144000e+00 
-1.157000e+00 
-1.170000e+00 
-1.183000e+00 
-1.196000e+00 
-1.208000e+00 
-1.220000e+00 
-1.232000e+00 
-1.244000e+00 
-1.256000e+00 
-1.267000e+00 
-1.277000e+00 
-1.288000e+00 
-1.297000e+00 
-1.306000e+00 
-1.315000e+00 
-1.323000e+00 
-1.331000e+00 
-1.338000e+00 
-1.345000e+00 
-1.351000e+00 
-1.356000e+00 
-1.361000e+00 
-1.365000e+00 
-1.369000e+00 
-1.372000e+00 
-1.375000e+00 
-1.378000e+00 
-1.380000e+00 
-1.382000e+00 
-1.383000e+00 
-1.384000e+00 
-1.385000e+00 
-1.385000e+00 
-1.385000e+00 
-1.386000e+00 
-1.386000e+00 
-1.385000e+00 
-1.385000e+00 
-1.384000e+00 
-1.383000e+00 
-1.381000e+00 
-1.379000e+00 
-1.377000e+00 
-1.374000e+00 
-1.372000e+00 
-1.368000e+00 
-1.365000e+00 
-1.362000e+00 
-1.358000e+00 
-1.354000e+00 
-1.349000e+00 
-1.344000e+00 
-1.339000e+00 
-1.334000e+00 
-1.329000e+00 
-1.322000e+00 
-1.316000e+00 
-1.309000e+00 
-1.301000e+00 
-1.292000e+00 
-1.283000e+00 
-1.272000e+00 
-1.261000e+00 
-1.249000e+00 
-1.235000e+00 
-1.221000e+00 
-1.205000e+00 
-1.189000e+00 
-1.171000e+00 
-1.152000e+00 
-1.133000e+00 
-1.112000e+00 
-1.090000e+00 
-1.068000e+00 
-1.045000e+00 
-1.021000e+00 
-9.970000e-01 
-9.730000e-01 
-9.480000e-01 
-9.230000e-01 
-8.970000e-01 
-8.720000e-01 
-8.460000e-01 
-8.200000e-01 
-7.950000e-01 
-7.690000e-01 
-7.440000e-01 
-7.180000e-01 
-6.930000e-01 
-6.680000e-01 
-6.430000e-01 
-6.180000e-01 
-5.930000e-01 
-5.680000e-01 
-5.430000e-01 
-5.180000e-01 
-4.930000e-01 
-4.670000e-01 
-4.420000e-01 
-4.160000e-01 
-3.900000e-01 
-3.650000e-01 
-3.390000e-01 
-3.140000e-01 
-2.880000e-01 
-2.630000e-01 
-2.380000e-01 
-2.130000e-01 
-1.890000e-01 
-1.650000e-01 
-1.410000e-01 
-1.190000e-01 
-9.600000e-02 
-7.500000e-02 
-5.400000e-02 
-3.400000e-02 
-1.400000e-02 
5.000000e-03 
2.300000e-02 
4.100000e-02 
5.700000e-02 
7.300000e-02 
8.900000e-02 
1.040000e-01 
1.170000e-01 
1.310000e-01 
1.430000e-01 
1.550000e-01 
1.660000e-01 
1.760000e-01 
1.860000e-01 
1.950000e-01 
2.040000e-01 
2.130000e-01 
2.200000e-01 
2.280000e-01 
2.350000e-01 
2.410000e-01 
2.470000e-01 
2.530000e-01 
2.580000e-01 
2.620000e-01 
2.660000e-01 
2.700000e-01 
2.730000e-01 
2.750000e-01 
2.770000e-01 
2.780000e-01 
2.800000e-01 
2.800000e-01 
2.810000e-01 
2.820000e-01 
2.820000e-01 
2.820000e-01 
2.820000e-01 
2.820000e-01 
2.820000e-01 
2.820000e-01 
2.820000e-01 
2.810000e-01 
2.810000e-01 
2.800000e-01 
2.790000e-01 
2.780000e-01 
2.770000e-01 
2.750000e-01 
2.730000e-01 
2.710000e-01 
2.690000e-01 
2.670000e-01 
2.640000e-01 
2.620000e-01 
2.590000e-01 
2.560000e-01 
2.520000e-01 
2.490000e-01 
2.450000e-01 
2.410000e-01 
2.370000e-01 
2.340000e-01 
2.300000e-01 
2.260000e-01 
2.230000e-01 
2.190000e-01 
2.160000e-01 
2.130000e-01 
2.100000e-01 
2.080000e-01 
2.060000e-01 
