1 
1.000000e-02 
2.242610e-03 
2.466871e-03 
2.191641e-03 
1.671764e-03 
1.488277e-03 
1.845056e-03 
2.293578e-03 
2.436290e-03 
2.477064e-03 
2.731906e-03 
2.976555e-03 
2.731906e-03 
1.967380e-03 
1.182467e-03 
7.543323e-04 
7.135576e-04 
1.009174e-03 
1.732926e-03 
2.721713e-03 
3.527013e-03 
3.904179e-03 
4.097859e-03 
4.464832e-03 
4.811417e-03 
4.576962e-03 
3.516820e-03 
2.038736e-03 
7.339450e-04 
5.096840e-05 
1.834862e-04 
1.111111e-03 
2.456677e-03 
3.537207e-03 
3.863405e-03 
3.639144e-03 
3.394495e-03 
3.384302e-03 
3.363914e-03 
3.078491e-03 
2.640163e-03 
2.344546e-03 
2.222222e-03 
2.262997e-03 
2.609582e-03 
3.374108e-03 
4.118247e-03 
4.097859e-03 
3.251784e-03 
2.528033e-03 
2.742100e-03 
3.455657e-03 
3.506626e-03 
2.660550e-03 
1.946993e-03 
2.313965e-03 
3.425076e-03 
4.281346e-03 
4.454638e-03 
4.250765e-03 
3.985729e-03 
3.710499e-03 
3.527013e-03 
3.547401e-03 
3.618756e-03 
3.404689e-03 
2.935780e-03 
2.579001e-03 
2.446483e-03 
2.395515e-03 
2.405708e-03 
2.691131e-03 
3.139653e-03 
3.292559e-03 
3.027523e-03 
2.813456e-03 
3.017329e-03 
3.292559e-03 
3.078491e-03 
2.507645e-03 
2.181448e-03 
2.364934e-03 
2.844037e-03 
3.567788e-03 
4.678899e-03 
5.953109e-03 
6.615698e-03 
6.034659e-03 
4.444444e-03 
2.579001e-03 
1.243629e-03 
1.019368e-03 
2.089704e-03 
3.873598e-03 
5.290520e-03 
5.667686e-03 
5.239551e-03 
4.505607e-03 
3.516820e-03 
2.222222e-03 
1.019368e-03 
5.402650e-04 
8.256881e-04 
1.325178e-03 
1.773700e-03 
2.395515e-03 
3.261978e-03 
3.904179e-03 
3.802243e-03 
3.200815e-03 
2.945973e-03 
3.547401e-03 
4.403670e-03 
4.352701e-03 
3.088685e-03 
1.824669e-03 
2.069317e-03 
3.751274e-03 
5.219164e-03 
5.229358e-03 
4.240571e-03 
3.353721e-03 
2.864424e-03 
2.517839e-03 
2.568807e-03 
3.394495e-03 
4.525994e-03 
5.015291e-03 
4.689093e-03 
3.934760e-03 
2.619776e-03 
5.606524e-04 
-1.029562e-03 
-5.198777e-04 
1.508665e-03 
2.446483e-03 
1.314985e-03 
3.465851e-04 
1.518858e-03 
3.404689e-03 
3.486239e-03 
2.273191e-03 
2.395515e-03 
4.148828e-03 
4.811417e-03 
2.966361e-03 
7.441386e-04 
7.135576e-04 
2.191641e-03 
2.589195e-03 
1.213048e-03 
2.038736e-04 
1.743119e-03 
5.504587e-03 
8.950051e-03 
9.734964e-03 
7.686035e-03 
4.709480e-03 
2.456677e-03 
4.587156e-04 
-2.344546e-03 
-4.658512e-03 
-3.272171e-03 
2.436290e-03 
8.338430e-03 
9.643221e-03 
6.472987e-03 
3.251784e-03 
2.986748e-03 
4.383282e-03 
4.862385e-03 
4.291539e-03 
4.189602e-03 
4.729867e-03 
4.638124e-03 
3.741081e-03 
3.893986e-03 
6.574924e-03 
1.041794e-02 
1.221203e-02 
1.017329e-02 
5.790010e-03 
2.059123e-03 
7.339450e-04 
1.314985e-03 
2.293578e-03 
2.487258e-03 
1.651376e-03 
9.072375e-04 
2.273191e-03 
6.360856e-03 
1.033639e-02 
1.012232e-02 
5.402650e-03 
5.198777e-04 
-9.683996e-04 
-7.033639e-04 
-2.242610e-03 
-4.760449e-03 
-3.669725e-03 
2.415902e-03 
8.807339e-03 
1.040775e-02 
7.635066e-03 
4.841998e-03 
4.658512e-03 
6.044852e-03 
6.585117e-03 
4.464832e-03 
-7.951070e-04 
-7.176351e-03 
-1.028542e-02 
-7.176351e-03 
-1.223242e-04 
5.606524e-03 
7.808359e-03 
8.888889e-03 
1.096840e-02 
1.206932e-02 
9.072375e-03 
2.691131e-03 
-2.844037e-03 
-4.495413e-03 
-2.629969e-03 
1.049949e-03 
5.484200e-03 
9.459735e-03 
1.070336e-02 
7.767584e-03 
2.609582e-03 
-4.587156e-04 
9.785933e-04 
4.719674e-03 
6.401631e-03 
4.485219e-03 
1.580020e-03 
6.116208e-04 
1.080530e-03 
6.931702e-04 
-5.606524e-04 
-2.752294e-04 
1.946993e-03 
2.721713e-03 
-8.460754e-04 
-6.697248e-03 
-9.796126e-03 
-8.144750e-03 
-4.515800e-03 
-2.313965e-03 
-1.651376e-03 
-4.994903e-04 
1.875637e-03 
4.169215e-03 
5.005097e-03 
4.322120e-03 
2.813456e-03 
9.480122e-04 
-8.766565e-04 
-1.865443e-03 
-1.253823e-03 
6.116208e-04 
2.354740e-03 
3.221203e-03 
4.097859e-03 
6.085627e-03 
8.348624e-03 
8.654434e-03 
6.320082e-03 
2.925586e-03 
-3.567788e-04 
-4.067278e-03 
-7.675841e-03 
-7.482161e-03 
-6.320082e-04 
9.194699e-03 
1.380224e-02 
9.459735e-03 
1.396534e-03 
-2.385321e-03 
2.650357e-04 
5.096840e-03 
7.706422e-03 
7.339450e-03 
5.127421e-03 
1.885831e-03 
-1.192661e-03 
-2.130479e-03 
-2.242610e-04 
2.456677e-03 
3.251784e-03 
2.415902e-03 
2.691131e-03 
5.402650e-03 
8.063201e-03 
6.697248e-03 
1.834862e-04 
-8.256881e-03 
-1.358818e-02 
-1.298675e-02 
-7.859327e-03 
-2.752294e-03 
-2.079511e-03 
-6.411825e-03 
-1.163099e-02 
-1.234455e-02 
-7.206932e-03 
-2.956167e-04 
3.435270e-03 
3.282365e-03 
2.048930e-03 
1.345566e-03 
5.096840e-05 
-2.415902e-03 
-4.179409e-03 
-3.649337e-03 
-2.242610e-03 
-1.926606e-03 
-1.620795e-03 
1.192661e-03 
5.433231e-03 
6.309888e-03 
1.467890e-03 
-4.974516e-03 
-6.585117e-03 
-1.845056e-03 
4.638124e-03 
7.380224e-03 
4.709480e-03 
-1.814475e-03 
-9.755352e-03 
-1.627931e-02 
-1.810398e-02 
-1.406728e-02 
-7.787971e-03 
-5.229358e-03 
-8.226300e-03 
-1.227319e-02 
-1.227319e-02 
-9.031600e-03 
-7.420999e-03 
-9.143731e-03 
-1.028542e-02 
-6.839959e-03 
-2.038736e-05 
5.005097e-03 
3.944954e-03 
-3.679918e-03 
-1.403670e-02 
-2.017329e-02 
-1.717635e-02 
-8.216106e-03 
-2.589195e-03 
-4.444444e-03 
-6.646279e-03 
-8.053007e-04 
8.797146e-03 
8.786952e-03 
-4.841998e-03 
-1.908257e-02 
-1.900102e-02 
-5.861366e-03 
5.147808e-03 
2.446483e-03 
-1.149847e-02 
-2.547401e-02 
-3.006116e-02 
-2.309888e-02 
-9.969419e-03 
1.732926e-04 
1.722732e-03 
-2.181448e-03 
-4.240571e-03 
-2.976555e-03 
-4.403670e-03 
-1.228338e-02 
-2.090724e-02 
-2.145770e-02 
-1.317023e-02 
-3.751274e-03 
4.587156e-04 
4.281346e-04 
-2.446483e-04 
-1.824669e-03 
-7.043833e-03 
-1.501529e-02 
-2.026504e-02 
-1.880734e-02 
-1.321101e-02 
-9.775739e-03 
-1.133537e-02 
-1.434251e-02 
-1.348624e-02 
-8.083588e-03 
-2.487258e-03 
-5.912334e-04 
-1.406728e-03 
-9.276249e-04 
2.415902e-03 
5.453619e-03 
3.506626e-03 
-4.943935e-03 
-1.668705e-02 
-2.543323e-02 
-2.497452e-02 
-1.367992e-02 
1.926606e-03 
1.007136e-02 
4.515800e-03 
-7.563710e-03 
-1.252803e-02 
-6.075433e-03 
2.313965e-03 
2.864424e-03 
-2.640163e-03 
-7.349643e-03 
-1.186544e-02 
-2.066259e-02 
-2.886850e-02 
-2.469929e-02 
-8.063201e-03 
4.597350e-03 
1.162080e-03 
-9.541284e-03 
-1.122324e-02 
-2.925586e-03 
3.639144e-03 
5.158002e-03 
1.018349e-02 
2.068298e-02 
2.468909e-02 
1.360856e-02 
-4.464832e-03 
-1.667686e-02 
-2.217125e-02 
-2.767584e-02 
-3.318043e-02 
-3.272171e-02 
-2.621814e-02 
-2.004077e-02 
-1.635066e-02 
-1.107034e-02 
-2.507645e-03 
6.126402e-03 
1.336391e-02 
1.982671e-02 
2.084608e-02 
8.572885e-03 
-1.393476e-02 
-2.964322e-02 
-2.605505e-02 
-1.110092e-02 
-2.864424e-03 
-7.471967e-03 
-1.553517e-02 
-1.838940e-02 
-1.829766e-02 
-2.048930e-02 
-2.330275e-02 
-2.168196e-02 
-1.679918e-02 
-1.635066e-02 
-2.458716e-02 
-3.538226e-02 
-3.776758e-02 
-2.839959e-02 
-1.667686e-02 
-1.491335e-02 
-2.412844e-02 
-3.269113e-02 
-2.997961e-02 
-1.767584e-02 
-5.198777e-03 
1.264016e-03 
6.014271e-04 
-8.165138e-03 
-2.459735e-02 
-4.106014e-02 
-4.635066e-02 
-3.831804e-02 
-2.666667e-02 
-1.958206e-02 
-1.359837e-02 
-2.670744e-03 
7.716616e-03 
4.209990e-03 
-1.657492e-02 
-4.129460e-02 
-5.387360e-02 
-5.191641e-02 
-4.610601e-02 
-4.677880e-02 
-5.478084e-02 
-6.381244e-02 
-6.762487e-02 
-6.391437e-02 
-5.327217e-02 
-3.671764e-02 
-1.493374e-02 
1.000000e-02 
3.313965e-02 
4.849134e-02 
5.297655e-02 
4.806320e-02 
3.780836e-02 
2.661570e-02 
1.816514e-02 
1.364934e-02 
9.469929e-03 
-7.441386e-04 
-1.864424e-02 
-3.638124e-02 
-4.260958e-02 
-3.465851e-02 
-2.342508e-02 
-2.466871e-02 
-4.535168e-02 
-7.798165e-02 
-1.070540e-01 
-1.208155e-01 
-1.186340e-01 
-1.091641e-01 
-1.018960e-01 
-9.994903e-02 
-9.978593e-02 
-9.681957e-02 
-9.039755e-02 
-8.384302e-02 
-8.068298e-02 
-8.138634e-02 
-8.351682e-02 
-8.466871e-02 
-8.477064e-02 
-8.495413e-02 
-8.378186e-02 
-7.620795e-02 
-5.854230e-02 
-3.423038e-02 
-1.233435e-02 
6.523955e-04 
5.891947e-03 
7.951070e-03 
8.083588e-03 
4.209990e-03 
-3.843017e-03 
-1.296636e-02 
-2.125382e-02 
-3.078491e-02 
-4.391437e-02 
-5.871560e-02 
-7.021407e-02 
-7.530071e-02 
-7.413863e-02 
-6.748216e-02 
-5.502548e-02 
-3.720693e-02 
-1.705403e-02 
7.135576e-04 
1.182467e-02 
1.397554e-02 
8.521916e-03 
1.508665e-03 
1.345566e-03 
1.258919e-02 
3.131498e-02 
4.770642e-02 
5.364934e-02 
4.857288e-02 
3.918451e-02 
3.412844e-02 
3.748216e-02 
4.582059e-02 
5.185525e-02 
5.204893e-02 
4.965341e-02 
4.872579e-02 
4.722732e-02 
3.930683e-02 
2.478084e-02 
1.191641e-02 
8.674822e-03 
1.395515e-02 
2.057085e-02 
2.543323e-02 
3.247706e-02 
4.570846e-02 
6.259939e-02 
7.634047e-02 
8.253823e-02 
8.246687e-02 
8.100917e-02 
8.304791e-02 
9.100917e-02 
1.039144e-01 
1.181142e-01 
1.292762e-01 
1.344343e-01 
1.328033e-01 
1.254638e-01 
1.146381e-01 
1.027217e-01 
9.192661e-02 
8.448522e-02 
8.140673e-02 
7.877676e-02 
6.641182e-02 
3.478084e-02 
-1.359837e-02 
-6.177370e-02 
-9.099898e-02 
-9.637105e-02 
-8.791030e-02 
-7.738022e-02 
-6.795107e-02 
-5.743119e-02 
-4.638124e-02 
-3.816514e-02 
-3.236493e-02 
-2.367992e-02 
-8.899083e-03 
8.042813e-03 
2.032620e-02 
2.579001e-02 
2.769623e-02 
2.905199e-02 
2.925586e-02 
2.670744e-02 
2.190622e-02 
1.610601e-02 
8.246687e-03 
-4.189602e-03 
-2.098879e-02 
-3.719674e-02 
-4.642202e-02 
-4.587156e-02 
-3.779817e-02 
-2.616718e-02 
-1.260958e-02 
3.955148e-03 
2.399592e-02 
4.409786e-02 
5.800204e-02 
6.136595e-02 
5.580020e-02 
4.773700e-02 
4.290520e-02 
4.161060e-02 
3.871560e-02 
2.779817e-02 
5.524975e-03 
-2.643221e-02 
-6.129460e-02 
-8.754332e-02 
-9.135576e-02 
-6.389399e-02 
-1.056065e-02 
4.784913e-02 
8.775739e-02 
1.003262e-01 
9.642202e-02 
9.388379e-02 
1.015392e-01 
1.162895e-01 
1.324873e-01 
1.487564e-01 
1.649949e-01 
1.772171e-01 
1.794190e-01 
1.701427e-01 
1.550663e-01 
1.430173e-01 
1.398777e-01 
1.452701e-01 
1.535780e-01 
1.582569e-01 
1.567380e-01 
1.517839e-01 
1.474312e-01 
1.440469e-01 
1.389399e-01 
1.320082e-01 
1.286646e-01 
1.346381e-01 
1.479001e-01 
1.578899e-01 
1.543221e-01 
1.365953e-01 
1.134964e-01 
9.422018e-02 
8.138634e-02 
7.284404e-02 
6.805301e-02 
6.977574e-02 
7.949032e-02 
9.290520e-02 
1.013761e-01 
9.800204e-02 
8.270133e-02 
6.230377e-02 
4.580020e-02 
3.802243e-02 
3.705403e-02 
3.759429e-02 
3.695209e-02 
3.693170e-02 
4.045872e-02 
4.769623e-02 
5.617737e-02 
6.300714e-02 
6.559633e-02 
6.161060e-02 
5.064220e-02 
3.605505e-02 
2.341488e-02 
1.609582e-02 
1.326198e-02 
1.190622e-02 
9.704383e-03 
5.677880e-03 
-6.116208e-05 
-6.014271e-03 
-9.745158e-03 
-9.969419e-03 
-7.900102e-03 
-5.494393e-03 
-2.324159e-03 
5.168196e-03 
2.069317e-02 
4.456677e-02 
7.260958e-02 
9.839959e-02 
1.170234e-01 
1.274924e-01 
1.320387e-01 
1.332722e-01 
1.324465e-01 
1.301325e-01 
1.273904e-01 
1.251580e-01 
1.230377e-01 
1.201937e-01 
1.171662e-01 
1.148624e-01 
1.117125e-01 
1.041182e-01 
9.136595e-02 
7.778797e-02 
6.725790e-02 
5.638124e-02 
3.663609e-02 
4.576962e-03 
-3.267074e-02 
-6.328236e-02 
-8.041794e-02 
-8.529052e-02 
-8.352701e-02 
-8.125382e-02 
-8.280326e-02 
-8.864424e-02 
-9.560652e-02 
-1.014169e-01 
-1.083996e-01 
-1.199388e-01 
-1.342304e-01 
-1.461162e-01 
-1.552599e-01 
-1.673700e-01 
-1.850866e-01 
-2.026606e-01 
-2.132722e-01 
-2.173598e-01 
-2.188379e-01 
-2.173293e-01 
-2.114679e-01 
-2.073700e-01 
-2.140367e-01 
-2.287666e-01 
-2.359225e-01 
-2.251988e-01 
-2.040265e-01 
-1.854128e-01 
-1.691131e-01 
-1.438226e-01 
-1.061876e-01 
-6.850153e-02 
-4.606524e-02 
-4.287462e-02 
-5.161060e-02 
-6.237513e-02 
-6.862385e-02 
-6.948012e-02 
-6.976555e-02 
-7.503568e-02 
-8.430173e-02 
-9.089704e-02 
-9.234455e-02 
-9.415902e-02 
-9.933741e-02 
-9.913354e-02 
-8.166157e-02 
-4.899083e-02 
-1.821611e-02 
-3.843017e-03 
-4.699286e-03 
-1.015291e-02 
-1.403670e-02 
-1.793068e-02 
-2.434251e-02 
-3.201835e-02 
-3.779817e-02 
-3.933741e-02 
-3.574924e-02 
-2.807339e-02 
-1.952090e-02 
-1.291539e-02 
-7.451580e-03 
6.116208e-05 
9.938838e-03 
1.738022e-02 
1.705403e-02 
9.225280e-03 
-7.339450e-04 
-8.888889e-03 
-1.723751e-02 
-3.035678e-02 
-4.851172e-02 
-6.576962e-02 
-7.583078e-02 
-7.811417e-02 
-7.692151e-02 
-7.548420e-02 
-7.336391e-02 
-6.970438e-02 
-6.597350e-02 
-6.357798e-02 
-6.040775e-02 
-5.262997e-02 
-3.986748e-02 
-2.628950e-02 
-1.571865e-02 
-7.624873e-03 
1.355759e-03 
1.288481e-02 
2.540265e-02 
3.654434e-02 
4.581040e-02 
5.415902e-02 
6.112130e-02 
6.293578e-02 
5.507645e-02 
3.778797e-02 
1.853211e-02 
6.758410e-03 
5.667686e-03 
1.041794e-02 
1.481142e-02 
1.778797e-02 
2.178389e-02 
2.668705e-02 
2.869521e-02 
2.505607e-02 
1.714577e-02 
7.859327e-03 
-1.834862e-03 
-1.203874e-02 
-2.110092e-02 
-2.665647e-02 
-2.901121e-02 
-3.103976e-02 
-3.362895e-02 
-3.302752e-02 
-2.468909e-02 
-8.939857e-03 
8.725790e-03 
2.300714e-02 
3.293578e-02 
4.051988e-02 
4.698267e-02 
5.184506e-02 
5.475025e-02 
5.640163e-02 
5.714577e-02 
5.600408e-02 
5.206932e-02 
4.641182e-02 
4.134557e-02 
3.790010e-02 
3.468909e-02 
2.972477e-02 
2.267074e-02 
1.424057e-02 
3.516820e-03 
-1.265036e-02 
-3.598369e-02 
-6.220183e-02 
-8.217125e-02 
-8.898063e-02 
-8.358818e-02 
-7.219164e-02 
-5.924567e-02 
-4.576962e-02 
-3.482161e-02 
-3.415902e-02 
-4.942915e-02 
-7.558614e-02 
-9.916412e-02 
-1.104179e-01 
-1.111111e-01 
-1.093170e-01 
-1.092049e-01 
-1.086646e-01 
-1.053211e-01 
-1.017023e-01 
-1.033537e-01 
-1.131906e-01 
-1.282059e-01 
-1.413354e-01 
-1.476045e-01 
-1.489195e-01 
-1.511315e-01 
-1.542508e-01 
-1.480734e-01 
-1.223751e-01 
-8.196738e-02 
-4.641182e-02 
-3.192661e-02 
-3.623853e-02 
-4.412844e-02 
-4.443425e-02 
-3.724771e-02 
-2.718654e-02 
-1.640163e-02 
-5.341488e-03 
4.689093e-03 
1.240571e-02 
1.784913e-02 
2.092762e-02 
2.096840e-02 
1.915392e-02 
1.885831e-02 
2.243629e-02 
3.004077e-02 
4.226300e-02 
6.030581e-02 
8.126402e-02 
9.778797e-02 
1.059633e-01 
1.093272e-01 
1.091845e-01 
9.485219e-02 
5.358818e-02 
-7.624873e-03 
-5.924567e-02 
-7.452599e-02 
-5.422018e-02 
-2.133537e-02 
4.933741e-03 
2.386340e-02 
4.365953e-02 
6.615698e-02 
8.501529e-02 
9.505607e-02 
9.798165e-02 
9.810398e-02 
9.497452e-02 
8.249745e-02 
5.642202e-02 
2.265036e-02 
-3.965341e-03 
-1.133537e-02 
-3.771662e-04 
1.757390e-02 
3.287462e-02 
4.464832e-02 
5.629969e-02 
6.787971e-02 
7.543323e-02 
7.602446e-02 
7.037717e-02 
6.100917e-02 
5.046891e-02 
4.189602e-02 
3.896024e-02 
4.339450e-02 
5.288481e-02 
6.262997e-02 
6.907238e-02 
7.201835e-02 
7.345566e-02 
7.519878e-02 
7.798165e-02 
8.198777e-02 
8.752294e-02 
9.461774e-02 
1.025382e-01 
1.103160e-01 
1.177676e-01 
1.253517e-01 
1.330479e-01 
1.400408e-01 
1.457696e-01 
1.505403e-01 
1.547095e-01 
1.579103e-01 
1.595311e-01 
1.594088e-01 
1.573904e-01 
1.531804e-01 
1.474924e-01 
1.423140e-01 
1.381244e-01 
1.311315e-01 
1.157594e-01 
9.153925e-02 
6.593272e-02 
4.808359e-02 
3.972477e-02 
3.376147e-02 
2.206932e-02 
3.445464e-03 
-1.616718e-02 
-2.957187e-02 
-3.342508e-02 
-2.917431e-02 
-2.161060e-02 
-1.659531e-02 
-1.831804e-02 
-2.672783e-02 
-3.776758e-02 
-4.658512e-02 
-5.058104e-02 
-4.977574e-02 
-4.546381e-02 
-3.951070e-02 
-3.429154e-02 
-3.170234e-02 
-3.172273e-02 
-3.265036e-02 
-3.302752e-02 
-3.300714e-02 
-3.346585e-02 
-3.430173e-02 
-3.426096e-02 
-3.240571e-02 
-2.931702e-02 
-2.715596e-02 
-2.855250e-02 
-3.532110e-02 
-4.728848e-02 
-6.177370e-02 
-7.465851e-02 
-8.252803e-02 
-8.448522e-02 
-8.185525e-02 
-7.649337e-02 
-6.948012e-02 
-6.168196e-02 
-5.513761e-02 
-5.292559e-02 
-5.687054e-02 
-6.548420e-02 
-7.481142e-02 
-8.176351e-02 
-8.580020e-02 
-8.706422e-02 
-8.384302e-02 
-7.366972e-02 
-5.709480e-02 
-3.877676e-02 
-2.381244e-02 
-1.359837e-02 
-6.004077e-03 
1.325178e-03 
9.133537e-03 
1.734964e-02 
2.543323e-02 
3.123344e-02 
3.107034e-02 
2.275229e-02 
8.440367e-03 
-6.727829e-03 
-1.906218e-02 
-2.863405e-02 
-3.717635e-02 
-4.463812e-02 
-4.889908e-02 
-4.880734e-02 
-4.640163e-02 
-4.518858e-02 
-4.603466e-02 
-4.562691e-02 
-3.971458e-02 
-2.800204e-02 
-1.507645e-02 
-6.666667e-03 
-5.779817e-03 
-1.240571e-02 
-2.517839e-02 
-4.182467e-02 
-5.843017e-02 
-6.995923e-02 
-7.226300e-02 
-6.342508e-02 
-4.425076e-02 
-1.889908e-02 
5.331295e-03 
2.145770e-02 
2.758410e-02 
2.765545e-02 
2.668705e-02 
2.607543e-02 
2.407747e-02 
1.921509e-02 
1.123344e-02 
-8.154944e-05 
-1.442406e-02 
-2.893986e-02 
-3.911315e-02 
-4.289501e-02 
-4.227319e-02 
-3.992864e-02 
-3.567788e-02 
-2.793068e-02 
-1.753313e-02 
-8.063201e-03 
-2.313965e-03 
-2.038736e-05 
6.523955e-04 
7.339450e-04 
1.936799e-04 
-1.009174e-03 
-2.528033e-03 
-3.883792e-03 
-4.648318e-03 
-4.505607e-03 
-3.516820e-03 
-2.110092e-03 
-7.951070e-04 
0 
-4.077472e-05 
-8.664628e-04 
-1.722732e-03 
-1.539246e-03 
5.096840e-05 
2.497452e-03 
5.168196e-03 
7.696228e-03 
9.225280e-03 
8.063201e-03 
3.017329e-03 
-4.964322e-03 
-1.286442e-02 
-1.748216e-02 
-1.718654e-02 
-1.248726e-02 
-5.667686e-03 
2.752294e-04 
2.986748e-03 
1.630989e-03 
-3.170234e-03 
-9.571865e-03 
-1.419980e-02 
-1.247706e-02 
-1.274210e-03 
1.762487e-02 
3.756371e-02 
5.161060e-02 
5.768603e-02 
5.879715e-02 
5.867482e-02 
5.785933e-02 
5.428135e-02 
4.708461e-02 
3.893986e-02 
3.430173e-02 
3.569827e-02 
4.184506e-02 
4.961264e-02 
5.691131e-02 
6.333333e-02 
6.849134e-02 
7.134557e-02 
7.138634e-02 
6.965341e-02 
6.735984e-02 
6.409786e-02 
5.862385e-02 
5.092762e-02 
4.259939e-02 
3.516820e-02 
2.942915e-02 
2.670744e-02 
2.889908e-02 
3.548420e-02 
4.111111e-02 
3.823649e-02 
2.307849e-02 
-1.090724e-03 
-2.643221e-02 
-4.547401e-02 
-5.442406e-02 
-5.376147e-02 
-4.710499e-02 
-3.924567e-02 
-3.382263e-02 
-3.221203e-02 
-3.429154e-02 
-3.966361e-02 
-4.781855e-02 
-5.737003e-02 
-6.636086e-02 
-7.348624e-02 
-7.882773e-02 
-8.307849e-02 
-8.639144e-02 
-8.837920e-02 
-8.888889e-02 
-8.848114e-02 
-8.785933e-02 
-8.707441e-02 
-8.549439e-02 
-8.252803e-02 
-7.807339e-02 
-7.209990e-02 
-6.439348e-02 
-5.547401e-02 
-4.778797e-02 
-4.480122e-02 
-4.829766e-02 
-5.676860e-02 
-6.709480e-02 
-7.715596e-02 
-8.595311e-02 
-9.221203e-02 
-9.458716e-02 
-9.314985e-02 
-8.895005e-02 
-8.132518e-02 
-6.758410e-02 
-4.700306e-02 
-2.403670e-02 
-5.657492e-03 
4.556575e-03 
8.379205e-03 
9.286442e-03 
8.817533e-03 
6.901121e-03 
3.985729e-03 
1.131498e-03 
-1.253823e-03 
-3.476045e-03 
-5.524975e-03 
-6.809378e-03 
-7.217125e-03 
-7.594292e-03 
-9.174312e-03 
-1.266055e-02 
-1.793068e-02 
-2.392457e-02 
-2.893986e-02 
-3.169215e-02 
-3.214067e-02 
-3.128440e-02 
-3.017329e-02 
-2.927625e-02 
-2.858308e-02 
-2.745158e-02 
-2.435270e-02 
-1.794088e-02 
-8.786952e-03 
2.752294e-04 
6.248726e-03 
8.144750e-03 
6.839959e-03 
3.333333e-03 
-1.783894e-03 
-7.349643e-03 
-1.098879e-02 
-1.017329e-02 
-4.087666e-03 
5.739042e-03 
1.642202e-02 
2.554536e-02 
3.257900e-02 
3.884811e-02 
4.581040e-02 
5.325178e-02 
5.925586e-02 
6.207951e-02 
6.173293e-02 
5.933741e-02 
5.566769e-02 
5.090724e-02 
4.574924e-02 
4.173293e-02 
3.992864e-02 
3.971458e-02 
3.942915e-02 
3.790010e-02 
3.502548e-02 
3.112130e-02 
2.662589e-02 
2.234455e-02 
1.954128e-02 
1.906218e-02 
2.057085e-02 
2.292559e-02 
2.523955e-02 
2.744139e-02 
2.986748e-02 
3.278287e-02 
3.625892e-02 
4.030581e-02 
4.470948e-02 
4.874618e-02 
5.125382e-02 
5.120285e-02 
4.833843e-02 
4.332314e-02 
3.750255e-02 
3.251784e-02 
2.978593e-02 
2.974516e-02 
3.149847e-02 
3.344546e-02 
3.443425e-02 
3.429154e-02 
3.295617e-02 
2.960245e-02 
2.331295e-02 
1.449541e-02 
5.168196e-03 
-2.609582e-03 
-8.134557e-03 
-1.171254e-02 
-1.327217e-02 
-1.213048e-02 
-8.287462e-03 
-3.353721e-03 
2.446483e-04 
1.060143e-03 
-3.669725e-04 
-2.028542e-03 
-1.967380e-03 
4.587156e-04 
4.505607e-03 
8.960245e-03 
1.320082e-02 
1.713558e-02 
2.047910e-02 
2.234455e-02 
2.197757e-02 
1.946993e-02 
1.566769e-02 
1.134557e-02 
6.931702e-03 
2.864424e-03 
-1.223242e-04 
-1.253823e-03 
-1.223242e-04 
3.119266e-03 
7.614679e-03 
1.204893e-02 
1.524975e-02 
1.700306e-02 
1.804281e-02 
1.913354e-02 
2.038736e-02 
2.153925e-02 
2.265036e-02 
2.410805e-02 
2.618756e-02 
2.885831e-02 
3.219164e-02 
3.630989e-02 
4.101937e-02 
4.565749e-02 
4.964322e-02 
5.288481e-02 
5.550459e-02 
5.739042e-02 
5.824669e-02 
5.802243e-02 
5.700306e-02 
5.556575e-02 
5.379205e-02 
5.145770e-02 
4.796126e-02 
4.266055e-02 
3.542304e-02 
2.725790e-02 
2.010194e-02 
1.561672e-02 
1.420999e-02 
1.496432e-02 
1.633028e-02 
1.670744e-02 
1.507645e-02 
1.161060e-02 
7.971458e-03 
6.350663e-03 
7.584098e-03 
1.028542e-02 
1.227319e-02 
1.249745e-02 
1.149847e-02 
1.009174e-02 
8.674822e-03 
8.083588e-03 
1.016310e-02 
1.633028e-02 
2.528033e-02 
3.328236e-02 
3.713558e-02 
3.652396e-02 
3.318043e-02 
2.850153e-02 
2.261978e-02 
1.547401e-02 
7.767584e-03 
7.441386e-04 
-4.495413e-03 
-7.257900e-03 
-7.410805e-03 
-5.575943e-03 
-2.793068e-03 
4.077472e-04 
4.220183e-03 
8.450561e-03 
1.143731e-02 
1.087666e-02 
6.146789e-03 
-6.523955e-04 
-6.228338e-03 
-8.593272e-03 
-8.267074e-03 
-7.308869e-03 
-7.645260e-03 
-1.011213e-02 
-1.447503e-02 
-1.977574e-02 
-2.462793e-02 
-2.764526e-02 
-2.818552e-02 
-2.679918e-02 
-2.463812e-02 
-2.239551e-02 
-2.012232e-02 
-1.806320e-02 
-1.708461e-02 
-1.770642e-02 
-1.916412e-02 
-2.011213e-02 
-1.988787e-02 
-1.817533e-02 
-1.364934e-02 
-4.770642e-03 
7.298675e-03 
1.769623e-02 
2.146789e-02 
1.814475e-02 
1.187564e-02 
7.084608e-03 
4.994903e-03 
4.627931e-03 
5.412844e-03 
7.492355e-03 
1.017329e-02 
1.172273e-02 
1.114169e-02 
9.347604e-03 
8.114169e-03 
8.287462e-03 
9.480122e-03 
1.097859e-02 
1.249745e-02 
1.393476e-02 
1.486239e-02 
1.453619e-02 
1.238532e-02 
8.623853e-03 
4.362895e-03 
8.053007e-04 
-1.569827e-03 
-3.221203e-03 
-4.689093e-03 
-5.810398e-03 
-5.810398e-03 
-4.281346e-03 
-1.610601e-03 
1.406728e-03 
4.332314e-03 
7.115189e-03 
9.317023e-03 
9.898063e-03 
7.971458e-03 
3.771662e-03 
-1.314985e-03 
-5.749235e-03 
-8.725790e-03 
-1.028542e-02 
-1.084608e-02 
-1.087666e-02 
-1.081549e-02 
-1.100917e-02 
-1.168196e-02 
-1.291539e-02 
-1.465851e-02 
-1.659531e-02 
-1.833843e-02 
-1.974516e-02 
-2.098879e-02 
-2.214067e-02 
-2.305810e-02 
-2.377166e-02 
-2.461774e-02 
-2.546381e-02 
-2.499490e-02 
-2.155963e-02 
-1.512742e-02 
-7.889908e-03 
-2.711519e-03 
-1.090724e-03 
-2.568807e-03 
-5.708461e-03 
-9.062181e-03 
-1.154944e-02 
-1.278287e-02 
-1.327217e-02 
-1.397554e-02 
-1.537207e-02 
-1.715596e-02 
-1.871560e-02 
-1.942915e-02 
-1.873598e-02 
-1.614679e-02 
-1.181448e-02 
-6.819572e-03 
-2.446483e-03 
8.460754e-04 
3.445464e-03 
5.402650e-03 
5.728848e-03 
3.261978e-03 
-1.763507e-03 
-7.308869e-03 
-1.100917e-02 
-1.182467e-02 
-1.021407e-02 
-7.298675e-03 
-4.169215e-03 
-1.845056e-03 
-7.849134e-04 
-1.325178e-04 
1.977574e-03 
6.656473e-03 
1.282365e-02 
1.784913e-02 
1.974516e-02 
1.829766e-02 
1.464832e-02 
1.040775e-02 
7.217125e-03 
6.391437e-03 
8.134557e-03 
1.152905e-02 
1.520897e-02 
1.812436e-02 
1.960245e-02 
1.937819e-02 
1.779817e-02 
1.551478e-02 
1.230377e-02 
6.738022e-03 
-2.273191e-03 
-1.349643e-02 
-2.393476e-02 
-3.141692e-02 
-3.621814e-02 
-3.995923e-02 
-4.357798e-02 
-4.671764e-02 
-4.858308e-02 
-4.854230e-02 
-4.594292e-02 
-4.008155e-02 
-3.098879e-02 
-2.025484e-02 
-1.090724e-02 
-6.024465e-03 
-6.880734e-03 
-1.216106e-02 
-1.879715e-02 
-2.383282e-02 
-2.571865e-02 
-2.434251e-02 
-2.062181e-02 
-1.622834e-02 
-1.307849e-02 
-1.230377e-02 
-1.356779e-02 
-1.567788e-02 
-1.748216e-02 
-1.779817e-02 
-1.505607e-02 
-8.083588e-03 
2.099898e-03 
1.219164e-02 
1.890928e-02 
2.139653e-02 
2.111111e-02 
1.965341e-02 
1.714577e-02 
1.251784e-02 
4.770642e-03 
-5.647299e-03 
-1.630989e-02 
-2.367992e-02 
-2.535168e-02 
-2.174312e-02 
-1.518858e-02 
-7.349643e-03 
1.702345e-03 
1.167176e-02 
2.041794e-02 
2.523955e-02 
2.571865e-02 
2.402650e-02 
2.234455e-02 
2.029562e-02 
1.574924e-02 
7.533129e-03 
-2.996942e-03 
-1.311927e-02 
-2.086646e-02 
-2.598369e-02 
-2.917431e-02 
-3.106014e-02 
-3.204893e-02 
-3.292559e-02 
-3.497452e-02 
-3.914373e-02 
-4.502548e-02 
-5.099898e-02 
-5.549439e-02 
-5.799185e-02 
-5.903160e-02 
-5.944954e-02 
-5.982671e-02 
-6.028542e-02 
-6.051988e-02 
-5.995923e-02 
-5.812436e-02 
-5.489297e-02 
-5.050968e-02 
-4.549439e-02 
-4.069317e-02 
-3.702345e-02 
-3.493374e-02 
-3.406728e-02 
-3.364934e-02 
-3.312946e-02 
-3.233435e-02 
-3.091743e-02 
-2.826707e-02 
-2.405708e-02 
-1.855250e-02 
-1.232416e-02 
-5.688073e-03 
1.111111e-03 
7.563710e-03 
1.283384e-02 
1.639144e-02 
1.841998e-02 
1.965341e-02 
2.083588e-02 
2.230377e-02 
2.367992e-02 
2.415902e-02 
2.313965e-02 
2.088685e-02 
1.820591e-02 
1.563710e-02 
1.311927e-02 
1.065240e-02 
8.909276e-03 
8.654434e-03 
9.806320e-03 
1.151886e-02 
1.318043e-02 
1.483180e-02 
1.662589e-02 
1.816514e-02 
1.893986e-02 
1.908257e-02 
1.915392e-02 
1.923547e-02 
1.872579e-02 
1.708461e-02 
1.462793e-02 
1.225280e-02 
1.049949e-02 
9.184506e-03 
7.920489e-03 
6.676860e-03 
5.667686e-03 
4.648318e-03 
2.844037e-03 
-3.669725e-04 
-4.668705e-03 
-8.725790e-03 
-1.108053e-02 
-1.093782e-02 
-8.175331e-03 
-3.088685e-03 
3.527013e-03 
1.003058e-02 
1.447503e-02 
1.594292e-02 
1.528033e-02 
1.414883e-02 
1.359837e-02 
1.370031e-02 
1.437309e-02 
1.579001e-02 
1.760449e-02 
1.846075e-02 
1.707441e-02 
1.392457e-02 
1.126402e-02 
1.097859e-02 
1.281346e-02 
1.474006e-02 
1.512742e-02 
1.397554e-02 
1.215087e-02 
9.918451e-03 
6.768603e-03 
2.477064e-03 
-2.099898e-03 
-5.647299e-03 
-7.431193e-03 
-7.563710e-03 
-6.452599e-03 
-4.424057e-03 
-1.855250e-03 
8.154944e-04 
3.414883e-03 
6.055046e-03 
8.715596e-03 
1.073394e-02 
1.120285e-02 
9.887870e-03 
7.471967e-03 
4.882773e-03 
2.446483e-03 
-5.096840e-05 
-2.599388e-03 
-4.505607e-03 
-4.872579e-03 
-3.455657e-03 
-8.970438e-04 
1.824669e-03 
4.006116e-03 
5.412844e-03 
6.014271e-03 
5.912334e-03 
5.290520e-03 
4.454638e-03 
3.628950e-03 
2.905199e-03 
2.334353e-03 
2.038736e-03 
2.150866e-03 
2.874618e-03 
4.383282e-03 
6.595311e-03 
8.950051e-03 
1.061162e-02 
1.106014e-02 
1.030581e-02 
8.674822e-03 
6.636086e-03 
4.913354e-03 
4.209990e-03 
4.607543e-03 
5.219164e-03 
5.107034e-03 
4.209990e-03 
3.211009e-03 
2.579001e-03 
2.303772e-03 
2.354740e-03 
2.864424e-03 
3.639144e-03 
3.904179e-03 
3.007136e-03 
1.039755e-03 
-1.365953e-03 
-3.690112e-03 
-5.677880e-03 
-7.166157e-03 
-8.236493e-03 
-9.245668e-03 
-1.041794e-02 
-1.139653e-02 
-1.156983e-02 
-1.076453e-02 
-9.235474e-03 
-7.257900e-03 
-5.025484e-03 
-2.976555e-03 
-1.681957e-03 
-1.253823e-03 
-1.314985e-03 
-1.580020e-03 
-2.110092e-03 
-2.884811e-03 
-3.527013e-03 
-3.659531e-03 
-3.363914e-03 
-2.844037e-03 
-2.059123e-03 
-9.480122e-04 
1.019368e-04 
4.383282e-04 
-2.752294e-04 
-1.692151e-03 
-3.211009e-03 
-4.475025e-03 
-5.423038e-03 
-6.207951e-03 
-7.033639e-03 
-8.083588e-03 
-9.378186e-03 
-1.079511e-02 
-1.222222e-02 
-1.355759e-02 
-1.464832e-02 
-1.538226e-02 
-1.563710e-02 
-1.521916e-02 
-1.380224e-02 
-1.120285e-02 
-7.645260e-03 
-3.628950e-03 
4.077472e-04 
4.311927e-03 
8.195719e-03 
1.232416e-02 
1.690112e-02 
2.171254e-02 
2.622834e-02 
3.017329e-02 
3.374108e-02 
3.695209e-02 
3.916412e-02 
3.968400e-02 
3.882773e-02 
3.762487e-02 
3.621814e-02 
3.338430e-02 
2.809378e-02 
2.091743e-02 
1.330275e-02 
5.963303e-03 
-1.172273e-03 
-7.645260e-03 
-1.212029e-02 
-1.384302e-02 
-1.355759e-02 
-1.268094e-02 
-1.183486e-02 
-1.084608e-02 
-9.622834e-03 
-8.348624e-03 
-6.972477e-03 
-5.107034e-03 
-2.701325e-03 
-2.344546e-04 
1.865443e-03 
3.700306e-03 
5.402650e-03 
6.697248e-03 
7.135576e-03 
6.605505e-03 
5.147808e-03 
2.701325e-03 
-7.033639e-04 
-4.403670e-03 
-7.461774e-03 
-9.633028e-03 
-1.148828e-02 
-1.346585e-02 
-1.522936e-02 
-1.629969e-02 
-1.681957e-02 
-1.733945e-02 
-1.804281e-02 
-1.865443e-02 
-1.883792e-02 
-1.811417e-02 
-1.551478e-02 
-1.025484e-02 
-3.017329e-03 
3.914373e-03 
8.419980e-03 
1.041794e-02 
1.148828e-02 
1.301733e-02 
1.495413e-02 
1.650357e-02 
1.721713e-02 
1.732926e-02 
1.713558e-02 
1.642202e-02 
1.459735e-02 
1.114169e-02 
6.095821e-03 
1.630989e-04 
-5.575943e-03 
-1.007136e-02 
-1.255861e-02 
-1.303772e-02 
-1.239551e-02 
-1.191641e-02 
-1.229358e-02 
-1.331295e-02 
-1.447503e-02 
-1.560652e-02 
-1.646279e-02 
-1.619776e-02 
-1.375127e-02 
-8.990826e-03 
-2.905199e-03 
3.363914e-03 
9.215087e-03 
1.428135e-02 
1.821611e-02 
2.110092e-02 
2.366972e-02 
2.646279e-02 
2.918451e-02 
3.124363e-02 
3.259939e-02 
3.356779e-02 
3.397554e-02 
3.317023e-02 
3.111111e-02 
2.857288e-02 
2.624873e-02 
2.401631e-02 
2.154944e-02 
1.912334e-02 
1.730887e-02 
1.618756e-02 
1.540265e-02 
1.495413e-02 
1.522936e-02 
1.619776e-02 
1.716616e-02 
1.735984e-02 
1.660550e-02 
1.499490e-02 
1.236493e-02 
8.511723e-03 
3.995923e-03 
1.529052e-04 
-1.794088e-03 
-1.549439e-03 
3.567788e-04 
3.241590e-03 
6.564730e-03 
9.745158e-03 
1.205912e-02 
1.324159e-02 
1.387360e-02 
1.482161e-02 
1.617737e-02 
1.685015e-02 
1.566769e-02 
1.279307e-02 
9.582059e-03 
7.064220e-03 
4.872579e-03 
1.957187e-03 
-1.926606e-03 
-5.942915e-03 
-9.102956e-03 
-1.108053e-02 
-1.185525e-02 
-1.130479e-02 
-9.418960e-03 
-6.625892e-03 
-3.486239e-03 
-1.630989e-04 
3.282365e-03 
6.309888e-03 
8.165138e-03 
8.756371e-03 
8.776758e-03 
8.848114e-03 
9.021407e-03 
9.286442e-03 
1.006116e-02 
1.165138e-02 
1.372069e-02 
1.565749e-02 
1.740061e-02 
1.932722e-02 
2.136595e-02 
2.297655e-02 
2.390418e-02 
2.459735e-02 
2.544343e-02 
2.620795e-02 
2.644241e-02 
2.607543e-02 
2.525994e-02 
2.388379e-02 
2.171254e-02 
1.882773e-02 
1.555556e-02 
1.194699e-02 
8.022426e-03 
4.373089e-03 
1.896024e-03 
7.135576e-04 
0 
-7.645260e-04 
-9.276249e-04 
3.771662e-04 
2.711519e-03 
4.607543e-03 
5.341488e-03 
5.565749e-03 
6.075433e-03 
6.544343e-03 
6.167176e-03 
5.178389e-03 
4.821611e-03 
5.891947e-03 
7.706422e-03 
8.878695e-03 
8.715596e-03 
7.798165e-03 
7.125382e-03 
7.125382e-03 
7.247706e-03 
6.656473e-03 
5.219164e-03 
3.527013e-03 
2.130479e-03 
7.951070e-04 
-1.019368e-03 
-3.211009e-03 
-5.025484e-03 
-6.248726e-03 
-7.655454e-03 
-1.013252e-02 
-1.344546e-02 
-1.661570e-02 
-1.906218e-02 
-2.101937e-02 
-2.270133e-02 
-2.384302e-02 
-2.418960e-02 
-2.403670e-02 
-2.399592e-02 
-2.420999e-02 
-2.442406e-02 
-2.450561e-02 
-2.466871e-02 
-2.510703e-02 
-2.579001e-02 
-2.663609e-02 
-2.764526e-02 
-2.883792e-02 
-3.007136e-02 
-3.117227e-02 
-3.218145e-02 
-3.334353e-02 
-3.483180e-02 
-3.652396e-02 
-3.804281e-02 
-3.899083e-02 
-3.915392e-02 
-3.863405e-02 
-3.772681e-02 
-3.661570e-02 
-3.528033e-02 
-3.369011e-02 
-3.198777e-02 
-3.057085e-02 
-2.978593e-02 
-2.958206e-02 
-2.952090e-02 
-2.920489e-02 
-2.862385e-02 
-2.808359e-02 
-2.757390e-02 
-2.655454e-02 
-2.444444e-02 
-2.145770e-02 
-1.852192e-02 
-1.646279e-02 
-1.534149e-02 
-1.474006e-02 
-1.436290e-02 
-1.394495e-02 
-1.309888e-02 
-1.149847e-02 
-9.490316e-03 
-7.777778e-03 
-6.625892e-03 
-5.708461e-03 
-5.076453e-03 
-5.606524e-03 
-7.971458e-03 
-1.143731e-02 
-1.435270e-02 
-1.564730e-02 
-1.552497e-02 
-1.469929e-02 
-1.367992e-02 
-1.299694e-02 
-1.319062e-02 
-1.412844e-02 
-1.492355e-02 
-1.500510e-02 
-1.481142e-02 
-1.468909e-02 
-1.356779e-02 
-9.857288e-03 
-3.802243e-03 
2.110092e-03 
5.677880e-03 
7.135576e-03 
8.287462e-03 
1.012232e-02 
1.219164e-02 
1.374108e-02 
1.457696e-02 
1.457696e-02 
1.351682e-02 
1.172273e-02 
1.012232e-02 
9.286442e-03 
8.715596e-03 
7.798165e-03 
6.829766e-03 
6.585117e-03 
7.268094e-03 
8.287462e-03 
9.194699e-03 
9.969419e-03 
1.042813e-02 
9.908257e-03 
7.951070e-03 
4.882773e-03 
1.529052e-03 
-1.478084e-03 
-3.700306e-03 
-4.597350e-03 
-3.690112e-03 
-1.060143e-03 
2.436290e-03 
5.616718e-03 
7.584098e-03 
8.114169e-03 
7.655454e-03 
6.880734e-03 
6.156983e-03 
5.555556e-03 
5.137615e-03 
5.086646e-03 
5.290520e-03 
5.117227e-03 
3.944954e-03 
1.916412e-03 
-1.630989e-04 
-1.488277e-03 
-1.783894e-03 
-1.151886e-03 
1.121305e-04 
1.590214e-03 
3.007136e-03 
4.485219e-03 
6.320082e-03 
8.205912e-03 
9.306830e-03 
9.245668e-03 
8.613660e-03 
8.205912e-03 
7.951070e-03 
7.359837e-03 
6.707441e-03 
7.074414e-03 
8.919470e-03 
1.130479e-02 
1.282365e-02 
1.296636e-02 
1.224261e-02 
1.119266e-02 
1.006116e-02 
8.970438e-03 
8.042813e-03 
7.115189e-03 
5.779817e-03 
4.046891e-03 
2.364934e-03 
1.070336e-03 
-1.427115e-04 
-1.804281e-03 
-4.057085e-03 
-6.768603e-03 
-9.989806e-03 
-1.401631e-02 
-1.873598e-02 
-2.334353e-02 
-2.677880e-02 
-2.861366e-02 
-2.926606e-02 
-2.954128e-02 
-2.996942e-02 
-3.050968e-02 
-3.085627e-02 
-3.083588e-02 
-3.044852e-02 
-2.966361e-02 
-2.841998e-02 
-2.683996e-02 
-2.518858e-02 
-2.364934e-02 
-2.207951e-02 
-2.035678e-02 
-1.865443e-02 
-1.725790e-02 
-1.600408e-02 
-1.430173e-02 
-1.175331e-02 
-8.807339e-03 
-6.330275e-03 
-4.882773e-03 
-4.332314e-03 
-4.179409e-03 
-4.016310e-03 
-3.679918e-03 
-3.139653e-03 
-2.375127e-03 
-1.467890e-03 
-6.931702e-04 
-4.485219e-04 
-7.849134e-04 
-1.100917e-03 
-6.014271e-04 
8.868502e-04 
2.599388e-03 
3.598369e-03 
3.883792e-03 
4.322120e-03 
5.637105e-03 
7.675841e-03 
9.857288e-03 
1.195719e-02 
1.404689e-02 
1.605505e-02 
1.756371e-02 
1.840979e-02 
1.886850e-02 
1.938838e-02 
2.000000e-02 
2.048930e-02 
2.069317e-02 
2.063201e-02 
2.027523e-02 
1.952090e-02 
1.843017e-02 
1.728848e-02 
1.636086e-02 
1.574924e-02 
1.546381e-02 
1.550459e-02 
1.560652e-02 
1.517839e-02 
1.374108e-02 
1.156983e-02 
9.510703e-03 
8.389399e-03 
8.419980e-03 
9.459735e-03 
1.127421e-02 
1.341488e-02 
1.503568e-02 
1.534149e-02 
1.430173e-02 
1.271152e-02 
1.145770e-02 
1.094801e-02 
1.118247e-02 
1.218145e-02 
1.386340e-02 
1.592253e-02 
1.791030e-02 
1.956167e-02 
2.076453e-02 
2.132518e-02 
2.097859e-02 
1.986748e-02 
1.868502e-02 
1.815494e-02 
1.851172e-02 
1.942915e-02 
2.029562e-02 
2.045872e-02 
1.950051e-02 
1.741081e-02 
1.461774e-02 
1.149847e-02 
8.134557e-03 
4.617737e-03 
1.345566e-03 
-1.151886e-03 
-2.752294e-03 
-3.588175e-03 
-3.506626e-03 
-2.140673e-03 
3.058104e-04 
2.731906e-03 
4.067278e-03 
4.260958e-03 
4.046891e-03 
3.975535e-03 
3.944954e-03 
3.853211e-03 
3.955148e-03 
4.597350e-03 
5.667686e-03 
6.748216e-03 
7.563710e-03 
8.144750e-03 
8.481142e-03 
8.389399e-03 
7.747197e-03 
6.880734e-03 
6.350663e-03 
6.483180e-03 
7.084608e-03 
7.849134e-03 
8.970438e-03 
1.095821e-02 
1.392457e-02 
1.703364e-02 
1.914373e-02 
1.973496e-02 
1.888889e-02 
1.674822e-02 
1.340469e-02 
9.602446e-03 
6.738022e-03 
5.637105e-03 
5.728848e-03 
5.881753e-03 
5.973496e-03 
6.901121e-03 
8.980632e-03 
1.114169e-02 
1.214067e-02 
1.209990e-02 
1.215087e-02 
1.259939e-02 
1.240571e-02 
1.060143e-02 
7.849134e-03 
5.810398e-03 
5.158002e-03 
4.882773e-03 
3.700306e-03 
1.722732e-03 
1.325178e-04 
-4.077472e-04 
-4.791030e-04 
-9.887870e-04 
-2.130479e-03 
-3.679918e-03 
-5.667686e-03 
-8.297655e-03 
-1.131498e-02 
-1.386340e-02 
-1.524975e-02 
-1.557594e-02 
-1.554536e-02 
-1.598369e-02 
-1.738022e-02 
-1.967380e-02 
-2.215087e-02 
-2.380224e-02 
-2.412844e-02 
-2.341488e-02 
-2.220183e-02 
-2.068298e-02 
-1.889908e-02 
-1.732926e-02 
-1.679918e-02 
-1.766565e-02 
-1.941896e-02 
-2.128440e-02 
-2.297655e-02 
-2.465851e-02 
-2.632008e-02 
-2.753313e-02 
-2.785933e-02 
-2.737003e-02 
-2.661570e-02 
-2.600408e-02 
-2.546381e-02 
-2.482161e-02 
-2.426096e-02 
-2.420999e-02 
-2.480122e-02 
-2.569827e-02 
-2.656473e-02 
-2.748216e-02 
-2.853211e-02 
-2.921509e-02 
-2.857288e-02 
-2.612640e-02 
-2.240571e-02 
-1.832824e-02 
-1.431193e-02 
-1.028542e-02 
-6.330275e-03 
-3.058104e-03 
-9.683996e-04 
2.446483e-04 
1.580020e-03 
3.934760e-03 
7.359837e-03 
1.101937e-02 
1.379205e-02 
1.499490e-02 
1.479103e-02 
1.384302e-02 
1.262997e-02 
1.098879e-02 
8.735984e-03 
6.269113e-03 
4.424057e-03 
3.588175e-03 
3.435270e-03 
3.730887e-03 
4.831804e-03 
7.023445e-03 
9.622834e-03 
1.139653e-02 
1.165138e-02 
1.063201e-02 
8.837920e-03 
6.574924e-03 
4.311927e-03 
2.762487e-03 
2.222222e-03 
2.110092e-03 
1.804281e-03 
1.457696e-03 
1.804281e-03 
3.098879e-03 
4.862385e-03 
6.483180e-03 
7.696228e-03 
8.430173e-03 
8.644241e-03 
8.593272e-03 
8.725790e-03 
9.296636e-03 
1.001019e-02 
1.042813e-02 
1.043833e-02 
1.023445e-02 
9.959225e-03 
9.694190e-03 
9.541284e-03 
9.582059e-03 
9.796126e-03 
1.019368e-02 
1.094801e-02 
1.220183e-02 
1.363914e-02 
1.458716e-02 
1.462793e-02 
1.389399e-02 
1.275229e-02 
1.126402e-02 
9.204893e-03 
6.493374e-03 
3.527013e-03 
8.154944e-04 
-1.478084e-03 
-3.720693e-03 
-6.309888e-03 
-9.001019e-03 
-1.101937e-02 
-1.179409e-02 
-1.150866e-02 
-1.087666e-02 
-1.029562e-02 
-9.602446e-03 
-8.440367e-03 
-6.707441e-03 
-4.658512e-03 
-2.589195e-03 
-7.747197e-04 
5.708461e-04 
1.590214e-03 
2.742100e-03 
4.352701e-03 
5.993884e-03 
6.666667e-03 
5.820591e-03 
4.036697e-03 
2.558614e-03 
2.150866e-03 
2.589195e-03 
3.282365e-03 
3.873598e-03 
4.311927e-03 
4.617737e-03 
4.668705e-03 
4.271152e-03 
3.170234e-03 
1.284404e-03 
-9.887870e-04 
-2.935780e-03 
-4.138634e-03 
-4.811417e-03 
-5.290520e-03 
-5.341488e-03 
-4.566769e-03 
-3.170234e-03 
-2.079511e-03 
-1.916412e-03 
-2.426096e-03 
-2.803262e-03 
-2.538226e-03 
-1.467890e-03 
3.669725e-04 
2.650357e-03 
4.719674e-03 
6.014271e-03 
6.666667e-03 
7.176351e-03 
7.655454e-03 
7.696228e-03 
7.033639e-03 
6.085627e-03 
5.484200e-03 
5.484200e-03 
5.881753e-03 
6.462793e-03 
7.145770e-03 
7.737003e-03 
7.798165e-03 
6.941896e-03 
5.188583e-03 
3.037717e-03 
1.243629e-03 
4.791030e-04 
1.009174e-03 
2.538226e-03 
4.444444e-03 
6.116208e-03 
7.176351e-03 
7.522936e-03 
7.176351e-03 
6.289501e-03 
5.158002e-03 
4.230377e-03 
3.883792e-03 
4.077472e-03 
4.403670e-03 
4.413863e-03 
4.046891e-03 
3.527013e-03 
2.986748e-03 
2.303772e-03 
1.396534e-03 
4.077472e-04 
-3.975535e-04 
-8.664628e-04 
-9.480122e-04 
-6.320082e-04 
-5.096840e-05 
3.771662e-04 
2.038736e-04 
-4.892966e-04 
-1.151886e-03 
-1.386340e-03 
-1.406728e-03 
-1.661570e-03 
-2.191641e-03 
-2.446483e-03 
-1.906218e-03 
-5.810398e-04 
1.151886e-03 
2.945973e-03 
4.658512e-03 
6.248726e-03 
7.635066e-03 
8.715596e-03 
9.367992e-03 
9.449541e-03 
8.919470e-03 
8.053007e-03 
7.217125e-03 
6.534149e-03 
5.718654e-03 
4.383282e-03 
2.599388e-03 
9.480122e-04 
-2.038736e-05 
-2.854230e-04 
-3.261978e-04 
-6.727829e-04 
-1.518858e-03 
-2.793068e-03 
-4.209990e-03 
-5.392457e-03 
-6.014271e-03 
-6.075433e-03 
-5.871560e-03 
-5.708461e-03 
-5.555556e-03 
-5.331295e-03 
-5.158002e-03 
-5.382263e-03 
-6.024465e-03 
-6.748216e-03 
-7.339450e-03 
-8.042813e-03 
-9.184506e-03 
-1.066259e-02 
-1.203874e-02 
-1.308869e-02 
-1.391437e-02 
-1.459735e-02 
-1.498471e-02 
-1.500510e-02 
-1.499490e-02 
-1.551478e-02 
-1.680938e-02 
-1.854230e-02 
-2.003058e-02 
-2.077472e-02 
-2.080530e-02 
-2.047910e-02 
-2.004077e-02 
-1.942915e-02 
-1.854230e-02 
-1.746177e-02 
-1.621814e-02 
-1.451580e-02 
-1.201835e-02 
-8.909276e-03 
-5.718654e-03 
-2.701325e-03 
3.261978e-04 
3.251784e-03 
5.249745e-03 
5.484200e-03 
4.159021e-03 
2.426096e-03 
1.213048e-03 
5.402650e-04 
-1.019368e-04 
-9.378186e-04 
-1.824669e-03 
-2.599388e-03 
-3.312946e-03 
-4.118247e-03 
-5.188583e-03 
-6.564730e-03 
-7.991845e-03 
-9.092762e-03 
-9.724771e-03 
-1.017329e-02 
-1.075433e-02 
-1.144750e-02 
-1.200815e-02 
-1.232416e-02 
-1.252803e-02 
-1.257900e-02 
-1.231397e-02 
-1.166157e-02 
-1.067278e-02 
-9.153925e-03 
-6.687054e-03 
-3.251784e-03 
3.669725e-04 
3.078491e-03 
4.413863e-03 
4.862385e-03 
5.280326e-03 
6.156983e-03 
7.359837e-03 
8.389399e-03 
8.685015e-03 
7.900102e-03 
6.187564e-03 
4.036697e-03 
1.824669e-03 
-5.300714e-04 
-3.160041e-03 
-5.902141e-03 
-8.307849e-03 
-1.009174e-02 
-1.132518e-02 
-1.211009e-02 
-1.236493e-02 
-1.208970e-02 
-1.148828e-02 
-1.073394e-02 
-9.683996e-03 
-8.063201e-03 
-6.065240e-03 
-4.403670e-03 
-3.628950e-03 
-3.455657e-03 
-3.139653e-03 
-2.324159e-03 
-1.376147e-03 
-8.562691e-04 
-8.053007e-04 
-7.951070e-04 
-5.300714e-04 
-2.446483e-04 
-4.077472e-04 
-1.335372e-03 
-3.027523e-03 
-5.300714e-03 
-7.706422e-03 
-9.582059e-03 
-1.043833e-02 
-1.044852e-02 
-1.031600e-02 
-1.050968e-02 
-1.074414e-02 
-1.048930e-02 
-9.694190e-03 
-8.858308e-03 
-8.246687e-03 
-7.390418e-03 
-5.494393e-03 
-2.303772e-03 
1.590214e-03 
5.290520e-03 
8.338430e-03 
1.079511e-02 
1.269113e-02 
1.377166e-02 
1.382263e-02 
1.333333e-02 
1.334353e-02 
1.444444e-02 
1.606524e-02 
1.693170e-02 
1.636086e-02 
1.478084e-02 
1.322120e-02 
1.232416e-02 
1.200815e-02 
1.186544e-02 
1.167176e-02 
1.148828e-02 
1.153925e-02 
1.184506e-02 
1.213048e-02 
1.219164e-02 
1.231397e-02 
1.295617e-02 
1.408767e-02 
1.507645e-02 
1.550459e-02 
1.570846e-02 
1.623853e-02 
1.696228e-02 
1.738022e-02 
1.757390e-02 
1.828746e-02 
1.993884e-02 
2.203874e-02 
2.380224e-02 
2.510703e-02 
2.625892e-02 
2.732926e-02 
2.806320e-02 
2.837920e-02 
2.840979e-02 
2.814475e-02 
2.730887e-02 
2.594292e-02 
2.454638e-02 
2.358818e-02 
2.294597e-02 
2.213048e-02 
2.083588e-02 
1.927625e-02 
1.773700e-02 
1.620795e-02 
1.455657e-02 
1.280326e-02 
1.126402e-02 
1.015291e-02 
9.143731e-03 
7.584098e-03 
5.198777e-03 
2.477064e-03 
1.019368e-04 
-1.732926e-03 
-3.312946e-03 
-4.719674e-03 
-5.586137e-03 
-5.565749e-03 
-4.770642e-03 
-3.741081e-03 
-2.996942e-03 
-2.803262e-03 
-3.129460e-03 
-3.679918e-03 
-4.199796e-03 
-4.801223e-03 
-5.830785e-03 
-7.339450e-03 
-8.980632e-03 
-1.040775e-02 
-1.158002e-02 
-1.251784e-02 
-1.295617e-02 
-1.265036e-02 
-1.178389e-02 
-1.078491e-02 
-9.796126e-03 
-8.705403e-03 
-7.502548e-03 
-6.350663e-03 
-5.259939e-03 
-4.128440e-03 
-3.027523e-03 
-2.201835e-03 
-1.498471e-03 
-4.077472e-04 
1.202854e-03 
2.752294e-03 
3.669725e-03 
4.209990e-03 
5.107034e-03 
6.564730e-03 
8.012232e-03 
8.950051e-03 
9.571865e-03 
1.033639e-02 
1.128440e-02 
1.188583e-02 
1.162080e-02 
1.049949e-02 
9.041794e-03 
7.838940e-03 
7.217125e-03 
7.104995e-03 
7.206932e-03 
7.268094e-03 
7.125382e-03 
6.615698e-03 
5.555556e-03 
3.914373e-03 
1.845056e-03 
-3.465851e-04 
-2.395515e-03 
-4.087666e-03 
-5.351682e-03 
-6.167176e-03 
-6.554536e-03 
-6.595311e-03 
-6.442406e-03 
-6.401631e-03 
-6.738022e-03 
-7.359837e-03 
-7.798165e-03 
-7.594292e-03 
-6.646279e-03 
-5.259939e-03 
-3.720693e-03 
-2.212029e-03 
-9.480122e-04 
-1.732926e-04 
1.019368e-05 
-2.446483e-04 
-7.441386e-04 
-1.488277e-03 
-2.619776e-03 
-4.148828e-03 
-5.871560e-03 
-7.502548e-03 
-8.848114e-03 
-9.816514e-03 
-1.055046e-02 
-1.130479e-02 
-1.237513e-02 
-1.381244e-02 
-1.538226e-02 
-1.668705e-02 
-1.739042e-02 
-1.729867e-02 
-1.655454e-02 
-1.557594e-02 
-1.479103e-02 
-1.429154e-02 
-1.387360e-02 
-1.348624e-02 
-1.339450e-02 
-1.372069e-02 
-1.404689e-02 
-1.373089e-02 
-1.256881e-02 
-1.101937e-02 
-9.612640e-03 
-8.562691e-03 
-7.859327e-03 
-7.471967e-03 
-7.339450e-03 
-7.237513e-03 
-6.921509e-03 
-6.462793e-03 
-6.156983e-03 
-6.177370e-03 
-6.452599e-03 
-6.860347e-03 
-7.339450e-03 
-7.808359e-03 
-8.114169e-03 
-8.175331e-03 
-8.134557e-03 
-8.287462e-03 
-8.715596e-03 
-9.235474e-03 
-9.673802e-03 
-1.013252e-02 
-1.084608e-02 
-1.192661e-02 
-1.311927e-02 
-1.409786e-02 
-1.463812e-02 
-1.463812e-02 
-1.394495e-02 
-1.237513e-02 
-1.003058e-02 
-7.380224e-03 
-5.045872e-03 
-3.333333e-03 
-2.099898e-03 
-1.039755e-03 
1.019368e-05 
9.480122e-04 
1.722732e-03 
2.364934e-03 
2.874618e-03 
3.047910e-03 
2.731906e-03 
2.130479e-03 
1.651376e-03 
1.457696e-03 
1.304791e-03 
9.480122e-04 
5.096840e-04 
4.179409e-04 
9.174312e-04 
1.834862e-03 
2.711519e-03 
3.200815e-03 
3.170234e-03 
2.731906e-03 
2.140673e-03 
1.620795e-03 
1.274210e-03 
1.141692e-03 
1.172273e-03 
1.121305e-03 
6.422018e-04 
-3.058104e-04 
-1.233435e-03 
-1.539246e-03 
-1.182467e-03 
-7.339450e-04 
-7.135576e-04 
-1.121305e-03 
-1.681957e-03 
-2.344546e-03 
-3.272171e-03 
-4.546381e-03 
-6.024465e-03 
-7.441386e-03 
-8.552497e-03 
-9.184506e-03 
-9.398573e-03 
-9.490316e-03 
-9.571865e-03 
-9.439348e-03 
-8.899083e-03 
-8.154944e-03 
-7.624873e-03 
-7.339450e-03 
-7.054027e-03 
-6.625892e-03 
-6.106014e-03 
-5.331295e-03 
-3.934760e-03 
-1.875637e-03 
3.160041e-04 
2.181448e-03 
3.741081e-03 
4.984709e-03 
5.402650e-03 
4.454638e-03 
2.548420e-03 
8.970438e-04 
2.446483e-04 
1.936799e-04 
1.019368e-05 
-3.669725e-04 
-2.752294e-04 
7.747197e-04 
2.436290e-03 
3.843017e-03 
4.546381e-03 
5.035678e-03 
6.269113e-03 
8.644241e-03 
1.146789e-02 
1.355759e-02 
1.442406e-02 
1.459735e-02 
1.485219e-02 
1.528033e-02 
1.544343e-02 
1.512742e-02 
1.468909e-02 
1.459735e-02 
1.485219e-02 
1.506626e-02 
1.491335e-02 
1.447503e-02 
1.411825e-02 
1.404689e-02 
1.404689e-02 
1.361876e-02 
1.253823e-02 
1.107034e-02 
9.500510e-03 
7.879715e-03 
6.197757e-03 
4.933741e-03 
4.729867e-03 
5.565749e-03 
6.564730e-03 
7.013252e-03 
6.992864e-03 
7.023445e-03 
7.084608e-03 
6.727829e-03 
5.871560e-03 
5.178389e-03 
5.229358e-03 
5.993884e-03 
7.074414e-03 
8.154944e-03 
9.062181e-03 
9.582059e-03 
9.673802e-03 
9.633028e-03 
9.653415e-03 
9.408767e-03 
8.419980e-03 
6.829766e-03 
5.474006e-03 
4.862385e-03 
4.587156e-03 
4.077472e-03 
3.506626e-03 
3.516820e-03 
4.118247e-03 
4.464832e-03 
3.985729e-03 
3.139653e-03 
2.793068e-03 
3.098879e-03 
3.445464e-03 
3.374108e-03 
3.119266e-03 
2.905199e-03 
2.456677e-03 
1.365953e-03 
-1.019368e-04 
-1.213048e-03 
-1.478084e-03 
-1.151886e-03 
-7.645260e-04 
-6.422018e-04 
-8.868502e-04 
-1.508665e-03 
-2.344546e-03 
-2.956167e-03 
-2.925586e-03 
-2.395515e-03 
-2.038736e-03 
-2.436290e-03 
-3.588175e-03 
-5.015291e-03 
-6.238532e-03 
-7.074414e-03 
-7.614679e-03 
-7.869521e-03 
-7.737003e-03 
-7.115189e-03 
-6.177370e-03 
-5.270133e-03 
-4.638124e-03 
-4.199796e-03 
-3.761468e-03 
-3.333333e-03 
-3.088685e-03 
-3.088685e-03 
-3.170234e-03 
-3.160041e-03 
-3.047910e-03 
-2.976555e-03 
-3.017329e-03 
-3.119266e-03 
-3.221203e-03 
-3.323140e-03 
-3.445464e-03 
-3.588175e-03 
-3.771662e-03 
-3.995923e-03 
-4.199796e-03 
-4.220183e-03 
-3.832824e-03 
-2.986748e-03 
-1.987768e-03 
-1.253823e-03 
-8.868502e-04 
-4.281346e-04 
6.320082e-04 
2.191641e-03 
3.476045e-03 
3.792049e-03 
3.261978e-03 
2.548420e-03 
1.926606e-03 
1.029562e-03 
-4.485219e-04 
-2.099898e-03 
-3.160041e-03 
-3.445464e-03 
-3.527013e-03 
-3.944954e-03 
-4.525994e-03 
-4.729867e-03 
-4.475025e-03 
-4.352701e-03 
-4.943935e-03 
-6.197757e-03 
-7.553517e-03 
-8.542304e-03 
-9.021407e-03 
-9.123344e-03 
-9.215087e-03 
-9.704383e-03 
-1.083588e-02 
-1.226300e-02 
-1.324159e-02 
-1.320082e-02 
-1.225280e-02 
-1.101937e-02 
-9.969419e-03 
-9.092762e-03 
-8.175331e-03 
-7.176351e-03 
-6.381244e-03 
-6.044852e-03 
-5.983690e-03 
-5.749235e-03 
-5.025484e-03 
-4.036697e-03 
-3.333333e-03 
-3.200815e-03 
-3.292559e-03 
-2.945973e-03 
-1.926606e-03 
-7.033639e-04 
-9.174312e-05 
-4.892966e-04 
-1.641182e-03 
-2.986748e-03 
-4.138634e-03 
-5.086646e-03 
-5.953109e-03 
-6.727829e-03 
-7.298675e-03 
-7.645260e-03 
-7.808359e-03 
-7.777778e-03 
-7.431193e-03 
-6.727829e-03 
-5.953109e-03 
-5.545362e-03 
-5.739042e-03 
-6.330275e-03 
-6.850153e-03 
-7.094801e-03 
-7.298675e-03 
-7.951070e-03 
-9.133537e-03 
-1.023445e-02 
-1.034659e-02 
-9.184506e-03 
-7.471967e-03 
-6.269113e-03 
-5.861366e-03 
-5.555556e-03 
-4.546381e-03 
-2.895005e-03 
-1.335372e-03 
-5.198777e-04 
-3.771662e-04 
-2.752294e-04 
4.892966e-04 
2.252803e-03 
4.617737e-03 
6.554536e-03 
7.064220e-03 
6.136595e-03 
4.821611e-03 
4.108053e-03 
3.955148e-03 
3.577982e-03 
2.619776e-03 
1.651376e-03 
1.416922e-03 
1.916412e-03 
2.609582e-03 
3.251784e-03 
4.108053e-03 
5.270133e-03 
6.228338e-03 
6.432212e-03 
5.942915e-03 
5.443425e-03 
5.433231e-03 
5.851172e-03 
6.422018e-03 
6.992864e-03 
7.410805e-03 
7.410805e-03 
6.921509e-03 
6.269113e-03 
5.881753e-03 
5.779817e-03 
5.749235e-03 
5.871560e-03 
6.523955e-03 
7.594292e-03 
8.338430e-03 
8.358818e-03 
8.195719e-03 
8.654434e-03 
9.612640e-03 
1.013252e-02 
9.806320e-03 
9.225280e-03 
9.062181e-03 
9.164118e-03 
8.990826e-03 
8.532110e-03 
8.328236e-03 
8.674822e-03 
9.286442e-03 
9.755352e-03 
9.898063e-03 
9.704383e-03 
9.215087e-03 
8.623853e-03 
8.277268e-03 
8.297655e-03 
8.552497e-03 
8.817533e-03 
9.092762e-03 
9.367992e-03 
9.378186e-03 
8.909276e-03 
8.226300e-03 
7.981651e-03 
8.532110e-03 
9.500510e-03 
1.024465e-02 
1.046891e-02 
1.043833e-02 
1.042813e-02 
1.031600e-02 
9.785933e-03 
8.868502e-03 
8.042813e-03 
7.747197e-03 
7.910296e-03 
8.063201e-03 
8.022426e-03 
8.114169e-03 
8.685015e-03 
9.500510e-03 
9.847095e-03 
9.337411e-03 
8.328236e-03 
7.543323e-03 
7.237513e-03 
7.145770e-03 
7.033639e-03 
7.094801e-03 
7.594292e-03 
8.256881e-03 
8.419980e-03 
7.686035e-03 
6.330275e-03 
5.025484e-03 
4.250765e-03 
4.046891e-03 
4.179409e-03 
4.413863e-03 
4.597350e-03 
4.587156e-03 
4.393476e-03 
4.057085e-03 
3.690112e-03 
3.353721e-03 
3.088685e-03 
2.854230e-03 
2.497452e-03 
1.783894e-03 
6.014271e-04 
-9.887870e-04 
-2.731906e-03 
-4.342508e-03 
-5.657492e-03 
-6.636086e-03 
-7.339450e-03 
-7.706422e-03 
-7.522936e-03 
-6.676860e-03 
-5.453619e-03 
-4.424057e-03 
-3.995923e-03 
-4.057085e-03 
-4.209990e-03 
-4.199796e-03 
-4.118247e-03 
-4.128440e-03 
-4.240571e-03 
-4.352701e-03 
-4.393476e-03 
-4.301733e-03 
-4.036697e-03 
-3.669725e-03 
-3.394495e-03 
-3.465851e-03 
-3.995923e-03 
-4.852192e-03 
-5.790010e-03 
-6.615698e-03 
-7.257900e-03 
-7.696228e-03 
-7.859327e-03 
-7.706422e-03 
-7.420999e-03 
-7.237513e-03 
-7.166157e-03 
-6.911315e-03 
-6.340469e-03 
-5.708461e-03 
-5.280326e-03 
-5.035678e-03 
-4.740061e-03 
-4.434251e-03 
-4.403670e-03 
-4.689093e-03 
-4.974516e-03 
-4.923547e-03 
-4.546381e-03 
-3.893986e-03 
-2.864424e-03 
-1.549439e-03 
-4.791030e-04 
-2.446483e-04 
-8.256881e-04 
-1.610601e-03 
-2.171254e-03 
-2.579001e-03 
-3.058104e-03 
-3.618756e-03 
-4.118247e-03 
-4.576962e-03 
-5.208970e-03 
-6.106014e-03 
-7.003058e-03 
-7.329256e-03 
-6.574924e-03 
-4.750255e-03 
-2.538226e-03 
-8.664628e-04 
-1.427115e-04 
-3.058104e-05 
8.154944e-05 
4.892966e-04 
1.029562e-03 
1.478084e-03 
1.743119e-03 
1.732926e-03 
1.345566e-03 
6.014271e-04 
-2.242610e-04 
-7.849134e-04 
-8.562691e-04 
-5.096840e-04 
2.038736e-05 
4.689093e-04 
7.441386e-04 
8.766565e-04 
9.785933e-04 
1.070336e-03 
1.141692e-03 
1.151886e-03 
1.049949e-03 
8.154944e-04 
5.912334e-04 
6.116208e-04 
8.970438e-04 
1.141692e-03 
1.029562e-03 
7.135576e-04 
6.523955e-04 
1.019368e-03 
1.427115e-03 
1.406728e-03 
1.009174e-03 
6.829766e-04 
6.727829e-04 
7.237513e-04 
3.669725e-04 
-4.994903e-04 
-1.620795e-03 
-2.823649e-03 
-4.199796e-03 
-5.840979e-03 
-7.370031e-03 
-8.236493e-03 
-8.328236e-03 
-8.236493e-03 
-8.501529e-03 
-8.909276e-03 
-8.837920e-03 
-8.114169e-03 
-7.319062e-03 
-6.911315e-03 
-6.697248e-03 
-6.207951e-03 
-5.474006e-03 
-4.923547e-03 
-4.719674e-03 
-4.648318e-03 
-4.475025e-03 
-4.250765e-03 
-4.057085e-03 
-3.832824e-03 
-3.547401e-03 
-3.261978e-03 
-2.945973e-03 
-2.579001e-03 
-2.364934e-03 
-2.752294e-03 
-3.771662e-03 
-4.862385e-03 
-5.372069e-03 
-5.331295e-03 
-5.361876e-03 
-5.830785e-03 
-6.574924e-03 
-7.319062e-03 
-8.154944e-03 
-9.153925e-03 
-1.002039e-02 
-1.031600e-02 
-1.006116e-02 
-9.602446e-03 
-9.011213e-03 
-8.063201e-03 
-6.788991e-03 
-5.779817e-03 
-5.433231e-03 
-5.412844e-03 
-5.045872e-03 
-4.220183e-03 
-3.516820e-03 
-3.333333e-03 
-3.445464e-03 
-3.465851e-03 
-3.353721e-03 
-3.272171e-03 
-3.160041e-03 
-2.915392e-03 
-2.629969e-03 
-2.395515e-03 
-1.967380e-03 
-1.009174e-03 
3.363914e-04 
1.559633e-03 
2.497452e-03 
3.445464e-03 
4.689093e-03 
5.932722e-03 
6.727829e-03 
7.054027e-03 
7.186544e-03 
7.206932e-03 
6.921509e-03 
6.167176e-03 
5.035678e-03 
3.771662e-03 
2.742100e-03 
2.334353e-03 
2.752294e-03 
3.669725e-03 
4.444444e-03 
4.658512e-03 
4.464832e-03 
4.209990e-03 
3.995923e-03 
3.618756e-03 
2.956167e-03 
2.252803e-03 
1.845056e-03 
1.804281e-03 
1.753313e-03 
1.233435e-03 
1.732926e-04 
-1.070336e-03 
-2.048930e-03 
-2.629969e-03 
-2.925586e-03 
-2.945973e-03 
-2.680938e-03 
-2.293578e-03 
-2.079511e-03 
-1.997961e-03 
-1.651376e-03 
-7.237513e-04 
5.606524e-04 
1.794088e-03 
2.864424e-03 
3.955148e-03 
5.127421e-03 
6.289501e-03 
7.359837e-03 
8.318043e-03 
9.011213e-03 
9.225280e-03 
8.990826e-03 
8.572885e-03 
8.144750e-03 
7.665647e-03 
7.217125e-03 
7.186544e-03 
7.757390e-03 
8.440367e-03 
8.460754e-03 
7.696228e-03 
6.911315e-03 
6.911315e-03 
7.675841e-03 
8.562691e-03 
9.082569e-03 
9.255861e-03 
9.215087e-03 
8.827727e-03 
8.053007e-03 
7.237513e-03 
6.850153e-03 
6.890928e-03 
6.870540e-03 
6.554536e-03 
6.320082e-03 
6.666667e-03 
7.441386e-03 
7.930683e-03 
7.737003e-03 
7.115189e-03 
6.503568e-03 
5.973496e-03 
5.249745e-03 
4.281346e-03 
3.384302e-03 
2.793068e-03 
2.415902e-03 
1.977574e-03 
1.284404e-03 
3.873598e-04 
-5.300714e-04 
-1.335372e-03 
-2.028542e-03 
-2.731906e-03 
-3.516820e-03 
-4.271152e-03 
-4.872579e-03 
-5.300714e-03 
-5.637105e-03 
-5.851172e-03 
-5.902141e-03 
-5.861366e-03 
-5.871560e-03 
-5.942915e-03 
-5.942915e-03 
-5.881753e-03 
-5.871560e-03 
-5.881753e-03 
-5.708461e-03 
-5.300714e-03 
-4.984709e-03 
-5.035678e-03 
-5.372069e-03 
-5.790010e-03 
-6.289501e-03 
-7.003058e-03 
-7.737003e-03 
-8.154944e-03 
-8.226300e-03 
-8.287462e-03 
-8.521916e-03 
-8.685015e-03 
-8.460754e-03 
-7.798165e-03 
-6.860347e-03 
-5.800204e-03 
-4.933741e-03 
-4.648318e-03 
-5.045872e-03 
-5.667686e-03 
-6.044852e-03 
-6.106014e-03 
-6.075433e-03 
-5.861366e-03 
-5.107034e-03 
-3.812436e-03 
-2.477064e-03 
-1.681957e-03 
-1.569827e-03 
-1.997961e-03 
-2.752294e-03 
-3.608563e-03 
-4.260958e-03 
-4.525994e-03 
-4.485219e-03 
-4.332314e-03 
-4.189602e-03 
-4.199796e-03 
-4.699286e-03 
-5.963303e-03 
-7.818552e-03 
-9.633028e-03 
-1.087666e-02 
-1.154944e-02 
-1.213048e-02 
-1.288481e-02 
-1.370031e-02 
-1.420999e-02 
-1.423038e-02 
-1.391437e-02 
-1.352701e-02 
-1.317023e-02 
-1.270133e-02 
-1.195719e-02 
-1.096840e-02 
-9.887870e-03 
-8.756371e-03 
-7.420999e-03 
-5.667686e-03 
-3.506626e-03 
-1.172273e-03 
1.039755e-03 
2.966361e-03 
4.525994e-03 
5.657492e-03 
6.289501e-03 
6.442406e-03 
6.309888e-03 
6.258919e-03 
6.605505e-03 
7.349643e-03 
8.185525e-03 
8.878695e-03 
9.469929e-03 
1.009174e-02 
1.065240e-02 
1.085627e-02 
1.062181e-02 
1.024465e-02 
1.000000e-02 
9.949032e-03 
9.989806e-03 
1.008155e-02 
1.011213e-02 
9.816514e-03 
9.001019e-03 
7.940877e-03 
7.074414e-03 
6.472987e-03 
5.830785e-03 
4.974516e-03 
4.128440e-03 
3.486239e-03 
2.996942e-03 
2.609582e-03 
2.497452e-03 
2.762487e-03 
3.170234e-03 
3.506626e-03 
3.924567e-03 
4.699286e-03 
5.718654e-03 
6.544343e-03 
7.145770e-03 
7.808359e-03 
8.613660e-03 
9.255861e-03 
9.551478e-03 
9.724771e-03 
9.959225e-03 
9.969419e-03 
9.449541e-03 
8.756371e-03 
8.654434e-03 
9.439348e-03 
1.058104e-02 
1.136595e-02 
1.151886e-02 
1.125382e-02 
1.084608e-02 
1.041794e-02 
1.011213e-02 
1.013252e-02 
1.068298e-02 
1.166157e-02 
1.257900e-02 
1.297655e-02 
1.283384e-02 
1.260958e-02 
1.266055e-02 
1.281346e-02 
1.268094e-02 
1.213048e-02 
1.135576e-02 
1.053007e-02 
9.673802e-03 
8.888889e-03 
8.277268e-03 
7.798165e-03 
7.237513e-03 
6.646279e-03 
6.422018e-03 
6.676860e-03 
6.860347e-03 
6.371050e-03 
5.474006e-03 
5.158002e-03 
5.922528e-03 
7.074414e-03 
7.624873e-03 
7.441386e-03 
7.196738e-03 
7.319062e-03 
7.573904e-03 
7.777778e-03 
8.226300e-03 
9.255861e-03 
1.049949e-02 
1.138634e-02 
1.186544e-02 
1.236493e-02 
1.298675e-02 
1.334353e-02 
1.326198e-02 
1.324159e-02 
1.366972e-02 
1.416922e-02 
1.395515e-02 
1.278287e-02 
1.117227e-02 
9.694190e-03 
8.521916e-03 
7.635066e-03 
7.064220e-03 
6.748216e-03 
6.422018e-03 
5.871560e-03 
5.147808e-03 
4.393476e-03 
3.588175e-03 
2.609582e-03 
1.386340e-03 
1.019368e-05 
-1.376147e-03 
-2.558614e-03 
-3.261978e-03 
-3.353721e-03 
-3.088685e-03 
-2.833843e-03 
-2.813456e-03 
-2.844037e-03 
-2.640163e-03 
-2.038736e-03 
-1.202854e-03 
-5.096840e-04 
-2.854230e-04 
-5.096840e-04 
-7.849134e-04 
-7.441386e-04 
-4.383282e-04 
-2.344546e-04 
-3.771662e-04 
-7.645260e-04 
-1.141692e-03 
-1.396534e-03 
-1.600408e-03 
-1.885831e-03 
-2.303772e-03 
-2.823649e-03 
-3.394495e-03 
-3.944954e-03 
-4.352701e-03 
-4.566769e-03 
-4.546381e-03 
-4.332314e-03 
-3.985729e-03 
-3.690112e-03 
-3.598369e-03 
-3.771662e-03 
-4.189602e-03 
-4.750255e-03 
-5.321101e-03 
-5.739042e-03 
-5.871560e-03 
-5.708461e-03 
-5.463812e-03 
-5.514781e-03 
-6.085627e-03 
-7.013252e-03 
-7.818552e-03 
-8.185525e-03 
-8.226300e-03 
-8.226300e-03 
-8.307849e-03 
-8.348624e-03 
-8.256881e-03 
-8.216106e-03 
-8.521916e-03 
-9.266055e-03 
-1.029562e-02 
-1.133537e-02 
-1.219164e-02 
-1.276249e-02 
-1.310907e-02 
-1.341488e-02 
-1.385321e-02 
-1.442406e-02 
-1.490316e-02 
-1.506626e-02 
-1.494393e-02 
-1.471967e-02 
-1.451580e-02 
-1.431193e-02 
-1.409786e-02 
-1.402650e-02 
-1.423038e-02 
-1.467890e-02 
-1.509684e-02 
-1.530071e-02 
-1.536188e-02 
-1.553517e-02 
-1.601427e-02 
-1.675841e-02 
-1.750255e-02 
-1.787971e-02 
-1.777778e-02 
-1.749235e-02 
-1.743119e-02 
-1.760449e-02 
-1.767584e-02 
-1.746177e-02 
-1.720693e-02 
-1.713558e-02 
-1.709480e-02 
-1.689093e-02 
-1.676860e-02 
-1.704383e-02 
-1.754332e-02 
-1.762487e-02 
-1.710499e-02 
-1.654434e-02 
-1.646279e-02 
-1.658512e-02 
-1.630989e-02 
-1.557594e-02 
-1.493374e-02 
-1.475025e-02 
-1.480122e-02 
-1.475025e-02 
-1.451580e-02 
-1.422018e-02 
-1.387360e-02 
-1.341488e-02 
-1.273191e-02 
-1.169215e-02 
-1.020387e-02 
-8.542304e-03 
-7.349643e-03 
-7.003058e-03 
-7.196738e-03 
-7.329256e-03 
-7.135576e-03 
-6.778797e-03 
-6.462793e-03 
-6.187564e-03 
-5.963303e-03 
-5.810398e-03 
-5.688073e-03 
-5.392457e-03 
-4.821611e-03 
-4.138634e-03 
-3.588175e-03 
-3.333333e-03 
-3.302752e-03 
-3.251784e-03 
-2.844037e-03 
-1.977574e-03 
-9.378186e-04 
-1.121305e-04 
5.402650e-04 
1.335372e-03 
2.273191e-03 
2.925586e-03 
3.078491e-03 
3.170234e-03 
3.679918e-03 
4.505607e-03 
5.229358e-03 
5.861366e-03 
6.799185e-03 
8.175331e-03 
9.673802e-03 
1.104995e-02 
1.235474e-02 
1.350663e-02 
1.410805e-02 
1.401631e-02 
1.358818e-02 
1.327217e-02 
1.305810e-02 
1.270133e-02 
1.229358e-02 
1.199796e-02 
1.161060e-02 
1.066259e-02 
9.184506e-03 
7.767584e-03 
6.788991e-03 
6.106014e-03 
5.453619e-03 
4.841998e-03 
4.260958e-03 
3.374108e-03 
1.977574e-03 
4.179409e-04 
-7.135576e-04 
-1.233435e-03 
-1.416922e-03 
-1.416922e-03 
-1.090724e-03 
-4.689093e-04 
6.116208e-05 
2.752294e-04 
4.485219e-04 
9.989806e-04 
1.855250e-03 
2.528033e-03 
2.752294e-03 
2.854230e-03 
3.241590e-03 
3.934760e-03 
4.668705e-03 
5.351682e-03 
6.177370e-03 
7.155963e-03 
7.940877e-03 
8.134557e-03 
7.859327e-03 
7.716616e-03 
8.124363e-03 
8.888889e-03 
9.429154e-03 
9.357798e-03 
8.837920e-03 
8.287462e-03 
7.971458e-03 
7.716616e-03 
7.115189e-03 
5.861366e-03 
4.077472e-03 
2.293578e-03 
1.111111e-03 
6.829766e-04 
6.727829e-04 
5.912334e-04 
2.854230e-04 
-5.096840e-05 
-1.732926e-04 
-2.038736e-05 
3.465851e-04 
8.053007e-04 
1.264016e-03 
1.580020e-03 
1.610601e-03 
1.396534e-03 
1.080530e-03 
8.460754e-04 
7.237513e-04 
7.033639e-04 
7.849134e-04 
9.887870e-04 
1.243629e-03 
1.498471e-03 
1.865443e-03 
2.538226e-03 
3.384302e-03 
3.761468e-03 
3.109072e-03 
1.671764e-03 
3.669725e-04 
-3.771662e-04 
-1.192661e-03 
-2.915392e-03 
-5.310907e-03 
-7.319062e-03 
-8.501529e-03 
-9.520897e-03 
-1.100917e-02 
-1.249745e-02 
-1.296636e-02 
-1.231397e-02 
-1.150866e-02 
-1.149847e-02 
-1.243629e-02 
-1.380224e-02 
-1.480122e-02 
-1.482161e-02 
-1.403670e-02 
-1.360856e-02 
-1.457696e-02 
-1.625892e-02 
-1.659531e-02 
-1.452599e-02 
-1.131498e-02 
-9.082569e-03 
-8.562691e-03 
-8.950051e-03 
-9.429154e-03 
-9.724771e-03 
-9.367992e-03 
-7.737003e-03 
-5.107034e-03 
-2.803262e-03 
-1.630989e-03 
-9.785933e-04 
0 
8.358818e-04 
5.198777e-04 
-7.033639e-04 
-1.376147e-03 
-7.237513e-04 
4.689093e-04 
1.111111e-03 
1.162080e-03 
1.213048e-03 
1.335372e-03 
1.345566e-03 
1.671764e-03 
3.058104e-03 
5.259939e-03 
6.819572e-03 
6.615698e-03 
5.239551e-03 
4.301733e-03 
4.485219e-03 
5.056065e-03 
5.178389e-03 
5.147808e-03 
5.790010e-03 
7.115189e-03 
8.195719e-03 
8.338430e-03 
7.930683e-03 
7.696228e-03 
7.553517e-03 
6.839959e-03 
5.484200e-03 
4.352701e-03 
4.271152e-03 
4.903160e-03 
5.107034e-03 
4.169215e-03 
2.487258e-03 
9.072375e-04 
-2.038736e-05 
-1.630989e-04 
3.975535e-04 
1.274210e-03 
1.743119e-03 
1.335372e-03 
4.892966e-04 
2.344546e-04 
9.989806e-04 
2.191641e-03 
3.139653e-03 
3.985729e-03 
5.188583e-03 
6.523955e-03 
7.186544e-03 
7.135576e-03 
7.441386e-03 
8.990826e-03 
1.129460e-02 
1.305810e-02 
1.379205e-02 
1.422018e-02 
1.514781e-02 
1.642202e-02 
1.737003e-02 
1.770642e-02 
1.760449e-02 
1.724771e-02 
1.661570e-02 
1.579001e-02 
1.513761e-02 
1.492355e-02 
1.498471e-02 
1.488277e-02 
1.434251e-02 
1.344546e-02 
1.248726e-02 
1.176351e-02 
1.142712e-02 
1.135576e-02 
1.130479e-02 
1.118247e-02 
1.108053e-02 
1.104995e-02 
1.082569e-02 
1.011213e-02 
9.092762e-03 
8.460754e-03 
8.654434e-03 
9.408767e-03 
1.005097e-02 
1.034659e-02 
1.054027e-02 
1.079511e-02 
1.075433e-02 
9.949032e-03 
8.593272e-03 
7.461774e-03 
7.125382e-03 
7.298675e-03 
7.268094e-03 
6.799185e-03 
6.360856e-03 
6.523955e-03 
7.217125e-03 
7.879715e-03 
8.165138e-03 
8.205912e-03 
8.226300e-03 
8.165138e-03 
7.900102e-03 
7.614679e-03 
7.594292e-03 
7.665647e-03 
7.400612e-03 
6.758410e-03 
6.391437e-03 
6.788991e-03 
7.675841e-03 
8.409786e-03 
8.786952e-03 
9.011213e-03 
9.001019e-03 
8.399592e-03 
7.257900e-03 
6.269113e-03 
6.034659e-03 
6.422018e-03 
6.962283e-03 
7.471967e-03 
7.981651e-03 
8.165138e-03 
7.441386e-03 
5.565749e-03 
2.996942e-03 
5.096840e-04 
-1.213048e-03 
-1.936799e-03 
-2.008155e-03 
-2.191641e-03 
-3.027523e-03 
-4.220183e-03 
-5.056065e-03 
-5.321101e-03 
-5.474006e-03 
-5.830785e-03 
-6.095821e-03 
-6.024465e-03 
-6.116208e-03 
-6.982671e-03 
-8.358818e-03 
-9.255861e-03 
-9.235474e-03 
-8.756371e-03 
-8.379205e-03 
-8.073394e-03 
-7.482161e-03 
-6.574924e-03 
-5.484200e-03 
-4.220183e-03 
-3.027523e-03 
-2.538226e-03 
-3.088685e-03 
-3.965341e-03 
-4.108053e-03 
-3.394495e-03 
-2.803262e-03 
-3.129460e-03 
-4.189602e-03 
-5.433231e-03 
-6.758410e-03 
-8.246687e-03 
-9.510703e-03 
-9.898063e-03 
-9.266055e-03 
-8.185525e-03 
-7.390418e-03 
-7.257900e-03 
-7.798165e-03 
-8.583078e-03 
-8.980632e-03 
-8.797146e-03 
-8.644241e-03 
-9.276249e-03 
-1.062181e-02 
-1.177370e-02 
-1.217125e-02 
-1.223242e-02 
-1.272171e-02 
-1.372069e-02 
-1.463812e-02 
-1.483180e-02 
-1.407747e-02 
-1.267074e-02 
-1.130479e-02 
-1.065240e-02 
-1.060143e-02 
-1.020387e-02 
-8.664628e-03 
-6.493374e-03 
-5.280326e-03 
-6.055046e-03 
-8.205912e-03 
-9.949032e-03 
-9.836901e-03 
-8.002039e-03 
-5.963303e-03 
-5.300714e-03 
-6.146789e-03 
-7.227319e-03 
-7.431193e-03 
-7.094801e-03 
-7.227319e-03 
-7.828746e-03 
-7.777778e-03 
-6.483180e-03 
-4.862385e-03 
-4.006116e-03 
-3.527013e-03 
-2.171254e-03 
9.174312e-05 
1.478084e-03 
5.912334e-04 
-1.610601e-03 
-2.579001e-03 
-9.072375e-04 
2.232416e-03 
4.475025e-03 
4.597350e-03 
3.435270e-03 
2.742100e-03 
3.455657e-03 
5.117227e-03 
6.605505e-03 
7.227319e-03 
7.115189e-03 
6.788991e-03 
6.676860e-03 
7.023445e-03 
7.879715e-03 
9.174312e-03 
1.060143e-02 
1.188583e-02 
1.310907e-02 
1.451580e-02 
1.592253e-02 
1.642202e-02 
1.525994e-02 
1.281346e-02 
1.040775e-02 
9.133537e-03 
8.827727e-03 
8.521916e-03 
7.624873e-03 
6.360856e-03 
5.259939e-03 
4.556575e-03 
4.169215e-03 
4.036697e-03 
4.220183e-03 
4.638124e-03 
4.892966e-03 
4.515800e-03 
3.557594e-03 
2.650357e-03 
2.364934e-03 
2.466871e-03 
2.120285e-03 
1.039755e-03 
1.019368e-05 
6.116208e-05 
1.223242e-03 
2.629969e-03 
3.588175e-03 
4.271152e-03 
5.035678e-03 
5.708461e-03 
5.840979e-03 
5.392457e-03 
4.872579e-03 
4.811417e-03 
5.259939e-03 
5.820591e-03 
5.953109e-03 
5.412844e-03 
4.464832e-03 
3.700306e-03 
3.363914e-03 
3.058104e-03 
2.283384e-03 
1.151886e-03 
2.446483e-04 
-1.019368e-05 
2.446483e-04 
6.422018e-04 
9.683996e-04 
1.202854e-03 
1.243629e-03 
1.049949e-03 
6.625892e-04 
1.019368e-04 
-7.339450e-04 
-1.936799e-03 
-3.333333e-03 
-4.515800e-03 
-5.086646e-03 
-4.984709e-03 
-4.383282e-03 
-3.527013e-03 
-2.629969e-03 
-1.896024e-03 
-1.630989e-03 
-2.038736e-03 
-2.945973e-03 
-3.761468e-03 
-3.893986e-03 
-3.251784e-03 
-2.303772e-03 
-1.620795e-03 
-1.498471e-03 
-1.906218e-03 
-2.691131e-03 
-3.598369e-03 
-4.260958e-03 
-4.322120e-03 
-3.700306e-03 
-2.691131e-03 
-1.773700e-03 
-1.325178e-03 
-1.518858e-03 
-2.262997e-03 
-3.170234e-03 
-3.690112e-03 
-3.435270e-03 
-2.701325e-03 
-2.385321e-03 
-3.078491e-03 
-4.220183e-03 
-4.485219e-03 
-3.200815e-03 
-1.223242e-03 
6.116208e-05 
1.732926e-04 
-2.854230e-04 
-8.053007e-04 
-1.661570e-03 
-3.119266e-03 
-4.566769e-03 
-5.147808e-03 
-5.015291e-03 
-5.147808e-03 
-5.963303e-03 
-6.676860e-03 
-6.544343e-03 
-5.932722e-03 
-5.769623e-03 
-6.177370e-03 
-6.483180e-03 
-6.330275e-03 
-6.146789e-03 
-6.207951e-03 
-6.085627e-03 
-5.463812e-03 
-4.903160e-03 
-5.137615e-03 
-5.769623e-03 
-5.708461e-03 
-4.658512e-03 
-3.608563e-03 
-3.414883e-03 
-3.761468e-03 
-3.924567e-03 
-4.026504e-03 
-4.719674e-03 
-5.861366e-03 
-6.442406e-03 
-5.922528e-03 
-5.015291e-03 
-4.658512e-03 
-4.841998e-03 
-4.964322e-03 
-5.015291e-03 
-5.545362e-03 
-6.585117e-03 
-7.247706e-03 
-6.707441e-03 
-5.066259e-03 
-3.058104e-03 
-1.335372e-03 
-3.058104e-04 
-2.752294e-04 
-1.243629e-03 
-2.589195e-03 
-3.527013e-03 
-3.710499e-03 
-3.200815e-03 
-2.110092e-03 
-6.625892e-04 
5.810398e-04 
1.060143e-03 
7.951070e-04 
1.019368e-05 
-1.753313e-03 
-5.341488e-03 
-1.041794e-02 
-1.491335e-02 
-1.670744e-02 
-1.556575e-02 
-1.319062e-02 
-1.171254e-02 
-1.233435e-02 
-1.456677e-02 
-1.601427e-02 
-1.371050e-02 
-7.319062e-03 
-9.072375e-04 
0 
-6.024465e-03 
-1.446483e-02 
-1.930683e-02 
-1.861366e-02 
-1.510703e-02 
-1.196738e-02 
-9.459735e-03 
-5.372069e-03 
1.671764e-03 
9.510703e-03 
1.298675e-02 
8.175331e-03 
-2.793068e-03 
-1.208970e-02 
-1.306830e-02 
-6.992864e-03 
-1.100917e-03 
5.096840e-05 
-7.951070e-04 
1.467890e-03 
6.738022e-03 
9.561672e-03 
6.085627e-03 
-1.396534e-03 
-7.166157e-03 
-7.951070e-03 
-5.045872e-03 
-1.671764e-03 
2.446483e-04 
9.683996e-04 
1.447503e-03 
1.763507e-03 
1.264016e-03 
-1.223242e-04 
-1.111111e-03 
-4.485219e-04 
1.304791e-03 
2.130479e-03 
8.664628e-04 
-1.427115e-03 
-2.884811e-03 
-2.762487e-03 
-1.427115e-03 
8.053007e-04 
3.792049e-03 
6.656473e-03 
7.818552e-03 
6.350663e-03 
2.986748e-03 
-6.931702e-04 
-3.618756e-03 
-5.474006e-03 
-5.922528e-03 
-4.301733e-03 
-4.383282e-04 
4.393476e-03 
7.726809e-03 
7.614679e-03 
4.281346e-03 
5.096840e-05 
-2.477064e-03 
-2.171254e-03 
2.752294e-04 
3.170234e-03 
4.740061e-03 
3.965341e-03 
1.457696e-03 
-6.727829e-04 
-5.708461e-04 
1.335372e-03 
2.823649e-03 
2.446483e-03 
9.989806e-04 
1.834862e-04 
5.402650e-04 
1.406728e-03 
2.140673e-03 
2.589195e-03 
2.375127e-03 
9.989806e-04 
-1.121305e-03 
-2.721713e-03 
-3.343527e-03 
-4.077472e-03 
-6.075433e-03 
-8.501529e-03 
-9.041794e-03 
-6.401631e-03 
-1.916412e-03 
1.834862e-03 
3.425076e-03 
3.333333e-03 
2.701325e-03 
1.946993e-03 
9.276249e-04 
-1.427115e-04 
-4.383282e-04 
4.791030e-04 
1.875637e-03 
2.507645e-03 
1.987768e-03 
1.233435e-03 
1.386340e-03 
2.558614e-03 
3.893986e-03 
4.617737e-03 
4.638124e-03 
4.291539e-03 
3.832824e-03 
3.425076e-03 
3.414883e-03 
4.118247e-03 
5.514781e-03 
7.166157e-03 
8.572885e-03 
9.439348e-03 
9.643221e-03 
9.245668e-03 
8.532110e-03 
7.991845e-03 
7.971458e-03 
8.379205e-03 
8.786952e-03 
8.858308e-03 
8.572885e-03 
8.175331e-03 
7.777778e-03 
7.288481e-03 
6.574924e-03 
5.861366e-03 
5.647299e-03 
6.187564e-03 
7.176351e-03 
7.951070e-03 
8.103976e-03 
7.787971e-03 
7.227319e-03 
6.330275e-03 
4.831804e-03 
2.772681e-03 
7.339450e-04 
-3.465851e-04 
7.135576e-05 
1.569827e-03 
2.752294e-03 
2.283384e-03 
3.058104e-04 
-1.488277e-03 
-1.406728e-03 
5.402650e-04 
2.844037e-03 
4.118247e-03 
4.230377e-03 
3.751274e-03 
3.068298e-03 
2.252803e-03 
1.376147e-03 
5.300714e-04 
-2.854230e-04 
-9.989806e-04 
-1.284404e-03 
-1.019368e-03 
-7.237513e-04 
-8.562691e-04 
-1.029562e-03 
-5.198777e-04 
3.567788e-04 
2.344546e-04 
-1.457696e-03 
-3.384302e-03 
-3.832824e-03 
-2.956167e-03 
-2.558614e-03 
-3.669725e-03 
-5.372069e-03 
-6.238532e-03 
-6.075433e-03 
-5.555556e-03 
-4.984709e-03 
-4.128440e-03 
-3.211009e-03 
-3.007136e-03 
-3.781855e-03 
-4.852192e-03 
-5.372069e-03 
-5.076453e-03 
-3.904179e-03 
-1.671764e-03 
1.335372e-03 
3.792049e-03 
4.271152e-03 
2.813456e-03 
9.480122e-04 
1.936799e-04 
6.829766e-04 
1.610601e-03 
2.293578e-03 
2.793068e-03 
3.537207e-03 
4.770642e-03 
6.299694e-03 
7.441386e-03 
7.512742e-03 
6.472987e-03 
4.964322e-03 
3.700306e-03 
2.884811e-03 
2.456677e-03 
2.436290e-03 
2.823649e-03 
3.323140e-03 
3.496432e-03 
3.323140e-03 
3.302752e-03 
3.802243e-03 
4.709480e-03 
5.698267e-03 
6.554536e-03 
6.941896e-03 
6.207951e-03 
3.914373e-03 
6.829766e-04 
-1.997961e-03 
-2.996942e-03 
-2.568807e-03 
-1.834862e-03 
-1.427115e-03 
-1.019368e-03 
-2.344546e-04 
4.179409e-04 
1.019368e-05 
-1.549439e-03 
-3.098879e-03 
-3.384302e-03 
-2.313965e-03 
-8.970438e-04 
-1.834862e-04 
-4.179409e-04 
-1.355759e-03 
-2.731906e-03 
-4.373089e-03 
-5.983690e-03 
-6.962283e-03 
-6.697248e-03 
-5.015291e-03 
-2.497452e-03 
-2.344546e-04 
9.174312e-04 
9.276249e-04 
3.567788e-04 
-3.160041e-04 
-1.111111e-03 
-1.997961e-03 
-2.548420e-03 
-2.344546e-03 
-1.702345e-03 
-1.600408e-03 
-2.405708e-03 
-3.180428e-03 
-2.670744e-03 
-9.480122e-04 
3.669725e-04 
-1.019368e-05 
-1.508665e-03 
-2.568807e-03 
-2.691131e-03 
-2.833843e-03 
-3.659531e-03 
-4.362895e-03 
-3.771662e-03 
-2.018349e-03 
-3.669725e-04 
3.975535e-04 
5.198777e-04 
4.281346e-04 
1.630989e-04 
-1.427115e-04 
1.019368e-04 
1.202854e-03 
2.650357e-03 
3.710499e-03 
4.301733e-03 
4.760449e-03 
5.117227e-03 
5.168196e-03 
5.066259e-03 
5.351682e-03 
6.228338e-03 
7.308869e-03 
8.012232e-03 
7.971458e-03 
7.094801e-03 
5.535168e-03 
3.720693e-03 
1.997961e-03 
3.261978e-04 
-1.396534e-03 
-2.640163e-03 
-2.650357e-03 
-1.498471e-03 
-3.567788e-04 
-2.242610e-04 
-9.480122e-04 
-1.763507e-03 
-2.568807e-03 
-3.843017e-03 
-5.657492e-03 
-7.206932e-03 
-7.645260e-03 
-6.982671e-03 
-5.912334e-03 
-5.096840e-03 
-4.719674e-03 
-4.587156e-03 
-4.403670e-03 
-4.026504e-03 
-3.567788e-03 
-3.353721e-03 
-3.628950e-03 
-4.383282e-03 
-5.300714e-03 
-6.004077e-03 
-6.146789e-03 
-5.677880e-03 
-4.892966e-03 
-4.108053e-03 
-3.404689e-03 
-2.691131e-03 
-2.171254e-03 
-2.273191e-03 
-3.109072e-03 
-4.108053e-03 
-4.444444e-03 
-3.822630e-03 
-2.507645e-03 
-9.887870e-04 
4.179409e-04 
1.396534e-03 
1.712538e-03 
1.335372e-03 
6.218145e-04 
4.077472e-05 
-1.121305e-04 
2.548420e-04 
1.151886e-03 
2.558614e-03 
4.240571e-03 
5.790010e-03 
6.738022e-03 
6.839959e-03 
6.289501e-03 
5.647299e-03 
5.300714e-03 
5.208970e-03 
5.005097e-03 
4.627931e-03 
4.485219e-03 
4.994903e-03 
5.963303e-03 
6.799185e-03 
7.094801e-03 
7.013252e-03 
6.839959e-03 
6.615698e-03 
6.258919e-03 
5.942915e-03 
5.973496e-03 
6.320082e-03 
6.523955e-03 
6.309888e-03 
5.983690e-03 
6.065240e-03 
6.513761e-03 
6.799185e-03 
6.585117e-03 
6.156983e-03 
6.055046e-03 
6.462793e-03 
7.125382e-03 
7.757390e-03 
8.165138e-03 
8.236493e-03 
7.920489e-03 
7.400612e-03 
6.931702e-03 
6.554536e-03 
6.085627e-03 
5.494393e-03 
5.015291e-03 
4.791030e-03 
4.729867e-03 
4.740061e-03 
4.923547e-03 
5.239551e-03 
5.300714e-03 
4.760449e-03 
3.944954e-03 
3.669725e-03 
4.373089e-03 
5.718654e-03 
7.023445e-03 
7.808359e-03 
7.726809e-03 
6.595311e-03 
4.638124e-03 
2.568807e-03 
1.060143e-03 
1.834862e-04 
-3.465851e-04 
-5.504587e-04 
-2.344546e-04 
5.300714e-04 
1.304791e-03 
1.763507e-03 
1.946993e-03 
1.845056e-03 
1.121305e-03 
-2.956167e-04 
-1.885831e-03 
-2.925586e-03 
-3.251784e-03 
-3.119266e-03 
-2.415902e-03 
-6.320082e-04 
2.161060e-03 
4.903160e-03 
6.299694e-03 
6.126402e-03 
5.239551e-03 
4.566769e-03 
4.342508e-03 
4.301733e-03 
4.179409e-03 
3.955148e-03 
3.679918e-03 
3.445464e-03 
3.261978e-03 
3.109072e-03 
2.905199e-03 
2.670744e-03 
2.507645e-03 
2.405708e-03 
2.252803e-03 
2.018349e-03 
1.875637e-03 
1.824669e-03 
1.559633e-03 
7.339450e-04 
-4.179409e-04 
-1.213048e-03 
-1.192661e-03 
-6.116208e-04 
1.019368e-05 
4.791030e-04 
9.785933e-04 
1.590214e-03 
2.130479e-03 
2.405708e-03 
2.477064e-03 
2.517839e-03 
2.568807e-03 
2.589195e-03 
2.609582e-03 
2.660550e-03 
2.701325e-03 
2.721713e-03 
2.874618e-03 
3.343527e-03 
4.016310e-03 
4.505607e-03 
4.454638e-03 
3.924567e-03 
3.231397e-03 
2.579001e-03 
1.967380e-03 
1.314985e-03 
6.320082e-04 
2.038736e-05 
-4.994903e-04 
-9.378186e-04 
-1.355759e-03 
-1.763507e-03 
-2.181448e-03 
-2.599388e-03 
-3.017329e-03 
-3.425076e-03 
-3.853211e-03 
-4.260958e-03 
-4.627931e-03 
-4.923547e-03 
-5.178389e-03 
-5.433231e-03 
-5.708461e-03 
-5.983690e-03 
-6.238532e-03 
-6.503568e-03 
-6.788991e-03 
-7.023445e-03 
-7.176351e-03 
-7.217125e-03 
-7.227319e-03 
-7.257900e-03 
-7.288481e-03 
-7.308869e-03 
-7.329256e-03 
-7.370031e-03 
-7.461774e-03 
-7.573904e-03 
-7.686035e-03 
-7.787971e-03 
-7.900102e-03 
-8.022426e-03 
-8.124363e-03 
-8.165138e-03 
-8.093782e-03 
-7.900102e-03 
-7.675841e-03 
-7.471967e-03 
-7.298675e-03 
-7.094801e-03 
-6.860347e-03 
-6.676860e-03 
-6.636086e-03 
-6.727829e-03 
-6.860347e-03 
-7.003058e-03 
-7.166157e-03 
-7.319062e-03 
-7.420999e-03 
-7.624873e-03 
-8.124363e-03 
-8.868502e-03 
-9.449541e-03 
-9.388379e-03 
-8.644241e-03 
-7.594292e-03 
-6.615698e-03 
-5.728848e-03 
-4.750255e-03 
-3.710499e-03 
-2.874618e-03 
-2.456677e-03 
-2.385321e-03 
-2.405708e-03 
-2.395515e-03 
-2.354740e-03 
-2.354740e-03 
-2.375127e-03 
-2.344546e-03 
-2.293578e-03 
-2.344546e-03 
-2.568807e-03 
-2.905199e-03 
-3.282365e-03 
-3.659531e-03 
-4.046891e-03 
-4.434251e-03 
-4.750255e-03 
-4.933741e-03 
-4.994903e-03 
-5.015291e-03 
-5.045872e-03 
-5.107034e-03 
-5.158002e-03 
-5.158002e-03 
-5.076453e-03 
-4.903160e-03 
-4.709480e-03 
-4.525994e-03 
-4.332314e-03 
-4.159021e-03 
-3.955148e-03 
-3.679918e-03 
-3.261978e-03 
-2.721713e-03 
-2.191641e-03 
-1.732926e-03 
-1.253823e-03 
-6.523955e-04 
-1.427115e-04 
-8.154944e-05 
-6.320082e-04 
-1.580020e-03 
-2.579001e-03 
-3.527013e-03 
-4.464832e-03 
-5.412844e-03 
-6.197757e-03 
-6.666667e-03 
-6.931702e-03 
-7.206932e-03 
-7.573904e-03 
-7.940877e-03 
-8.083588e-03 
-7.889908e-03 
-7.431193e-03 
-6.870540e-03 
-6.340469e-03 
-5.851172e-03 
-5.341488e-03 
-4.791030e-03 
-4.291539e-03 
-3.893986e-03 
-3.598369e-03 
-3.333333e-03 
-3.068298e-03 
-2.803262e-03 
-2.528033e-03 
-2.262997e-03 
-1.997961e-03 
-1.732926e-03 
-1.457696e-03 
-1.131498e-03 
-7.237513e-04 
-2.854230e-04 
1.630989e-04 
5.810398e-04 
9.989806e-04 
1.447503e-03 
1.896024e-03 
2.283384e-03 
2.548420e-03 
2.691131e-03 
2.782875e-03 
2.884811e-03 
2.996942e-03 
3.109072e-03 
3.211009e-03 
3.312946e-03 
3.404689e-03 
3.486239e-03 
3.557594e-03 
3.628950e-03 
3.700306e-03 
3.771662e-03 
3.843017e-03 
3.924567e-03 
3.965341e-03 
3.944954e-03 
3.843017e-03 
3.710499e-03 
3.588175e-03 
3.476045e-03 
3.363914e-03 
3.241590e-03 
3.109072e-03 
2.996942e-03 
2.935780e-03 
2.925586e-03 
2.935780e-03 
2.945973e-03 
2.956167e-03 
2.966361e-03 
2.976555e-03 
2.986748e-03 
3.007136e-03 
3.058104e-03 
3.170234e-03 
3.312946e-03 
3.445464e-03 
3.577982e-03 
3.700306e-03 
3.843017e-03 
3.985729e-03 
4.097859e-03 
4.159021e-03 
4.148828e-03 
4.077472e-03 
4.016310e-03 
3.985729e-03 
3.944954e-03 
3.873598e-03 
3.822630e-03 
3.843017e-03 
3.924567e-03 
4.026504e-03 
4.108053e-03 
4.209990e-03 
4.332314e-03 
4.424057e-03 
4.505607e-03 
4.597350e-03 
4.709480e-03 
4.770642e-03 
4.780836e-03 
4.831804e-03 
4.933741e-03 
4.994903e-03 
4.994903e-03 
5.045872e-03 
5.147808e-03 
5.096840e-03 
4.729867e-03 
4.240571e-03 
3.924567e-03 
3.669725e-03 
2.996942e-03 
1.641182e-03 
-6.116208e-05 
-1.529052e-03 
-2.517839e-03 
-3.007136e-03 
-2.966361e-03 
-2.487258e-03 
-1.967380e-03 
-1.957187e-03 
-2.558614e-03 
-3.404689e-03 
-4.189602e-03 
-4.933741e-03 
-5.698267e-03 
-6.248726e-03 
-6.320082e-03 
-6.004077e-03 
-5.626911e-03 
-5.361876e-03 
-5.127421e-03 
-4.801223e-03 
-4.454638e-03 
-4.169215e-03 
-3.914373e-03 
-3.608563e-03 
-3.231397e-03 
-2.782875e-03 
-2.293578e-03 
-1.773700e-03 
-1.243629e-03 
-7.237513e-04 
-2.242610e-04 
2.956167e-04 
8.154944e-04 
1.335372e-03 
1.865443e-03 
2.324159e-03 
2.619776e-03 
2.742100e-03 
2.782875e-03 
2.844037e-03 
2.925586e-03 
3.007136e-03 
3.058104e-03 
3.119266e-03 
3.180428e-03 
3.211009e-03 
3.200815e-03 
3.180428e-03 
3.170234e-03 
3.170234e-03 
3.160041e-03 
3.139653e-03 
3.129460e-03 
3.129460e-03 
3.119266e-03 
3.098879e-03 
3.058104e-03 
2.996942e-03 
2.925586e-03 
2.854230e-03 
2.793068e-03 
2.731906e-03 
2.650357e-03 
2.589195e-03 
2.528033e-03 
2.456677e-03 
2.354740e-03 
2.212029e-03 
2.059123e-03 
1.896024e-03 
1.722732e-03 
1.569827e-03 
1.416922e-03 
1.253823e-03 
1.019368e-03 
6.931702e-04 
2.854230e-04 
-1.325178e-04 
-5.300714e-04 
-9.174312e-04 
-1.325178e-03 
-1.743119e-03 
-2.130479e-03 
-2.466871e-03 
-2.731906e-03 
-2.966361e-03 
-3.200815e-03 
-3.435270e-03 
-3.679918e-03 
-3.914373e-03 
-4.148828e-03 
-4.383282e-03 
-4.607543e-03 
-4.811417e-03 
-5.025484e-03 
-5.249745e-03 
-5.463812e-03 
-5.667686e-03 
-5.881753e-03 
-6.126402e-03 
-6.330275e-03 
-6.401631e-03 
-6.269113e-03 
-6.034659e-03 
-5.790010e-03 
-5.565749e-03 
-5.341488e-03 
-5.096840e-03 
-4.872579e-03 
-4.648318e-03 
-4.393476e-03 
-4.057085e-03 
-3.649337e-03 
-3.221203e-03 
-2.803262e-03 
-2.395515e-03 
-1.977574e-03 
-1.549439e-03 
-1.121305e-03 
-7.441386e-04 
-4.892966e-04 
-3.669725e-04 
-2.956167e-04 
-2.242610e-04 
-1.121305e-04 
-2.038736e-05 
5.096840e-05 
1.325178e-04 
2.446483e-04 
3.261978e-04 
3.261978e-04 
2.140673e-04 
6.116208e-05 
-1.019368e-04 
-2.650357e-04 
-4.281346e-04 
-5.810398e-04 
-7.339450e-04 
-9.072375e-04 
-1.090724e-03 
-1.172273e-03 
-9.989806e-04 
-6.014271e-04 
-1.223242e-04 
3.160041e-04 
7.339450e-04 
1.182467e-03 
1.651376e-03 
2.038736e-03 
2.303772e-03 
2.497452e-03 
2.701325e-03 
2.915392e-03 
3.109072e-03 
3.302752e-03 
3.516820e-03 
3.730887e-03 
3.914373e-03 
4.026504e-03 
4.087666e-03 
4.118247e-03 
4.148828e-03 
4.179409e-03 
4.220183e-03 
4.250765e-03 
4.281346e-03 
4.301733e-03 
4.352701e-03 
4.475025e-03 
4.648318e-03 
4.852192e-03 
5.076453e-03 
5.290520e-03 
5.484200e-03 
5.688073e-03 
5.912334e-03 
6.146789e-03 
6.269113e-03 
6.187564e-03 
5.953109e-03 
5.667686e-03 
5.392457e-03 
5.147808e-03 
4.882773e-03 
4.607543e-03 
4.342508e-03 
4.077472e-03 
3.812436e-03 
3.557594e-03 
3.302752e-03 
3.078491e-03 
2.844037e-03 
2.609582e-03 
2.375127e-03 
2.130479e-03 
1.896024e-03 
1.692151e-03 
1.590214e-03 
1.610601e-03 
1.692151e-03 
1.743119e-03 
1.773700e-03 
1.824669e-03 
1.906218e-03 
1.936799e-03 
1.875637e-03 
1.712538e-03 
1.488277e-03 
1.274210e-03 
1.060143e-03 
8.562691e-04 
6.422018e-04 
4.281346e-04 
2.038736e-04 
1.019368e-05 
-1.325178e-04 
-2.242610e-04 
-3.058104e-04 
-3.873598e-04 
-4.689093e-04 
-5.504587e-04 
-6.422018e-04 
-7.441386e-04 
-7.645260e-04 
-6.014271e-04 
-2.242610e-04 
2.548420e-04 
6.931702e-04 
1.080530e-03 
1.508665e-03 
2.008155e-03 
2.426096e-03 
2.568807e-03 
2.405708e-03 
2.038736e-03 
1.630989e-03 
1.264016e-03 
9.174312e-04 
5.606524e-04 
1.732926e-04 
-2.140673e-04 
-5.606524e-04 
-8.358818e-04 
-9.785933e-04 
-9.989806e-04 
-9.683996e-04 
-9.582059e-04 
-9.989806e-04 
-1.019368e-03 
-9.989806e-04 
-9.683996e-04 
-1.019368e-03 
-1.202854e-03 
-1.508665e-03 
-1.896024e-03 
-2.334353e-03 
-2.742100e-03 
-3.098879e-03 
-3.455657e-03 
-3.914373e-03 
-4.505607e-03 
-5.198777e-03 
-6.004077e-03 
-6.890928e-03 
-7.737003e-03 
-8.236493e-03 
-8.175331e-03 
-7.675841e-03 
-7.033639e-03 
-6.472987e-03 
-5.942915e-03 
-5.372069e-03 
-4.791030e-03 
-4.383282e-03 
-4.179409e-03 
-4.046891e-03 
-3.863405e-03 
-3.679918e-03 
-3.537207e-03 
-3.404689e-03 
-3.160041e-03 
-2.742100e-03 
-2.201835e-03 
-1.620795e-03 
-1.049949e-03 
-4.892966e-04 
7.135576e-05 
6.422018e-04 
1.223242e-03 
1.783894e-03 
2.313965e-03 
2.803262e-03 
3.261978e-03 
3.720693e-03 
4.189602e-03 
4.648318e-03 
5.107034e-03 
5.565749e-03 
6.034659e-03 
6.503568e-03 
6.870540e-03 
7.125382e-03 
7.288481e-03 
7.431193e-03 
7.604485e-03 
7.777778e-03 
7.940877e-03 
8.093782e-03 
8.267074e-03 
8.440367e-03 
8.542304e-03 
8.532110e-03 
8.460754e-03 
8.358818e-03 
8.287462e-03 
8.205912e-03 
8.114169e-03 
8.032620e-03 
7.951070e-03 
7.869521e-03 
7.767584e-03 
7.635066e-03 
7.471967e-03 
7.319062e-03 
7.155963e-03 
7.003058e-03 
6.850153e-03 
6.687054e-03 
6.523955e-03 
6.371050e-03 
6.218145e-03 
6.044852e-03 
5.840979e-03 
5.606524e-03 
5.372069e-03 
5.147808e-03 
4.923547e-03 
4.689093e-03 
4.454638e-03 
4.230377e-03 
3.985729e-03 
3.710499e-03 
3.414883e-03 
3.129460e-03 
2.844037e-03 
2.548420e-03 
2.252803e-03 
2.018349e-03 
1.875637e-03 
1.794088e-03 
1.722732e-03 
1.641182e-03 
1.559633e-03 
1.488277e-03 
1.416922e-03 
1.335372e-03 
1.253823e-03 
1.182467e-03 
1.131498e-03 
1.070336e-03 
1.009174e-03 
9.480122e-04 
8.868502e-04 
8.256881e-04 
7.747197e-04 
7.135576e-04 
6.320082e-04 
5.300714e-04 
4.077472e-04 
2.854230e-04 
1.630989e-04 
4.077472e-05 
-8.154944e-05 
-2.038736e-04 
-3.261978e-04 
-4.383282e-04 
-5.504587e-04 
-6.320082e-04 
-7.033639e-04 
-7.951070e-04 
-8.970438e-04 
-9.785933e-04 
-1.049949e-03 
-1.131498e-03 
-1.284404e-03 
-1.498471e-03 
-1.763507e-03 
-2.059123e-03 
-2.344546e-03 
-2.609582e-03 
-2.864424e-03 
-3.149847e-03 
-3.455657e-03 
-3.679918e-03 
-3.710499e-03 
-3.547401e-03 
-3.282365e-03 
-3.017329e-03 
-2.782875e-03 
-2.548420e-03 
-2.293578e-03 
-2.038736e-03 
-1.794088e-03 
-1.549439e-03 
-1.365953e-03 
-1.274210e-03 
-1.253823e-03 
-1.233435e-03 
-1.202854e-03 
-1.162080e-03 
-1.151886e-03 
-1.131498e-03 
-1.090724e-03 
-1.070336e-03 
-1.151886e-03 
-1.314985e-03 
-1.518858e-03 
-1.702345e-03 
-1.896024e-03 
-2.089704e-03 
-2.283384e-03 
-2.466871e-03 
-2.660550e-03 
-2.905199e-03 
-3.190622e-03 
-3.496432e-03 
-3.792049e-03 
-4.097859e-03 
-4.403670e-03 
-4.699286e-03 
-4.994903e-03 
-5.310907e-03 
-5.616718e-03 
-5.851172e-03 
-5.953109e-03 
-5.963303e-03 
-5.963303e-03 
-5.983690e-03 
-6.004077e-03 
-6.004077e-03 
-6.014271e-03 
-6.024465e-03 
-6.044852e-03 
-6.055046e-03 
-6.055046e-03 
-6.085627e-03 
-6.156983e-03 
-6.248726e-03 
-6.360856e-03 
-6.462793e-03 
-6.574924e-03 
-6.676860e-03 
-6.778797e-03 
-6.890928e-03 
-6.992864e-03 
-7.094801e-03 
-7.196738e-03 
-7.319062e-03 
-7.461774e-03 
-7.624873e-03 
-7.787971e-03 
-7.951070e-03 
-8.114169e-03 
-8.277268e-03 
-8.440367e-03 
-8.593272e-03 
-8.766565e-03 
-8.929664e-03 
-9.072375e-03 
-9.204893e-03 
-9.347604e-03 
-9.480122e-03 
-9.602446e-03 
-9.724771e-03 
-9.867482e-03 
-1.002039e-02 
-1.013252e-02 
-1.011213e-02 
-9.949032e-03 
-9.683996e-03 
-9.398573e-03 
-9.153925e-03 
-8.950051e-03 
-8.888889e-03 
0 
0 
0 
0 
0 
0 
