1 
1.000000e-02 
3.100000e-02 
2.500000e-02 
1.900000e-02 
1.200000e-02 
6.000000e-03 
0 
-6.000000e-03 
-1.200000e-02 
-1.700000e-02 
-2.300000e-02 
-2.900000e-02 
-3.500000e-02 
-4.100000e-02 
-4.700000e-02 
-5.300000e-02 
-5.900000e-02 
-6.500000e-02 
-7.100000e-02 
-7.600000e-02 
-8.200000e-02 
-8.800000e-02 
-9.400000e-02 
-1.000000e-01 
-1.060000e-01 
-1.110000e-01 
-1.170000e-01 
-1.230000e-01 
-1.280000e-01 
-1.340000e-01 
-1.400000e-01 
-1.450000e-01 
-1.510000e-01 
-1.570000e-01 
-1.620000e-01 
-1.680000e-01 
-1.730000e-01 
-1.780000e-01 
-1.840000e-01 
-1.890000e-01 
-1.950000e-01 
-2.000000e-01 
-2.060000e-01 
-2.120000e-01 
-2.180000e-01 
-2.230000e-01 
-2.290000e-01 
-2.340000e-01 
-2.400000e-01 
-2.450000e-01 
-2.520000e-01 
-2.580000e-01 
-2.650000e-01 
-2.720000e-01 
-2.790000e-01 
-2.860000e-01 
-2.930000e-01 
-2.990000e-01 
-3.060000e-01 
-3.120000e-01 
-3.190000e-01 
-3.260000e-01 
-3.330000e-01 
-3.410000e-01 
-3.490000e-01 
-3.570000e-01 
-3.650000e-01 
-3.740000e-01 
-3.820000e-01 
-3.900000e-01 
-3.980000e-01 
-4.050000e-01 
-4.130000e-01 
-4.210000e-01 
-4.290000e-01 
-4.370000e-01 
-4.440000e-01 
-4.520000e-01 
-4.600000e-01 
-4.680000e-01 
-4.750000e-01 
-4.820000e-01 
-4.890000e-01 
-4.950000e-01 
-5.020000e-01 
-5.080000e-01 
-5.150000e-01 
-5.210000e-01 
-5.280000e-01 
-5.340000e-01 
-5.400000e-01 
-5.470000e-01 
-5.530000e-01 
-5.590000e-01 
-5.650000e-01 
-5.710000e-01 
-5.770000e-01 
-5.830000e-01 
-5.890000e-01 
-5.950000e-01 
-6.010000e-01 
-6.070000e-01 
-6.130000e-01 
-6.190000e-01 
-6.250000e-01 
-6.310000e-01 
-6.360000e-01 
-6.420000e-01 
-6.470000e-01 
-6.530000e-01 
-6.590000e-01 
-6.650000e-01 
-6.710000e-01 
-6.770000e-01 
-6.830000e-01 
-6.890000e-01 
-6.930000e-01 
-6.980000e-01 
-7.010000e-01 
-7.040000e-01 
-7.070000e-01 
-7.090000e-01 
-7.120000e-01 
-7.150000e-01 
-7.190000e-01 
-7.220000e-01 
-7.260000e-01 
-7.290000e-01 
-7.320000e-01 
-7.340000e-01 
-7.370000e-01 
-7.380000e-01 
-7.390000e-01 
-7.410000e-01 
-7.420000e-01 
-7.430000e-01 
-7.440000e-01 
-7.460000e-01 
-7.480000e-01 
-7.490000e-01 
-7.520000e-01 
-7.550000e-01 
-7.570000e-01 
-7.610000e-01 
-7.640000e-01 
-7.670000e-01 
-7.700000e-01 
-7.730000e-01 
-7.750000e-01 
-7.770000e-01 
-7.790000e-01 
-7.800000e-01 
-7.810000e-01 
-7.820000e-01 
-7.830000e-01 
-7.840000e-01 
-7.850000e-01 
-7.860000e-01 
-7.870000e-01 
-7.890000e-01 
-7.910000e-01 
-7.940000e-01 
-7.960000e-01 
-7.970000e-01 
-7.980000e-01 
-7.970000e-01 
-7.960000e-01 
-7.950000e-01 
-7.940000e-01 
-7.930000e-01 
-7.930000e-01 
-7.940000e-01 
-7.960000e-01 
-7.970000e-01 
-7.990000e-01 
-8.000000e-01 
-8.010000e-01 
-8.010000e-01 
-8.010000e-01 
-8.000000e-01 
-7.990000e-01 
-7.990000e-01 
-7.980000e-01 
-7.970000e-01 
-7.970000e-01 
-7.970000e-01 
-7.970000e-01 
-7.960000e-01 
-7.950000e-01 
-7.940000e-01 
-7.920000e-01 
-7.890000e-01 
-7.880000e-01 
-7.860000e-01 
-7.850000e-01 
-7.850000e-01 
-7.840000e-01 
-7.840000e-01 
-7.850000e-01 
-7.850000e-01 
-7.840000e-01 
-7.830000e-01 
-7.810000e-01 
-7.780000e-01 
-7.750000e-01 
-7.720000e-01 
-7.690000e-01 
-7.660000e-01 
-7.620000e-01 
-7.580000e-01 
-7.540000e-01 
-7.480000e-01 
-7.410000e-01 
-7.330000e-01 
-7.240000e-01 
-7.150000e-01 
-7.060000e-01 
-6.970000e-01 
-6.880000e-01 
-6.800000e-01 
-6.730000e-01 
-6.650000e-01 
-6.580000e-01 
-6.500000e-01 
-6.420000e-01 
-6.340000e-01 
-6.270000e-01 
-6.200000e-01 
-6.140000e-01 
-6.100000e-01 
-6.070000e-01 
-6.060000e-01 
-6.060000e-01 
-6.080000e-01 
-6.100000e-01 
-6.120000e-01 
-6.140000e-01 
-6.150000e-01 
-6.170000e-01 
-6.180000e-01 
-6.180000e-01 
-6.180000e-01 
-6.190000e-01 
-6.200000e-01 
-6.200000e-01 
-6.190000e-01 
-6.180000e-01 
-6.150000e-01 
-6.100000e-01 
-6.040000e-01 
-5.950000e-01 
-5.860000e-01 
-5.750000e-01 
-5.630000e-01 
-5.490000e-01 
-5.360000e-01 
-5.210000e-01 
-5.050000e-01 
-4.870000e-01 
-4.680000e-01 
-4.470000e-01 
-4.240000e-01 
-4.000000e-01 
-3.750000e-01 
-3.490000e-01 
-3.240000e-01 
-2.980000e-01 
-2.730000e-01 
-2.490000e-01 
-2.240000e-01 
-2.000000e-01 
-1.770000e-01 
-1.540000e-01 
-1.310000e-01 
-1.080000e-01 
-8.700000e-02 
-6.700000e-02 
-4.700000e-02 
-2.900000e-02 
-1.200000e-02 
4.000000e-03 
1.900000e-02 
3.300000e-02 
4.600000e-02 
5.800000e-02 
6.800000e-02 
7.700000e-02 
8.500000e-02 
9.000000e-02 
9.500000e-02 
9.900000e-02 
1.040000e-01 
1.080000e-01 
1.130000e-01 
1.190000e-01 
1.250000e-01 
1.310000e-01 
1.390000e-01 
1.470000e-01 
1.570000e-01 
1.700000e-01 
1.840000e-01 
2.010000e-01 
2.190000e-01 
2.390000e-01 
2.600000e-01 
2.830000e-01 
3.060000e-01 
3.310000e-01 
3.580000e-01 
3.860000e-01 
4.150000e-01 
4.450000e-01 
4.770000e-01 
5.090000e-01 
5.420000e-01 
5.760000e-01 
6.110000e-01 
6.460000e-01 
6.810000e-01 
7.160000e-01 
7.520000e-01 
7.870000e-01 
8.220000e-01 
8.560000e-01 
8.900000e-01 
9.220000e-01 
9.530000e-01 
9.820000e-01 
1.010000e+00 
1.037000e+00 
1.063000e+00 
1.088000e+00 
1.114000e+00 
1.139000e+00 
1.163000e+00 
1.188000e+00 
1.211000e+00 
1.235000e+00 
1.258000e+00 
1.281000e+00 
1.304000e+00 
1.326000e+00 
1.347000e+00 
1.368000e+00 
1.391000e+00 
1.414000e+00 
1.440000e+00 
1.468000e+00 
1.498000e+00 
1.531000e+00 
1.566000e+00 
1.603000e+00 
1.642000e+00 
1.681000e+00 
1.723000e+00 
1.765000e+00 
1.809000e+00 
1.852000e+00 
1.895000e+00 
1.936000e+00 
1.976000e+00 
2.015000e+00 
2.053000e+00 
2.090000e+00 
2.125000e+00 
2.158000e+00 
2.188000e+00 
2.215000e+00 
2.239000e+00 
2.260000e+00 
2.278000e+00 
2.295000e+00 
2.309000e+00 
2.323000e+00 
2.336000e+00 
2.348000e+00 
2.362000e+00 
2.376000e+00 
2.392000e+00 
2.408000e+00 
2.424000e+00 
2.441000e+00 
2.459000e+00 
2.478000e+00 
2.499000e+00 
2.521000e+00 
2.544000e+00 
2.569000e+00 
2.595000e+00 
2.624000e+00 
2.656000e+00 
2.691000e+00 
2.728000e+00 
2.768000e+00 
2.809000e+00 
2.852000e+00 
2.896000e+00 
2.941000e+00 
2.986000e+00 
3.032000e+00 
3.078000e+00 
3.123000e+00 
3.167000e+00 
3.211000e+00 
3.255000e+00 
3.299000e+00 
3.341000e+00 
3.383000e+00 
3.423000e+00 
3.463000e+00 
3.501000e+00 
3.538000e+00 
3.574000e+00 
3.608000e+00 
3.639000e+00 
3.669000e+00 
3.697000e+00 
3.724000e+00 
3.751000e+00 
3.778000e+00 
3.805000e+00 
3.831000e+00 
3.857000e+00 
3.882000e+00 
3.906000e+00 
3.928000e+00 
3.951000e+00 
3.973000e+00 
3.997000e+00 
4.021000e+00 
4.047000e+00 
4.073000e+00 
4.101000e+00 
4.130000e+00 
4.159000e+00 
4.189000e+00 
4.218000e+00 
4.247000e+00 
4.276000e+00 
4.304000e+00 
4.332000e+00 
4.357000e+00 
4.382000e+00 
4.405000e+00 
4.425000e+00 
4.444000e+00 
4.463000e+00 
4.481000e+00 
4.498000e+00 
4.514000e+00 
4.530000e+00 
4.544000e+00 
4.557000e+00 
4.568000e+00 
4.575000e+00 
4.579000e+00 
4.580000e+00 
4.576000e+00 
4.568000e+00 
4.557000e+00 
4.545000e+00 
4.532000e+00 
4.521000e+00 
4.511000e+00 
4.502000e+00 
4.496000e+00 
4.492000e+00 
4.490000e+00 
4.488000e+00 
4.487000e+00 
4.486000e+00 
4.485000e+00 
4.486000e+00 
4.488000e+00 
4.492000e+00 
4.497000e+00 
4.501000e+00 
4.505000e+00 
4.507000e+00 
4.507000e+00 
4.505000e+00 
4.498000e+00 
4.487000e+00 
4.470000e+00 
4.448000e+00 
4.420000e+00 
4.385000e+00 
4.345000e+00 
4.300000e+00 
4.251000e+00 
4.199000e+00 
4.145000e+00 
4.090000e+00 
4.035000e+00 
3.980000e+00 
3.926000e+00 
3.873000e+00 
3.824000e+00 
3.779000e+00 
3.739000e+00 
3.706000e+00 
3.679000e+00 
3.658000e+00 
3.641000e+00 
3.627000e+00 
3.616000e+00 
3.605000e+00 
3.594000e+00 
3.579000e+00 
3.561000e+00 
3.537000e+00 
3.504000e+00 
3.461000e+00 
3.405000e+00 
3.337000e+00 
3.255000e+00 
3.157000e+00 
3.042000e+00 
2.908000e+00 
2.753000e+00 
2.579000e+00 
2.386000e+00 
2.179000e+00 
1.959000e+00 
1.728000e+00 
1.492000e+00 
1.253000e+00 
1.015000e+00 
7.820000e-01 
5.560000e-01 
3.410000e-01 
1.390000e-01 
-4.900000e-02 
-2.230000e-01 
-3.810000e-01 
-5.250000e-01 
-6.560000e-01 
-7.740000e-01 
-8.810000e-01 
-9.790000e-01 
-1.070000e+00 
-1.154000e+00 
-1.235000e+00 
-1.313000e+00 
-1.390000e+00 
-1.467000e+00 
-1.544000e+00 
-1.621000e+00 
-1.697000e+00 
-1.771000e+00 
-1.842000e+00 
-1.908000e+00 
-1.968000e+00 
-2.022000e+00 
-2.069000e+00 
-2.110000e+00 
-2.142000e+00 
-2.167000e+00 
-2.183000e+00 
-2.192000e+00 
-2.194000e+00 
-2.190000e+00 
-2.182000e+00 
-2.171000e+00 
-2.162000e+00 
-2.155000e+00 
-2.154000e+00 
-2.161000e+00 
-2.179000e+00 
-2.210000e+00 
-2.258000e+00 
-2.324000e+00 
-2.411000e+00 
-2.520000e+00 
-2.653000e+00 
-2.809000e+00 
-2.989000e+00 
-3.190000e+00 
-3.412000e+00 
-3.653000e+00 
-3.909000e+00 
-4.178000e+00 
-4.457000e+00 
-4.743000e+00 
-5.035000e+00 
-5.333000e+00 
-5.634000e+00 
-5.936000e+00 
-6.241000e+00 
-6.549000e+00 
-6.861000e+00 
-7.176000e+00 
-7.493000e+00 
-7.810000e+00 
-8.126000e+00 
-8.439000e+00 
-8.752000e+00 
-9.064000e+00 
-9.376000e+00 
-9.689000e+00 
-1.000300e+01 
-1.031800e+01 
-1.063100e+01 
-1.094000e+01 
-1.124200e+01 
-1.153400e+01 
-1.181300e+01 
-1.207800e+01 
-1.233000e+01 
-1.257100e+01 
-1.280300e+01 
-1.303100e+01 
-1.325600e+01 
-1.348400e+01 
-1.371700e+01 
-1.395800e+01 
-1.420800e+01 
-1.446500e+01 
-1.472900e+01 
-1.499800e+01 
-1.526900e+01 
-1.553700e+01 
-1.579900e+01 
-1.605100e+01 
-1.628900e+01 
-1.651100e+01 
-1.671300e+01 
-1.689400e+01 
-1.704900e+01 
-1.717700e+01 
-1.727300e+01 
-1.733500e+01 
-1.736000e+01 
-1.734600e+01 
-1.729300e+01 
-1.720700e+01 
-1.709000e+01 
-1.694900e+01 
-1.679100e+01 
-1.662200e+01 
-1.645100e+01 
-1.628400e+01 
-1.612700e+01 
-1.597800e+01 
-1.583300e+01 
-1.568700e+01 
-1.553300e+01 
-1.536700e+01 
-1.518400e+01 
-1.498100e+01 
-1.475700e+01 
-1.451100e+01 
-1.424400e+01 
-1.395600e+01 
-1.364600e+01 
-1.331400e+01 
-1.296000e+01 
-1.258500e+01 
-1.218500e+01 
-1.175800e+01 
-1.130400e+01 
-1.082300e+01 
-1.031600e+01 
-9.785000e+00 
-9.234000e+00 
-8.663000e+00 
-8.075000e+00 
-7.475000e+00 
-6.864000e+00 
-6.247000e+00 
-5.627000e+00 
-5.007000e+00 
-4.391000e+00 
-3.782000e+00 
-3.181000e+00 
-2.591000e+00 
-2.015000e+00 
-1.459000e+00 
-9.270000e-01 
-4.190000e-01 
6.000000e-02 
5.090000e-01 
9.240000e-01 
1.301000e+00 
1.638000e+00 
1.931000e+00 
2.181000e+00 
2.387000e+00 
2.550000e+00 
2.671000e+00 
2.748000e+00 
2.783000e+00 
2.778000e+00 
2.739000e+00 
2.668000e+00 
2.570000e+00 
2.449000e+00 
2.308000e+00 
2.151000e+00 
1.979000e+00 
1.793000e+00 
1.594000e+00 
1.385000e+00 
1.168000e+00 
9.490000e-01 
7.310000e-01 
5.180000e-01 
3.160000e-01 
1.290000e-01 
-3.700000e-02 
-1.810000e-01 
-3.000000e-01 
-3.960000e-01 
-4.660000e-01 
-5.110000e-01 
-5.340000e-01 
-5.370000e-01 
-5.270000e-01 
-5.080000e-01 
-4.840000e-01 
-4.580000e-01 
-4.300000e-01 
-4.020000e-01 
-3.730000e-01 
-3.430000e-01 
-3.140000e-01 
-2.890000e-01 
-2.700000e-01 
-2.610000e-01 
-2.620000e-01 
-2.750000e-01 
-3.000000e-01 
-3.360000e-01 
-3.810000e-01 
-4.340000e-01 
-4.950000e-01 
-5.600000e-01 
-6.280000e-01 
-6.970000e-01 
-7.660000e-01 
-8.350000e-01 
-9.040000e-01 
-9.730000e-01 
-1.042000e+00 
-1.110000e+00 
-1.177000e+00 
-1.239000e+00 
-1.295000e+00 
-1.342000e+00 
-1.380000e+00 
-1.408000e+00 
-1.426000e+00 
-1.435000e+00 
-1.435000e+00 
-1.428000e+00 
-1.413000e+00 
-1.393000e+00 
-1.368000e+00 
-1.341000e+00 
-1.312000e+00 
-1.281000e+00 
-1.250000e+00 
-1.219000e+00 
-1.186000e+00 
-1.155000e+00 
-1.127000e+00 
-1.103000e+00 
-1.088000e+00 
-1.083000e+00 
-1.090000e+00 
-1.110000e+00 
-1.143000e+00 
-1.186000e+00 
-1.239000e+00 
-1.299000e+00 
-1.363000e+00 
-1.429000e+00 
-1.497000e+00 
-1.564000e+00 
-1.628000e+00 
-1.687000e+00 
-1.738000e+00 
-1.778000e+00 
-1.803000e+00 
-1.809000e+00 
-1.793000e+00 
-1.750000e+00 
-1.678000e+00 
-1.573000e+00 
-1.432000e+00 
-1.254000e+00 
-1.040000e+00 
-7.910000e-01 
-5.120000e-01 
-2.070000e-01 
1.230000e-01 
4.720000e-01 
8.380000e-01 
1.219000e+00 
1.612000e+00 
2.015000e+00 
2.425000e+00 
2.842000e+00 
3.266000e+00 
3.697000e+00 
4.135000e+00 
4.578000e+00 
5.028000e+00 
5.483000e+00 
5.941000e+00 
6.400000e+00 
6.856000e+00 
7.303000e+00 
7.735000e+00 
8.148000e+00 
8.535000e+00 
8.894000e+00 
9.220000e+00 
9.511000e+00 
9.766000e+00 
9.981000e+00 
1.015600e+01 
1.029000e+01 
1.038200e+01 
1.043200e+01 
1.044100e+01 
1.040700e+01 
1.032900e+01 
1.020500e+01 
1.003600e+01 
9.821000e+00 
9.560000e+00 
9.256000e+00 
8.914000e+00 
8.539000e+00 
8.140000e+00 
7.724000e+00 
7.300000e+00 
6.876000e+00 
6.458000e+00 
6.057000e+00 
5.682000e+00 
5.339000e+00 
5.030000e+00 
4.758000e+00 
4.523000e+00 
4.332000e+00 
4.186000e+00 
4.089000e+00 
4.039000e+00 
4.036000e+00 
4.080000e+00 
4.170000e+00 
4.305000e+00 
4.484000e+00 
4.706000e+00 
4.967000e+00 
5.262000e+00 
5.587000e+00 
5.938000e+00 
6.312000e+00 
6.702000e+00 
7.104000e+00 
7.513000e+00 
7.926000e+00 
8.338000e+00 
8.745000e+00 
9.145000e+00 
9.534000e+00 
9.911000e+00 
1.027200e+01 
1.061300e+01 
1.092800e+01 
1.121300e+01 
1.146100e+01 
1.166900e+01 
1.183300e+01 
1.195000e+01 
1.201900e+01 
1.204100e+01 
1.201500e+01 
1.194100e+01 
1.181800e+01 
1.164600e+01 
1.142600e+01 
1.115900e+01 
1.084500e+01 
1.048600e+01 
1.008200e+01 
9.638000e+00 
9.160000e+00 
8.653000e+00 
8.126000e+00 
7.588000e+00 
7.048000e+00 
6.517000e+00 
6.004000e+00 
5.513000e+00 
5.047000e+00 
4.608000e+00 
4.198000e+00 
3.817000e+00 
3.467000e+00 
3.150000e+00 
2.871000e+00 
2.632000e+00 
2.439000e+00 
2.290000e+00 
2.187000e+00 
2.129000e+00 
2.116000e+00 
2.150000e+00 
2.235000e+00 
2.372000e+00 
2.561000e+00 
2.799000e+00 
3.082000e+00 
3.404000e+00 
3.761000e+00 
4.147000e+00 
4.555000e+00 
4.977000e+00 
5.408000e+00 
5.841000e+00 
6.272000e+00 
6.695000e+00 
7.109000e+00 
7.512000e+00 
7.904000e+00 
8.284000e+00 
8.652000e+00 
9.007000e+00 
9.345000e+00 
9.664000e+00 
9.962000e+00 
1.023600e+01 
1.048700e+01 
1.071300e+01 
1.091600e+01 
1.109800e+01 
1.126100e+01 
1.140800e+01 
1.154000e+01 
1.166100e+01 
1.177300e+01 
1.188000e+01 
1.198100e+01 
1.208000e+01 
1.217700e+01 
1.227000e+01 
1.236000e+01 
1.244600e+01 
1.252400e+01 
1.259500e+01 
1.265500e+01 
1.270500e+01 
1.274300e+01 
1.276700e+01 
1.277700e+01 
1.277000e+01 
1.274700e+01 
1.270500e+01 
1.264300e+01 
1.256100e+01 
1.245700e+01 
1.233100e+01 
1.218200e+01 
1.200800e+01 
1.180900e+01 
1.158500e+01 
1.133700e+01 
1.106800e+01 
1.077700e+01 
1.046900e+01 
1.014500e+01 
9.809000e+00 
9.466000e+00 
9.120000e+00 
8.775000e+00 
8.435000e+00 
8.103000e+00 
7.780000e+00 
7.468000e+00 
7.166000e+00 
6.874000e+00 
6.590000e+00 
6.311000e+00 
6.037000e+00 
5.764000e+00 
5.490000e+00 
5.210000e+00 
4.922000e+00 
4.622000e+00 
4.308000e+00 
3.980000e+00 
3.636000e+00 
3.276000e+00 
2.900000e+00 
2.508000e+00 
2.102000e+00 
1.685000e+00 
1.258000e+00 
8.250000e-01 
3.860000e-01 
-5.700000e-02 
-5.040000e-01 
-9.520000e-01 
-1.398000e+00 
-1.840000e+00 
-2.272000e+00 
-2.691000e+00 
-3.090000e+00 
-3.466000e+00 
-3.814000e+00 
-4.132000e+00 
-4.418000e+00 
-4.671000e+00 
-4.888000e+00 
-5.069000e+00 
-5.213000e+00 
-5.322000e+00 
-5.398000e+00 
-5.443000e+00 
-5.458000e+00 
-5.448000e+00 
-5.416000e+00 
-5.367000e+00 
-5.305000e+00 
-5.235000e+00 
-5.161000e+00 
-5.086000e+00 
-5.012000e+00 
-4.943000e+00 
-4.881000e+00 
-4.827000e+00 
-4.785000e+00 
-4.753000e+00 
-4.733000e+00 
-4.725000e+00 
-4.727000e+00 
-4.740000e+00 
-4.761000e+00 
-4.791000e+00 
-4.827000e+00 
-4.868000e+00 
-4.912000e+00 
-4.958000e+00 
-5.004000e+00 
-5.049000e+00 
-5.092000e+00 
-5.132000e+00 
-5.169000e+00 
-5.204000e+00 
-5.237000e+00 
-5.268000e+00 
-5.300000e+00 
-5.333000e+00 
-5.369000e+00 
-5.409000e+00 
-5.454000e+00 
-5.505000e+00 
-5.563000e+00 
-5.627000e+00 
-5.697000e+00 
-5.774000e+00 
-5.855000e+00 
-5.938000e+00 
-6.019000e+00 
-6.093000e+00 
-6.154000e+00 
-6.198000e+00 
-6.223000e+00 
-6.229000e+00 
-6.218000e+00 
-6.189000e+00 
-6.139000e+00 
-6.066000e+00 
-5.969000e+00 
-5.849000e+00 
-5.710000e+00 
-5.556000e+00 
-5.389000e+00 
-5.211000e+00 
-5.025000e+00 
-4.828000e+00 
-4.622000e+00 
-4.406000e+00 
-4.181000e+00 
-3.946000e+00 
-3.705000e+00 
-3.457000e+00 
-3.206000e+00 
-2.953000e+00 
-2.700000e+00 
-2.446000e+00 
-2.195000e+00 
-1.947000e+00 
-1.703000e+00 
-1.465000e+00 
-1.232000e+00 
-1.005000e+00 
-7.850000e-01 
-5.710000e-01 
-3.630000e-01 
-1.610000e-01 
3.300000e-02 
2.210000e-01 
4.010000e-01 
5.760000e-01 
7.440000e-01 
9.070000e-01 
1.062000e+00 
1.211000e+00 
1.351000e+00 
1.480000e+00 
1.597000e+00 
1.697000e+00 
1.776000e+00 
1.831000e+00 
1.859000e+00 
1.859000e+00 
1.832000e+00 
1.782000e+00 
1.710000e+00 
1.618000e+00 
1.505000e+00 
1.374000e+00 
1.233000e+00 
1.086000e+00 
9.370000e-01 
7.900000e-01 
6.470000e-01 
5.070000e-01 
3.710000e-01 
2.380000e-01 
1.080000e-01 
-1.700000e-02 
-1.330000e-01 
-2.400000e-01 
-3.370000e-01 
-4.230000e-01 
-4.960000e-01 
-5.580000e-01 
-6.070000e-01 
-6.460000e-01 
-6.730000e-01 
-6.910000e-01 
-7.010000e-01 
-7.070000e-01 
-7.100000e-01 
-7.120000e-01 
-7.130000e-01 
-7.150000e-01 
-7.190000e-01 
-7.240000e-01 
-7.290000e-01 
-7.370000e-01 
-7.470000e-01 
-7.610000e-01 
-7.790000e-01 
-8.010000e-01 
-8.260000e-01 
-8.540000e-01 
-8.850000e-01 
-9.190000e-01 
-9.550000e-01 
-9.940000e-01 
-1.036000e+00 
-1.081000e+00 
-1.129000e+00 
-1.182000e+00 
-1.238000e+00 
-1.299000e+00 
-1.365000e+00 
-1.436000e+00 
-1.513000e+00 
-1.595000e+00 
-1.683000e+00 
-1.777000e+00 
-1.875000e+00 
-1.979000e+00 
-2.088000e+00 
-2.200000e+00 
-2.317000e+00 
-2.437000e+00 
-2.560000e+00 
-2.685000e+00 
-2.813000e+00 
-2.943000e+00 
-3.075000e+00 
-3.210000e+00 
-3.348000e+00 
-3.488000e+00 
-3.631000e+00 
-3.777000e+00 
-3.926000e+00 
-4.076000e+00 
-4.227000e+00 
-4.377000e+00 
-4.526000e+00 
-4.670000e+00 
-4.809000e+00 
-4.939000e+00 
-5.058000e+00 
-5.166000e+00 
-5.261000e+00 
-5.343000e+00 
-5.413000e+00 
-5.472000e+00 
-5.519000e+00 
-5.558000e+00 
-5.589000e+00 
-5.612000e+00 
-5.629000e+00 
-5.641000e+00 
-5.647000e+00 
-5.646000e+00 
-5.637000e+00 
-5.620000e+00 
-5.592000e+00 
-5.554000e+00 
-5.505000e+00 
-5.445000e+00 
-5.377000e+00 
-5.300000e+00 
-5.217000e+00 
-5.130000e+00 
-5.041000e+00 
-4.951000e+00 
-4.864000e+00 
-4.779000e+00 
-4.700000e+00 
-4.627000e+00 
-4.561000e+00 
-4.504000e+00 
-4.455000e+00 
-4.415000e+00 
-4.384000e+00 
-4.364000e+00 
-4.353000e+00 
-4.354000e+00 
-4.367000e+00 
-4.392000e+00 
-4.431000e+00 
-4.484000e+00 
-4.553000e+00 
-4.637000e+00 
-4.739000e+00 
-4.856000e+00 
-4.990000e+00 
-5.139000e+00 
-5.303000e+00 
-5.479000e+00 
-5.668000e+00 
-5.866000e+00 
-6.071000e+00 
-6.281000e+00 
-6.494000e+00 
-6.706000e+00 
-6.915000e+00 
-7.120000e+00 
-7.318000e+00 
-7.508000e+00 
-7.688000e+00 
-7.859000e+00 
-8.018000e+00 
-8.165000e+00 
-8.300000e+00 
-8.422000e+00 
-8.529000e+00 
-8.622000e+00 
-8.700000e+00 
-8.763000e+00 
-8.810000e+00 
-8.842000e+00 
-8.859000e+00 
-8.863000e+00 
-8.856000e+00 
-8.838000e+00 
-8.811000e+00 
-8.778000e+00 
-8.740000e+00 
-8.699000e+00 
-8.656000e+00 
-8.613000e+00 
-8.570000e+00 
-8.528000e+00 
-8.489000e+00 
-8.452000e+00 
-8.420000e+00 
-8.391000e+00 
-8.368000e+00 
-8.352000e+00 
-8.342000e+00 
-8.340000e+00 
-8.345000e+00 
-8.359000e+00 
-8.381000e+00 
-8.411000e+00 
-8.450000e+00 
-8.496000e+00 
-8.550000e+00 
-8.609000e+00 
-8.673000e+00 
-8.741000e+00 
-8.812000e+00 
-8.885000e+00 
-8.959000e+00 
-9.032000e+00 
-9.105000e+00 
-9.175000e+00 
-9.243000e+00 
-9.307000e+00 
-9.368000e+00 
-9.424000e+00 
-9.476000e+00 
-9.523000e+00 
-9.564000e+00 
-9.599000e+00 
-9.627000e+00 
-9.648000e+00 
-9.659000e+00 
-9.659000e+00 
-9.647000e+00 
-9.621000e+00 
-9.580000e+00 
-9.523000e+00 
-9.450000e+00 
-9.359000e+00 
-9.251000e+00 
-9.125000e+00 
-8.981000e+00 
-8.820000e+00 
-8.643000e+00 
-8.451000e+00 
-8.245000e+00 
-8.027000e+00 
-7.798000e+00 
-7.558000e+00 
-7.310000e+00 
-7.055000e+00 
-6.793000e+00 
-6.526000e+00 
-6.255000e+00 
-5.982000e+00 
-5.706000e+00 
-5.430000e+00 
-5.154000e+00 
-4.879000e+00 
-4.607000e+00 
-4.339000e+00 
-4.074000e+00 
-3.815000e+00 
-3.560000e+00 
-3.312000e+00 
-3.070000e+00 
-2.836000e+00 
-2.608000e+00 
-2.388000e+00 
-2.176000e+00 
-1.972000e+00 
-1.775000e+00 
-1.585000e+00 
-1.404000e+00 
-1.231000e+00 
-1.067000e+00 
-9.120000e-01 
-7.660000e-01 
-6.290000e-01 
-5.030000e-01 
-3.870000e-01 
-2.820000e-01 
-1.870000e-01 
-1.040000e-01 
-3.100000e-02 
3.200000e-02 
8.300000e-02 
1.250000e-01 
1.580000e-01 
1.820000e-01 
1.990000e-01 
2.110000e-01 
2.170000e-01 
2.200000e-01 
2.190000e-01 
2.170000e-01 
2.140000e-01 
2.120000e-01 
2.090000e-01 
2.080000e-01 
2.090000e-01 
2.130000e-01 
2.200000e-01 
2.320000e-01 
2.480000e-01 
2.680000e-01 
2.920000e-01 
3.210000e-01 
3.550000e-01 
3.930000e-01 
4.350000e-01 
4.820000e-01 
5.320000e-01 
5.870000e-01 
6.470000e-01 
7.120000e-01 
7.810000e-01 
8.560000e-01 
9.360000e-01 
1.022000e+00 
1.112000e+00 
1.209000e+00 
1.310000e+00 
1.416000e+00 
1.526000e+00 
1.640000e+00 
1.758000e+00 
1.877000e+00 
1.998000e+00 
2.118000e+00 
2.238000e+00 
2.356000e+00 
2.473000e+00 
2.585000e+00 
2.694000e+00 
2.799000e+00 
2.900000e+00 
2.994000e+00 
3.083000e+00 
3.164000e+00 
3.237000e+00 
3.299000e+00 
3.352000e+00 
3.394000e+00 
3.425000e+00 
3.445000e+00 
3.454000e+00 
3.454000e+00 
3.445000e+00 
3.429000e+00 
3.406000e+00 
3.379000e+00 
3.348000e+00 
3.315000e+00 
3.281000e+00 
3.247000e+00 
3.215000e+00 
3.185000e+00 
3.158000e+00 
3.133000e+00 
3.111000e+00 
3.093000e+00 
3.078000e+00 
3.066000e+00 
3.057000e+00 
3.050000e+00 
3.047000e+00 
3.045000e+00 
3.046000e+00 
3.049000e+00 
3.054000e+00 
3.063000e+00 
3.074000e+00 
3.090000e+00 
3.109000e+00 
3.133000e+00 
3.161000e+00 
3.194000e+00 
3.233000e+00 
3.276000e+00 
3.325000e+00 
3.379000e+00 
3.439000e+00 
3.506000e+00 
3.578000e+00 
3.657000e+00 
3.740000e+00 
3.829000e+00 
3.921000e+00 
4.016000e+00 
4.113000e+00 
4.211000e+00 
4.309000e+00 
4.405000e+00 
4.499000e+00 
4.589000e+00 
4.674000e+00 
4.752000e+00 
4.823000e+00 
4.886000e+00 
4.940000e+00 
4.985000e+00 
5.021000e+00 
5.048000e+00 
5.067000e+00 
5.078000e+00 
5.083000e+00 
5.083000e+00 
5.078000e+00 
5.071000e+00 
5.061000e+00 
5.050000e+00 
5.038000e+00 
5.025000e+00 
5.010000e+00 
4.992000e+00 
4.973000e+00 
4.951000e+00 
4.926000e+00 
4.897000e+00 
4.863000e+00 
4.825000e+00 
4.781000e+00 
4.732000e+00 
4.677000e+00 
4.618000e+00 
4.555000e+00 
4.487000e+00 
4.417000e+00 
4.345000e+00 
4.270000e+00 
4.194000e+00 
4.118000e+00 
4.041000e+00 
3.964000e+00 
3.887000e+00 
3.812000e+00 
3.739000e+00 
3.668000e+00 
3.601000e+00 
3.538000e+00 
3.481000e+00 
3.430000e+00 
3.387000e+00 
3.351000e+00 
3.323000e+00 
3.305000e+00 
3.294000e+00 
3.292000e+00 
3.297000e+00 
3.308000e+00 
3.324000e+00 
3.345000e+00 
3.368000e+00 
3.393000e+00 
3.418000e+00 
3.443000e+00 
3.467000e+00 
3.489000e+00 
3.508000e+00 
3.526000e+00 
3.542000e+00 
3.556000e+00 
3.570000e+00 
3.585000e+00 
3.599000e+00 
3.616000e+00 
3.635000e+00 
3.656000e+00 
3.680000e+00 
3.708000e+00 
3.740000e+00 
3.775000e+00 
3.815000e+00 
3.858000e+00 
3.905000e+00 
3.957000e+00 
4.015000e+00 
4.078000e+00 
4.148000e+00 
4.225000e+00 
4.310000e+00 
4.402000e+00 
4.503000e+00 
4.610000e+00 
4.724000e+00 
4.844000e+00 
4.967000e+00 
5.094000e+00 
5.221000e+00 
5.349000e+00 
5.475000e+00 
5.599000e+00 
5.721000e+00 
5.840000e+00 
5.958000e+00 
6.073000e+00 
6.186000e+00 
6.299000e+00 
6.410000e+00 
6.522000e+00 
6.632000e+00 
6.742000e+00 
6.850000e+00 
6.956000e+00 
7.059000e+00 
7.155000e+00 
7.245000e+00 
7.326000e+00 
7.397000e+00 
7.457000e+00 
7.507000e+00 
7.545000e+00 
7.573000e+00 
7.592000e+00 
7.602000e+00 
7.604000e+00 
7.600000e+00 
7.590000e+00 
7.576000e+00 
7.559000e+00 
7.539000e+00 
7.516000e+00 
7.492000e+00 
7.466000e+00 
7.438000e+00 
7.408000e+00 
7.376000e+00 
7.340000e+00 
7.302000e+00 
7.262000e+00 
7.220000e+00 
7.176000e+00 
7.130000e+00 
7.084000e+00 
7.039000e+00 
6.994000e+00 
6.951000e+00 
6.909000e+00 
6.870000e+00 
6.832000e+00 
6.797000e+00 
6.763000e+00 
6.730000e+00 
6.699000e+00 
6.668000e+00 
6.637000e+00 
6.606000e+00 
6.574000e+00 
6.541000e+00 
6.508000e+00 
6.472000e+00 
6.435000e+00 
6.397000e+00 
6.356000e+00 
6.314000e+00 
6.270000e+00 
6.224000e+00 
6.176000e+00 
6.126000e+00 
6.074000e+00 
6.019000e+00 
5.962000e+00 
5.903000e+00 
5.840000e+00 
5.774000e+00 
5.704000e+00 
5.631000e+00 
5.554000e+00 
5.472000e+00 
5.386000e+00 
5.296000e+00 
5.202000e+00 
5.105000e+00 
5.005000e+00 
4.902000e+00 
4.796000e+00 
4.688000e+00 
4.579000e+00 
4.468000e+00 
4.356000e+00 
4.244000e+00 
4.131000e+00 
4.019000e+00 
3.907000e+00 
3.796000e+00 
3.688000e+00 
3.581000e+00 
3.476000e+00 
3.373000e+00 
3.273000e+00 
3.176000e+00 
3.082000e+00 
2.992000e+00 
2.905000e+00 
2.821000e+00 
2.741000e+00 
2.666000e+00 
2.594000e+00 
2.528000e+00 
2.467000e+00 
2.413000e+00 
2.365000e+00 
2.324000e+00 
2.292000e+00 
2.267000e+00 
2.251000e+00 
2.244000e+00 
2.246000e+00 
2.256000e+00 
2.276000e+00 
2.303000e+00 
2.339000e+00 
2.381000e+00 
2.430000e+00 
2.484000e+00 
2.541000e+00 
2.602000e+00 
2.664000e+00 
2.727000e+00 
2.789000e+00 
2.851000e+00 
2.910000e+00 
2.967000e+00 
3.021000e+00 
3.071000e+00 
3.117000e+00 
3.156000e+00 
3.188000e+00 
3.212000e+00 
3.227000e+00 
3.232000e+00 
3.226000e+00 
3.209000e+00 
3.180000e+00 
3.140000e+00 
3.088000e+00 
3.024000e+00 
2.950000e+00 
2.864000e+00 
2.767000e+00 
2.661000e+00 
2.544000e+00 
2.419000e+00 
2.285000e+00 
2.143000e+00 
1.993000e+00 
1.835000e+00 
1.671000e+00 
1.500000e+00 
1.323000e+00 
1.142000e+00 
9.560000e-01 
7.680000e-01 
5.780000e-01 
3.870000e-01 
1.950000e-01 
5.000000e-03 
-1.840000e-01 
-3.710000e-01 
-5.540000e-01 
-7.320000e-01 
-9.030000e-01 
-1.066000e+00 
-1.221000e+00 
-1.366000e+00 
-1.500000e+00 
-1.625000e+00 
-1.738000e+00 
-1.841000e+00 
-1.934000e+00 
-2.017000e+00 
-2.091000e+00 
-2.156000e+00 
-2.213000e+00 
-2.262000e+00 
-2.305000e+00 
-2.342000e+00 
-2.373000e+00 
-2.400000e+00 
-2.424000e+00 
-2.444000e+00 
-2.461000e+00 
-2.475000e+00 
-2.487000e+00 
-2.497000e+00 
-2.504000e+00 
-2.510000e+00 
-2.513000e+00 
-2.514000e+00 
-2.512000e+00 
-2.509000e+00 
-2.503000e+00 
-2.495000e+00 
-2.485000e+00 
-2.473000e+00 
-2.459000e+00 
-2.444000e+00 
-2.428000e+00 
-2.411000e+00 
-2.393000e+00 
-2.374000e+00 
-2.354000e+00 
-2.332000e+00 
-2.310000e+00 
-2.287000e+00 
-2.263000e+00 
-2.237000e+00 
-2.211000e+00 
-2.185000e+00 
-2.158000e+00 
-2.132000e+00 
-2.107000e+00 
-2.082000e+00 
-2.058000e+00 
-2.036000e+00 
-2.016000e+00 
-1.997000e+00 
-1.981000e+00 
-1.968000e+00 
-1.957000e+00 
-1.950000e+00 
-1.945000e+00 
-1.944000e+00 
-1.946000e+00 
-1.951000e+00 
-1.959000e+00 
-1.970000e+00 
-1.984000e+00 
-2.001000e+00 
-2.020000e+00 
-2.043000e+00 
-2.069000e+00 
-2.097000e+00 
-2.128000e+00 
-2.161000e+00 
-2.196000e+00 
-2.233000e+00 
-2.271000e+00 
-2.310000e+00 
-2.350000e+00 
-2.391000e+00 
-2.432000e+00 
-2.474000e+00 
-2.517000e+00 
-2.560000e+00 
-2.604000e+00 
-2.649000e+00 
-2.694000e+00 
-2.739000e+00 
-2.785000e+00 
-2.831000e+00 
-2.876000e+00 
-2.922000e+00 
-2.968000e+00 
-3.013000e+00 
-3.056000e+00 
-3.099000e+00 
-3.139000e+00 
-3.177000e+00 
-3.211000e+00 
-3.242000e+00 
-3.270000e+00 
-3.294000e+00 
-3.314000e+00 
-3.330000e+00 
-3.344000e+00 
-3.354000e+00 
-3.362000e+00 
-3.368000e+00 
-3.372000e+00 
-3.375000e+00 
-3.377000e+00 
-3.379000e+00 
-3.381000e+00 
-3.384000e+00 
-3.388000e+00 
-3.392000e+00 
-3.398000e+00 
-3.404000e+00 
-3.411000e+00 
-3.418000e+00 
-3.425000e+00 
-3.431000e+00 
-3.438000e+00 
-3.444000e+00 
-3.449000e+00 
-3.454000e+00 
-3.459000e+00 
-3.464000e+00 
-3.470000e+00 
-3.476000e+00 
-3.484000e+00 
-3.493000e+00 
-3.504000e+00 
-3.518000e+00 
-3.534000e+00 
-3.554000e+00 
-3.578000e+00 
-3.605000e+00 
-3.636000e+00 
-3.671000e+00 
-3.710000e+00 
-3.753000e+00 
-3.799000e+00 
-3.848000e+00 
-3.900000e+00 
-3.954000e+00 
-4.010000e+00 
-4.067000e+00 
-4.125000e+00 
-4.183000e+00 
-4.241000e+00 
-4.299000e+00 
-4.355000e+00 
-4.411000e+00 
-4.466000e+00 
-4.519000e+00 
-4.571000e+00 
-4.621000e+00 
-4.670000e+00 
-4.717000e+00 
-4.764000e+00 
-4.808000e+00 
-4.852000e+00 
-4.894000e+00 
-4.935000e+00 
-4.975000e+00 
-5.014000e+00 
-5.051000e+00 
-5.088000e+00 
-5.124000e+00 
-5.160000e+00 
-5.195000e+00 
-5.230000e+00 
-5.264000e+00 
-5.299000e+00 
-5.335000e+00 
-5.371000e+00 
-5.408000e+00 
-5.446000e+00 
-5.486000e+00 
-5.528000e+00 
-5.571000e+00 
-5.615000e+00 
-5.662000e+00 
-5.710000e+00 
-5.760000e+00 
-5.812000e+00 
-5.865000e+00 
-5.919000e+00 
-5.976000e+00 
-6.034000e+00 
-6.095000e+00 
-6.158000e+00 
-6.224000e+00 
-6.293000e+00 
-6.366000e+00 
-6.443000e+00 
-6.525000e+00 
-6.611000e+00 
-6.703000e+00 
-6.799000e+00 
-6.900000e+00 
-7.005000e+00 
-7.113000e+00 
-7.224000e+00 
-7.338000e+00 
-7.452000e+00 
-7.568000e+00 
-7.683000e+00 
-7.798000e+00 
-7.912000e+00 
-8.024000e+00 
-8.133000e+00 
-8.240000e+00 
-8.343000e+00 
-8.443000e+00 
-8.539000e+00 
-8.630000e+00 
-8.716000e+00 
-8.796000e+00 
-8.871000e+00 
-8.941000e+00 
-9.005000e+00 
-9.062000e+00 
-9.114000e+00 
-9.159000e+00 
-9.197000e+00 
-9.230000e+00 
-9.255000e+00 
-9.275000e+00 
-9.289000e+00 
-9.297000e+00 
-9.300000e+00 
-9.298000e+00 
-9.290000e+00 
-9.278000e+00 
-9.262000e+00 
-9.240000e+00 
-9.215000e+00 
-9.185000e+00 
-9.151000e+00 
-9.114000e+00 
-9.072000e+00 
-9.027000e+00 
-8.978000e+00 
-8.925000e+00 
-8.869000e+00 
-8.810000e+00 
-8.748000e+00 
-8.684000e+00 
-8.617000e+00 
-8.548000e+00 
-8.477000e+00 
-8.405000e+00 
-8.331000e+00 
-8.256000e+00 
-8.179000e+00 
-8.101000e+00 
-8.021000e+00 
-7.939000e+00 
-7.856000e+00 
-7.770000e+00 
-7.682000e+00 
-7.592000e+00 
-7.498000e+00 
-7.402000e+00 
-7.303000e+00 
-7.201000e+00 
-7.095000e+00 
-6.985000e+00 
-6.871000e+00 
-6.752000e+00 
-6.629000e+00 
-6.501000e+00 
-6.368000e+00 
-6.230000e+00 
-6.087000e+00 
-5.938000e+00 
-5.785000e+00 
-5.627000e+00 
-5.465000e+00 
-5.298000e+00 
-5.128000e+00 
-4.953000e+00 
-4.776000e+00 
-4.596000e+00 
-4.414000e+00 
-4.229000e+00 
-4.043000e+00 
-3.855000e+00 
-3.665000e+00 
-3.474000e+00 
-3.283000e+00 
-3.091000e+00 
-2.899000e+00 
-2.708000e+00 
-2.517000e+00 
-2.327000e+00 
-2.140000e+00 
-1.955000e+00 
-1.773000e+00 
-1.596000e+00 
-1.425000e+00 
-1.259000e+00 
-1.101000e+00 
-9.500000e-01 
-8.070000e-01 
-6.720000e-01 
-5.440000e-01 
-4.250000e-01 
-3.130000e-01 
-2.070000e-01 
-1.060000e-01 
-1.100000e-02 
8.000000e-02 
1.680000e-01 
2.540000e-01 
3.360000e-01 
4.160000e-01 
4.940000e-01 
5.690000e-01 
6.420000e-01 
7.120000e-01 
7.800000e-01 
8.450000e-01 
9.090000e-01 
9.700000e-01 
1.030000e+00 
1.089000e+00 
1.147000e+00 
1.206000e+00 
1.264000e+00 
1.323000e+00 
1.384000e+00 
1.447000e+00 
1.511000e+00 
1.578000e+00 
1.647000e+00 
1.719000e+00 
1.793000e+00 
1.868000e+00 
1.946000e+00 
2.026000e+00 
2.107000e+00 
2.190000e+00 
2.275000e+00 
2.361000e+00 
2.449000e+00 
2.538000e+00 
2.629000e+00 
2.721000e+00 
2.815000e+00 
2.909000e+00 
3.005000e+00 
3.100000e+00 
3.196000e+00 
3.291000e+00 
3.385000e+00 
3.477000e+00 
3.567000e+00 
3.655000e+00 
3.739000e+00 
3.819000e+00 
3.895000e+00 
3.967000e+00 
4.035000e+00 
4.097000e+00 
4.155000e+00 
4.209000e+00 
4.258000e+00 
4.302000e+00 
4.343000e+00 
4.380000e+00 
4.413000e+00 
4.443000e+00 
4.471000e+00 
4.497000e+00 
4.521000e+00 
4.544000e+00 
4.566000e+00 
4.587000e+00 
4.607000e+00 
4.627000e+00 
4.646000e+00 
4.664000e+00 
4.682000e+00 
4.699000e+00 
4.716000e+00 
4.733000e+00 
4.750000e+00 
4.768000e+00 
4.786000e+00 
4.806000e+00 
4.827000e+00 
4.850000e+00 
4.875000e+00 
4.902000e+00 
4.931000e+00 
4.963000e+00 
4.998000e+00 
5.034000e+00 
5.073000e+00 
5.114000e+00 
5.156000e+00 
5.199000e+00 
5.244000e+00 
5.289000e+00 
5.334000e+00 
5.379000e+00 
5.425000e+00 
5.470000e+00 
5.516000e+00 
5.562000e+00 
5.608000e+00 
5.654000e+00 
5.700000e+00 
5.746000e+00 
5.793000e+00 
5.840000e+00 
5.887000e+00 
5.934000e+00 
5.981000e+00 
6.028000e+00 
6.074000e+00 
6.119000e+00 
6.164000e+00 
6.207000e+00 
6.248000e+00 
6.289000e+00 
6.327000e+00 
6.364000e+00 
6.399000e+00 
6.432000e+00 
6.464000e+00 
6.495000e+00 
6.525000e+00 
6.553000e+00 
6.580000e+00 
6.606000e+00 
6.631000e+00 
6.655000e+00 
6.678000e+00 
6.699000e+00 
6.720000e+00 
6.739000e+00 
6.757000e+00 
6.773000e+00 
6.789000e+00 
6.803000e+00 
6.815000e+00 
6.826000e+00 
6.836000e+00 
6.845000e+00 
6.852000e+00 
6.858000e+00 
6.863000e+00 
6.867000e+00 
6.871000e+00 
6.874000e+00 
6.876000e+00 
6.878000e+00 
6.881000e+00 
6.883000e+00 
6.885000e+00 
6.888000e+00 
6.890000e+00 
6.893000e+00 
6.896000e+00 
6.899000e+00 
6.903000e+00 
6.906000e+00 
6.910000e+00 
6.914000e+00 
6.918000e+00 
6.921000e+00 
6.924000e+00 
6.925000e+00 
6.926000e+00 
6.926000e+00 
6.924000e+00 
6.920000e+00 
6.914000e+00 
6.907000e+00 
6.897000e+00 
6.886000e+00 
6.872000e+00 
6.857000e+00 
6.840000e+00 
6.821000e+00 
6.800000e+00 
6.777000e+00 
6.751000e+00 
6.722000e+00 
6.690000e+00 
6.655000e+00 
6.616000e+00 
6.574000e+00 
6.527000e+00 
6.476000e+00 
6.422000e+00 
6.363000e+00 
6.301000e+00 
6.235000e+00 
6.167000e+00 
6.095000e+00 
6.020000e+00 
5.943000e+00 
5.863000e+00 
5.781000e+00 
5.696000e+00 
5.609000e+00 
5.521000e+00 
5.430000e+00 
5.337000e+00 
5.242000e+00 
5.146000e+00 
5.048000e+00 
4.950000e+00 
4.850000e+00 
4.749000e+00 
4.648000e+00 
4.548000e+00 
4.448000e+00 
4.350000e+00 
4.253000e+00 
4.158000e+00 
4.066000e+00 
3.978000e+00 
3.892000e+00 
3.810000e+00 
3.732000e+00 
3.659000e+00 
3.589000e+00 
3.524000e+00 
3.462000e+00 
3.405000e+00 
3.351000e+00 
3.301000e+00 
3.255000e+00 
3.212000e+00 
3.172000e+00 
3.135000e+00 
3.101000e+00 
3.070000e+00 
3.041000e+00 
3.014000e+00 
2.990000e+00 
2.967000e+00 
2.947000e+00 
2.930000e+00 
2.914000e+00 
2.900000e+00 
2.887000e+00 
2.876000e+00 
2.866000e+00 
2.857000e+00 
2.849000e+00 
2.840000e+00 
2.832000e+00 
2.822000e+00 
2.812000e+00 
2.800000e+00 
2.786000e+00 
2.770000e+00 
2.751000e+00 
2.729000e+00 
2.705000e+00 
2.677000e+00 
2.645000e+00 
2.610000e+00 
2.571000e+00 
2.527000e+00 
2.479000e+00 
2.426000e+00 
2.369000e+00 
2.306000e+00 
2.239000e+00 
2.168000e+00 
2.091000e+00 
2.011000e+00 
1.926000e+00 
1.839000e+00 
1.748000e+00 
1.656000e+00 
1.561000e+00 
1.467000e+00 
1.371000e+00 
1.276000e+00 
1.181000e+00 
1.087000e+00 
9.940000e-01 
9.020000e-01 
8.110000e-01 
7.220000e-01 
6.340000e-01 
5.470000e-01 
4.610000e-01 
3.760000e-01 
2.910000e-01 
2.070000e-01 
1.250000e-01 
4.300000e-02 
-3.700000e-02 
-1.150000e-01 
-1.900000e-01 
-2.620000e-01 
-3.300000e-01 
-3.950000e-01 
-4.550000e-01 
-5.120000e-01 
-5.650000e-01 
-6.150000e-01 
-6.630000e-01 
-7.070000e-01 
-7.500000e-01 
-7.920000e-01 
-8.320000e-01 
-8.720000e-01 
-9.100000e-01 
-9.490000e-01 
-9.880000e-01 
-1.027000e+00 
-1.066000e+00 
-1.105000e+00 
-1.144000e+00 
-1.183000e+00 
-1.222000e+00 
-1.261000e+00 
-1.301000e+00 
-1.340000e+00 
-1.380000e+00 
-1.421000e+00 
-1.462000e+00 
-1.505000e+00 
-1.548000e+00 
-1.592000e+00 
-1.638000e+00 
-1.684000e+00 
-1.732000e+00 
-1.781000e+00 
-1.831000e+00 
-1.882000e+00 
-1.934000e+00 
-1.985000e+00 
-2.038000e+00 
-2.090000e+00 
-2.141000e+00 
-2.192000e+00 
-2.241000e+00 
-2.290000e+00 
-2.337000e+00 
-2.384000e+00 
-2.429000e+00 
-2.473000e+00 
-2.516000e+00 
-2.558000e+00 
-2.599000e+00 
-2.639000e+00 
-2.678000e+00 
-2.716000e+00 
-2.753000e+00 
-2.789000e+00 
-2.823000e+00 
-2.857000e+00 
-2.889000e+00 
-2.919000e+00 
-2.949000e+00 
-2.976000e+00 
-3.002000e+00 
-3.027000e+00 
-3.050000e+00 
-3.073000e+00 
-3.093000e+00 
-3.113000e+00 
-3.132000e+00 
-3.149000e+00 
-3.165000e+00 
-3.181000e+00 
-3.195000e+00 
-3.208000e+00 
-3.221000e+00 
-3.232000e+00 
-3.243000e+00 
-3.253000e+00 
-3.263000e+00 
-3.273000e+00 
-3.283000e+00 
-3.294000e+00 
-3.305000e+00 
-3.318000e+00 
-3.331000e+00 
-3.347000e+00 
-3.364000e+00 
-3.383000e+00 
-3.405000e+00 
-3.428000e+00 
-3.454000e+00 
-3.483000e+00 
-3.514000e+00 
-3.547000e+00 
-3.583000e+00 
-3.620000e+00 
-3.659000e+00 
-3.700000e+00 
-3.742000e+00 
-3.785000e+00 
-3.829000e+00 
-3.875000e+00 
-3.921000e+00 
-3.967000e+00 
-4.013000e+00 
-4.059000e+00 
-4.105000e+00 
-4.149000e+00 
-4.194000e+00 
-4.236000e+00 
-4.278000e+00 
-4.319000e+00 
-4.357000e+00 
-4.393000e+00 
-4.428000e+00 
-4.459000e+00 
-4.488000e+00 
-4.513000e+00 
-4.535000e+00 
-4.553000e+00 
-4.567000e+00 
-4.577000e+00 
-4.583000e+00 
-4.585000e+00 
-4.582000e+00 
-4.576000e+00 
-4.566000e+00 
-4.551000e+00 
-4.534000e+00 
-4.512000e+00 
-4.488000e+00 
-4.461000e+00 
-4.431000e+00 
-4.398000e+00 
-4.363000e+00 
-4.325000e+00 
-4.286000e+00 
-4.245000e+00 
-4.202000e+00 
-4.157000e+00 
-4.112000e+00 
-4.066000e+00 
-4.019000e+00 
-3.972000e+00 
-3.925000e+00 
-3.877000e+00 
-3.829000e+00 
-3.783000e+00 
-3.736000e+00 
-3.690000e+00 
-3.645000e+00 
-3.602000e+00 
-3.558000e+00 
-3.516000e+00 
-3.475000e+00 
-3.434000e+00 
-3.394000e+00 
-3.355000e+00 
-3.316000e+00 
-3.278000e+00 
-3.240000e+00 
-3.203000e+00 
-3.167000e+00 
-3.131000e+00 
-3.096000e+00 
-3.063000e+00 
-3.030000e+00 
-2.999000e+00 
-2.969000e+00 
-2.941000e+00 
-2.915000e+00 
-2.891000e+00 
-2.869000e+00 
-2.849000e+00 
-2.830000e+00 
-2.815000e+00 
-2.801000e+00 
-2.789000e+00 
-2.778000e+00 
-2.769000e+00 
-2.761000e+00 
-2.754000e+00 
-2.749000e+00 
-2.744000e+00 
-2.740000e+00 
-2.736000e+00 
-2.732000e+00 
-2.729000e+00 
-2.725000e+00 
-2.722000e+00 
-2.719000e+00 
-2.715000e+00 
-2.712000e+00 
-2.707000e+00 
-2.703000e+00 
-2.698000e+00 
-2.692000e+00 
-2.685000e+00 
-2.677000e+00 
-2.669000e+00 
-2.659000e+00 
-2.649000e+00 
-2.638000e+00 
-2.626000e+00 
-2.614000e+00 
-2.600000e+00 
-2.586000e+00 
-2.572000e+00 
-2.556000e+00 
-2.539000e+00 
-2.522000e+00 
-2.503000e+00 
-2.484000e+00 
-2.463000e+00 
-2.442000e+00 
-2.419000e+00 
-2.395000e+00 
-2.371000e+00 
-2.346000e+00 
-2.321000e+00 
-2.295000e+00 
-2.269000e+00 
-2.242000e+00 
-2.216000e+00 
-2.189000e+00 
-2.163000e+00 
-2.136000e+00 
-2.109000e+00 
-2.082000e+00 
-2.055000e+00 
-2.027000e+00 
-1.999000e+00 
-1.969000e+00 
-1.938000e+00 
-1.906000e+00 
-1.871000e+00 
-1.834000e+00 
-1.795000e+00 
-1.754000e+00 
-1.711000e+00 
-1.665000e+00 
-1.617000e+00 
-1.566000e+00 
-1.514000e+00 
-1.459000e+00 
-1.403000e+00 
-1.345000e+00 
-1.285000e+00 
-1.225000e+00 
-1.163000e+00 
-1.100000e+00 
-1.038000e+00 
-9.740000e-01 
-9.110000e-01 
-8.490000e-01 
-7.860000e-01 
-7.250000e-01 
-6.650000e-01 
-6.060000e-01 
-5.480000e-01 
-4.930000e-01 
-4.400000e-01 
-3.900000e-01 
-3.420000e-01 
-2.960000e-01 
-2.540000e-01 
-2.150000e-01 
-1.790000e-01 
-1.460000e-01 
-1.160000e-01 
-8.900000e-02 
-6.500000e-02 
-4.300000e-02 
-2.300000e-02 
-4.000000e-03 
1.300000e-02 
2.900000e-02 
4.500000e-02 
6.100000e-02 
7.600000e-02 
9.100000e-02 
1.060000e-01 
1.210000e-01 
1.370000e-01 
1.520000e-01 
1.680000e-01 
1.840000e-01 
2.000000e-01 
2.170000e-01 
2.340000e-01 
2.510000e-01 
2.690000e-01 
2.890000e-01 
3.080000e-01 
3.290000e-01 
3.510000e-01 
3.750000e-01 
3.990000e-01 
4.250000e-01 
4.520000e-01 
4.800000e-01 
5.080000e-01 
5.380000e-01 
5.670000e-01 
5.970000e-01 
6.260000e-01 
6.550000e-01 
6.830000e-01 
7.110000e-01 
7.370000e-01 
7.630000e-01 
7.870000e-01 
8.110000e-01 
8.340000e-01 
8.560000e-01 
8.770000e-01 
8.980000e-01 
9.190000e-01 
9.390000e-01 
9.590000e-01 
9.790000e-01 
9.980000e-01 
1.018000e+00 
1.039000e+00 
1.059000e+00 
1.080000e+00 
1.101000e+00 
1.123000e+00 
1.146000e+00 
1.169000e+00 
1.193000e+00 
1.218000e+00 
1.245000e+00 
1.272000e+00 
1.300000e+00 
1.330000e+00 
1.361000e+00 
1.393000e+00 
1.427000e+00 
1.461000e+00 
1.497000e+00 
1.533000e+00 
1.570000e+00 
1.608000e+00 
1.645000e+00 
1.683000e+00 
1.721000e+00 
1.759000e+00 
1.796000e+00 
1.833000e+00 
1.869000e+00 
1.904000e+00 
1.937000e+00 
1.969000e+00 
1.998000e+00 
2.025000e+00 
2.050000e+00 
2.071000e+00 
2.090000e+00 
2.105000e+00 
2.116000e+00 
2.124000e+00 
2.127000e+00 
2.127000e+00 
2.123000e+00 
2.115000e+00 
2.104000e+00 
2.090000e+00 
2.073000e+00 
2.052000e+00 
2.030000e+00 
2.004000e+00 
1.977000e+00 
1.948000e+00 
1.917000e+00 
1.884000e+00 
1.850000e+00 
1.815000e+00 
1.779000e+00 
1.742000e+00 
1.704000e+00 
1.666000e+00 
1.627000e+00 
1.588000e+00 
1.549000e+00 
1.510000e+00 
1.471000e+00 
1.433000e+00 
1.396000e+00 
1.360000e+00 
1.325000e+00 
1.293000e+00 
1.263000e+00 
1.235000e+00 
1.210000e+00 
1.188000e+00 
1.170000e+00 
1.154000e+00 
1.142000e+00 
1.133000e+00 
1.126000e+00 
1.123000e+00 
1.121000e+00 
1.122000e+00 
1.125000e+00 
1.129000e+00 
1.135000e+00 
1.141000e+00 
1.149000e+00 
1.157000e+00 
1.166000e+00 
1.176000e+00 
1.187000e+00 
1.199000e+00 
1.211000e+00 
1.224000e+00 
1.238000e+00 
1.253000e+00 
1.268000e+00 
1.284000e+00 
1.301000e+00 
1.317000e+00 
1.334000e+00 
1.350000e+00 
1.367000e+00 
1.384000e+00 
1.400000e+00 
1.417000e+00 
1.433000e+00 
1.449000e+00 
1.465000e+00 
1.481000e+00 
1.497000e+00 
1.513000e+00 
1.528000e+00 
1.543000e+00 
1.557000e+00 
1.570000e+00 
1.582000e+00 
1.593000e+00 
1.602000e+00 
1.611000e+00 
1.617000e+00 
1.623000e+00 
1.626000e+00 
1.629000e+00 
1.630000e+00 
1.630000e+00 
1.629000e+00 
1.627000e+00 
1.623000e+00 
1.619000e+00 
1.613000e+00 
1.606000e+00 
1.598000e+00 
1.589000e+00 
1.579000e+00 
1.568000e+00 
1.556000e+00 
1.542000e+00 
1.528000e+00 
1.512000e+00 
1.495000e+00 
1.477000e+00 
1.457000e+00 
1.437000e+00 
1.415000e+00 
1.392000e+00 
1.369000e+00 
1.344000e+00 
1.319000e+00 
1.293000e+00 
1.267000e+00 
1.241000e+00 
1.214000e+00 
1.186000e+00 
1.158000e+00 
1.129000e+00 
1.099000e+00 
1.068000e+00 
1.036000e+00 
1.004000e+00 
9.700000e-01 
9.350000e-01 
8.990000e-01 
8.620000e-01 
8.240000e-01 
7.850000e-01 
7.450000e-01 
7.050000e-01 
6.650000e-01 
6.240000e-01 
5.840000e-01 
5.440000e-01 
5.040000e-01 
4.640000e-01 
4.260000e-01 
3.880000e-01 
3.510000e-01 
3.150000e-01 
2.810000e-01 
2.470000e-01 
2.150000e-01 
1.840000e-01 
1.540000e-01 
1.260000e-01 
9.900000e-02 
7.400000e-02 
5.100000e-02 
2.900000e-02 
1.000000e-02 
-7.000000e-03 
-2.300000e-02 
-3.600000e-02 
-4.600000e-02 
-5.500000e-02 
-6.100000e-02 
-6.500000e-02 
-6.700000e-02 
-6.600000e-02 
-6.300000e-02 
-5.800000e-02 
-5.100000e-02 
-4.200000e-02 
-3.100000e-02 
-1.800000e-02 
-4.000000e-03 
1.100000e-02 
2.900000e-02 
4.700000e-02 
6.700000e-02 
8.800000e-02 
1.110000e-01 
1.340000e-01 
1.580000e-01 
1.830000e-01 
2.080000e-01 
2.340000e-01 
2.590000e-01 
2.850000e-01 
3.090000e-01 
3.330000e-01 
3.550000e-01 
3.760000e-01 
3.950000e-01 
4.120000e-01 
4.260000e-01 
4.380000e-01 
4.460000e-01 
4.520000e-01 
4.540000e-01 
4.540000e-01 
4.500000e-01 
4.430000e-01 
4.330000e-01 
4.200000e-01 
4.040000e-01 
3.860000e-01 
3.650000e-01 
3.420000e-01 
3.170000e-01 
2.910000e-01 
2.640000e-01 
2.360000e-01 
2.080000e-01 
1.790000e-01 
1.500000e-01 
1.210000e-01 
9.200000e-02 
6.300000e-02 
3.500000e-02 
7.000000e-03 
-1.900000e-02 
-4.500000e-02 
-6.900000e-02 
-9.100000e-02 
-1.110000e-01 
-1.290000e-01 
-1.450000e-01 
-1.570000e-01 
-1.670000e-01 
-1.740000e-01 
-1.780000e-01 
-1.800000e-01 
-1.780000e-01 
-1.730000e-01 
-1.660000e-01 
-1.550000e-01 
-1.420000e-01 
-1.270000e-01 
-1.100000e-01 
-9.000000e-02 
-6.900000e-02 
-4.600000e-02 
-2.100000e-02 
6.000000e-03 
3.400000e-02 
6.300000e-02 
9.300000e-02 
1.240000e-01 
1.560000e-01 
1.880000e-01 
2.210000e-01 
2.530000e-01 
2.840000e-01 
3.150000e-01 
3.440000e-01 
3.710000e-01 
3.960000e-01 
4.180000e-01 
4.380000e-01 
4.550000e-01 
4.690000e-01 
4.800000e-01 
4.880000e-01 
4.930000e-01 
4.940000e-01 
4.930000e-01 
4.890000e-01 
4.820000e-01 
4.730000e-01 
4.620000e-01 
4.490000e-01 
4.350000e-01 
4.210000e-01 
4.050000e-01 
3.890000e-01 
3.740000e-01 
3.580000e-01 
3.430000e-01 
3.280000e-01 
3.150000e-01 
3.030000e-01 
2.920000e-01 
2.830000e-01 
2.750000e-01 
2.710000e-01 
2.680000e-01 
2.680000e-01 
2.710000e-01 
2.760000e-01 
2.860000e-01 
2.990000e-01 
3.150000e-01 
3.350000e-01 
3.580000e-01 
3.840000e-01 
4.140000e-01 
4.470000e-01 
4.830000e-01 
5.220000e-01 
5.630000e-01 
6.050000e-01 
6.500000e-01 
6.950000e-01 
7.410000e-01 
7.880000e-01 
8.350000e-01 
8.810000e-01 
9.270000e-01 
9.710000e-01 
1.014000e+00 
1.056000e+00 
1.095000e+00 
1.132000e+00 
1.167000e+00 
1.198000e+00 
1.226000e+00 
1.250000e+00 
1.269000e+00 
1.284000e+00 
1.294000e+00 
1.299000e+00 
1.298000e+00 
1.293000e+00 
1.281000e+00 
1.265000e+00 
1.243000e+00 
1.216000e+00 
1.184000e+00 
1.148000e+00 
1.107000e+00 
1.063000e+00 
1.014000e+00 
9.620000e-01 
9.080000e-01 
8.500000e-01 
7.910000e-01 
7.300000e-01 
6.680000e-01 
6.040000e-01 
5.400000e-01 
4.750000e-01 
4.110000e-01 
3.480000e-01 
2.850000e-01 
2.230000e-01 
1.620000e-01 
1.040000e-01 
4.600000e-02 
-9.000000e-03 
-6.300000e-02 
-1.140000e-01 
-1.620000e-01 
-2.090000e-01 
-2.520000e-01 
-2.920000e-01 
-3.300000e-01 
-3.640000e-01 
-3.940000e-01 
-4.210000e-01 
-4.440000e-01 
-4.630000e-01 
-4.790000e-01 
-4.920000e-01 
-5.020000e-01 
-5.090000e-01 
-5.140000e-01 
-5.180000e-01 
-5.210000e-01 
-5.230000e-01 
-5.240000e-01 
-5.260000e-01 
-5.280000e-01 
-5.300000e-01 
-5.330000e-01 
-5.360000e-01 
-5.390000e-01 
-5.430000e-01 
-5.480000e-01 
-5.530000e-01 
-5.590000e-01 
-5.660000e-01 
-5.750000e-01 
-5.850000e-01 
-5.980000e-01 
-6.130000e-01 
-6.300000e-01 
-6.510000e-01 
-6.750000e-01 
-7.020000e-01 
-7.320000e-01 
-7.650000e-01 
-8.020000e-01 
-8.410000e-01 
-8.830000e-01 
-9.280000e-01 
-9.750000e-01 
-1.024000e+00 
-1.075000e+00 
-1.128000e+00 
-1.183000e+00 
-1.239000e+00 
-1.296000e+00 
-1.353000e+00 
-1.411000e+00 
-1.468000e+00 
-1.525000e+00 
-1.581000e+00 
-1.636000e+00 
-1.689000e+00 
-1.740000e+00 
-1.788000e+00 
-1.834000e+00 
-1.878000e+00 
-1.918000e+00 
-1.955000e+00 
-1.990000e+00 
-2.021000e+00 
-2.049000e+00 
-2.074000e+00 
-2.096000e+00 
-2.114000e+00 
-2.129000e+00 
-2.140000e+00 
-2.148000e+00 
-2.152000e+00 
-2.152000e+00 
-2.149000e+00 
-2.142000e+00 
-2.132000e+00 
-2.120000e+00 
-2.105000e+00 
-2.087000e+00 
-2.068000e+00 
-2.047000e+00 
-2.025000e+00 
-2.002000e+00 
-1.978000e+00 
-1.954000e+00 
-1.929000e+00 
-1.903000e+00 
-1.877000e+00 
-1.851000e+00 
-1.824000e+00 
-1.798000e+00 
-1.771000e+00 
-1.744000e+00 
-1.717000e+00 
-1.691000e+00 
-1.664000e+00 
-1.639000e+00 
-1.614000e+00 
-1.589000e+00 
-1.566000e+00 
-1.544000e+00 
-1.523000e+00 
-1.503000e+00 
-1.485000e+00 
-1.467000e+00 
-1.451000e+00 
-1.436000e+00 
-1.422000e+00 
-1.409000e+00 
-1.396000e+00 
-1.384000e+00 
-1.372000e+00 
-1.359000e+00 
-1.347000e+00 
-1.334000e+00 
-1.321000e+00 
-1.307000e+00 
-1.293000e+00 
-1.279000e+00 
-1.264000e+00 
-1.249000e+00 
-1.234000e+00 
-1.218000e+00 
-1.202000e+00 
-1.186000e+00 
-1.171000e+00 
-1.155000e+00 
-1.139000e+00 
-1.123000e+00 
-1.107000e+00 
-1.092000e+00 
-1.076000e+00 
-1.061000e+00 
-1.047000e+00 
-1.032000e+00 
-1.019000e+00 
-1.006000e+00 
-9.930000e-01 
-9.820000e-01 
-9.710000e-01 
-9.610000e-01 
-9.530000e-01 
-9.450000e-01 
-9.390000e-01 
-9.340000e-01 
-9.310000e-01 
-9.280000e-01 
-9.270000e-01 
-9.270000e-01 
-9.290000e-01 
-9.310000e-01 
-9.340000e-01 
-9.390000e-01 
-9.440000e-01 
-9.500000e-01 
-9.560000e-01 
-9.630000e-01 
-9.690000e-01 
-9.760000e-01 
-9.820000e-01 
-9.880000e-01 
-9.940000e-01 
-9.990000e-01 
-1.005000e+00 
-1.010000e+00 
-1.015000e+00 
-1.019000e+00 
-1.023000e+00 
-1.027000e+00 
-1.030000e+00 
-1.033000e+00 
-1.034000e+00 
-1.035000e+00 
-1.034000e+00 
-1.032000e+00 
-1.028000e+00 
-1.023000e+00 
-1.016000e+00 
-1.007000e+00 
-9.950000e-01 
-9.820000e-01 
-9.650000e-01 
-9.470000e-01 
-9.260000e-01 
-9.030000e-01 
-8.770000e-01 
-8.480000e-01 
-8.170000e-01 
-7.850000e-01 
-7.490000e-01 
-7.120000e-01 
-6.720000e-01 
-6.300000e-01 
-5.860000e-01 
-5.390000e-01 
-4.920000e-01 
-4.420000e-01 
-3.910000e-01 
-3.390000e-01 
-2.860000e-01 
-2.330000e-01 
-1.790000e-01 
-1.250000e-01 
-7.200000e-02 
-1.900000e-02 
3.400000e-02 
8.600000e-02 
1.370000e-01 
1.870000e-01 
2.350000e-01 
2.820000e-01 
3.260000e-01 
3.690000e-01 
4.100000e-01 
4.470000e-01 
4.820000e-01 
5.130000e-01 
5.410000e-01 
5.660000e-01 
5.870000e-01 
6.040000e-01 
6.170000e-01 
6.270000e-01 
6.330000e-01 
6.350000e-01 
6.330000e-01 
6.280000e-01 
6.200000e-01 
6.090000e-01 
5.940000e-01 
5.760000e-01 
5.560000e-01 
5.340000e-01 
5.090000e-01 
4.830000e-01 
4.550000e-01 
4.250000e-01 
3.950000e-01 
3.640000e-01 
3.320000e-01 
3.010000e-01 
2.690000e-01 
2.380000e-01 
2.070000e-01 
1.770000e-01 
1.480000e-01 
1.210000e-01 
9.400000e-02 
6.900000e-02 
4.500000e-02 
2.300000e-02 
3.000000e-03 
-1.600000e-02 
-3.200000e-02 
-4.600000e-02 
-5.800000e-02 
-6.700000e-02 
-7.400000e-02 
-7.800000e-02 
-8.000000e-02 
-7.900000e-02 
-7.600000e-02 
-7.100000e-02 
-6.400000e-02 
-5.500000e-02 
-4.300000e-02 
-3.000000e-02 
-1.500000e-02 
1.000000e-03 
2.000000e-02 
4.000000e-02 
6.200000e-02 
8.600000e-02 
1.120000e-01 
1.400000e-01 
1.690000e-01 
2.000000e-01 
2.330000e-01 
2.660000e-01 
3.010000e-01 
3.360000e-01 
3.710000e-01 
4.060000e-01 
4.420000e-01 
4.770000e-01 
5.110000e-01 
5.450000e-01 
5.780000e-01 
6.110000e-01 
6.440000e-01 
6.760000e-01 
7.080000e-01 
7.400000e-01 
7.720000e-01 
8.030000e-01 
8.340000e-01 
8.650000e-01 
8.950000e-01 
9.250000e-01 
9.540000e-01 
9.830000e-01 
1.010000e+00 
1.038000e+00 
1.065000e+00 
1.091000e+00 
1.117000e+00 
1.143000e+00 
1.168000e+00 
1.193000e+00 
1.218000e+00 
1.243000e+00 
1.268000e+00 
1.293000e+00 
1.318000e+00 
1.343000e+00 
1.368000e+00 
1.393000e+00 
1.418000e+00 
1.443000e+00 
1.467000e+00 
1.490000e+00 
1.514000e+00 
1.536000e+00 
1.558000e+00 
1.580000e+00 
1.601000e+00 
1.621000e+00 
1.641000e+00 
1.660000e+00 
1.678000e+00 
1.696000e+00 
1.713000e+00 
1.729000e+00 
1.744000e+00 
1.758000e+00 
1.770000e+00 
1.782000e+00 
1.792000e+00 
1.801000e+00 
1.808000e+00 
1.814000e+00 
1.819000e+00 
1.822000e+00 
1.824000e+00 
1.825000e+00 
1.824000e+00 
1.822000e+00 
1.819000e+00 
1.815000e+00 
1.809000e+00 
1.802000e+00 
1.794000e+00 
1.784000e+00 
1.773000e+00 
1.760000e+00 
1.745000e+00 
1.729000e+00 
1.711000e+00 
1.691000e+00 
1.668000e+00 
1.644000e+00 
1.618000e+00 
1.590000e+00 
1.560000e+00 
1.528000e+00 
1.494000e+00 
1.458000e+00 
1.421000e+00 
1.383000e+00 
1.343000e+00 
1.303000e+00 
1.262000e+00 
1.220000e+00 
1.179000e+00 
1.138000e+00 
1.097000e+00 
1.057000e+00 
1.018000e+00 
9.790000e-01 
9.430000e-01 
9.080000e-01 
8.740000e-01 
8.430000e-01 
8.130000e-01 
7.860000e-01 
7.620000e-01 
7.390000e-01 
7.200000e-01 
7.030000e-01 
6.880000e-01 
6.770000e-01 
6.680000e-01 
6.620000e-01 
6.590000e-01 
6.580000e-01 
6.610000e-01 
6.650000e-01 
6.730000e-01 
6.820000e-01 
6.940000e-01 
7.070000e-01 
7.210000e-01 
7.370000e-01 
7.530000e-01 
7.690000e-01 
7.850000e-01 
8.000000e-01 
8.150000e-01 
8.280000e-01 
8.400000e-01 
8.500000e-01 
8.580000e-01 
8.630000e-01 
8.660000e-01 
8.660000e-01 
8.630000e-01 
8.560000e-01 
8.470000e-01 
8.340000e-01 
8.170000e-01 
7.970000e-01 
7.730000e-01 
7.460000e-01 
7.160000e-01 
6.830000e-01 
6.460000e-01 
6.070000e-01 
5.660000e-01 
5.230000e-01 
4.780000e-01 
4.310000e-01 
3.840000e-01 
3.360000e-01 
2.870000e-01 
2.380000e-01 
1.890000e-01 
1.410000e-01 
9.400000e-02 
4.700000e-02 
1.000000e-03 
-4.300000e-02 
-8.600000e-02 
-1.270000e-01 
-1.670000e-01 
-2.040000e-01 
-2.390000e-01 
-2.710000e-01 
-3.010000e-01 
-3.270000e-01 
-3.510000e-01 
-3.710000e-01 
-3.880000e-01 
-4.010000e-01 
-4.120000e-01 
-4.190000e-01 
-4.230000e-01 
-4.240000e-01 
-4.220000e-01 
-4.180000e-01 
-4.120000e-01 
-4.030000e-01 
-3.930000e-01 
-3.820000e-01 
-3.690000e-01 
-3.550000e-01 
-3.410000e-01 
-3.260000e-01 
-3.100000e-01 
-2.940000e-01 
-2.770000e-01 
-2.610000e-01 
-2.450000e-01 
-2.290000e-01 
-2.140000e-01 
-2.000000e-01 
-1.870000e-01 
-1.750000e-01 
-1.640000e-01 
-1.550000e-01 
-1.480000e-01 
-1.420000e-01 
-1.380000e-01 
-1.360000e-01 
-1.360000e-01 
-1.370000e-01 
-1.400000e-01 
-1.460000e-01 
-1.530000e-01 
-1.620000e-01 
-1.720000e-01 
-1.840000e-01 
-1.960000e-01 
-2.100000e-01 
-2.250000e-01 
-2.400000e-01 
-2.550000e-01 
-2.710000e-01 
-2.870000e-01 
-3.020000e-01 
-3.170000e-01 
-3.320000e-01 
-3.460000e-01 
-3.590000e-01 
-3.710000e-01 
-3.830000e-01 
-3.930000e-01 
-4.010000e-01 
-4.080000e-01 
-4.130000e-01 
-4.170000e-01 
-4.180000e-01 
-4.180000e-01 
-4.150000e-01 
-4.110000e-01 
-4.040000e-01 
-3.950000e-01 
-3.830000e-01 
-3.700000e-01 
-3.550000e-01 
-3.380000e-01 
-3.200000e-01 
-3.000000e-01 
-2.800000e-01 
-2.580000e-01 
-2.360000e-01 
-2.140000e-01 
-1.920000e-01 
-1.690000e-01 
-1.470000e-01 
-1.250000e-01 
-1.030000e-01 
-8.000000e-02 
-5.900000e-02 
-3.700000e-02 
-1.600000e-02 
4.000000e-03 
2.400000e-02 
4.400000e-02 
6.200000e-02 
7.900000e-02 
9.600000e-02 
1.110000e-01 
1.250000e-01 
1.380000e-01 
1.490000e-01 
1.590000e-01 
1.670000e-01 
1.740000e-01 
1.790000e-01 
1.830000e-01 
1.850000e-01 
1.860000e-01 
1.860000e-01 
1.850000e-01 
1.830000e-01 
1.790000e-01 
1.750000e-01 
1.700000e-01 
1.650000e-01 
1.590000e-01 
1.530000e-01 
1.470000e-01 
1.400000e-01 
1.330000e-01 
1.270000e-01 
1.200000e-01 
1.150000e-01 
1.100000e-01 
1.050000e-01 
1.020000e-01 
1.000000e-01 
9.800000e-02 
9.800000e-02 
1.000000e-01 
1.020000e-01 
1.070000e-01 
1.120000e-01 
1.190000e-01 
1.280000e-01 
1.380000e-01 
1.500000e-01 
1.630000e-01 
1.760000e-01 
1.910000e-01 
2.070000e-01 
2.230000e-01 
2.390000e-01 
2.560000e-01 
2.730000e-01 
2.900000e-01 
3.060000e-01 
3.220000e-01 
3.370000e-01 
3.520000e-01 
3.650000e-01 
3.770000e-01 
3.890000e-01 
3.980000e-01 
4.070000e-01 
4.140000e-01 
4.200000e-01 
4.240000e-01 
4.270000e-01 
4.280000e-01 
4.280000e-01 
4.270000e-01 
4.250000e-01 
4.210000e-01 
4.170000e-01 
4.110000e-01 
4.050000e-01 
3.980000e-01 
3.890000e-01 
3.810000e-01 
3.710000e-01 
3.610000e-01 
3.510000e-01 
3.400000e-01 
3.290000e-01 
3.180000e-01 
3.070000e-01 
2.960000e-01 
2.850000e-01 
2.750000e-01 
2.640000e-01 
2.540000e-01 
2.450000e-01 
2.360000e-01 
2.280000e-01 
2.210000e-01 
2.150000e-01 
2.100000e-01 
2.060000e-01 
2.030000e-01 
2.000000e-01 
1.990000e-01 
1.990000e-01 
2.000000e-01 
2.020000e-01 
2.050000e-01 
2.080000e-01 
2.120000e-01 
2.150000e-01 
2.200000e-01 
2.240000e-01 
2.280000e-01 
2.320000e-01 
2.350000e-01 
2.380000e-01 
2.400000e-01 
2.410000e-01 
2.410000e-01 
2.400000e-01 
2.380000e-01 
2.340000e-01 
2.290000e-01 
2.220000e-01 
2.150000e-01 
2.050000e-01 
1.950000e-01 
1.830000e-01 
1.690000e-01 
1.540000e-01 
1.380000e-01 
1.200000e-01 
1.010000e-01 
8.100000e-02 
6.100000e-02 
3.900000e-02 
1.700000e-02 
-6.000000e-03 
-2.900000e-02 
-5.300000e-02 
-7.600000e-02 
-1.000000e-01 
-1.240000e-01 
-1.470000e-01 
-1.710000e-01 
-1.940000e-01 
-2.160000e-01 
-2.380000e-01 
-2.590000e-01 
-2.800000e-01 
-2.990000e-01 
-3.170000e-01 
-3.340000e-01 
-3.500000e-01 
-3.640000e-01 
-3.770000e-01 
-3.880000e-01 
-3.980000e-01 
-4.060000e-01 
-4.130000e-01 
-4.190000e-01 
-4.240000e-01 
-4.290000e-01 
-4.320000e-01 
-4.350000e-01 
-4.380000e-01 
-4.400000e-01 
-4.430000e-01 
-4.450000e-01 
-4.470000e-01 
-4.490000e-01 
-4.520000e-01 
-4.550000e-01 
-4.580000e-01 
-4.610000e-01 
-4.650000e-01 
-4.700000e-01 
-4.750000e-01 
-4.810000e-01 
-4.880000e-01 
-4.960000e-01 
-5.050000e-01 
-5.150000e-01 
-5.260000e-01 
-5.390000e-01 
-5.540000e-01 
-5.700000e-01 
-5.880000e-01 
-6.070000e-01 
-6.290000e-01 
-6.510000e-01 
-6.760000e-01 
-7.020000e-01 
-7.300000e-01 
-7.590000e-01 
-7.900000e-01 
-8.220000e-01 
-8.550000e-01 
-8.890000e-01 
-9.250000e-01 
-9.610000e-01 
-9.990000e-01 
-1.037000e+00 
-1.076000e+00 
-1.116000e+00 
-1.156000e+00 
-1.197000e+00 
-1.239000e+00 
-1.281000e+00 
-1.324000e+00 
-1.366000e+00 
-1.410000e+00 
-1.453000e+00 
-1.497000e+00 
-1.540000e+00 
-1.584000e+00 
-1.627000e+00 
-1.670000e+00 
-1.712000e+00 
-1.753000e+00 
-1.794000e+00 
-1.834000e+00 
-1.872000e+00 
-1.910000e+00 
-1.946000e+00 
-1.982000e+00 
-2.016000e+00 
-2.048000e+00 
-2.080000e+00 
-2.110000e+00 
-2.138000e+00 
-2.165000e+00 
-2.190000e+00 
-2.214000e+00 
-2.236000e+00 
-2.257000e+00 
-2.276000e+00 
-2.294000e+00 
-2.311000e+00 
-2.328000e+00 
-2.343000e+00 
-2.358000e+00 
-2.373000e+00 
-2.388000e+00 
-2.403000e+00 
-2.418000e+00 
-2.433000e+00 
-2.448000e+00 
-2.464000e+00 
-2.480000e+00 
-2.496000e+00 
-2.512000e+00 
-2.528000e+00 
-2.545000e+00 
-2.560000e+00 
-2.576000e+00 
-2.591000e+00 
-2.605000e+00 
-2.619000e+00 
-2.632000e+00 
-2.644000e+00 
-2.654000e+00 
-2.663000e+00 
-2.671000e+00 
-2.677000e+00 
-2.682000e+00 
-2.684000e+00 
-2.685000e+00 
-2.683000e+00 
-2.679000e+00 
-2.672000e+00 
-2.663000e+00 
-2.651000e+00 
-2.637000e+00 
-2.620000e+00 
-2.600000e+00 
-2.577000e+00 
-2.551000e+00 
-2.523000e+00 
-2.491000e+00 
-2.457000e+00 
-2.420000e+00 
-2.381000e+00 
-2.338000e+00 
-2.294000e+00 
-2.247000e+00 
-2.197000e+00 
-2.146000e+00 
-2.093000e+00 
-2.038000e+00 
-1.981000e+00 
-1.923000e+00 
-1.864000e+00 
-1.804000e+00 
-1.743000e+00 
-1.681000e+00 
-1.619000e+00 
-1.555000e+00 
-1.492000e+00 
-1.428000e+00 
-1.364000e+00 
-1.299000e+00 
-1.235000e+00 
-1.171000e+00 
-1.108000e+00 
-1.044000e+00 
-9.820000e-01 
-9.200000e-01 
-8.590000e-01 
-8.000000e-01 
-7.410000e-01 
-6.840000e-01 
-6.270000e-01 
-5.730000e-01 
-5.190000e-01 
-4.670000e-01 
-4.150000e-01 
-3.660000e-01 
-3.170000e-01 
-2.700000e-01 
-2.240000e-01 
-1.790000e-01 
-1.350000e-01 
-9.300000e-02 
-5.100000e-02 
-1.100000e-02 
2.900000e-02 
6.800000e-02 
1.070000e-01 
1.450000e-01 
1.830000e-01 
2.210000e-01 
2.590000e-01 
2.960000e-01 
3.340000e-01 
3.710000e-01 
4.090000e-01 
4.460000e-01 
4.840000e-01 
5.210000e-01 
5.580000e-01 
5.950000e-01 
6.320000e-01 
6.690000e-01 
7.060000e-01 
7.430000e-01 
7.800000e-01 
8.160000e-01 
8.520000e-01 
8.870000e-01 
9.220000e-01 
9.570000e-01 
9.900000e-01 
1.023000e+00 
1.055000e+00 
1.086000e+00 
1.117000e+00 
1.146000e+00 
1.175000e+00 
1.203000e+00 
1.231000e+00 
1.258000e+00 
1.284000e+00 
1.310000e+00 
1.336000e+00 
1.361000e+00 
1.386000e+00 
1.411000e+00 
1.436000e+00 
1.460000e+00 
1.484000e+00 
1.508000e+00 
1.532000e+00 
1.556000e+00 
1.579000e+00 
1.603000e+00 
1.627000e+00 
1.650000e+00 
1.673000e+00 
1.697000e+00 
1.720000e+00 
1.743000e+00 
1.766000e+00 
1.790000e+00 
1.813000e+00 
1.836000e+00 
1.859000e+00 
1.882000e+00 
1.905000e+00 
1.927000e+00 
1.949000e+00 
1.971000e+00 
1.993000e+00 
2.015000e+00 
2.036000e+00 
2.057000e+00 
2.077000e+00 
2.097000e+00 
2.116000e+00 
2.135000e+00 
2.152000e+00 
2.169000e+00 
2.185000e+00 
2.200000e+00 
2.214000e+00 
2.227000e+00 
2.239000e+00 
2.249000e+00 
2.258000e+00 
2.266000e+00 
2.273000e+00 
2.279000e+00 
2.284000e+00 
2.288000e+00 
2.290000e+00 
2.291000e+00 
2.292000e+00 
2.290000e+00 
2.288000e+00 
2.284000e+00 
2.279000e+00 
2.273000e+00 
2.265000e+00 
2.255000e+00 
2.244000e+00 
2.232000e+00 
2.219000e+00 
2.204000e+00 
2.188000e+00 
2.171000e+00 
2.153000e+00 
2.134000e+00 
2.114000e+00 
2.093000e+00 
2.071000e+00 
2.049000e+00 
2.025000e+00 
2.001000e+00 
1.976000e+00 
1.951000e+00 
1.924000e+00 
1.896000e+00 
1.868000e+00 
1.839000e+00 
1.810000e+00 
1.780000e+00 
1.751000e+00 
1.721000e+00 
1.691000e+00 
1.661000e+00 
1.631000e+00 
1.601000e+00 
1.571000e+00 
1.541000e+00 
1.512000e+00 
1.482000e+00 
1.453000e+00 
1.424000e+00 
1.395000e+00 
1.366000e+00 
1.337000e+00 
1.309000e+00 
1.281000e+00 
1.253000e+00 
1.226000e+00 
1.199000e+00 
1.173000e+00 
1.147000e+00 
1.121000e+00 
1.095000e+00 
1.070000e+00 
1.045000e+00 
1.020000e+00 
9.960000e-01 
9.710000e-01 
9.470000e-01 
9.240000e-01 
9.000000e-01 
8.770000e-01 
8.550000e-01 
8.330000e-01 
8.120000e-01 
7.920000e-01 
7.720000e-01 
7.540000e-01 
7.370000e-01 
7.210000e-01 
7.060000e-01 
6.930000e-01 
6.810000e-01 
6.700000e-01 
6.590000e-01 
6.500000e-01 
6.410000e-01 
6.330000e-01 
6.250000e-01 
6.170000e-01 
6.090000e-01 
6.010000e-01 
5.920000e-01 
5.840000e-01 
5.750000e-01 
5.660000e-01 
5.560000e-01 
5.470000e-01 
5.380000e-01 
5.280000e-01 
5.180000e-01 
5.090000e-01 
4.990000e-01 
4.890000e-01 
4.790000e-01 
4.680000e-01 
4.560000e-01 
4.440000e-01 
4.300000e-01 
4.150000e-01 
3.980000e-01 
3.810000e-01 
3.610000e-01 
3.400000e-01 
3.180000e-01 
2.940000e-01 
2.680000e-01 
2.420000e-01 
2.140000e-01 
1.840000e-01 
1.540000e-01 
1.230000e-01 
9.100000e-02 
5.900000e-02 
2.600000e-02 
-8.000000e-03 
-4.200000e-02 
-7.600000e-02 
-1.100000e-01 
-1.440000e-01 
-1.770000e-01 
-2.100000e-01 
-2.420000e-01 
-2.740000e-01 
-3.050000e-01 
-3.340000e-01 
-3.630000e-01 
-3.910000e-01 
-4.170000e-01 
-4.430000e-01 
-4.680000e-01 
-4.920000e-01 
-5.150000e-01 
-5.380000e-01 
-5.600000e-01 
-5.820000e-01 
-6.030000e-01 
-6.240000e-01 
-6.440000e-01 
-6.640000e-01 
-6.830000e-01 
-7.010000e-01 
-7.180000e-01 
-7.350000e-01 
-7.510000e-01 
-7.650000e-01 
-7.790000e-01 
-7.920000e-01 
-8.030000e-01 
-8.140000e-01 
-8.240000e-01 
-8.330000e-01 
-8.410000e-01 
-8.490000e-01 
-8.560000e-01 
-8.620000e-01 
-8.680000e-01 
-8.740000e-01 
-8.800000e-01 
-8.850000e-01 
-8.900000e-01 
-8.950000e-01 
-9.000000e-01 
-9.040000e-01 
-9.080000e-01 
-9.120000e-01 
-9.150000e-01 
-9.170000e-01 
-9.190000e-01 
-9.200000e-01 
-9.210000e-01 
-9.200000e-01 
-9.190000e-01 
-9.180000e-01 
-9.150000e-01 
-9.120000e-01 
-9.090000e-01 
-9.050000e-01 
-9.000000e-01 
-8.960000e-01 
-8.900000e-01 
-8.850000e-01 
-8.790000e-01 
-8.730000e-01 
-8.670000e-01 
-8.600000e-01 
-8.530000e-01 
-8.460000e-01 
-8.380000e-01 
-8.300000e-01 
-8.210000e-01 
-8.120000e-01 
-8.020000e-01 
-7.930000e-01 
-7.830000e-01 
-7.720000e-01 
-7.620000e-01 
-7.520000e-01 
-7.420000e-01 
-7.320000e-01 
-7.220000e-01 
-7.120000e-01 
-7.020000e-01 
-6.920000e-01 
-6.830000e-01 
-6.740000e-01 
-6.650000e-01 
-6.560000e-01 
-6.480000e-01 
-6.410000e-01 
-6.340000e-01 
-6.290000e-01 
-6.240000e-01 
-6.200000e-01 
-6.170000e-01 
-6.150000e-01 
-6.140000e-01 
-6.150000e-01 
-6.170000e-01 
-6.200000e-01 
-6.250000e-01 
-6.310000e-01 
-6.390000e-01 
-6.480000e-01 
-6.580000e-01 
-6.700000e-01 
-6.830000e-01 
-6.980000e-01 
-7.140000e-01 
-7.310000e-01 
-7.480000e-01 
-7.660000e-01 
-7.850000e-01 
-8.040000e-01 
-8.230000e-01 
-8.430000e-01 
-8.620000e-01 
-8.820000e-01 
-9.010000e-01 
-9.200000e-01 
-9.380000e-01 
-9.570000e-01 
-9.740000e-01 
-9.910000e-01 
-1.008000e+00 
-1.023000e+00 
-1.036000e+00 
-1.049000e+00 
-1.059000e+00 
-1.069000e+00 
-1.076000e+00 
-1.081000e+00 
-1.083000e+00 
-1.083000e+00 
-1.081000e+00 
-1.076000e+00 
-1.067000e+00 
-1.056000e+00 
-1.042000e+00 
-1.025000e+00 
-1.004000e+00 
-9.810000e-01 
-9.550000e-01 
-9.260000e-01 
-8.940000e-01 
-8.600000e-01 
-8.240000e-01 
-7.860000e-01 
-7.460000e-01 
-7.050000e-01 
-6.610000e-01 
-6.160000e-01 
-5.700000e-01 
-5.230000e-01 
-4.740000e-01 
-4.240000e-01 
-3.740000e-01 
-3.240000e-01 
-2.730000e-01 
-2.230000e-01 
-1.730000e-01 
-1.250000e-01 
-7.800000e-02 
-3.300000e-02 
1.000000e-02 
5.200000e-02 
9.100000e-02 
1.270000e-01 
1.620000e-01 
1.930000e-01 
2.220000e-01 
2.480000e-01 
2.700000e-01 
2.890000e-01 
3.060000e-01 
3.200000e-01 
3.310000e-01 
3.390000e-01 
3.440000e-01 
3.470000e-01 
3.470000e-01 
3.450000e-01 
3.410000e-01 
3.360000e-01 
3.290000e-01 
3.220000e-01 
3.130000e-01 
3.040000e-01 
2.940000e-01 
2.850000e-01 
2.760000e-01 
2.670000e-01 
2.590000e-01 
2.510000e-01 
2.450000e-01 
2.390000e-01 
2.340000e-01 
2.310000e-01 
2.280000e-01 
2.270000e-01 
2.270000e-01 
2.290000e-01 
2.320000e-01 
2.370000e-01 
2.440000e-01 
2.530000e-01 
2.630000e-01 
2.760000e-01 
2.910000e-01 
3.070000e-01 
3.260000e-01 
3.450000e-01 
3.660000e-01 
3.880000e-01 
4.110000e-01 
4.340000e-01 
4.580000e-01 
4.810000e-01 
5.050000e-01 
5.280000e-01 
5.500000e-01 
5.720000e-01 
5.930000e-01 
6.130000e-01 
6.320000e-01 
6.500000e-01 
6.670000e-01 
6.820000e-01 
6.960000e-01 
7.090000e-01 
7.200000e-01 
7.300000e-01 
7.380000e-01 
7.440000e-01 
7.490000e-01 
7.520000e-01 
7.530000e-01 
7.530000e-01 
7.510000e-01 
7.470000e-01 
7.420000e-01 
7.360000e-01 
7.280000e-01 
7.180000e-01 
7.080000e-01 
6.960000e-01 
6.830000e-01 
6.700000e-01 
6.560000e-01 
6.410000e-01 
6.260000e-01 
6.100000e-01 
5.950000e-01 
5.790000e-01 
5.640000e-01 
5.490000e-01 
5.340000e-01 
5.190000e-01 
5.050000e-01 
4.910000e-01 
4.790000e-01 
4.670000e-01 
4.560000e-01 
4.470000e-01 
4.380000e-01 
4.320000e-01 
4.270000e-01 
4.230000e-01 
4.210000e-01 
4.210000e-01 
4.230000e-01 
4.260000e-01 
4.300000e-01 
4.370000e-01 
4.440000e-01 
4.530000e-01 
4.630000e-01 
4.740000e-01 
4.870000e-01 
5.000000e-01 
5.140000e-01 
5.290000e-01 
5.450000e-01 
5.620000e-01 
5.790000e-01 
5.960000e-01 
6.140000e-01 
6.320000e-01 
6.500000e-01 
6.680000e-01 
6.870000e-01 
7.060000e-01 
7.240000e-01 
7.430000e-01 
7.610000e-01 
7.790000e-01 
7.970000e-01 
8.130000e-01 
8.290000e-01 
8.440000e-01 
8.580000e-01 
8.710000e-01 
8.820000e-01 
8.920000e-01 
9.000000e-01 
9.080000e-01 
9.130000e-01 
9.180000e-01 
9.210000e-01 
9.220000e-01 
9.220000e-01 
9.210000e-01 
9.190000e-01 
9.160000e-01 
9.120000e-01 
9.070000e-01 
9.000000e-01 
8.930000e-01 
8.860000e-01 
8.770000e-01 
8.670000e-01 
8.570000e-01 
8.460000e-01 
8.350000e-01 
8.230000e-01 
8.110000e-01 
7.990000e-01 
7.870000e-01 
7.750000e-01 
7.640000e-01 
7.530000e-01 
7.430000e-01 
7.340000e-01 
7.250000e-01 
7.190000e-01 
7.130000e-01 
7.090000e-01 
7.070000e-01 
7.060000e-01 
7.080000e-01 
7.110000e-01 
7.160000e-01 
7.230000e-01 
7.320000e-01 
7.420000e-01 
7.540000e-01 
7.680000e-01 
7.830000e-01 
7.990000e-01 
8.160000e-01 
8.330000e-01 
8.510000e-01 
8.680000e-01 
8.860000e-01 
9.020000e-01 
9.180000e-01 
9.340000e-01 
9.480000e-01 
9.620000e-01 
9.750000e-01 
9.870000e-01 
9.980000e-01 
1.009000e+00 
1.019000e+00 
1.028000e+00 
1.036000e+00 
1.043000e+00 
1.048000e+00 
1.053000e+00 
1.057000e+00 
1.059000e+00 
1.060000e+00 
1.060000e+00 
1.059000e+00 
1.056000e+00 
1.051000e+00 
1.046000e+00 
1.038000e+00 
1.029000e+00 
1.018000e+00 
1.005000e+00 
9.900000e-01 
9.730000e-01 
9.550000e-01 
9.350000e-01 
9.140000e-01 
8.920000e-01 
8.690000e-01 
8.450000e-01 
8.210000e-01 
7.950000e-01 
7.690000e-01 
7.430000e-01 
7.150000e-01 
6.880000e-01 
6.600000e-01 
6.320000e-01 
6.030000e-01 
5.730000e-01 
5.430000e-01 
5.120000e-01 
4.800000e-01 
4.480000e-01 
4.150000e-01 
3.810000e-01 
3.470000e-01 
3.130000e-01 
2.800000e-01 
2.460000e-01 
2.130000e-01 
1.810000e-01 
1.490000e-01 
1.170000e-01 
8.600000e-02 
5.400000e-02 
2.400000e-02 
-7.000000e-03 
-3.600000e-02 
-6.500000e-02 
-9.400000e-02 
-1.210000e-01 
-1.470000e-01 
-1.720000e-01 
-1.960000e-01 
-2.190000e-01 
-2.410000e-01 
-2.620000e-01 
-2.840000e-01 
-3.050000e-01 
-3.260000e-01 
-3.470000e-01 
-3.680000e-01 
-3.900000e-01 
-4.120000e-01 
-4.350000e-01 
-4.580000e-01 
-4.800000e-01 
-5.020000e-01 
-5.250000e-01 
-5.470000e-01 
-5.690000e-01 
-5.900000e-01 
-6.120000e-01 
-6.330000e-01 
-6.530000e-01 
-6.740000e-01 
-6.940000e-01 
-7.140000e-01 
-7.340000e-01 
-7.540000e-01 
-7.730000e-01 
-7.930000e-01 
-8.120000e-01 
-8.310000e-01 
-8.500000e-01 
-8.680000e-01 
-8.870000e-01 
-9.050000e-01 
-9.230000e-01 
-9.410000e-01 
-9.580000e-01 
-9.760000e-01 
-9.940000e-01 
-1.011000e+00 
-1.028000e+00 
-1.046000e+00 
-1.062000e+00 
-1.079000e+00 
-1.095000e+00 
-1.111000e+00 
-1.126000e+00 
-1.140000e+00 
-1.154000e+00 
-1.167000e+00 
-1.179000e+00 
-1.191000e+00 
-1.202000e+00 
-1.213000e+00 
-1.223000e+00 
-1.234000e+00 
-1.245000e+00 
-1.257000e+00 
-1.269000e+00 
-1.281000e+00 
-1.294000e+00 
-1.307000e+00 
-1.320000e+00 
-1.335000e+00 
-1.349000e+00 
-1.365000e+00 
-1.381000e+00 
-1.397000e+00 
-1.414000e+00 
-1.432000e+00 
-1.450000e+00 
-1.469000e+00 
-1.488000e+00 
-1.508000e+00 
-1.528000e+00 
-1.549000e+00 
-1.570000e+00 
-1.592000e+00 
-1.613000e+00 
-1.635000e+00 
-1.657000e+00 
-1.679000e+00 
-1.701000e+00 
-1.723000e+00 
-1.745000e+00 
-1.768000e+00 
-1.790000e+00 
-1.813000e+00 
-1.835000e+00 
-1.857000e+00 
-1.879000e+00 
-1.901000e+00 
-1.921000e+00 
-1.941000e+00 
-1.960000e+00 
-1.977000e+00 
-1.993000e+00 
-2.007000e+00 
-2.019000e+00 
-2.028000e+00 
-2.036000e+00 
-2.041000e+00 
-2.043000e+00 
-2.043000e+00 
-2.041000e+00 
-2.036000e+00 
-2.029000e+00 
-2.020000e+00 
-2.009000e+00 
-1.995000e+00 
-1.980000e+00 
-1.963000e+00 
-1.944000e+00 
-1.924000e+00 
-1.903000e+00 
-1.880000e+00 
-1.856000e+00 
-1.831000e+00 
-1.805000e+00 
-1.778000e+00 
-1.751000e+00 
-1.723000e+00 
-1.695000e+00 
-1.667000e+00 
-1.639000e+00 
-1.612000e+00 
-1.584000e+00 
-1.558000e+00 
-1.531000e+00 
-1.505000e+00 
-1.480000e+00 
-1.456000e+00 
-1.432000e+00 
-1.409000e+00 
-1.388000e+00 
-1.367000e+00 
-1.347000e+00 
-1.329000e+00 
-1.313000e+00 
-1.298000e+00 
-1.285000e+00 
-1.273000e+00 
-1.263000e+00 
-1.254000e+00 
-1.245000e+00 
-1.238000e+00 
-1.232000e+00 
-1.226000e+00 
-1.220000e+00 
-1.215000e+00 
-1.210000e+00 
-1.205000e+00 
-1.201000e+00 
-1.196000e+00 
-1.190000e+00 
-1.185000e+00 
-1.179000e+00 
-1.172000e+00 
-1.165000e+00 
-1.158000e+00 
-1.149000e+00 
-1.140000e+00 
-1.131000e+00 
-1.121000e+00 
-1.111000e+00 
-1.101000e+00 
-1.091000e+00 
-1.081000e+00 
-1.070000e+00 
-1.060000e+00 
-1.051000e+00 
-1.041000e+00 
-1.032000e+00 
-1.024000e+00 
-1.015000e+00 
-1.008000e+00 
-1.001000e+00 
-9.940000e-01 
-9.880000e-01 
-9.830000e-01 
-9.780000e-01 
-9.730000e-01 
-9.690000e-01 
-9.650000e-01 
-9.610000e-01 
-9.580000e-01 
-9.550000e-01 
-9.520000e-01 
-9.500000e-01 
-9.470000e-01 
-9.450000e-01 
-9.420000e-01 
-9.380000e-01 
-9.350000e-01 
-9.300000e-01 
-9.250000e-01 
-9.200000e-01 
-9.140000e-01 
-9.060000e-01 
-8.980000e-01 
-8.880000e-01 
-8.770000e-01 
-8.650000e-01 
-8.510000e-01 
-8.350000e-01 
-8.180000e-01 
-7.990000e-01 
-7.780000e-01 
-7.550000e-01 
-7.300000e-01 
-7.040000e-01 
-6.750000e-01 
-6.450000e-01 
-6.130000e-01 
-5.780000e-01 
-5.430000e-01 
-5.050000e-01 
-4.660000e-01 
-4.260000e-01 
-3.840000e-01 
-3.410000e-01 
-2.970000e-01 
-2.530000e-01 
-2.080000e-01 
-1.620000e-01 
-1.170000e-01 
-7.100000e-02 
-2.500000e-02 
2.000000e-02 
6.600000e-02 
1.110000e-01 
1.570000e-01 
2.020000e-01 
2.460000e-01 
2.910000e-01 
3.340000e-01 
3.770000e-01 
4.200000e-01 
4.610000e-01 
5.020000e-01 
5.410000e-01 
5.790000e-01 
6.160000e-01 
6.520000e-01 
6.860000e-01 
7.190000e-01 
7.500000e-01 
7.800000e-01 
8.080000e-01 
8.350000e-01 
8.600000e-01 
8.830000e-01 
9.040000e-01 
9.240000e-01 
9.410000e-01 
9.570000e-01 
9.700000e-01 
9.820000e-01 
9.930000e-01 
1.001000e+00 
1.008000e+00 
1.014000e+00 
1.018000e+00 
1.021000e+00 
1.023000e+00 
1.023000e+00 
1.022000e+00 
1.020000e+00 
1.016000e+00 
1.011000e+00 
1.005000e+00 
9.990000e-01 
9.900000e-01 
9.810000e-01 
9.710000e-01 
9.600000e-01 
9.480000e-01 
9.350000e-01 
9.220000e-01 
9.080000e-01 
8.940000e-01 
8.800000e-01 
8.660000e-01 
8.520000e-01 
8.380000e-01 
8.240000e-01 
8.100000e-01 
7.970000e-01 
7.830000e-01 
7.700000e-01 
7.570000e-01 
7.440000e-01 
7.320000e-01 
7.200000e-01 
7.090000e-01 
6.970000e-01 
6.870000e-01 
6.760000e-01 
6.660000e-01 
6.560000e-01 
6.470000e-01 
6.380000e-01 
6.300000e-01 
6.220000e-01 
6.140000e-01 
6.060000e-01 
5.990000e-01 
5.920000e-01 
5.860000e-01 
5.800000e-01 
5.750000e-01 
5.700000e-01 
5.670000e-01 
5.640000e-01 
5.620000e-01 
5.610000e-01 
5.610000e-01 
5.610000e-01 
5.630000e-01 
5.650000e-01 
5.690000e-01 
5.730000e-01 
5.790000e-01 
5.850000e-01 
5.930000e-01 
6.010000e-01 
6.100000e-01 
6.200000e-01 
6.320000e-01 
6.440000e-01 
6.570000e-01 
6.720000e-01 
6.880000e-01 
7.050000e-01 
7.240000e-01 
7.450000e-01 
7.660000e-01 
7.900000e-01 
8.150000e-01 
8.410000e-01 
8.690000e-01 
8.990000e-01 
9.290000e-01 
9.610000e-01 
9.940000e-01 
1.028000e+00 
1.063000e+00 
1.099000e+00 
1.135000e+00 
1.171000e+00 
1.208000e+00 
1.245000e+00 
1.282000e+00 
1.319000e+00 
1.355000e+00 
1.391000e+00 
1.426000e+00 
1.460000e+00 
1.493000e+00 
1.524000e+00 
1.554000e+00 
1.582000e+00 
1.607000e+00 
1.631000e+00 
1.653000e+00 
1.671000e+00 
1.688000e+00 
1.702000e+00 
1.714000e+00 
1.722000e+00 
1.729000e+00 
1.733000e+00 
1.735000e+00 
1.735000e+00 
1.732000e+00 
1.728000e+00 
1.721000e+00 
1.711000e+00 
1.700000e+00 
1.687000e+00 
1.672000e+00 
1.655000e+00 
1.636000e+00 
1.616000e+00 
1.594000e+00 
1.571000e+00 
1.547000e+00 
1.521000e+00 
1.495000e+00 
1.469000e+00 
1.441000e+00 
1.414000e+00 
1.387000e+00 
1.359000e+00 
1.333000e+00 
1.307000e+00 
1.281000e+00 
1.257000e+00 
1.234000e+00 
1.211000e+00 
1.190000e+00 
1.170000e+00 
1.151000e+00 
1.134000e+00 
1.117000e+00 
1.102000e+00 
1.089000e+00 
1.076000e+00 
1.065000e+00 
1.056000e+00 
1.048000e+00 
1.041000e+00 
1.036000e+00 
1.031000e+00 
1.028000e+00 
1.026000e+00 
1.025000e+00 
1.025000e+00 
1.025000e+00 
1.026000e+00 
1.028000e+00 
1.029000e+00 
1.031000e+00 
1.034000e+00 
1.036000e+00 
1.039000e+00 
1.042000e+00 
1.045000e+00 
1.048000e+00 
1.050000e+00 
1.053000e+00 
1.055000e+00 
1.057000e+00 
1.058000e+00 
1.058000e+00 
1.057000e+00 
1.056000e+00 
1.053000e+00 
1.048000e+00 
1.043000e+00 
1.036000e+00 
1.028000e+00 
1.019000e+00 
1.009000e+00 
9.970000e-01 
9.850000e-01 
9.720000e-01 
9.580000e-01 
9.430000e-01 
9.280000e-01 
9.130000e-01 
8.970000e-01 
8.820000e-01 
8.660000e-01 
8.500000e-01 
8.340000e-01 
8.190000e-01 
8.030000e-01 
7.880000e-01 
7.740000e-01 
7.590000e-01 
7.460000e-01 
7.330000e-01 
7.200000e-01 
7.090000e-01 
6.980000e-01 
6.890000e-01 
6.800000e-01 
6.730000e-01 
6.670000e-01 
6.620000e-01 
6.580000e-01 
6.550000e-01 
6.540000e-01 
6.530000e-01 
6.540000e-01 
6.560000e-01 
6.600000e-01 
6.640000e-01 
6.690000e-01 
6.750000e-01 
6.810000e-01 
6.880000e-01 
6.940000e-01 
7.010000e-01 
7.080000e-01 
7.140000e-01 
7.210000e-01 
7.270000e-01 
7.320000e-01 
7.370000e-01 
7.420000e-01 
7.450000e-01 
7.490000e-01 
7.510000e-01 
7.530000e-01 
7.540000e-01 
7.540000e-01 
7.520000e-01 
7.510000e-01 
7.470000e-01 
7.430000e-01 
7.380000e-01 
7.320000e-01 
7.250000e-01 
7.160000e-01 
7.070000e-01 
6.960000e-01 
6.840000e-01 
6.710000e-01 
6.560000e-01 
6.410000e-01 
6.240000e-01 
6.070000e-01 
5.880000e-01 
5.680000e-01 
5.480000e-01 
5.270000e-01 
5.050000e-01 
4.820000e-01 
4.600000e-01 
4.360000e-01 
4.130000e-01 
3.890000e-01 
3.660000e-01 
3.420000e-01 
3.180000e-01 
2.950000e-01 
2.720000e-01 
2.490000e-01 
2.260000e-01 
2.030000e-01 
1.810000e-01 
1.590000e-01 
1.370000e-01 
1.150000e-01 
9.300000e-02 
7.100000e-02 
5.000000e-02 
2.900000e-02 
8.000000e-03 
-1.200000e-02 
-3.200000e-02 
-5.100000e-02 
-7.000000e-02 
-8.800000e-02 
-1.050000e-01 
-1.200000e-01 
-1.350000e-01 
-1.490000e-01 
-1.620000e-01 
-1.740000e-01 
-1.850000e-01 
-1.940000e-01 
-2.030000e-01 
-2.100000e-01 
-2.160000e-01 
-2.220000e-01 
-2.260000e-01 
-2.300000e-01 
-2.340000e-01 
-2.360000e-01 
-2.390000e-01 
-2.410000e-01 
-2.430000e-01 
-2.450000e-01 
-2.470000e-01 
-2.490000e-01 
-2.510000e-01 
-2.530000e-01 
-2.560000e-01 
-2.580000e-01 
-2.610000e-01 
-2.650000e-01 
-2.680000e-01 
-2.720000e-01 
-2.760000e-01 
-2.800000e-01 
-2.840000e-01 
-2.880000e-01 
-2.930000e-01 
-2.980000e-01 
-3.030000e-01 
-3.090000e-01 
-3.150000e-01 
-3.210000e-01 
-3.280000e-01 
-3.360000e-01 
-3.430000e-01 
-3.520000e-01 
-3.600000e-01 
-3.690000e-01 
-3.790000e-01 
-3.890000e-01 
-3.990000e-01 
-4.100000e-01 
-4.210000e-01 
-4.320000e-01 
-4.430000e-01 
-4.540000e-01 
-4.650000e-01 
-4.760000e-01 
-4.870000e-01 
-4.980000e-01 
-5.090000e-01 
-5.190000e-01 
-5.290000e-01 
-5.390000e-01 
-5.480000e-01 
-5.570000e-01 
-5.650000e-01 
-5.730000e-01 
-5.800000e-01 
-5.860000e-01 
-5.930000e-01 
-5.990000e-01 
-6.050000e-01 
-6.110000e-01 
-6.170000e-01 
-6.230000e-01 
-6.290000e-01 
-6.360000e-01 
-6.420000e-01 
-6.490000e-01 
-6.560000e-01 
-6.630000e-01 
-6.700000e-01 
-6.770000e-01 
-6.840000e-01 
-6.920000e-01 
-6.990000e-01 
-7.070000e-01 
-7.150000e-01 
-7.230000e-01 
-7.320000e-01 
-7.410000e-01 
-7.510000e-01 
-7.610000e-01 
-7.720000e-01 
-7.840000e-01 
-7.960000e-01 
-8.100000e-01 
-8.240000e-01 
-8.400000e-01 
-8.570000e-01 
-8.740000e-01 
-8.930000e-01 
-9.130000e-01 
-9.340000e-01 
-9.560000e-01 
-9.780000e-01 
-1.002000e+00 
-1.026000e+00 
-1.051000e+00 
-1.077000e+00 
-1.104000e+00 
-1.131000e+00 
-1.159000e+00 
-1.187000e+00 
-1.215000e+00 
-1.244000e+00 
-1.272000e+00 
-1.301000e+00 
-1.329000e+00 
-1.356000e+00 
-1.383000e+00 
-1.410000e+00 
-1.435000e+00 
-1.460000e+00 
-1.484000e+00 
-1.506000e+00 
-1.527000e+00 
-1.547000e+00 
-1.566000e+00 
-1.583000e+00 
-1.599000e+00 
-1.613000e+00 
-1.626000e+00 
-1.637000e+00 
-1.647000e+00 
-1.655000e+00 
-1.662000e+00 
-1.667000e+00 
-1.671000e+00 
-1.673000e+00 
-1.674000e+00 
-1.674000e+00 
-1.673000e+00 
-1.670000e+00 
-1.666000e+00 
-1.661000e+00 
-1.655000e+00 
-1.649000e+00 
-1.641000e+00 
-1.633000e+00 
-1.625000e+00 
-1.616000e+00 
-1.607000e+00 
-1.597000e+00 
-1.588000e+00 
-1.579000e+00 
-1.570000e+00 
-1.561000e+00 
-1.553000e+00 
-1.544000e+00 
-1.537000e+00 
-1.529000e+00 
-1.522000e+00 
-1.516000e+00 
-1.510000e+00 
-1.504000e+00 
-1.499000e+00 
-1.495000e+00 
-1.491000e+00 
-1.488000e+00 
-1.485000e+00 
-1.483000e+00 
-1.482000e+00 
-1.481000e+00 
-1.480000e+00 
-1.480000e+00 
-1.481000e+00 
-1.482000e+00 
-1.483000e+00 
-1.485000e+00 
-1.487000e+00 
-1.489000e+00 
-1.491000e+00 
-1.493000e+00 
-1.495000e+00 
-1.497000e+00 
-1.499000e+00 
-1.501000e+00 
-1.503000e+00 
-1.504000e+00 
-1.505000e+00 
-1.506000e+00 
-1.505000e+00 
-1.505000e+00 
-1.503000e+00 
-1.501000e+00 
-1.498000e+00 
-1.493000e+00 
-1.488000e+00 
-1.482000e+00 
-1.475000e+00 
-1.466000e+00 
-1.457000e+00 
-1.446000e+00 
-1.435000e+00 
-1.422000e+00 
-1.408000e+00 
-1.392000e+00 
-1.376000e+00 
-1.358000e+00 
-1.338000e+00 
-1.318000e+00 
-1.296000e+00 
-1.273000e+00 
-1.249000e+00 
-1.224000e+00 
-1.198000e+00 
-1.171000e+00 
-1.144000e+00 
-1.117000e+00 
-1.088000e+00 
-1.060000e+00 
-1.031000e+00 
-1.002000e+00 
-9.720000e-01 
-9.430000e-01 
-9.130000e-01 
-8.840000e-01 
-8.540000e-01 
-8.250000e-01 
-7.960000e-01 
-7.670000e-01 
-7.380000e-01 
-7.100000e-01 
-6.830000e-01 
-6.560000e-01 
-6.310000e-01 
-6.060000e-01 
-5.820000e-01 
-5.580000e-01 
-5.360000e-01 
-5.140000e-01 
-4.930000e-01 
-4.730000e-01 
-4.540000e-01 
-4.350000e-01 
-4.160000e-01 
-3.980000e-01 
-3.810000e-01 
-3.640000e-01 
-3.470000e-01 
-3.300000e-01 
-3.140000e-01 
-2.980000e-01 
-2.820000e-01 
-2.660000e-01 
-2.500000e-01 
-2.340000e-01 
-2.180000e-01 
-2.010000e-01 
-1.840000e-01 
-1.670000e-01 
-1.490000e-01 
-1.310000e-01 
-1.120000e-01 
-9.300000e-02 
-7.200000e-02 
-5.100000e-02 
-3.000000e-02 
-7.000000e-03 
1.700000e-02 
4.100000e-02 
6.600000e-02 
9.200000e-02 
1.180000e-01 
1.440000e-01 
1.710000e-01 
1.980000e-01 
2.250000e-01 
2.520000e-01 
2.790000e-01 
3.060000e-01 
3.330000e-01 
3.600000e-01 
3.860000e-01 
4.120000e-01 
4.380000e-01 
4.630000e-01 
4.880000e-01 
5.110000e-01 
5.340000e-01 
5.560000e-01 
5.770000e-01 
5.980000e-01 
6.170000e-01 
6.360000e-01 
6.540000e-01 
6.710000e-01 
6.870000e-01 
7.020000e-01 
7.160000e-01 
7.290000e-01 
7.420000e-01 
7.540000e-01 
7.650000e-01 
7.760000e-01 
7.860000e-01 
7.960000e-01 
8.050000e-01 
8.130000e-01 
8.220000e-01 
8.300000e-01 
8.380000e-01 
8.460000e-01 
8.550000e-01 
8.630000e-01 
8.730000e-01 
8.820000e-01 
8.930000e-01 
9.040000e-01 
9.160000e-01 
9.290000e-01 
9.430000e-01 
9.580000e-01 
9.730000e-01 
9.880000e-01 
1.005000e+00 
1.021000e+00 
1.037000e+00 
1.054000e+00 
1.071000e+00 
1.089000e+00 
1.107000e+00 
1.125000e+00 
1.145000e+00 
1.165000e+00 
1.186000e+00 
1.208000e+00 
1.231000e+00 
1.254000e+00 
1.278000e+00 
1.303000e+00 
1.328000e+00 
1.352000e+00 
1.377000e+00 
1.401000e+00 
1.425000e+00 
1.448000e+00 
1.471000e+00 
1.493000e+00 
1.515000e+00 
1.537000e+00 
1.559000e+00 
1.580000e+00 
1.602000e+00 
1.623000e+00 
1.644000e+00 
1.665000e+00 
1.685000e+00 
1.705000e+00 
1.725000e+00 
1.744000e+00 
1.763000e+00 
1.780000e+00 
1.798000e+00 
1.814000e+00 
1.830000e+00 
1.846000e+00 
1.861000e+00 
1.876000e+00 
1.890000e+00 
1.904000e+00 
1.918000e+00 
1.931000e+00 
1.944000e+00 
1.957000e+00 
1.970000e+00 
1.982000e+00 
1.993000e+00 
2.004000e+00 
2.014000e+00 
2.023000e+00 
2.031000e+00 
2.038000e+00 
2.045000e+00 
2.050000e+00 
2.054000e+00 
2.057000e+00 
2.059000e+00 
2.060000e+00 
2.059000e+00 
2.057000e+00 
2.055000e+00 
2.050000e+00 
2.045000e+00 
2.038000e+00 
2.030000e+00 
2.021000e+00 
2.010000e+00 
1.998000e+00 
1.985000e+00 
1.970000e+00 
1.954000e+00 
1.936000e+00 
1.917000e+00 
1.897000e+00 
1.876000e+00 
1.854000e+00 
1.831000e+00 
1.807000e+00 
1.781000e+00 
1.755000e+00 
1.729000e+00 
1.701000e+00 
1.673000e+00 
1.645000e+00 
1.616000e+00 
1.587000e+00 
1.558000e+00 
1.528000e+00 
1.498000e+00 
1.468000e+00 
1.437000e+00 
1.406000e+00 
1.375000e+00 
1.344000e+00 
1.313000e+00 
1.281000e+00 
1.250000e+00 
1.218000e+00 
1.186000e+00 
1.155000e+00 
1.123000e+00 
1.091000e+00 
1.059000e+00 
1.028000e+00 
9.960000e-01 
9.640000e-01 
9.320000e-01 
9.000000e-01 
8.680000e-01 
8.350000e-01 
8.030000e-01 
7.700000e-01 
7.370000e-01 
7.030000e-01 
6.690000e-01 
6.350000e-01 
6.000000e-01 
5.650000e-01 
5.300000e-01 
4.940000e-01 
4.570000e-01 
4.200000e-01 
3.830000e-01 
3.450000e-01 
3.060000e-01 
2.670000e-01 
2.270000e-01 
1.870000e-01 
1.460000e-01 
1.050000e-01 
6.400000e-02 
2.300000e-02 
-1.900000e-02 
-6.000000e-02 
-1.020000e-01 
-1.430000e-01 
-1.840000e-01 
-2.240000e-01 
-2.640000e-01 
-3.030000e-01 
-3.410000e-01 
-3.790000e-01 
-4.160000e-01 
-4.530000e-01 
-4.880000e-01 
-5.230000e-01 
-5.570000e-01 
-5.900000e-01 
-6.210000e-01 
-6.520000e-01 
-6.810000e-01 
-7.090000e-01 
-7.360000e-01 
-7.620000e-01 
-7.870000e-01 
-8.100000e-01 
-8.310000e-01 
-8.520000e-01 
-8.710000e-01 
-8.890000e-01 
-9.060000e-01 
-9.220000e-01 
-9.360000e-01 
-9.500000e-01 
-9.620000e-01 
-9.740000e-01 
-9.850000e-01 
-9.960000e-01 
-1.006000e+00 
-1.016000e+00 
-1.025000e+00 
-1.034000e+00 
-1.043000e+00 
-1.051000e+00 
-1.060000e+00 
-1.068000e+00 
-1.077000e+00 
-1.086000e+00 
-1.094000e+00 
-1.104000e+00 
-1.113000e+00 
-1.123000e+00 
-1.133000e+00 
-1.143000e+00 
-1.155000e+00 
-1.166000e+00 
-1.179000e+00 
-1.192000e+00 
-1.206000e+00 
-1.221000e+00 
-1.237000e+00 
-1.253000e+00 
-1.270000e+00 
-1.288000e+00 
-1.306000e+00 
-1.324000e+00 
-1.343000e+00 
-1.363000e+00 
-1.382000e+00 
-1.402000e+00 
-1.422000e+00 
-1.442000e+00 
-1.462000e+00 
-1.482000e+00 
-1.501000e+00 
-1.520000e+00 
-1.539000e+00 
-1.557000e+00 
-1.574000e+00 
-1.590000e+00 
-1.605000e+00 
-1.619000e+00 
-1.632000e+00 
-1.643000e+00 
-1.653000e+00 
-1.661000e+00 
-1.668000e+00 
-1.673000e+00 
-1.676000e+00 
-1.678000e+00 
-1.678000e+00 
-1.677000e+00 
-1.674000e+00 
-1.670000e+00 
-1.665000e+00 
-1.659000e+00 
-1.651000e+00 
-1.643000e+00 
-1.633000e+00 
-1.623000e+00 
-1.612000e+00 
-1.600000e+00 
-1.588000e+00 
-1.574000e+00 
-1.561000e+00 
-1.547000e+00 
-1.532000e+00 
-1.517000e+00 
-1.502000e+00 
-1.487000e+00 
-1.472000e+00 
-1.457000e+00 
-1.443000e+00 
-1.429000e+00 
-1.416000e+00 
-1.403000e+00 
-1.391000e+00 
-1.379000e+00 
-1.369000e+00 
-1.359000e+00 
-1.349000e+00 
-1.340000e+00 
-1.332000e+00 
-1.324000e+00 
-1.316000e+00 
-1.308000e+00 
-1.299000e+00 
-1.291000e+00 
-1.282000e+00 
-1.272000e+00 
-1.261000e+00 
-1.249000e+00 
-1.236000e+00 
-1.222000e+00 
-1.207000e+00 
-1.189000e+00 
-1.171000e+00 
-1.150000e+00 
-1.128000e+00 
-1.104000e+00 
-1.078000e+00 
-1.051000e+00 
-1.021000e+00 
-9.900000e-01 
-9.570000e-01 
-9.230000e-01 
-8.870000e-01 
-8.500000e-01 
-8.120000e-01 
-7.730000e-01 
-7.320000e-01 
-6.910000e-01 
-6.490000e-01 
-6.070000e-01 
-5.640000e-01 
-5.210000e-01 
-4.780000e-01 
-4.350000e-01 
-3.930000e-01 
-3.510000e-01 
-3.090000e-01 
-2.680000e-01 
-2.280000e-01 
-1.890000e-01 
-1.510000e-01 
-1.140000e-01 
-7.800000e-02 
-4.300000e-02 
-1.000000e-02 
2.100000e-02 
5.100000e-02 
7.900000e-02 
1.050000e-01 
1.290000e-01 
1.510000e-01 
1.710000e-01 
1.890000e-01 
2.050000e-01 
2.190000e-01 
2.310000e-01 
2.410000e-01 
2.500000e-01 
2.570000e-01 
2.620000e-01 
2.660000e-01 
2.690000e-01 
2.710000e-01 
2.710000e-01 
2.710000e-01 
2.700000e-01 
2.690000e-01 
2.660000e-01 
2.630000e-01 
2.600000e-01 
2.560000e-01 
2.520000e-01 
2.480000e-01 
2.430000e-01 
2.380000e-01 
2.340000e-01 
2.290000e-01 
2.250000e-01 
2.210000e-01 
2.180000e-01 
2.150000e-01 
2.130000e-01 
2.110000e-01 
2.100000e-01 
2.100000e-01 
2.110000e-01 
2.120000e-01 
2.130000e-01 
2.160000e-01 
2.190000e-01 
2.230000e-01 
2.270000e-01 
2.320000e-01 
2.370000e-01 
2.430000e-01 
2.500000e-01 
2.570000e-01 
2.640000e-01 
2.710000e-01 
2.790000e-01 
2.870000e-01 
2.940000e-01 
3.010000e-01 
3.080000e-01 
3.140000e-01 
3.190000e-01 
3.240000e-01 
3.290000e-01 
3.320000e-01 
3.340000e-01 
3.360000e-01 
3.370000e-01 
3.370000e-01 
3.360000e-01 
3.340000e-01 
3.310000e-01 
3.280000e-01 
3.230000e-01 
