1 
1.000000e-02 
-3.300000e-05 
-3.900000e-05 
-3.600000e-05 
-4.800000e-05 
-4.800000e-05 
-5.500000e-05 
-4.700000e-05 
-5.700000e-05 
-7.100000e-05 
-1.070000e-04 
-1.390000e-04 
-1.890000e-04 
-2.050000e-04 
-1.970000e-04 
-1.600000e-04 
-1.260000e-04 
-7.200000e-05 
-1.200000e-05 
7.200000e-05 
1.470000e-04 
1.960000e-04 
2.000000e-04 
2.080000e-04 
2.150000e-04 
2.310000e-04 
2.110000e-04 
9.200000e-05 
-9.400000e-05 
-2.030000e-04 
-2.450000e-04 
-2.780000e-04 
-3.390000e-04 
-4.050000e-04 
-4.700000e-04 
-5.350000e-04 
-6.050000e-04 
-6.850000e-04 
-7.230000e-04 
-3.600000e-05 
2.037000e-03 
3.228000e-03 
2.344000e-03 
7.720000e-04 
-4.510000e-04 
-4.540000e-04 
1.415000e-03 
4.423000e-03 
6.196000e-03 
2.226000e-03 
-5.221000e-03 
-7.705000e-03 
-4.431000e-03 
-3.060000e-04 
4.570000e-04 
-1.091000e-03 
-1.480000e-03 
-3.610000e-04 
6.760000e-04 
-2.130000e-03 
-4.719000e-03 
4.750000e-04 
7.443000e-03 
3.631000e-03 
-9.311000e-03 
-1.413600e-02 
-6.415000e-03 
3.859000e-03 
1.080800e-02 
5.653000e-03 
-1.112000e-03 
1.368000e-03 
8.101000e-03 
1.365100e-02 
1.665300e-02 
1.027000e-02 
9.290000e-04 
1.620000e-04 
2.210000e-04 
-5.150000e-03 
-1.000200e-02 
-6.432000e-03 
2.456000e-03 
5.315000e-03 
-2.647000e-03 
-1.397300e-02 
-1.378300e-02 
2.613000e-03 
1.464100e-02 
3.130000e-04 
-2.612300e-02 
-2.091700e-02 
1.573300e-02 
2.928300e-02 
-1.423000e-03 
-3.553300e-02 
-2.731400e-02 
1.011500e-02 
1.327400e-02 
-1.109400e-02 
-1.037600e-02 
1.998700e-02 
3.422000e-02 
6.774000e-03 
-3.932200e-02 
-5.335400e-02 
-8.829000e-03 
5.262300e-02 
5.106900e-02 
-1.017400e-02 
-5.476200e-02 
-2.136200e-02 
3.067100e-02 
9.318000e-03 
-3.990600e-02 
-4.321600e-02 
-8.858000e-03 
2.203200e-02 
1.713000e-02 
-2.662600e-02 
-6.006600e-02 
-4.011900e-02 
1.259200e-02 
4.221200e-02 
2.277900e-02 
-8.524000e-03 
-5.714000e-03 
4.532000e-03 
3.329000e-03 
5.968000e-03 
1.655400e-02 
2.777200e-02 
1.984500e-02 
-5.265000e-03 
-3.071100e-02 
-2.845800e-02 
2.241000e-03 
3.694300e-02 
4.412700e-02 
2.007100e-02 
-1.061200e-02 
-1.849700e-02 
1.849000e-03 
1.925100e-02 
9.507000e-03 
-9.154000e-03 
-5.535000e-03 
1.599100e-02 
1.715200e-02 
-9.156000e-03 
-2.480700e-02 
-1.539400e-02 
1.909000e-03 
1.163400e-02 
4.408000e-03 
-1.416600e-02 
-1.331900e-02 
1.304400e-02 
3.136600e-02 
1.640600e-02 
-1.071600e-02 
-1.631900e-02 
-2.357000e-03 
1.193600e-02 
1.681600e-02 
1.028900e-02 
-5.730000e-04 
-1.720000e-04 
1.220500e-02 
2.446200e-02 
1.485000e-02 
6.420000e-04 
2.612000e-03 
-1.318400e-02 
-3.448300e-02 
-2.512200e-02 
7.227000e-03 
2.772900e-02 
1.394100e-02 
-2.025000e-02 
-3.597300e-02 
-1.521400e-02 
2.105000e-02 
3.973300e-02 
2.689500e-02 
4.032000e-03 
-9.950000e-04 
6.524000e-03 
8.895000e-03 
4.870000e-03 
6.390000e-04 
1.300000e-05 
7.870000e-04 
1.243000e-03 
2.994000e-03 
7.875000e-03 
1.197100e-02 
9.004000e-03 
-1.330000e-04 
4.580000e-04 
9.000000e-05 
-3.560000e-04 
8.076000e-03 
1.832000e-02 
1.733900e-02 
4.884000e-03 
-8.323000e-03 
-1.589500e-02 
-1.403200e-02 
-6.962000e-03 
-5.829000e-03 
-1.311400e-02 
-1.305200e-02 
-1.095000e-03 
4.578000e-03 
6.309000e-03 
1.478800e-02 
2.693200e-02 
2.654600e-02 
1.068400e-02 
2.985000e-03 
1.141300e-02 
2.300500e-02 
1.916800e-02 
-4.574000e-03 
-3.275800e-02 
-3.701200e-02 
-6.398000e-03 
-3.071000e-03 
-1.378200e-02 
4.246000e-03 
2.005400e-02 
5.828000e-03 
-2.789000e-03 
1.719300e-02 
2.637300e-02 
8.787000e-03 
-1.719800e-02 
-2.858900e-02 
-2.038400e-02 
-4.570000e-03 
-2.940000e-03 
-1.653700e-02 
-1.885900e-02 
-5.619000e-03 
4.645000e-03 
1.074300e-02 
1.912900e-02 
1.691400e-02 
2.705000e-03 
8.052000e-03 
1.574600e-02 
1.485000e-03 
-2.492200e-02 
-3.543400e-02 
-2.356000e-02 
-5.317000e-03 
7.318000e-03 
1.308000e-03 
-2.166300e-02 
-2.949800e-02 
-1.459200e-02 
5.284000e-03 
1.843500e-02 
2.527500e-02 
1.769200e-02 
8.505000e-03 
1.401700e-02 
1.595300e-02 
2.519000e-03 
-1.256100e-02 
-1.582800e-02 
-9.784000e-03 
-4.645000e-03 
-5.189000e-03 
-1.236400e-02 
-2.517800e-02 
-1.746500e-02 
3.856800e-02 
6.727100e-02 
3.017300e-02 
-2.620700e-02 
-5.932900e-02 
-5.185900e-02 
-2.345000e-02 
1.540000e-03 
1.505200e-02 
1.532900e-02 
-6.276000e-03 
-4.300000e-02 
-4.782700e-02 
-5.214000e-03 
5.164200e-02 
7.306400e-02 
3.402200e-02 
-3.612000e-02 
-9.655900e-02 
-7.604300e-02 
2.574500e-02 
7.582300e-02 
3.563200e-02 
-2.485300e-02 
-4.917300e-02 
-5.627900e-02 
-7.796800e-02 
-5.364600e-02 
3.541200e-02 
7.329800e-02 
1.757600e-02 
-6.330700e-02 
-5.915900e-02 
9.466000e-03 
4.598000e-02 
1.941000e-02 
-3.401000e-02 
-5.620800e-02 
-2.895800e-02 
9.819000e-03 
7.559000e-03 
-2.924200e-02 
-6.599200e-02 
-7.948300e-02 
-6.498700e-02 
-3.982300e-02 
-4.020000e-02 
-9.562300e-02 
-1.300560e-01 
-9.284900e-02 
-2.989100e-02 
-3.164000e-03 
-1.918400e-02 
-2.663800e-02 
-9.119000e-03 
1.154700e-02 
2.153000e-03 
-3.051900e-02 
-2.754400e-02 
3.159900e-02 
1.029580e-01 
9.255200e-02 
-6.745000e-03 
-4.175500e-02 
3.032800e-02 
1.134010e-01 
1.144130e-01 
5.266000e-02 
1.049300e-02 
2.834400e-02 
7.806900e-02 
1.203940e-01 
1.432150e-01 
1.059560e-01 
1.548700e-02 
-4.627700e-02 
-2.595600e-02 
3.241200e-02 
4.394500e-02 
1.826600e-02 
7.097000e-03 
1.651000e-02 
2.732500e-02 
3.036600e-02 
3.138000e-02 
3.447500e-02 
3.953700e-02 
4.944800e-02 
6.777100e-02 
8.909700e-02 
1.097570e-01 
1.282760e-01 
1.416430e-01 
8.119300e-02 
-5.539600e-02 
-1.604190e-01 
-1.433260e-01 
-4.431600e-02 
4.777600e-02 
7.093500e-02 
3.500200e-02 
-4.034000e-03 
3.752000e-03 
6.136700e-02 
1.139670e-01 
1.284060e-01 
1.183930e-01 
1.122070e-01 
1.129400e-01 
1.158400e-01 
1.144560e-01 
1.046460e-01 
8.301000e-02 
5.968000e-02 
5.456600e-02 
8.009300e-02 
9.789000e-02 
8.118500e-02 
4.430200e-02 
1.196800e-02 
-1.513800e-02 
-4.035500e-02 
-5.396900e-02 
-4.817300e-02 
-3.819600e-02 
-4.325000e-02 
-1.354050e-01 
-2.233530e-01 
-2.018730e-01 
-1.222500e-01 
-1.076820e-01 
-1.719130e-01 
-1.869350e-01 
-1.189630e-01 
-6.112500e-02 
-6.574000e-02 
-8.324600e-02 
-6.222100e-02 
-1.764200e-02 
-1.689000e-03 
-2.378800e-02 
-3.071300e-02 
-5.164300e-02 
-1.170860e-01 
-1.889850e-01 
-2.198600e-01 
-2.067450e-01 
-1.900110e-01 
-1.949010e-01 
-1.717840e-01 
-8.989500e-02 
1.515400e-02 
1.084460e-01 
1.646270e-01 
1.823260e-01 
1.795040e-01 
1.740310e-01 
2.206920e-01 
2.504180e-01 
2.043160e-01 
1.318650e-01 
8.010400e-02 
7.550800e-02 
7.285700e-02 
7.910000e-03 
-1.043830e-01 
-1.747220e-01 
-1.492440e-01 
-7.021400e-02 
1.417000e-03 
5.707200e-02 
1.084530e-01 
1.264870e-01 
6.965300e-02 
-1.129700e-02 
-3.365800e-02 
-2.885000e-03 
-7.604000e-03 
-1.029820e-01 
-2.439660e-01 
-3.084510e-01 
-2.245040e-01 
-7.211800e-02 
-2.023700e-02 
-8.109700e-02 
-1.394240e-01 
-1.034270e-01 
-2.836000e-03 
3.106800e-02 
-3.697200e-02 
-1.318820e-01 
-1.496370e-01 
-7.032400e-02 
1.331900e-02 
9.780000e-04 
-7.623900e-02 
-7.225400e-02 
3.269800e-02 
1.389910e-01 
1.356140e-01 
5.166200e-02 
6.016100e-02 
1.853140e-01 
2.984550e-01 
2.888330e-01 
1.933200e-01 
1.017320e-01 
3.519800e-02 
-2.649400e-02 
-9.513300e-02 
-1.555180e-01 
-1.542930e-01 
-9.302600e-02 
-2.510800e-02 
2.916100e-02 
7.652400e-02 
1.219770e-01 
9.073600e-02 
-2.400100e-02 
-7.767200e-02 
-2.796900e-02 
1.012000e-02 
-1.396000e-02 
-5.331400e-02 
-6.449200e-02 
-5.660600e-02 
-5.171700e-02 
-5.484400e-02 
-5.814300e-02 
-5.156600e-02 
-1.047700e-02 
5.892400e-02 
1.269540e-01 
1.402770e-01 
9.953700e-02 
5.171500e-02 
1.580500e-02 
-1.466600e-02 
-4.802000e-02 
-7.722100e-02 
-9.196700e-02 
-9.550300e-02 
-9.825300e-02 
-1.008740e-01 
-1.013340e-01 
-1.002760e-01 
-1.048250e-01 
-1.206330e-01 
-1.431100e-01 
-1.651200e-01 
-1.827910e-01 
-1.778210e-01 
-1.411900e-01 
-9.128900e-02 
-4.513000e-02 
-4.200000e-03 
3.519400e-02 
6.420800e-02 
8.034200e-02 
9.172600e-02 
9.157800e-02 
7.303000e-02 
4.532900e-02 
1.951400e-02 
3.217000e-03 
2.164000e-03 
1.083700e-02 
1.665100e-02 
1.903400e-02 
3.011600e-02 
4.374600e-02 
3.122100e-02 
-6.237000e-03 
-4.263300e-02 
-1.863500e-02 
5.408100e-02 
7.837000e-02 
3.776600e-02 
-1.390000e-02 
-4.162400e-02 
-3.193000e-02 
-1.402900e-02 
-2.304100e-02 
-4.987000e-02 
-6.449700e-02 
-5.196800e-02 
-4.667900e-02 
-7.389700e-02 
-9.364000e-02 
-4.843100e-02 
2.997800e-02 
5.524200e-02 
2.527100e-02 
2.371500e-02 
7.712800e-02 
1.161110e-01 
1.210130e-01 
1.113470e-01 
7.816100e-02 
4.255100e-02 
4.990100e-02 
8.367500e-02 
9.432600e-02 
7.890000e-02 
6.124200e-02 
5.989500e-02 
7.744700e-02 
1.022290e-01 
1.137900e-01 
9.673800e-02 
6.082600e-02 
2.610700e-02 
-9.370000e-04 
-2.255400e-02 
-4.417600e-02 
-6.554800e-02 
-8.611700e-02 
-1.049450e-01 
-1.217280e-01 
-1.108800e-01 
-6.713000e-02 
-5.071500e-02 
-1.155040e-01 
-1.449660e-01 
-7.575300e-02 
-1.476900e-02 
-2.146300e-02 
-5.639800e-02 
-6.565500e-02 
-2.502300e-02 
4.129400e-02 
6.587900e-02 
3.228700e-02 
-1.770100e-02 
-3.064900e-02 
1.782400e-02 
9.354100e-02 
1.141180e-01 
8.528700e-02 
1.176590e-01 
2.287230e-01 
3.493810e-01 
4.170690e-01 
4.236690e-01 
4.273430e-01 
4.575710e-01 
4.950690e-01 
5.244240e-01 
5.438240e-01 
5.010020e-01 
3.545050e-01 
2.111650e-01 
1.468400e-01 
1.206060e-01 
8.131700e-02 
2.492200e-02 
-2.843400e-02 
-7.228900e-02 
-9.814300e-02 
-1.030470e-01 
-1.061610e-01 
-1.201730e-01 
-1.379100e-01 
-1.416550e-01 
-1.296960e-01 
-1.160350e-01 
-1.143940e-01 
-1.500980e-01 
-1.998540e-01 
-2.088280e-01 
-1.788010e-01 
-1.449490e-01 
-1.215610e-01 
-1.021080e-01 
-8.578500e-02 
-7.061400e-02 
-3.964500e-02 
6.689000e-03 
3.802500e-02 
4.598500e-02 
4.479900e-02 
3.332700e-02 
1.200200e-02 
2.676000e-03 
1.546800e-02 
3.687300e-02 
5.430700e-02 
5.853700e-02 
6.085200e-02 
7.252200e-02 
8.710400e-02 
9.924700e-02 
1.091240e-01 
1.177230e-01 
1.098240e-01 
7.608400e-02 
3.124700e-02 
-5.662000e-03 
-2.688400e-02 
-3.893000e-02 
-5.117400e-02 
-6.038800e-02 
-5.576500e-02 
-3.985500e-02 
-3.916200e-02 
-6.418300e-02 
-1.075080e-01 
-1.555690e-01 
-2.006500e-01 
-2.427840e-01 
-2.839910e-01 
-3.241760e-01 
-3.610920e-01 
-3.712270e-01 
-3.509470e-01 
-3.281580e-01 
-3.514380e-01 
-3.974220e-01 
-3.729630e-01 
-2.762120e-01 
-1.746610e-01 
-1.277890e-01 
-1.298960e-01 
-1.065960e-01 
-3.519300e-02 
4.614800e-02 
7.190100e-02 
4.273200e-02 
1.614200e-02 
4.401400e-02 
1.140140e-01 
1.826950e-01 
2.389970e-01 
2.898710e-01 
3.334890e-01 
3.652490e-01 
3.896970e-01 
4.129740e-01 
4.348510e-01 
4.274040e-01 
3.476250e-01 
2.179030e-01 
1.140840e-01 
7.719900e-02 
6.683900e-02 
2.951100e-02 
-2.467900e-02 
-4.910900e-02 
-3.890000e-02 
-2.433800e-02 
-1.804200e-02 
-1.668900e-02 
-3.275300e-02 
-7.399400e-02 
-1.102440e-01 
-1.285630e-01 
-1.687280e-01 
-2.455180e-01 
-3.281810e-01 
-3.819730e-01 
-3.697610e-01 
-3.181440e-01 
-2.988450e-01 
-3.211250e-01 
-3.130160e-01 
-2.314930e-01 
-1.402290e-01 
-1.011070e-01 
-9.121800e-02 
-6.076700e-02 
-4.575000e-03 
4.155400e-02 
6.303900e-02 
7.331700e-02 
8.515200e-02 
8.361300e-02 
6.402400e-02 
2.905100e-02 
-1.505200e-02 
-5.981700e-02 
-1.001370e-01 
-1.119380e-01 
-8.459500e-02 
-7.633400e-02 
-1.193290e-01 
-1.403770e-01 
-9.168200e-02 
-1.221300e-02 
5.593000e-02 
9.155000e-02 
9.472000e-02 
9.076800e-02 
1.075910e-01 
1.405220e-01 
1.711030e-01 
1.745890e-01 
1.410830e-01 
1.088930e-01 
1.014620e-01 
7.869100e-02 
2.484000e-02 
-3.705600e-02 
-8.973600e-02 
-1.311680e-01 
-1.490870e-01 
-1.411980e-01 
-1.223800e-01 
-1.041060e-01 
-6.873500e-02 
1.046000e-03 
8.734700e-02 
1.301390e-01 
1.049010e-01 
5.178500e-02 
1.821700e-02 
1.968000e-03 
-2.230800e-02 
-5.591000e-02 
-7.985600e-02 
-8.909000e-02 
-9.493300e-02 
-1.000130e-01 
-9.057900e-02 
-6.502800e-02 
-3.756000e-02 
-1.942900e-02 
-2.779000e-02 
-4.052800e-02 
-2.409900e-02 
8.377000e-03 
1.310000e-02 
-1.437200e-02 
-4.453200e-02 
-5.120000e-02 
-2.778900e-02 
-1.103000e-03 
7.059000e-03 
7.086000e-03 
9.053000e-03 
3.661000e-03 
-9.564000e-03 
-1.800900e-02 
-5.580000e-03 
-1.446000e-03 
-2.295800e-02 
-5.204700e-02 
-6.003800e-02 
-4.434500e-02 
-2.379700e-02 
-2.259000e-03 
3.561800e-02 
6.874700e-02 
6.363300e-02 
3.377800e-02 
3.496800e-02 
8.645300e-02 
1.539800e-01 
2.065460e-01 
2.056620e-01 
1.601590e-01 
1.174800e-01 
8.435600e-02 
4.678500e-02 
5.103000e-03 
-6.310000e-04 
3.660600e-02 
8.276500e-02 
1.177590e-01 
1.160050e-01 
7.568000e-02 
4.244200e-02 
2.839100e-02 
1.147600e-02 
-1.416500e-02 
-3.095400e-02 
-2.777400e-02 
-2.330200e-02 
-3.640800e-02 
-3.880300e-02 
1.213400e-02 
9.979100e-02 
1.759330e-01 
2.058430e-01 
2.031970e-01 
1.996790e-01 
1.891600e-01 
1.468500e-01 
7.992300e-02 
1.368700e-02 
-4.378500e-02 
-9.255400e-02 
-1.366850e-01 
-1.788140e-01 
-2.166930e-01 
-2.158510e-01 
-1.729260e-01 
-1.218130e-01 
-8.024600e-02 
-5.427800e-02 
-4.756800e-02 
-4.318700e-02 
-4.784000e-03 
6.028400e-02 
1.003820e-01 
8.954000e-02 
5.428600e-02 
3.456800e-02 
4.956700e-02 
8.420100e-02 
1.158050e-01 
1.417110e-01 
1.668890e-01 
1.907300e-01 
1.729600e-01 
1.374510e-01 
1.252710e-01 
1.147160e-01 
8.318400e-02 
3.796700e-02 
-3.546000e-03 
-3.461800e-02 
-5.211900e-02 
-6.190700e-02 
-7.034200e-02 
-7.429900e-02 
-7.508900e-02 
-8.500200e-02 
-1.038350e-01 
-1.152860e-01 
-1.054290e-01 
-8.334000e-02 
-7.513900e-02 
-8.559100e-02 
-7.957600e-02 
-4.533600e-02 
-4.642000e-03 
2.308200e-02 
2.659700e-02 
3.392200e-02 
6.258100e-02 
9.772400e-02 
1.269660e-01 
1.404280e-01 
1.155140e-01 
5.926900e-02 
7.975000e-03 
-2.010700e-02 
-3.276900e-02 
-2.532200e-02 
6.872000e-03 
4.543500e-02 
5.822000e-02 
2.741100e-02 
1.300300e-02 
4.572000e-02 
9.301700e-02 
1.067840e-01 
6.235100e-02 
-3.610000e-03 
-3.145700e-02 
-2.970900e-02 
-4.310700e-02 
-7.839800e-02 
-1.144600e-01 
-1.298040e-01 
-9.640600e-02 
-2.665700e-02 
4.362100e-02 
9.062000e-02 
1.091790e-01 
1.154200e-01 
1.220800e-01 
1.141400e-01 
6.924900e-02 
2.079000e-03 
-2.950700e-02 
-1.375000e-02 
1.145300e-02 
1.805600e-02 
8.097000e-03 
7.605000e-03 
2.147100e-02 
3.128200e-02 
2.304900e-02 
-4.585000e-03 
-4.197200e-02 
-7.703300e-02 
-1.062330e-01 
-1.045790e-01 
-7.256600e-02 
-3.798400e-02 
-4.889200e-02 
-1.055950e-01 
-1.470480e-01 
-1.294880e-01 
-7.585700e-02 
-3.713900e-02 
-3.340000e-02 
-4.047100e-02 
-4.721100e-02 
-6.076500e-02 
-7.828800e-02 
-8.921200e-02 
-7.839000e-02 
-5.269500e-02 
-2.699900e-02 
-1.538100e-02 
-5.225200e-02 
-1.157160e-01 
-1.154770e-01 
-4.846500e-02 
9.933000e-03 
1.150100e-02 
-1.646000e-02 
1.314000e-03 
8.283100e-02 
1.251720e-01 
8.652100e-02 
2.564200e-02 
9.691000e-03 
4.989200e-02 
8.709800e-02 
8.606000e-02 
6.399800e-02 
4.458400e-02 
3.169900e-02 
2.152400e-02 
2.405000e-02 
4.068300e-02 
6.002100e-02 
7.634200e-02 
9.064500e-02 
1.023730e-01 
7.162100e-02 
8.130000e-04 
-2.908600e-02 
-1.815400e-02 
-4.546000e-02 
-9.322600e-02 
-1.036200e-01 
-1.100340e-01 
-1.274920e-01 
-1.260020e-01 
-1.021080e-01 
-7.970100e-02 
-8.530400e-02 
-1.121160e-01 
-1.293970e-01 
-1.148320e-01 
-7.947200e-02 
-4.410300e-02 
7.145000e-03 
6.704700e-02 
9.010600e-02 
7.552100e-02 
7.205100e-02 
1.016160e-01 
1.440870e-01 
1.794320e-01 
1.817180e-01 
1.224100e-01 
3.598000e-02 
2.181600e-02 
8.479800e-02 
1.139090e-01 
6.774400e-02 
3.566000e-03 
-1.824600e-02 
7.065000e-03 
4.550600e-02 
7.330700e-02 
6.102800e-02 
6.789000e-03 
-3.634100e-02 
-3.696300e-02 
-1.624300e-02 
-5.620000e-03 
4.116000e-03 
2.553000e-03 
-2.751700e-02 
-7.192300e-02 
-8.439200e-02 
-5.653700e-02 
-2.155100e-02 
4.007000e-03 
3.672000e-02 
8.549400e-02 
1.369790e-01 
1.728040e-01 
1.472260e-01 
7.091800e-02 
4.665100e-02 
7.691800e-02 
7.646100e-02 
3.104700e-02 
1.237000e-03 
1.249300e-02 
3.561100e-02 
4.837100e-02 
3.026600e-02 
-1.662300e-02 
-7.016400e-02 
-1.181120e-01 
-1.621190e-01 
-2.038700e-01 
-2.081350e-01 
-1.507470e-01 
-6.524000e-02 
-1.419700e-02 
-3.798000e-02 
-7.559100e-02 
-5.840800e-02 
-4.046000e-03 
3.826900e-02 
2.031000e-02 
-2.786200e-02 
-2.764400e-02 
2.278000e-02 
7.456200e-02 
7.015300e-02 
1.459300e-02 
-4.063000e-03 
3.655300e-02 
8.464600e-02 
5.396100e-02 
-3.664300e-02 
-7.088400e-02 
-3.452700e-02 
5.600000e-04 
-2.067900e-02 
-7.625600e-02 
-1.124060e-01 
-9.337900e-02 
-4.270900e-02 
-2.535700e-02 
-6.634700e-02 
-9.657500e-02 
-6.040200e-02 
6.320000e-03 
2.160700e-02 
-1.964200e-02 
-6.647700e-02 
-9.447300e-02 
-1.063280e-01 
-1.143800e-01 
-1.233730e-01 
-1.192000e-01 
-8.389800e-02 
-2.880200e-02 
7.079000e-03 
-3.965000e-03 
-3.383700e-02 
-1.782500e-02 
4.389900e-02 
1.058020e-01 
9.867300e-02 
2.334900e-02 
-3.892100e-02 
-1.875100e-02 
2.001800e-02 
7.920000e-04 
-5.144100e-02 
-7.757000e-02 
-3.038900e-02 
5.831900e-02 
9.039700e-02 
4.461700e-02 
-1.593500e-02 
-4.326200e-02 
-2.691700e-02 
2.682000e-03 
1.035700e-02 
-3.931800e-02 
-1.248600e-01 
-1.791690e-01 
-1.308530e-01 
-1.314500e-02 
6.195100e-02 
3.173700e-02 
-5.194500e-02 
-1.130620e-01 
-7.189300e-02 
5.068600e-02 
1.703100e-01 
1.729610e-01 
6.633700e-02 
-3.471500e-02 
-5.284500e-02 
-1.307100e-02 
-1.746300e-02 
-2.640200e-02 
1.517700e-02 
4.322900e-02 
2.145400e-02 
1.604100e-02 
7.193100e-02 
1.541720e-01 
1.730520e-01 
1.030430e-01 
4.468100e-02 
7.377400e-02 
1.520070e-01 
2.111850e-01 
1.850440e-01 
9.092200e-02 
-2.366000e-03 
-4.581200e-02 
-3.112500e-02 
-3.914100e-02 
-1.105490e-01 
-2.030370e-01 
-2.211930e-01 
-1.612030e-01 
-9.264500e-02 
-5.357400e-02 
-4.492900e-02 
-3.820200e-02 
-7.959000e-03 
3.812400e-02 
8.070800e-02 
9.620200e-02 
9.691000e-02 
1.105080e-01 
1.334470e-01 
1.187470e-01 
6.867600e-02 
5.257600e-02 
8.328700e-02 
1.220190e-01 
1.396040e-01 
1.158330e-01 
7.911600e-02 
7.052100e-02 
8.298400e-02 
8.584400e-02 
5.423600e-02 
8.240000e-04 
-5.071900e-02 
-9.327000e-02 
-1.124940e-01 
-1.070280e-01 
-9.510500e-02 
-8.686600e-02 
-9.529300e-02 
-1.421820e-01 
-1.885300e-01 
-1.575760e-01 
-6.458900e-02 
1.852900e-02 
1.069000e-03 
-1.002090e-01 
-1.635410e-01 
-1.331370e-01 
-6.030800e-02 
-1.902400e-02 
-2.828800e-02 
-3.681500e-02 
-4.825000e-03 
-2.777000e-03 
-5.920700e-02 
-9.166900e-02 
-6.755300e-02 
-2.820200e-02 
-1.455200e-02 
-4.189300e-02 
-8.812900e-02 
-1.145710e-01 
-8.598000e-02 
-2.064800e-02 
1.556300e-02 
-1.659000e-02 
-8.219100e-02 
-8.497900e-02 
-4.131000e-03 
4.130100e-02 
6.585000e-03 
-2.224900e-02 
-1.251300e-02 
-5.864000e-03 
-3.550000e-03 
1.422000e-02 
4.410300e-02 
7.270100e-02 
9.416000e-02 
1.121450e-01 
1.307580e-01 
1.481590e-01 
1.453960e-01 
1.170440e-01 
9.784000e-02 
1.032350e-01 
1.178320e-01 
1.259930e-01 
1.097380e-01 
6.858800e-02 
5.699800e-02 
1.029180e-01 
1.653240e-01 
1.493610e-01 
5.507600e-02 
-2.719300e-02 
-2.487600e-02 
3.571000e-02 
7.597600e-02 
2.836800e-02 
-4.047600e-02 
-2.713900e-02 
4.404100e-02 
7.888100e-02 
4.656200e-02 
-3.952000e-03 
-4.040500e-02 
-4.875800e-02 
-4.099400e-02 
-3.274400e-02 
-2.832500e-02 
-2.357900e-02 
-2.093200e-02 
-2.966600e-02 
-3.414100e-02 
-5.219000e-03 
4.708100e-02 
9.964400e-02 
1.424050e-01 
1.676390e-01 
1.658960e-01 
1.502670e-01 
1.370730e-01 
1.420360e-01 
1.597520e-01 
1.740200e-01 
1.265610e-01 
3.276500e-02 
-8.752000e-03 
1.515300e-02 
4.766100e-02 
2.546800e-02 
-2.974200e-02 
-3.982400e-02 
-9.540000e-04 
4.225800e-02 
5.189600e-02 
2.361700e-02 
-1.782500e-02 
-5.177700e-02 
-7.708500e-02 
-1.068610e-01 
-1.548280e-01 
-2.141610e-01 
-2.702360e-01 
-3.086930e-01 
-3.053130e-01 
-2.691350e-01 
-2.331300e-01 
-2.075750e-01 
-1.784780e-01 
-1.282440e-01 
-8.216300e-02 
-7.566200e-02 
-9.878900e-02 
-1.215630e-01 
-1.332260e-01 
-1.392830e-01 
-1.472400e-01 
-1.563440e-01 
-1.621620e-01 
-1.188400e-01 
-6.816000e-03 
8.417800e-02 
8.764000e-02 
4.656600e-02 
4.134900e-02 
9.913300e-02 
1.535110e-01 
1.497410e-01 
1.114270e-01 
9.753400e-02 
1.242610e-01 
1.636150e-01 
1.825050e-01 
1.547050e-01 
9.527200e-02 
5.706700e-02 
5.785600e-02 
7.173600e-02 
3.281600e-02 
-2.719900e-02 
-3.667600e-02 
-2.993200e-02 
-6.053900e-02 
-8.562400e-02 
-6.938700e-02 
-3.615100e-02 
-1.031000e-02 
2.610000e-04 
-6.380000e-04 
-8.650000e-03 
-2.621000e-02 
-5.157100e-02 
-7.735800e-02 
-1.007260e-01 
-1.225900e-01 
-1.436630e-01 
-1.632750e-01 
-1.669430e-01 
-1.459810e-01 
-1.142910e-01 
-8.498200e-02 
-5.966600e-02 
-3.355400e-02 
-5.364000e-03 
3.216200e-02 
8.512600e-02 
1.449960e-01 
1.894440e-01 
2.088900e-01 
2.225870e-01 
2.416000e-01 
2.482950e-01 
2.368930e-01 
2.210490e-01 
2.088270e-01 
1.991870e-01 
1.897750e-01 
1.819300e-01 
1.758100e-01 
1.699060e-01 
1.565240e-01 
1.342280e-01 
1.099150e-01 
8.870300e-02 
8.471800e-02 
9.792000e-02 
1.085910e-01 
8.736800e-02 
3.981300e-02 
4.732000e-03 
-5.986000e-03 
-2.116600e-02 
-7.525900e-02 
-1.551400e-01 
-2.074100e-01 
-2.103890e-01 
-1.982850e-01 
-2.028490e-01 
-2.150230e-01 
-2.054950e-01 
-1.767080e-01 
-1.678960e-01 
-1.896230e-01 
-2.166250e-01 
-2.366840e-01 
-2.530710e-01 
-2.678490e-01 
-2.437590e-01 
-1.757560e-01 
-9.777700e-02 
-1.627500e-02 
4.663100e-02 
7.144300e-02 
9.514100e-02 
1.403320e-01 
1.937010e-01 
2.385170e-01 
2.488290e-01 
1.985260e-01 
1.358730e-01 
1.137150e-01 
1.183690e-01 
1.037200e-01 
6.185900e-02 
2.498300e-02 
1.807600e-02 
1.911900e-02 
3.481000e-03 
-2.084900e-02 
-2.893500e-02 
-1.775000e-02 
-1.464100e-02 
-3.316000e-02 
-6.138700e-02 
-8.582100e-02 
-1.059620e-01 
-1.249810e-01 
-1.444330e-01 
-1.667420e-01 
-1.896290e-01 
-1.985180e-01 
-1.825290e-01 
-1.533100e-01 
-1.328220e-01 
-1.277890e-01 
-1.130940e-01 
-7.797500e-02 
-3.992700e-02 
-2.775400e-02 
-2.877700e-02 
-9.488000e-03 
2.790500e-02 
6.550200e-02 
9.507600e-02 
1.069180e-01 
9.924400e-02 
9.296400e-02 
9.680000e-02 
9.523600e-02 
7.480100e-02 
4.389000e-02 
1.478800e-02 
-8.652000e-03 
-1.032400e-02 
1.660800e-02 
5.404800e-02 
8.470900e-02 
8.009600e-02 
4.622700e-02 
4.334000e-02 
9.052600e-02 
1.520660e-01 
2.009450e-01 
2.048090e-01 
1.593120e-01 
9.935100e-02 
7.542000e-02 
1.061900e-01 
1.225620e-01 
9.653900e-02 
8.976600e-02 
1.010530e-01 
9.850000e-02 
9.599500e-02 
1.074930e-01 
1.225890e-01 
9.876300e-02 
3.594200e-02 
-5.140000e-04 
1.708800e-02 
5.487600e-02 
6.888300e-02 
4.882000e-02 
3.376200e-02 
4.389700e-02 
6.241800e-02 
7.386900e-02 
6.052000e-02 
2.043800e-02 
-2.826800e-02 
-7.144700e-02 
-8.813200e-02 
-9.564300e-02 
-1.330870e-01 
-1.943290e-01 
-2.319430e-01 
-1.963530e-01 
-1.125710e-01 
-5.973900e-02 
-6.269900e-02 
-7.978500e-02 
-6.508400e-02 
-3.135200e-02 
-3.128600e-02 
-5.841200e-02 
-7.596100e-02 
-7.964000e-02 
-7.624800e-02 
-5.704900e-02 
-2.366700e-02 
3.812000e-03 
9.816000e-03 
2.109000e-03 
-5.254000e-03 
-1.303800e-02 
-2.620600e-02 
-4.271400e-02 
-5.791500e-02 
-5.979200e-02 
-3.041200e-02 
1.909200e-02 
5.525600e-02 
7.232700e-02 
8.494800e-02 
9.144400e-02 
6.346200e-02 
1.215900e-02 
-1.322500e-02 
-1.883600e-02 
-3.366200e-02 
-5.848200e-02 
-8.093000e-02 
-8.046200e-02 
-6.015500e-02 
-3.821100e-02 
-1.953600e-02 
3.658000e-03 
3.324500e-02 
6.323900e-02 
8.909000e-02 
9.173400e-02 
6.600600e-02 
4.652800e-02 
4.793700e-02 
3.874600e-02 
1.378000e-03 
-3.263300e-02 
-2.741400e-02 
6.004000e-03 
3.844500e-02 
6.194100e-02 
7.396000e-02 
7.672200e-02 
6.789900e-02 
4.615900e-02 
1.993900e-02 
-8.030000e-04 
-1.882200e-02 
-4.665300e-02 
-8.301400e-02 
-1.130230e-01 
-1.166810e-01 
-9.957400e-02 
-8.296200e-02 
-7.322400e-02 
-6.390300e-02 
-4.772400e-02 
-2.965000e-02 
-2.777800e-02 
-4.263500e-02 
-5.945400e-02 
-7.224400e-02 
-8.291700e-02 
-9.382700e-02 
-1.040820e-01 
-1.097370e-01 
-1.073960e-01 
-1.062610e-01 
-1.207560e-01 
-1.468610e-01 
-1.569960e-01 
-1.448160e-01 
-1.270270e-01 
-1.144570e-01 
-1.125350e-01 
-1.194740e-01 
-1.280860e-01 
-1.358370e-01 
-1.411750e-01 
-1.231110e-01 
-7.334000e-02 
-2.629600e-02 
-2.406000e-03 
1.017500e-02 
2.546800e-02 
4.254600e-02 
5.171600e-02 
4.907500e-02 
2.923400e-02 
-4.379000e-03 
-3.839300e-02 
-6.774600e-02 
-6.976000e-02 
-4.344800e-02 
-1.039600e-02 
2.229700e-02 
7.200000e-02 
1.390930e-01 
2.022940e-01 
2.297280e-01 
2.362670e-01 
2.516370e-01 
2.733210e-01 
2.681010e-01 
2.003330e-01 
1.018740e-01 
3.856100e-02 
1.571400e-02 
-1.469000e-03 
-2.770100e-02 
-5.502500e-02 
-6.257500e-02 
-3.886300e-02 
4.240000e-04 
3.726200e-02 
6.876500e-02 
9.741300e-02 
9.688300e-02 
6.126400e-02 
1.696700e-02 
-2.067400e-02 
-5.328100e-02 
-8.585600e-02 
-1.077950e-01 
-9.726900e-02 
-6.106900e-02 
-2.370100e-02 
5.128000e-03 
2.094200e-02 
2.853800e-02 
4.357900e-02 
7.033400e-02 
9.511100e-02 
8.896200e-02 
5.475300e-02 
3.263400e-02 
3.337700e-02 
3.036400e-02 
1.137100e-02 
-1.033300e-02 
-5.757000e-03 
3.036300e-02 
7.390400e-02 
1.113720e-01 
1.442130e-01 
1.762090e-01 
1.861300e-01 
1.736690e-01 
1.680360e-01 
1.757690e-01 
1.686820e-01 
1.391640e-01 
1.049480e-01 
8.207300e-02 
7.648100e-02 
7.867800e-02 
5.981900e-02 
1.260400e-02 
-4.160600e-02 
-7.606900e-02 
-7.983900e-02 
-7.691000e-02 
-9.189000e-02 
-1.198140e-01 
-1.445980e-01 
-1.627210e-01 
-1.795800e-01 
-1.978880e-01 
-2.151180e-01 
-2.203270e-01 
-1.976090e-01 
-1.563950e-01 
-1.165510e-01 
-9.276100e-02 
-8.259300e-02 
-6.853500e-02 
-3.892200e-02 
-5.500000e-05 
3.599000e-02 
5.553900e-02 
5.297500e-02 
4.023900e-02 
2.565600e-02 
2.039000e-03 
-2.233600e-02 
-1.872600e-02 
9.614000e-03 
2.446800e-02 
1.388400e-02 
2.985000e-03 
9.900000e-03 
2.761000e-02 
4.266600e-02 
5.032200e-02 
4.948800e-02 
4.462800e-02 
4.364100e-02 
5.026400e-02 
5.968100e-02 
6.265200e-02 
4.798500e-02 
2.089600e-02 
-6.163000e-03 
-2.936200e-02 
-5.128300e-02 
-7.309900e-02 
-8.972100e-02 
-9.608300e-02 
-8.118400e-02 
-3.910800e-02 
1.490900e-02 
6.250600e-02 
8.285500e-02 
8.030800e-02 
7.303400e-02 
5.645300e-02 
2.777700e-02 
-4.101000e-03 
-3.318300e-02 
-5.805700e-02 
-6.085600e-02 
-3.523700e-02 
-3.920000e-04 
3.066400e-02 
5.728500e-02 
8.179700e-02 
7.313500e-02 
2.791300e-02 
-2.342400e-02 
-6.123500e-02 
-7.910600e-02 
-8.650000e-02 
-9.361400e-02 
-9.489400e-02 
-7.813400e-02 
-4.820600e-02 
-1.857000e-02 
4.024000e-03 
1.366300e-02 
1.376700e-02 
1.283900e-02 
1.358200e-02 
1.373100e-02 
-8.780000e-04 
-3.237800e-02 
-6.645400e-02 
-8.572800e-02 
-7.644300e-02 
-4.988200e-02 
-2.252700e-02 
4.866000e-03 
3.572900e-02 
6.752500e-02 
9.612100e-02 
9.788200e-02 
7.292500e-02 
5.406500e-02 
5.828000e-02 
6.977400e-02 
6.993600e-02 
6.463800e-02 
7.034700e-02 
8.718700e-02 
1.042040e-01 
1.119550e-01 
1.100760e-01 
1.091640e-01 
1.149340e-01 
1.236770e-01 
1.305430e-01 
1.357750e-01 
1.395820e-01 
1.397010e-01 
1.342310e-01 
1.198150e-01 
9.859800e-02 
7.725000e-02 
5.619900e-02 
3.201000e-02 
5.869000e-03 
-8.597000e-03 
-6.758000e-03 
7.350000e-04 
6.157000e-03 
9.022000e-03 
1.039100e-02 
1.059500e-02 
1.056100e-02 
1.022200e-02 
6.650000e-03 
-1.077000e-02 
-4.025500e-02 
-7.057100e-02 
-9.698800e-02 
-1.191900e-01 
-1.356850e-01 
-1.478740e-01 
-1.588600e-01 
-1.695500e-01 
-1.735980e-01 
-1.686240e-01 
-1.602590e-01 
-1.502390e-01 
-1.357460e-01 
-1.177420e-01 
-9.970500e-02 
-8.273300e-02 
-6.007100e-02 
-2.993800e-02 
1.638000e-03 
3.057100e-02 
5.255900e-02 
5.332400e-02 
3.529800e-02 
1.510600e-02 
-1.011000e-03 
-1.514900e-02 
-3.018400e-02 
-4.494600e-02 
-5.307100e-02 
-4.595200e-02 
-2.866400e-02 
-1.207900e-02 
1.100000e-05 
1.033400e-02 
2.148500e-02 
3.314400e-02 
3.899000e-02 
3.778900e-02 
3.472900e-02 
3.274200e-02 
3.124200e-02 
2.527000e-02 
9.153000e-03 
-1.367300e-02 
-3.598200e-02 
-5.497600e-02 
-5.866800e-02 
-4.334000e-02 
-2.189800e-02 
-9.881000e-03 
-1.400100e-02 
-1.878200e-02 
-1.240800e-02 
-3.420000e-04 
9.949000e-03 
1.765400e-02 
2.337200e-02 
2.504500e-02 
2.314800e-02 
2.036300e-02 
1.349600e-02 
-9.600000e-05 
-1.679600e-02 
-3.258800e-02 
-4.681600e-02 
-6.049200e-02 
-7.397800e-02 
-8.673700e-02 
-9.490400e-02 
-9.313000e-02 
-8.621800e-02 
-8.384200e-02 
-8.660600e-02 
-8.978300e-02 
-9.140400e-02 
-9.192500e-02 
-8.300500e-02 
-5.950100e-02 
-2.964400e-02 
-1.608000e-03 
2.350000e-02 
4.765200e-02 
6.786300e-02 
7.746800e-02 
7.251500e-02 
5.528900e-02 
3.360400e-02 
1.396100e-02 
5.560000e-03 
1.713600e-02 
4.058400e-02 
6.246300e-02 
7.200400e-02 
7.199300e-02 
7.312400e-02 
8.154500e-02 
9.438100e-02 
1.058010e-01 
1.064460e-01 
9.277000e-02 
7.351800e-02 
5.572900e-02 
3.711400e-02 
1.445600e-02 
-9.411000e-03 
-2.904900e-02 
-4.081500e-02 
-4.811700e-02 
-5.335200e-02 
-5.565700e-02 
-5.516500e-02 
-5.362500e-02 
-4.324500e-02 
-2.303700e-02 
-1.483000e-03 
1.140700e-02 
1.517200e-02 
1.843200e-02 
2.647200e-02 
3.745600e-02 
4.744800e-02 
5.508400e-02 
5.655700e-02 
6.000600e-02 
7.075400e-02 
7.865700e-02 
7.440400e-02 
6.213300e-02 
5.262900e-02 
5.205700e-02 
5.672200e-02 
5.146300e-02 
3.439100e-02 
1.549800e-02 
-1.380000e-04 
-1.324700e-02 
-1.986000e-02 
-1.975200e-02 
-1.810600e-02 
-1.771700e-02 
-2.086500e-02 
-2.870100e-02 
-3.887500e-02 
-4.865100e-02 
-5.744100e-02 
-6.554700e-02 
-6.828100e-02 
-6.267300e-02 
-5.316200e-02 
-4.432900e-02 
-3.682200e-02 
-2.949000e-02 
-2.193500e-02 
-1.490400e-02 
-1.334700e-02 
-2.097900e-02 
-3.337800e-02 
-4.472400e-02 
-4.816600e-02 
-4.371000e-02 
-3.751000e-02 
-3.257600e-02 
-2.808400e-02 
-2.295200e-02 
-1.760600e-02 
-1.261000e-02 
-7.998000e-03 
-4.731000e-03 
-1.090200e-02 
-2.593700e-02 
-3.035800e-02 
-1.798100e-02 
-1.378000e-03 
1.026600e-02 
1.605600e-02 
2.109100e-02 
2.733700e-02 
3.354400e-02 
3.859000e-02 
3.906200e-02 
3.405400e-02 
2.696700e-02 
1.947300e-02 
9.162000e-03 
-4.032000e-03 
-1.631100e-02 
-1.865700e-02 
-1.096800e-02 
1.097000e-03 
1.420500e-02 
2.648200e-02 
3.735100e-02 
4.327800e-02 
4.480100e-02 
4.528600e-02 
4.650800e-02 
4.783600e-02 
4.880500e-02 
5.036500e-02 
5.336800e-02 
5.690000e-02 
6.011100e-02 
6.283800e-02 
6.497800e-02 
6.145400e-02 
4.826400e-02 
2.993700e-02 
1.257100e-02 
-2.610000e-03 
-1.695400e-02 
-3.089800e-02 
-4.112900e-02 
-4.705600e-02 
-5.165500e-02 
-5.651400e-02 
-6.118000e-02 
-6.205600e-02 
-5.682800e-02 
-4.846500e-02 
-4.072000e-02 
-3.502800e-02 
-3.779200e-02 
-4.859600e-02 
-6.028900e-02 
-6.967900e-02 
-7.564200e-02 
-7.193000e-02 
-5.930400e-02 
-4.576200e-02 
-3.441100e-02 
-2.451500e-02 
-1.534500e-02 
-7.974000e-03 
-2.021000e-03 
3.281000e-03 
8.547000e-03 
1.348500e-02 
1.809000e-02 
2.225700e-02 
2.613600e-02 
2.859800e-02 
2.979700e-02 
3.051400e-02 
3.130800e-02 
3.199200e-02 
3.265100e-02 
3.338100e-02 
3.433700e-02 
3.513100e-02 
3.577400e-02 
3.572000e-02 
3.429200e-02 
3.171700e-02 
2.923200e-02 
2.697700e-02 
2.490100e-02 
2.207000e-02 
1.859400e-02 
1.497600e-02 
1.180500e-02 
8.721000e-03 
4.317000e-03 
-4.068000e-03 
-1.483300e-02 
-2.512300e-02 
-3.371200e-02 
-4.155900e-02 
-4.873000e-02 
-5.444500e-02 
-4.604900e-02 
-3.216100e-02 
-2.638300e-02 
-2.562700e-02 
-2.436500e-02 
-2.117100e-02 
-1.819600e-02 
-1.657100e-02 
-1.626500e-02 
-1.618400e-02 
-1.594200e-02 
-1.510300e-02 
-1.099300e-02 
-3.742000e-03 
3.518000e-03 
9.649000e-03 
1.488400e-02 
1.986100e-02 
2.445100e-02 
2.853700e-02 
3.203600e-02 
3.499200e-02 
3.622800e-02 
3.492300e-02 
3.222500e-02 
2.966100e-02 
2.751900e-02 
2.554800e-02 
2.392600e-02 
2.282300e-02 
2.183300e-02 
2.075700e-02 
1.954400e-02 
1.761400e-02 
1.438300e-02 
1.062600e-02 
7.249000e-03 
4.528000e-03 
2.616000e-03 
1.347000e-03 
2.810000e-04 
-6.870000e-04 
-1.383000e-03 
-1.490000e-03 
-1.218000e-03 
-8.110000e-04 
-3.760000e-04 
4.000000e-05 
4.110000e-04 
9.410000e-04 
1.718000e-03 
2.521000e-03 
3.135000e-03 
3.566000e-03 
3.865000e-03 
4.041000e-03 
3.990000e-03 
2.693000e-03 
3.200000e-04 
-1.910000e-03 
-3.567000e-03 
-4.816000e-03 
-5.885000e-03 
-6.744000e-03 
-7.335000e-03 
-7.210000e-03 
-5.992000e-03 
-4.254000e-03 
-2.782000e-03 
-1.702000e-03 
-8.630000e-04 
-1.590000e-04 
3.690000e-04 
6.930000e-04 
7.800000e-04 
6.900000e-04 
2.650000e-04 
-4.870000e-04 
-1.257000e-03 
-1.567000e-03 
-1.458000e-03 
-1.501000e-03 
-1.839000e-03 
-2.216000e-03 
-2.496000e-03 
-2.714000e-03 
-2.911000e-03 
-3.066000e-03 
-3.186000e-03 
-3.295000e-03 
-3.407000e-03 
-3.515000e-03 
-3.612000e-03 
-3.693000e-03 
-3.760000e-03 
-3.811000e-03 
-3.846000e-03 
-3.863000e-03 
-3.862000e-03 
-3.838000e-03 
-3.794000e-03 
-3.735000e-03 
-3.677000e-03 
-3.614000e-03 
-3.527000e-03 
-3.410000e-03 
-3.269000e-03 
-3.111000e-03 
-2.939000e-03 
-2.754000e-03 
-2.559000e-03 
-2.355000e-03 
-2.148000e-03 
-1.939000e-03 
-1.727000e-03 
-1.514000e-03 
-1.301000e-03 
-1.089000e-03 
-8.780000e-04 
-6.670000e-04 
-4.600000e-04 
-2.550000e-04 
-5.300000e-05 
1.450000e-04 
3.390000e-04 
5.300000e-04 
