1 
1.000000e-02 
1.046000e-03 
1.558000e-03 
2.341000e-03 
2.639000e-03 
2.645000e-03 
2.355000e-03 
2.756000e-03 
4.053000e-03 
5.043000e-03 
5.697000e-03 
5.158000e-03 
3.242000e-03 
3.485000e-03 
5.121000e-03 
3.785000e-03 
7.020000e-04 
-1.940000e-04 
6.600000e-05 
-1.366000e-03 
-3.299000e-03 
-4.944000e-03 
-5.504000e-03 
-3.301000e-03 
5.900000e-04 
5.881000e-03 
9.477000e-03 
9.897000e-03 
1.146700e-02 
1.208000e-02 
9.531000e-03 
6.685000e-03 
3.756000e-03 
5.710000e-04 
3.830000e-03 
2.028200e-02 
3.814100e-02 
4.265800e-02 
3.040800e-02 
2.696000e-03 
-1.949600e-02 
-2.413300e-02 
-2.493900e-02 
-2.007800e-02 
-1.292800e-02 
-1.934700e-02 
-3.226700e-02 
-3.812200e-02 
-2.658200e-02 
3.026000e-03 
2.026700e-02 
1.632600e-02 
1.821700e-02 
2.084100e-02 
1.397700e-02 
1.136000e-02 
1.533000e-02 
1.551300e-02 
6.439000e-03 
-9.352000e-03 
-2.072600e-02 
-2.115400e-02 
-2.138500e-02 
-2.144100e-02 
-1.148000e-02 
3.896000e-03 
1.323200e-02 
1.737000e-02 
2.551700e-02 
3.352300e-02 
2.966400e-02 
1.663800e-02 
8.520000e-03 
7.821000e-03 
7.513000e-03 
-7.620000e-04 
-1.401600e-02 
-1.857100e-02 
-1.529500e-02 
-7.642000e-03 
4.378000e-03 
1.537200e-02 
2.587000e-02 
3.850600e-02 
4.948100e-02 
5.489900e-02 
4.442900e-02 
-2.533000e-03 
-5.225400e-02 
-5.106900e-02 
-4.039900e-02 
-4.938700e-02 
-3.422900e-02 
2.059000e-03 
2.923900e-02 
4.877100e-02 
5.711300e-02 
4.931900e-02 
1.093800e-02 
-3.826000e-02 
-3.149300e-02 
-1.189700e-02 
-4.046600e-02 
-6.568200e-02 
-6.325000e-02 
-6.282100e-02 
-6.520900e-02 
-5.336300e-02 
-2.677200e-02 
1.440000e-04 
1.167200e-02 
9.626000e-03 
8.147000e-03 
2.675000e-02 
5.705200e-02 
6.226200e-02 
5.614900e-02 
5.290100e-02 
2.343900e-02 
-5.604000e-03 
1.494000e-03 
1.363000e-02 
1.631600e-02 
2.138400e-02 
2.444200e-02 
1.999600e-02 
1.801300e-02 
3.361400e-02 
5.650700e-02 
6.333500e-02 
5.994600e-02 
5.704200e-02 
4.602700e-02 
3.205500e-02 
2.076600e-02 
6.394000e-03 
-7.725000e-03 
-1.455000e-02 
-1.178500e-02 
-3.292000e-03 
-1.811000e-03 
-1.437600e-02 
-2.922800e-02 
-3.675500e-02 
-4.159000e-02 
-4.222500e-02 
-3.003900e-02 
-1.397100e-02 
-1.013600e-02 
-4.128000e-03 
2.544200e-02 
5.924700e-02 
7.366700e-02 
7.789800e-02 
6.401400e-02 
8.899000e-03 
-5.499200e-02 
-1.162520e-01 
-2.093050e-01 
-2.863020e-01 
-2.916000e-01 
-2.507050e-01 
-2.049700e-01 
-1.789850e-01 
-1.681410e-01 
-1.494150e-01 
-1.223550e-01 
-1.034010e-01 
-8.960200e-02 
-8.854300e-02 
-1.051560e-01 
-1.119900e-01 
-9.844100e-02 
-4.814600e-02 
4.071600e-02 
1.134470e-01 
1.506980e-01 
1.922010e-01 
2.394730e-01 
2.626780e-01 
2.689460e-01 
2.383720e-01 
1.608390e-01 
6.020900e-02 
-1.813600e-02 
-1.496500e-02 
1.468000e-02 
5.148400e-02 
1.206000e-01 
1.682380e-01 
2.071550e-01 
2.487020e-01 
2.608600e-01 
2.597500e-01 
2.178310e-01 
1.292690e-01 
2.861500e-02 
-1.042180e-01 
-1.516340e-01 
-1.057230e-01 
-8.116300e-02 
7.117400e-02 
2.109480e-01 
1.467170e-01 
8.049200e-02 
2.335000e-03 
-1.057450e-01 
-1.327650e-01 
-1.101180e-01 
-4.972900e-02 
2.415500e-02 
3.214400e-02 
4.271000e-03 
-1.624300e-02 
-3.872000e-02 
-2.773100e-02 
-2.170200e-02 
-7.769700e-02 
-1.271850e-01 
-1.269020e-01 
-1.166690e-01 
-8.131900e-02 
-1.152100e-02 
1.982800e-02 
-6.354000e-03 
-6.238700e-02 
-1.133480e-01 
-1.121250e-01 
-8.181700e-02 
-2.373300e-02 
6.637000e-02 
1.008250e-01 
7.919600e-02 
2.851100e-02 
-1.072240e-01 
-2.461580e-01 
-2.439160e-01 
-1.754990e-01 
-1.293210e-01 
-5.217100e-02 
-7.608000e-03 
-2.768700e-02 
-2.539600e-02 
-4.546800e-02 
-1.115180e-01 
-1.334480e-01 
-1.037940e-01 
-8.490500e-02 
-8.528300e-02 
-1.027970e-01 
-1.605410e-01 
-1.965310e-01 
-1.714760e-01 
-1.449610e-01 
-1.070860e-01 
-5.768800e-02 
-4.079200e-02 
-5.423600e-02 
-4.121400e-02 
2.868400e-02 
8.404200e-02 
1.182440e-01 
1.836200e-01 
2.330810e-01 
2.302950e-01 
2.211280e-01 
2.202550e-01 
2.021090e-01 
1.736540e-01 
1.568710e-01 
1.135690e-01 
2.240200e-02 
-4.691500e-02 
-1.507670e-01 
-3.521520e-01 
-4.365650e-01 
-3.682090e-01 
-3.055390e-01 
-1.849250e-01 
-5.419300e-02 
-2.604900e-02 
-2.726300e-02 
-2.826700e-02 
-3.445300e-02 
-3.783600e-02 
-3.445500e-02 
2.549100e-02 
1.210110e-01 
1.883320e-01 
2.636580e-01 
3.192410e-01 
3.068450e-01 
2.750280e-01 
1.540190e-01 
-1.282000e-02 
-5.456300e-02 
-2.367800e-02 
7.980100e-02 
2.211910e-01 
2.806110e-01 
3.329860e-01 
3.680690e-01 
3.279190e-01 
2.487440e-01 
1.500890e-01 
7.242200e-02 
4.037500e-02 
6.239900e-02 
1.170210e-01 
1.576860e-01 
1.920310e-01 
2.041600e-01 
1.597390e-01 
1.123570e-01 
9.304400e-02 
7.260400e-02 
5.998200e-02 
6.145800e-02 
7.594800e-02 
6.544400e-02 
-1.720000e-04 
-6.999000e-02 
-1.469980e-01 
-1.873090e-01 
-1.483060e-01 
-1.274530e-01 
-1.364850e-01 
-1.429420e-01 
-1.908830e-01 
-3.116090e-01 
-3.959660e-01 
-3.641460e-01 
-3.471500e-01 
-3.095100e-01 
-1.486230e-01 
4.378300e-02 
2.772720e-01 
4.325240e-01 
3.889390e-01 
3.948510e-01 
4.305890e-01 
3.032390e-01 
1.653240e-01 
8.487900e-02 
-2.974700e-02 
-1.211490e-01 
-1.741820e-01 
-2.415470e-01 
-2.768130e-01 
-2.921180e-01 
-3.251480e-01 
-3.386540e-01 
-3.415670e-01 
-3.335370e-01 
-2.923300e-01 
-2.491100e-01 
-2.202840e-01 
-2.074160e-01 
-1.988770e-01 
-1.641680e-01 
-1.205220e-01 
-9.844600e-02 
-8.485200e-02 
-6.114700e-02 
-3.231200e-02 
-1.677100e-02 
-2.445100e-02 
-8.176000e-03 
7.656200e-02 
1.648200e-01 
2.215170e-01 
2.843930e-01 
3.178780e-01 
3.162020e-01 
2.886840e-01 
2.045420e-01 
1.096790e-01 
1.796800e-02 
-4.771500e-02 
-3.237600e-02 
1.971300e-02 
7.312400e-02 
9.811900e-02 
5.946700e-02 
-3.396200e-02 
-1.448060e-01 
-1.839110e-01 
-1.484150e-01 
-1.112880e-01 
-7.813500e-02 
-7.487400e-02 
-1.042710e-01 
-1.227330e-01 
-1.212980e-01 
-1.131470e-01 
-1.219370e-01 
-1.371840e-01 
-1.302230e-01 
-1.013850e-01 
-6.791900e-02 
-3.882600e-02 
-2.747500e-02 
-3.619700e-02 
-2.767800e-02 
1.335100e-02 
4.930400e-02 
5.238800e-02 
1.463600e-02 
-5.293400e-02 
-1.297430e-01 
-1.898670e-01 
-1.509570e-01 
-1.892200e-02 
8.212000e-02 
1.481040e-01 
2.506950e-01 
3.444700e-01 
3.680170e-01 
3.200540e-01 
1.954590e-01 
1.477800e-02 
-1.394900e-01 
-1.723070e-01 
-1.537260e-01 
-1.648800e-01 
-1.331180e-01 
-7.166400e-02 
-2.633400e-02 
2.251800e-02 
4.439000e-02 
3.563300e-02 
7.772000e-02 
1.663340e-01 
2.215570e-01 
2.652290e-01 
3.352390e-01 
3.947240e-01 
3.969930e-01 
3.076050e-01 
1.818090e-01 
1.044970e-01 
3.728800e-02 
-5.440800e-02 
-1.198260e-01 
-1.444280e-01 
-1.682420e-01 
-1.770240e-01 
-1.539370e-01 
-1.188920e-01 
-5.659600e-02 
-1.147400e-02 
-2.720900e-02 
-3.414800e-02 
1.800800e-02 
8.468400e-02 
1.284290e-01 
2.114720e-01 
3.239880e-01 
3.485950e-01 
3.054540e-01 
2.566630e-01 
1.856990e-01 
6.180400e-02 
-2.575100e-02 
2.568300e-02 
1.021650e-01 
1.556660e-01 
1.838330e-01 
1.737930e-01 
1.510050e-01 
3.152900e-02 
-8.779000e-02 
-9.581700e-02 
-9.713300e-02 
-1.044550e-01 
-1.298930e-01 
-1.870040e-01 
-2.156850e-01 
-2.381850e-01 
-2.872240e-01 
-3.273300e-01 
-2.706330e-01 
-1.297200e-01 
-2.988000e-02 
7.863000e-03 
5.351000e-03 
-3.648900e-02 
-1.060540e-01 
-1.830340e-01 
-2.278890e-01 
-2.396950e-01 
-2.342830e-01 
-1.693590e-01 
-5.153700e-02 
6.292600e-02 
1.686990e-01 
2.127540e-01 
1.809150e-01 
1.414110e-01 
7.535300e-02 
-1.555500e-02 
-1.075540e-01 
-2.560870e-01 
-3.643770e-01 
-3.453550e-01 
-3.341720e-01 
-2.657740e-01 
-7.138300e-02 
9.485000e-03 
-3.268700e-02 
-2.588300e-02 
-5.271400e-02 
-1.341090e-01 
-1.277410e-01 
-1.029240e-01 
-1.289930e-01 
-8.232900e-02 
-3.945000e-03 
-1.410700e-02 
-3.403800e-02 
-3.271500e-02 
-6.750700e-02 
-1.021140e-01 
-1.101060e-01 
-1.160780e-01 
-1.330470e-01 
-1.471230e-01 
-1.373530e-01 
-8.611000e-02 
5.452000e-03 
9.819700e-02 
1.332580e-01 
1.089430e-01 
1.072770e-01 
1.376440e-01 
1.431040e-01 
1.316520e-01 
1.320060e-01 
1.479030e-01 
1.393780e-01 
8.242400e-02 
1.249300e-02 
-5.437900e-02 
-7.368500e-02 
-1.668600e-02 
6.573300e-02 
1.236000e-01 
1.593120e-01 
1.935070e-01 
1.920120e-01 
1.621950e-01 
1.358580e-01 
1.078250e-01 
9.191500e-02 
8.654700e-02 
1.294370e-01 
2.130990e-01 
2.188420e-01 
1.799140e-01 
1.682520e-01 
1.249720e-01 
8.535300e-02 
9.775300e-02 
9.253800e-02 
5.736400e-02 
3.370200e-02 
1.744200e-02 
-4.059000e-03 
-2.756400e-02 
-4.820100e-02 
-8.025100e-02 
-1.233420e-01 
-1.443960e-01 
-1.588650e-01 
-1.631400e-01 
-7.983900e-02 
4.584500e-02 
1.360850e-01 
2.172160e-01 
2.397910e-01 
2.089910e-01 
1.901860e-01 
1.380890e-01 
7.080500e-02 
8.876000e-03 
-8.194300e-02 
-1.751410e-01 
-2.491140e-01 
-2.753380e-01 
-2.716870e-01 
-2.862520e-01 
-2.829390e-01 
-2.660270e-01 
-2.318180e-01 
-1.554770e-01 
-9.428300e-02 
-4.311800e-02 
3.679400e-02 
8.081600e-02 
7.071400e-02 
7.582500e-02 
8.372600e-02 
5.135000e-02 
-7.682000e-03 
-3.835200e-02 
-3.419300e-02 
-3.353100e-02 
1.393600e-02 
1.103320e-01 
1.506000e-01 
1.424140e-01 
1.520870e-01 
1.395390e-01 
8.443600e-02 
3.766900e-02 
-1.666300e-02 
-1.049410e-01 
-1.456020e-01 
-1.145680e-01 
-8.585500e-02 
-6.870000e-02 
-5.646600e-02 
-6.175500e-02 
-6.805100e-02 
-6.477500e-02 
-5.734200e-02 
-4.151400e-02 
-1.876000e-02 
-1.049400e-02 
-1.608200e-02 
-3.616400e-02 
-1.107720e-01 
-1.752060e-01 
-1.607060e-01 
-1.515760e-01 
-1.560080e-01 
-1.265480e-01 
-9.374500e-02 
-7.003000e-02 
-3.378600e-02 
1.958600e-02 
7.218800e-02 
1.043810e-01 
1.158370e-01 
1.217630e-01 
1.168170e-01 
9.021600e-02 
5.245600e-02 
2.170000e-02 
7.783000e-03 
9.109000e-03 
2.310300e-02 
4.222600e-02 
5.159500e-02 
4.674700e-02 
2.533600e-02 
-2.164900e-02 
-5.655800e-02 
-3.961100e-02 
-7.557000e-03 
7.182000e-03 
1.983000e-03 
-3.121700e-02 
-9.527400e-02 
-1.617030e-01 
-1.784850e-01 
-1.711150e-01 
-1.811140e-01 
-1.721550e-01 
-1.535400e-01 
-1.607640e-01 
-1.661220e-01 
-1.351170e-01 
-8.387100e-02 
-4.068900e-02 
2.461000e-03 
2.639000e-02 
1.394500e-02 
-1.364000e-03 
-1.029200e-02 
-1.318000e-03 
5.507900e-02 
1.169880e-01 
1.314050e-01 
1.177240e-01 
7.255000e-02 
-3.322200e-02 
-1.083920e-01 
-8.462700e-02 
-4.884500e-02 
-4.144600e-02 
-3.326600e-02 
-3.768300e-02 
-6.526800e-02 
-7.932800e-02 
-7.553700e-02 
-5.982900e-02 
-3.597000e-03 
6.462400e-02 
1.098140e-01 
1.597620e-01 
2.097250e-01 
2.238160e-01 
2.325610e-01 
2.785830e-01 
3.319050e-01 
3.615690e-01 
3.722630e-01 
3.648390e-01 
3.400860e-01 
3.031070e-01 
2.661940e-01 
2.274040e-01 
1.839020e-01 
1.644480e-01 
1.604810e-01 
1.417650e-01 
1.283330e-01 
1.358760e-01 
1.616340e-01 
2.016700e-01 
2.317560e-01 
2.489810e-01 
2.520350e-01 
1.946700e-01 
1.043450e-01 
5.646400e-02 
1.432000e-02 
-4.108000e-02 
-5.471200e-02 
-5.665500e-02 
-7.772500e-02 
-7.769100e-02 
-6.165700e-02 
-5.595200e-02 
-5.177900e-02 
-3.643400e-02 
-1.188700e-02 
8.834000e-03 
2.494500e-02 
5.452300e-02 
9.459300e-02 
1.110900e-01 
1.136830e-01 
1.389380e-01 
1.684220e-01 
1.750320e-01 
1.468500e-01 
8.228400e-02 
1.082800e-02 
-6.621400e-02 
-1.242050e-01 
-1.229540e-01 
-1.071260e-01 
-9.287600e-02 
-6.708600e-02 
-4.849400e-02 
-4.602000e-02 
-5.941300e-02 
-8.684200e-02 
-1.110300e-01 
-1.138240e-01 
-1.100470e-01 
-9.469600e-02 
-5.733800e-02 
-1.256500e-02 
1.934100e-02 
1.431100e-02 
-7.860000e-03 
-1.784600e-02 
-2.281200e-02 
-2.165200e-02 
2.146000e-03 
3.230800e-02 
4.466200e-02 
3.827900e-02 
-3.583000e-03 
-6.470100e-02 
-9.426800e-02 
-1.025000e-01 
-1.223930e-01 
-1.378820e-01 
-1.278010e-01 
-1.153730e-01 
-1.073690e-01 
-8.192900e-02 
-5.023600e-02 
-2.051200e-02 
-1.970000e-04 
8.490000e-04 
-1.753000e-03 
-6.241000e-03 
-1.253000e-02 
-1.809800e-02 
-1.991800e-02 
2.767000e-03 
4.876300e-02 
8.517500e-02 
9.411800e-02 
9.306000e-02 
7.298300e-02 
2.065200e-02 
-5.999000e-03 
9.484000e-03 
2.582000e-02 
5.786000e-02 
1.074200e-01 
1.293920e-01 
1.301300e-01 
1.300920e-01 
1.025980e-01 
5.284700e-02 
1.792000e-03 
-4.096300e-02 
-5.049000e-02 
-4.590200e-02 
-4.721700e-02 
-3.524400e-02 
-1.514000e-02 
-8.490000e-04 
1.362800e-02 
2.209300e-02 
1.836900e-02 
1.976500e-02 
2.326200e-02 
1.712400e-02 
1.210200e-02 
1.060300e-02 
6.425000e-03 
1.030000e-04 
9.411000e-03 
3.891800e-02 
6.861500e-02 
1.007800e-01 
1.282990e-01 
1.244010e-01 
9.173300e-02 
6.136100e-02 
5.378900e-02 
5.973200e-02 
7.099500e-02 
8.354700e-02 
8.489900e-02 
7.774400e-02 
6.497500e-02 
4.920100e-02 
4.394200e-02 
5.050300e-02 
5.960000e-02 
6.457500e-02 
6.051600e-02 
3.203500e-02 
-2.769900e-02 
-8.689500e-02 
-1.105310e-01 
-1.126760e-01 
-1.111510e-01 
-8.910500e-02 
-4.105100e-02 
-1.532000e-03 
3.795000e-03 
3.077000e-03 
-2.379000e-03 
-4.452400e-02 
-9.213100e-02 
-1.025560e-01 
-9.929300e-02 
-1.050480e-01 
-1.057050e-01 
-1.101280e-01 
-1.288490e-01 
-1.432430e-01 
-1.486530e-01 
-1.538780e-01 
-1.589280e-01 
-1.529420e-01 
-1.369530e-01 
-1.154560e-01 
-8.054400e-02 
-4.328900e-02 
-1.603700e-02 
-6.408000e-03 
-1.386900e-02 
-1.660800e-02 
-1.296000e-02 
-1.688900e-02 
-2.194900e-02 
-1.608000e-02 
-6.744000e-03 
-3.066000e-03 
2.610000e-04 
-3.941000e-03 
-2.208500e-02 
-3.995400e-02 
-5.520800e-02 
-7.341600e-02 
-9.356800e-02 
-1.127110e-01 
-1.234310e-01 
-1.308630e-01 
-1.365370e-01 
-1.294170e-01 
-1.226340e-01 
-1.205890e-01 
-1.084380e-01 
-8.825700e-02 
-6.605700e-02 
-4.890200e-02 
-3.971400e-02 
-3.484200e-02 
-4.015400e-02 
-5.273500e-02 
-6.157500e-02 
-6.970100e-02 
-9.261000e-02 
-1.285220e-01 
-1.440840e-01 
-1.422770e-01 
-1.509850e-01 
-1.530590e-01 
-1.411430e-01 
-1.343770e-01 
-1.281520e-01 
-1.192690e-01 
-1.139140e-01 
-1.090250e-01 
-1.094470e-01 
-1.156350e-01 
-1.180520e-01 
-1.192010e-01 
-1.160560e-01 
-1.054500e-01 
-9.497300e-02 
-7.841900e-02 
-5.616200e-02 
-4.524300e-02 
-4.429900e-02 
-4.881200e-02 
-5.940700e-02 
-6.488300e-02 
-6.306600e-02 
-5.295900e-02 
-3.957000e-02 
-3.018700e-02 
-2.783000e-02 
-4.153600e-02 
-6.520000e-02 
-7.948400e-02 
-7.864600e-02 
-7.450500e-02 
-6.280800e-02 
-4.374700e-02 
-2.872000e-02 
-1.199900e-02 
8.502000e-03 
2.877300e-02 
4.297700e-02 
5.107400e-02 
5.721100e-02 
5.077800e-02 
3.882400e-02 
3.687000e-02 
3.102400e-02 
1.268400e-02 
-7.990000e-04 
-1.967000e-03 
2.271000e-03 
1.479600e-02 
3.264300e-02 
4.605700e-02 
4.854800e-02 
3.695300e-02 
1.906300e-02 
9.786000e-03 
1.254600e-02 
1.809100e-02 
2.228100e-02 
3.001300e-02 
3.809800e-02 
3.396400e-02 
2.617700e-02 
2.819600e-02 
3.602200e-02 
4.287800e-02 
4.611000e-02 
5.150900e-02 
5.508300e-02 
4.827200e-02 
4.130900e-02 
4.581200e-02 
5.756700e-02 
6.743400e-02 
7.199700e-02 
6.719100e-02 
6.161500e-02 
6.301300e-02 
6.358500e-02 
6.499500e-02 
6.765900e-02 
6.725500e-02 
6.175600e-02 
5.407300e-02 
4.362700e-02 
2.202500e-02 
1.571000e-03 
-1.296000e-03 
2.572000e-03 
-1.700000e-03 
-8.020000e-03 
-1.436500e-02 
-2.335100e-02 
-2.967800e-02 
-3.650800e-02 
-5.046100e-02 
-6.775300e-02 
-7.675100e-02 
-8.029100e-02 
-7.985000e-02 
-7.046700e-02 
-6.535300e-02 
-6.434200e-02 
-5.735000e-02 
-4.793800e-02 
-3.820200e-02 
-2.936300e-02 
-1.604800e-02 
3.929000e-03 
1.934500e-02 
3.289500e-02 
4.573500e-02 
5.039100e-02 
5.642300e-02 
6.681300e-02 
7.665600e-02 
8.749500e-02 
9.434800e-02 
9.800300e-02 
1.005590e-01 
9.501400e-02 
8.925600e-02 
9.068300e-02 
8.951300e-02 
8.431500e-02 
8.116700e-02 
7.890300e-02 
6.978400e-02 
5.406300e-02 
4.239600e-02 
3.371300e-02 
1.387900e-02 
-1.927600e-02 
-4.267900e-02 
-4.841800e-02 
-5.479600e-02 
-5.634600e-02 
-4.824600e-02 
-4.759100e-02 
-4.940200e-02 
-4.518000e-02 
-4.258500e-02 
-4.224800e-02 
-4.323200e-02 
-4.247900e-02 
-2.993500e-02 
-4.267000e-03 
1.509700e-02 
1.617100e-02 
6.365000e-03 
-2.005100e-02 
-4.440000e-02 
-3.873300e-02 
-2.366900e-02 
-7.987000e-03 
1.544400e-02 
2.741400e-02 
2.100100e-02 
1.311200e-02 
9.272000e-03 
1.156500e-02 
2.534400e-02 
5.065200e-02 
7.681500e-02 
8.829300e-02 
9.447500e-02 
1.045190e-01 
1.038610e-01 
9.013600e-02 
7.911500e-02 
7.263400e-02 
7.139200e-02 
7.912700e-02 
8.472700e-02 
8.788200e-02 
8.640300e-02 
6.428800e-02 
2.672600e-02 
-6.900000e-03 
-2.115000e-02 
-2.408900e-02 
-2.630100e-02 
-1.321300e-02 
6.240000e-03 
1.399300e-02 
1.522900e-02 
1.418300e-02 
1.621800e-02 
2.721100e-02 
3.673900e-02 
4.180100e-02 
4.492700e-02 
2.344800e-02 
-6.881000e-03 
-6.033000e-03 
5.836000e-03 
2.117000e-02 
5.927200e-02 
8.810100e-02 
8.778800e-02 
8.559500e-02 
8.549900e-02 
7.522300e-02 
6.163000e-02 
5.808800e-02 
5.613300e-02 
5.014700e-02 
5.436200e-02 
6.226500e-02 
6.491800e-02 
6.854900e-02 
6.841000e-02 
6.277000e-02 
5.804700e-02 
5.333200e-02 
5.276500e-02 
5.827400e-02 
5.863000e-02 
5.029000e-02 
4.242400e-02 
3.757300e-02 
3.606800e-02 
3.950900e-02 
4.061600e-02 
3.805000e-02 
3.513700e-02 
3.371300e-02 
3.537600e-02 
3.651700e-02 
3.502700e-02 
3.028100e-02 
2.390600e-02 
1.911500e-02 
1.649900e-02 
1.521400e-02 
1.296300e-02 
9.642000e-03 
5.019000e-03 
-3.665000e-03 
-1.258400e-02 
-1.628600e-02 
-2.034300e-02 
-2.065300e-02 
-1.111900e-02 
-1.015000e-03 
1.242200e-02 
3.071600e-02 
4.036000e-02 
4.351500e-02 
4.591900e-02 
4.179300e-02 
3.786100e-02 
3.637700e-02 
3.241000e-02 
4.021500e-02 
5.745700e-02 
6.311500e-02 
6.749400e-02 
7.370800e-02 
6.612700e-02 
5.242900e-02 
3.604700e-02 
1.979800e-02 
1.216800e-02 
4.209000e-03 
-3.955000e-03 
-5.015000e-03 
-7.071000e-03 
-1.674600e-02 
-2.913300e-02 
-3.407700e-02 
-3.383000e-02 
-3.872100e-02 
-4.414300e-02 
-4.516500e-02 
-4.734000e-02 
-4.855700e-02 
-4.297300e-02 
-3.703500e-02 
-3.459100e-02 
-2.969100e-02 
-2.266200e-02 
-1.876200e-02 
-1.897400e-02 
-1.749200e-02 
-7.774000e-03 
1.080000e-03 
9.830000e-04 
3.695000e-03 
1.022600e-02 
1.155800e-02 
1.175100e-02 
1.342800e-02 
1.092100e-02 
5.824000e-03 
3.683000e-03 
1.844000e-03 
-1.731000e-03 
-4.490000e-04 
7.602000e-03 
1.428000e-02 
1.976400e-02 
2.662400e-02 
2.998000e-02 
3.262900e-02 
3.269600e-02 
2.491600e-02 
2.017700e-02 
1.935900e-02 
1.476900e-02 
1.498500e-02 
2.131200e-02 
2.483100e-02 
2.900200e-02 
3.251000e-02 
3.071300e-02 
3.175400e-02 
3.378500e-02 
2.808700e-02 
2.110900e-02 
1.792200e-02 
1.326100e-02 
7.365000e-03 
2.575000e-03 
-2.690000e-03 
-7.930000e-03 
-1.357300e-02 
-2.610900e-02 
-4.601000e-02 
-6.052700e-02 
-6.874500e-02 
-7.492500e-02 
-7.402800e-02 
-7.378400e-02 
-7.790500e-02 
-8.006100e-02 
-8.240700e-02 
-8.378600e-02 
-7.805800e-02 
-7.005300e-02 
-6.220600e-02 
-4.888300e-02 
-4.181600e-02 
-4.144900e-02 
-3.641400e-02 
-3.813100e-02 
-4.506100e-02 
-4.581500e-02 
-4.246100e-02 
-3.582100e-02 
-2.885300e-02 
-2.586700e-02 
-2.747500e-02 
-2.964400e-02 
-2.413500e-02 
-8.081000e-03 
5.680000e-03 
1.353100e-02 
2.089600e-02 
1.059800e-02 
-8.811000e-03 
-1.413600e-02 
-2.637100e-02 
-4.455100e-02 
-4.610000e-02 
-4.769400e-02 
-5.633900e-02 
-5.981700e-02 
-6.307500e-02 
-6.381300e-02 
-5.655800e-02 
-5.350300e-02 
-4.773900e-02 
-2.714200e-02 
-1.005200e-02 
-6.878000e-03 
-8.842000e-03 
-1.249200e-02 
-1.701700e-02 
-2.403500e-02 
-3.343200e-02 
-3.524300e-02 
-3.423300e-02 
-3.928100e-02 
-4.206100e-02 
-4.316900e-02 
-4.506100e-02 
-4.145300e-02 
-3.419600e-02 
-2.437800e-02 
-1.522700e-02 
-1.059200e-02 
-6.188000e-03 
-1.166100e-02 
-2.738400e-02 
-3.615600e-02 
-4.056300e-02 
-4.275100e-02 
-3.364000e-02 
-2.165000e-02 
-1.971300e-02 
-2.191300e-02 
-2.393100e-02 
-3.065900e-02 
-3.899300e-02 
-4.383700e-02 
-4.187800e-02 
-2.703000e-02 
-5.738000e-03 
3.211000e-03 
2.200000e-03 
5.380000e-04 
-1.195700e-02 
-2.857700e-02 
-3.129400e-02 
-3.035600e-02 
-3.262700e-02 
-3.020700e-02 
-3.023300e-02 
-3.442900e-02 
-3.339000e-02 
-2.892900e-02 
-2.703000e-02 
-2.618400e-02 
-2.456700e-02 
-2.546800e-02 
-2.811100e-02 
-2.838800e-02 
-2.484200e-02 
-1.923600e-02 
-1.426700e-02 
-1.137600e-02 
-1.495400e-02 
-2.124000e-02 
-2.540400e-02 
-3.450700e-02 
-4.968600e-02 
-6.262900e-02 
-6.737600e-02 
-6.418600e-02 
-5.320700e-02 
-4.160800e-02 
-4.018500e-02 
-4.639400e-02 
-5.400000e-02 
-5.908800e-02 
-6.089800e-02 
-5.956900e-02 
-5.327800e-02 
-4.080400e-02 
-2.437000e-02 
-1.436700e-02 
-4.116000e-03 
9.427000e-03 
6.945000e-03 
-5.372000e-03 
-1.265000e-02 
-1.946900e-02 
-2.781900e-02 
-3.113500e-02 
-2.332600e-02 
-5.675000e-03 
1.212300e-02 
2.346400e-02 
3.245100e-02 
3.917300e-02 
3.850900e-02 
3.642900e-02 
3.899500e-02 
4.240000e-02 
4.127000e-02 
3.523300e-02 
2.724800e-02 
1.379100e-02 
-4.709000e-03 
-1.514200e-02 
-1.684400e-02 
-1.847400e-02 
-1.627500e-02 
-1.134000e-02 
-7.451000e-03 
-2.997000e-03 
-2.755000e-03 
-4.884000e-03 
-3.523000e-03 
-3.350000e-03 
-8.205000e-03 
-1.264000e-02 
-1.320500e-02 
-1.393900e-02 
-1.310800e-02 
-9.630000e-03 
-8.350000e-03 
-3.365000e-03 
8.182000e-03 
1.501000e-02 
1.763100e-02 
2.301200e-02 
2.677900e-02 
2.924700e-02 
3.679700e-02 
4.686400e-02 
5.302100e-02 
5.709600e-02 
6.002300e-02 
5.978000e-02 
6.501400e-02 
7.573600e-02 
7.996700e-02 
8.095000e-02 
7.821300e-02 
6.593100e-02 
5.377400e-02 
4.829800e-02 
4.523600e-02 
4.672800e-02 
5.439700e-02 
5.831800e-02 
5.878900e-02 
5.669600e-02 
5.024800e-02 
4.716700e-02 
4.507100e-02 
3.986600e-02 
3.705500e-02 
3.777800e-02 
3.737000e-02 
3.564800e-02 
3.470700e-02 
3.592900e-02 
4.018100e-02 
4.446300e-02 
4.888600e-02 
5.077000e-02 
4.552200e-02 
4.111800e-02 
4.005500e-02 
3.584000e-02 
3.076400e-02 
3.058700e-02 
3.550700e-02 
3.983600e-02 
4.303500e-02 
4.871900e-02 
5.523300e-02 
5.867200e-02 
5.249800e-02 
3.715600e-02 
1.894700e-02 
6.096000e-03 
3.533000e-03 
-2.444000e-03 
-1.171000e-02 
-7.529000e-03 
3.020000e-04 
5.532000e-03 
1.724400e-02 
2.386500e-02 
2.604800e-02 
3.316000e-02 
3.101300e-02 
2.275600e-02 
2.006200e-02 
1.005800e-02 
-3.980000e-03 
-6.401000e-03 
-4.913000e-03 
-7.338000e-03 
-9.926000e-03 
-1.044700e-02 
-9.403000e-03 
-5.051000e-03 
9.480000e-04 
4.717000e-03 
9.800000e-03 
1.049600e-02 
1.173000e-03 
-1.443700e-02 
-3.408900e-02 
-4.520600e-02 
-5.057600e-02 
-6.016200e-02 
-6.630000e-02 
-6.580400e-02 
-6.022200e-02 
-5.473400e-02 
-4.995500e-02 
-4.591000e-02 
-4.755400e-02 
-4.931900e-02 
-4.664100e-02 
-4.266300e-02 
-3.874000e-02 
-3.884400e-02 
-4.640400e-02 
-5.306200e-02 
-5.558300e-02 
-6.021800e-02 
-5.588300e-02 
-3.925500e-02 
-2.722600e-02 
-1.925400e-02 
-1.054600e-02 
-4.620000e-03 
-4.705000e-03 
-9.814000e-03 
-1.279800e-02 
-1.619200e-02 
-2.035100e-02 
-1.851500e-02 
-1.608800e-02 
-1.673400e-02 
-1.676500e-02 
-1.882000e-02 
-2.271500e-02 
-2.471200e-02 
-2.270900e-02 
-1.399000e-02 
1.066800e-02 
4.610800e-02 
5.632500e-02 
5.121500e-02 
5.518800e-02 
4.125800e-02 
1.247000e-02 
2.176000e-03 
5.936000e-03 
5.353000e-03 
8.487000e-03 
1.338500e-02 
1.327800e-02 
1.685700e-02 
2.313700e-02 
2.949600e-02 
3.523900e-02 
3.924600e-02 
4.374800e-02 
4.822200e-02 
5.102800e-02 
5.359700e-02 
5.152100e-02 
4.335800e-02 
3.473600e-02 
2.538400e-02 
1.660600e-02 
8.932000e-03 
6.097000e-03 
1.109200e-02 
1.372400e-02 
1.073900e-02 
4.312000e-03 
-2.354000e-03 
-4.852000e-03 
-7.673000e-03 
-1.276500e-02 
-1.637600e-02 
-1.901300e-02 
-2.227700e-02 
-2.495300e-02 
-3.048400e-02 
-4.294500e-02 
-5.384700e-02 
-5.674100e-02 
-5.821200e-02 
-6.006600e-02 
-5.641300e-02 
-4.674000e-02 
-3.161700e-02 
-7.338000e-03 
1.915500e-02 
3.259000e-02 
3.034100e-02 
1.958200e-02 
6.756000e-03 
-2.080000e-04 
-2.590000e-04 
2.435000e-03 
8.879000e-03 
1.039400e-02 
3.980000e-04 
-1.058000e-02 
-1.829500e-02 
-2.003400e-02 
-1.394800e-02 
-9.827000e-03 
-4.191000e-03 
5.504000e-03 
8.646000e-03 
9.340000e-03 
1.519300e-02 
2.470200e-02 
3.117600e-02 
3.046800e-02 
2.791100e-02 
2.244400e-02 
6.506000e-03 
-7.112000e-03 
-7.899000e-03 
-8.458000e-03 
-4.857000e-03 
7.895000e-03 
1.450600e-02 
1.095500e-02 
5.563000e-03 
1.815000e-03 
9.000000e-06 
-3.300000e-05 
-1.791000e-03 
-5.641000e-03 
-3.272000e-03 
6.514000e-03 
1.410000e-02 
2.008000e-02 
2.663600e-02 
2.922500e-02 
3.468500e-02 
4.617200e-02 
5.233300e-02 
5.770800e-02 
6.807500e-02 
6.959800e-02 
6.378700e-02 
6.305300e-02 
6.222800e-02 
5.697100e-02 
5.058400e-02 
4.331200e-02 
3.957100e-02 
3.933600e-02 
3.702100e-02 
3.583300e-02 
3.045600e-02 
1.605800e-02 
7.162000e-03 
5.879000e-03 
8.597000e-03 
1.846600e-02 
3.288900e-02 
4.414200e-02 
4.776300e-02 
5.027300e-02 
4.888800e-02 
3.861800e-02 
2.960900e-02 
3.194100e-02 
3.646600e-02 
3.427100e-02 
3.048900e-02 
2.563500e-02 
2.032500e-02 
1.531200e-02 
1.185200e-02 
1.263100e-02 
1.389800e-02 
1.316700e-02 
1.078300e-02 
4.823000e-03 
-2.671000e-03 
-8.223000e-03 
-1.112600e-02 
-1.075800e-02 
-9.134000e-03 
-1.012000e-02 
-1.382100e-02 
-1.665400e-02 
-1.914800e-02 
-2.147200e-02 
-2.163500e-02 
-2.238700e-02 
-2.541600e-02 
-3.155600e-02 
-3.936400e-02 
-4.544600e-02 
-4.767400e-02 
-4.322800e-02 
-3.585100e-02 
-2.741900e-02 
-1.947300e-02 
-1.676500e-02 
-1.695900e-02 
-1.779800e-02 
-1.939600e-02 
-2.570500e-02 
-3.258700e-02 
-3.322000e-02 
-3.222300e-02 
-2.986400e-02 
-2.682100e-02 
-2.385300e-02 
-2.183900e-02 
-2.690200e-02 
-3.431900e-02 
-4.067800e-02 
-4.860000e-02 
-5.297400e-02 
-5.507800e-02 
-5.900000e-02 
-6.205900e-02 
-5.954800e-02 
-5.194500e-02 
-4.721800e-02 
-4.368200e-02 
-3.429500e-02 
-2.403900e-02 
-1.891300e-02 
-1.409200e-02 
-9.099000e-03 
-8.073000e-03 
-6.560000e-03 
-2.741000e-03 
-4.700000e-05 
1.045000e-03 
1.650000e-04 
-3.438000e-03 
-1.053900e-02 
-1.917700e-02 
-2.318300e-02 
-3.101000e-02 
-5.327900e-02 
-6.674700e-02 
-5.950900e-02 
-5.637400e-02 
-5.311300e-02 
-4.011100e-02 
-3.924400e-02 
-4.544000e-02 
-4.103300e-02 
-2.919300e-02 
-1.551600e-02 
-5.450000e-03 
2.762000e-03 
9.599000e-03 
9.631000e-03 
6.487000e-03 
3.526000e-03 
3.103000e-03 
1.022200e-02 
1.707600e-02 
1.968600e-02 
2.467300e-02 
2.708400e-02 
2.516700e-02 
2.558800e-02 
2.631600e-02 
2.512600e-02 
2.412000e-02 
2.347800e-02 
2.316000e-02 
2.241300e-02 
2.054800e-02 
1.857900e-02 
2.072300e-02 
2.719100e-02 
3.142200e-02 
3.552300e-02 
4.327500e-02 
4.359700e-02 
3.449500e-02 
2.661200e-02 
1.498400e-02 
4.593000e-03 
5.576000e-03 
4.808000e-03 
-2.450000e-04 
-1.536000e-03 
-2.262000e-03 
-3.808000e-03 
8.390000e-04 
1.040700e-02 
1.997500e-02 
2.884800e-02 
3.299900e-02 
2.673100e-02 
9.498000e-03 
-2.915000e-03 
-7.162000e-03 
-1.047500e-02 
-1.115200e-02 
-1.377300e-02 
-1.884800e-02 
-2.327700e-02 
-2.523900e-02 
-2.458400e-02 
-2.310100e-02 
-2.012700e-02 
-1.676500e-02 
-1.467000e-02 
-1.425000e-02 
-1.485200e-02 
-1.627000e-02 
-1.772100e-02 
-1.688600e-02 
-1.562100e-02 
-1.545400e-02 
-1.589500e-02 
-1.869100e-02 
-2.216800e-02 
-2.487200e-02 
-2.577800e-02 
-2.235500e-02 
-1.985800e-02 
-1.358300e-02 
3.975000e-03 
1.742000e-02 
2.038700e-02 
2.305800e-02 
2.441400e-02 
2.124500e-02 
1.865200e-02 
1.579000e-02 
1.028200e-02 
6.306000e-03 
3.730000e-03 
2.721000e-03 
4.517000e-03 
5.692000e-03 
5.462000e-03 
5.209000e-03 
4.930000e-03 
5.723000e-03 
1.125000e-02 
1.992100e-02 
2.638300e-02 
2.965500e-02 
2.909500e-02 
2.763700e-02 
2.921000e-02 
3.222300e-02 
3.422000e-02 
3.511800e-02 
3.571300e-02 
3.570700e-02 
3.552100e-02 
3.456100e-02 
3.168500e-02 
2.436400e-02 
1.191100e-02 
3.846000e-03 
2.948000e-03 
4.627000e-03 
1.040800e-02 
1.515900e-02 
1.516500e-02 
1.750400e-02 
2.169200e-02 
2.246000e-02 
2.228800e-02 
2.287800e-02 
2.190800e-02 
1.991000e-02 
1.772500e-02 
1.535400e-02 
1.647800e-02 
2.005400e-02 
1.988600e-02 
1.366500e-02 
3.277000e-03 
-1.012900e-02 
-2.016900e-02 
-1.853600e-02 
-1.376000e-02 
-1.212400e-02 
-1.084600e-02 
-1.210400e-02 
-1.350600e-02 
-9.566000e-03 
-4.545000e-03 
-1.534000e-03 
1.089000e-03 
-6.800000e-05 
-2.783000e-03 
-4.127000e-03 
-9.201000e-03 
-1.826800e-02 
-2.695800e-02 
-3.363300e-02 
-3.725100e-02 
-3.463100e-02 
-2.815000e-02 
-2.340700e-02 
-1.628300e-02 
-7.685000e-03 
-6.050000e-03 
-1.014300e-02 
-1.397100e-02 
-1.905800e-02 
-2.453200e-02 
-2.201900e-02 
-1.485700e-02 
-1.177100e-02 
-9.757000e-03 
-5.801000e-03 
-2.910000e-03 
-1.648000e-03 
-1.759000e-03 
-3.610000e-03 
-5.920000e-03 
-7.412000e-03 
-7.155000e-03 
-3.606000e-03 
6.960000e-04 
2.049000e-03 
2.362000e-03 
4.680000e-04 
-3.815000e-03 
-6.711000e-03 
-1.014400e-02 
-1.447700e-02 
-1.751100e-02 
-1.844300e-02 
-1.534000e-02 
-1.086400e-02 
-8.490000e-03 
-1.059900e-02 
-1.810600e-02 
-2.346500e-02 
-2.374000e-02 
-1.888300e-02 
-1.294700e-02 
-1.211500e-02 
-1.510800e-02 
-2.425000e-02 
-3.218800e-02 
-3.284300e-02 
-3.380900e-02 
-3.324100e-02 
-2.733500e-02 
-2.229900e-02 
-2.059800e-02 
-1.817400e-02 
-1.796200e-02 
-2.146500e-02 
-2.296200e-02 
-2.314900e-02 
-2.346400e-02 
-2.342800e-02 
-2.518400e-02 
-2.851700e-02 
-3.185900e-02 
-3.317300e-02 
-2.981400e-02 
-2.496000e-02 
-2.151300e-02 
-1.618900e-02 
-1.205300e-02 
-1.371600e-02 
-1.708100e-02 
-1.995200e-02 
-2.173200e-02 
-1.768200e-02 
-1.023200e-02 
-5.209000e-03 
-3.414000e-03 
-5.058000e-03 
-7.786000e-03 
-9.980000e-03 
-1.538400e-02 
-2.232900e-02 
-2.447200e-02 
-2.284700e-02 
-1.763500e-02 
-8.712000e-03 
-3.208000e-03 
-1.963000e-03 
-2.141000e-03 
-5.139000e-03 
-9.448000e-03 
-1.002100e-02 
-3.489000e-03 
3.171000e-03 
7.301000e-03 
1.618800e-02 
2.540800e-02 
2.837400e-02 
2.841100e-02 
2.742600e-02 
2.385600e-02 
1.599700e-02 
7.408000e-03 
2.859000e-03 
-1.026000e-03 
-5.291000e-03 
-8.057000e-03 
-9.733000e-03 
-4.832000e-03 
7.103000e-03 
1.611500e-02 
2.526200e-02 
3.687800e-02 
3.967500e-02 
3.679900e-02 
3.816500e-02 
4.166200e-02 
4.474300e-02 
4.746500e-02 
4.987400e-02 
5.179400e-02 
5.108700e-02 
4.880400e-02 
4.540600e-02 
3.651700e-02 
2.548900e-02 
2.078800e-02 
1.954700e-02 
1.943200e-02 
2.266500e-02 
2.769700e-02 
3.152400e-02 
3.133000e-02 
3.240300e-02 
3.716700e-02 
4.010800e-02 
4.461000e-02 
5.160700e-02 
5.306500e-02 
4.999000e-02 
4.568200e-02 
3.930000e-02 
3.256500e-02 
2.829400e-02 
2.785500e-02 
2.929700e-02 
3.014700e-02 
2.903600e-02 
2.265600e-02 
1.224600e-02 
3.901000e-03 
-3.462000e-03 
-1.121400e-02 
-1.588700e-02 
-1.773000e-02 
-1.824200e-02 
-1.265100e-02 
-1.632000e-03 
6.477000e-03 
1.028500e-02 
1.090400e-02 
1.160300e-02 
1.409000e-02 
1.512900e-02 
1.471200e-02 
1.034300e-02 
2.745000e-03 
-2.226000e-03 
-7.572000e-03 
-1.521300e-02 
-2.147900e-02 
-2.629400e-02 
-2.987500e-02 
-2.892400e-02 
-2.385400e-02 
-2.127100e-02 
-2.169500e-02 
-2.149900e-02 
-2.136100e-02 
-1.958400e-02 
-1.151800e-02 
-2.118000e-03 
3.745000e-03 
8.804000e-03 
9.470000e-03 
5.651000e-03 
2.075000e-03 
-3.880000e-04 
6.610000e-04 
2.819000e-03 
2.685000e-03 
3.426000e-03 
4.091000e-03 
2.610000e-04 
-8.614000e-03 
-1.780600e-02 
-2.249200e-02 
-2.603000e-02 
-3.000100e-02 
-3.134000e-02 
-2.992900e-02 
-2.762800e-02 
-2.469000e-02 
-1.893200e-02 
-1.315400e-02 
-1.106000e-02 
-9.755000e-03 
-7.304000e-03 
-1.110000e-03 
9.013000e-03 
1.542600e-02 
1.587100e-02 
1.108600e-02 
3.419000e-03 
-4.519000e-03 
-9.339000e-03 
-4.717000e-03 
8.740000e-04 
2.291000e-03 
6.715000e-03 
1.143800e-02 
1.246400e-02 
1.169200e-02 
9.411000e-03 
3.170000e-03 
-3.592000e-03 
-3.899000e-03 
-4.370000e-04 
2.355000e-03 
6.008000e-03 
9.781000e-03 
9.899000e-03 
8.011000e-03 
7.983000e-03 
7.943000e-03 
6.208000e-03 
7.761000e-03 
1.506200e-02 
2.393600e-02 
2.800300e-02 
2.089000e-02 
9.379000e-03 
-3.347000e-03 
-1.877300e-02 
-2.322400e-02 
-1.981100e-02 
-1.968100e-02 
-1.815900e-02 
-1.344300e-02 
-1.015300e-02 
-1.370600e-02 
-1.892100e-02 
-1.939200e-02 
-1.863400e-02 
-1.668300e-02 
-1.448500e-02 
-1.318500e-02 
-1.223800e-02 
-1.300300e-02 
-1.394100e-02 
-1.536400e-02 
-1.773600e-02 
-1.952000e-02 
-2.107600e-02 
-2.375800e-02 
-2.842400e-02 
-3.211900e-02 
-2.859200e-02 
-1.726800e-02 
-6.500000e-04 
1.415200e-02 
1.289400e-02 
2.428000e-03 
-8.140000e-04 
-5.062000e-03 
-1.366600e-02 
-1.533400e-02 
-1.571700e-02 
-2.026600e-02 
-2.161300e-02 
-2.008100e-02 
-1.937200e-02 
-1.908100e-02 
-2.016000e-02 
-2.204000e-02 
-1.949100e-02 
-1.300400e-02 
-7.061000e-03 
1.069000e-03 
7.712000e-03 
6.761000e-03 
5.912000e-03 
7.632000e-03 
8.294000e-03 
1.113300e-02 
1.496500e-02 
1.817600e-02 
2.382000e-02 
2.739100e-02 
2.733200e-02 
2.965400e-02 
3.308200e-02 
3.244600e-02 
2.720100e-02 
1.780200e-02 
6.122000e-03 
-2.062000e-03 
-7.747000e-03 
-1.144800e-02 
-9.270000e-03 
-4.993000e-03 
-1.769000e-03 
9.200000e-05 
-1.166000e-03 
-4.079000e-03 
-5.820000e-03 
-5.860000e-04 
1.165600e-02 
2.037500e-02 
2.633400e-02 
2.829100e-02 
2.242200e-02 
1.770600e-02 
1.463500e-02 
1.115300e-02 
9.000000e-03 
6.453000e-03 
2.851000e-03 
-1.070000e-03 
-4.099000e-03 
-2.854000e-03 
3.708000e-03 
1.044400e-02 
1.771100e-02 
2.629500e-02 
3.256400e-02 
3.601200e-02 
3.470800e-02 
2.970800e-02 
2.529800e-02 
2.030900e-02 
1.522500e-02 
1.240000e-02 
9.925000e-03 
7.100000e-03 
3.148000e-03 
-1.092000e-03 
-3.135000e-03 
-2.495000e-03 
3.040000e-04 
2.492000e-03 
5.254000e-03 
8.223000e-03 
6.358000e-03 
3.684000e-03 
2.557000e-03 
-2.140000e-03 
-5.110000e-03 
-3.595000e-03 
-4.466000e-03 
-5.773000e-03 
-6.229000e-03 
-9.861000e-03 
-1.371000e-02 
-1.485100e-02 
-1.269300e-02 
-6.952000e-03 
-1.914000e-03 
2.860000e-04 
1.153000e-03 
1.000000e-03 
-3.920000e-04 
-2.077000e-03 
-3.649000e-03 
-4.214000e-03 
-2.729000e-03 
-1.821000e-03 
-3.129000e-03 
-6.080000e-03 
-1.142800e-02 
-1.717600e-02 
-1.928700e-02 
-2.039600e-02 
-2.321700e-02 
-2.457500e-02 
-2.380000e-02 
-2.242200e-02 
-2.044600e-02 
-1.651700e-02 
-1.128800e-02 
-9.587000e-03 
-1.110700e-02 
-1.335000e-02 
-1.773600e-02 
-1.986900e-02 
-1.784300e-02 
-1.655100e-02 
-1.420600e-02 
-1.068700e-02 
-1.083300e-02 
-1.048800e-02 
-6.485000e-03 
-4.404000e-03 
-3.877000e-03 
-2.569000e-03 
-4.879000e-03 
-9.178000e-03 
-9.879000e-03 
-7.713000e-03 
-3.419000e-03 
3.943000e-03 
1.141600e-02 
1.429500e-02 
1.471000e-02 
1.545900e-02 
1.570800e-02 
1.602200e-02 
1.717600e-02 
1.980000e-02 
2.336400e-02 
2.676600e-02 
2.707200e-02 
2.369000e-02 
1.893700e-02 
9.753000e-03 
-9.570000e-04 
-4.453000e-03 
-4.599000e-03 
-6.380000e-03 
-5.939000e-03 
-2.631000e-03 
7.150000e-04 
3.957000e-03 
8.026000e-03 
1.165700e-02 
1.421800e-02 
1.615100e-02 
1.705400e-02 
1.661200e-02 
1.543800e-02 
1.452300e-02 
1.331500e-02 
1.142500e-02 
9.176000e-03 
6.410000e-03 
2.800000e-03 
-9.750000e-04 
-4.157000e-03 
-8.140000e-03 
-1.321500e-02 
-1.772600e-02 
-2.131300e-02 
-2.291100e-02 
-2.268800e-02 
-2.330200e-02 
-2.375100e-02 
-2.238200e-02 
-1.976100e-02 
-1.638700e-02 
-1.292000e-02 
-8.845000e-03 
-4.277000e-03 
-2.396000e-03 
-4.257000e-03 
-5.672000e-03 
-5.155000e-03 
-5.322000e-03 
-4.286000e-03 
1.550000e-04 
4.441000e-03 
7.633000e-03 
1.010100e-02 
8.218000e-03 
3.574000e-03 
-2.650000e-04 
-2.652000e-03 
-1.016000e-03 
2.471000e-03 
4.249000e-03 
6.099000e-03 
7.177000e-03 
4.311000e-03 
-1.280000e-04 
-1.346000e-03 
1.680000e-04 
1.031000e-03 
7.210000e-04 
-2.000000e-05 
-1.632000e-03 
-4.040000e-03 
-6.765000e-03 
-8.764000e-03 
-9.337000e-03 
-8.490000e-03 
-6.407000e-03 
-4.536000e-03 
-2.950000e-03 
-1.406000e-03 
-4.211000e-03 
-1.005700e-02 
-1.206300e-02 
-1.285900e-02 
-1.114500e-02 
-2.932000e-03 
6.183000e-03 
1.469800e-02 
1.745800e-02 
1.081000e-02 
5.709000e-03 
3.474000e-03 
-7.600000e-04 
-3.509000e-03 
-4.876000e-03 
-5.297000e-03 
-3.843000e-03 
-2.649000e-03 
-7.730000e-04 
2.088000e-03 
3.235000e-03 
3.061000e-03 
4.320000e-03 
7.988000e-03 
1.180300e-02 
1.444600e-02 
1.654800e-02 
1.708600e-02 
1.657800e-02 
1.750800e-02 
1.931100e-02 
1.980100e-02 
1.783200e-02 
1.348000e-02 
1.014000e-02 
8.616000e-03 
6.435000e-03 
4.746000e-03 
3.413000e-03 
2.200000e-05 
-4.136000e-03 
-7.046000e-03 
-9.978000e-03 
-1.373600e-02 
-1.752700e-02 
-2.092400e-02 
-2.408700e-02 
-2.699800e-02 
-2.598200e-02 
-2.093200e-02 
-1.781300e-02 
-1.375000e-02 
-6.946000e-03 
-3.976000e-03 
-3.490000e-03 
-4.822000e-03 
-9.743000e-03 
-1.541700e-02 
-2.114300e-02 
-2.424800e-02 
-2.344600e-02 
-2.259300e-02 
-2.276300e-02 
-2.165600e-02 
-1.993000e-02 
-1.916100e-02 
-1.698300e-02 
-1.298300e-02 
-9.637000e-03 
-9.499000e-03 
-1.253000e-02 
-1.427000e-02 
-1.324500e-02 
-1.002200e-02 
-5.852000e-03 
-1.462000e-03 
4.796000e-03 
6.572000e-03 
2.090000e-03 
7.680000e-04 
5.110000e-04 
-3.020000e-03 
-4.323000e-03 
-2.790000e-03 
-1.004000e-03 
7.720000e-04 
1.835000e-03 
2.276000e-03 
1.316000e-03 
-8.450000e-04 
-2.732000e-03 
-4.818000e-03 
-6.428000e-03 
-7.373000e-03 
-8.306000e-03 
-8.364000e-03 
-9.247000e-03 
-1.383000e-02 
-1.927000e-02 
-2.344400e-02 
-2.298900e-02 
-1.292300e-02 
-3.312000e-03 
3.137000e-03 
1.379000e-02 
1.847400e-02 
1.556700e-02 
1.583100e-02 
1.521300e-02 
1.007600e-02 
3.932000e-03 
-3.873000e-03 
-4.470000e-03 
5.849000e-03 
1.150200e-02 
1.545700e-02 
2.552600e-02 
2.884100e-02 
2.523600e-02 
2.472800e-02 
2.640700e-02 
3.001200e-02 
3.400900e-02 
3.570000e-02 
3.527900e-02 
3.077100e-02 
2.569600e-02 
2.108400e-02 
1.429800e-02 
9.769000e-03 
7.004000e-03 
3.822000e-03 
3.194000e-03 
4.944000e-03 
5.448000e-03 
5.723000e-03 
6.469000e-03 
3.162000e-03 
-2.734000e-03 
-5.358000e-03 
-5.829000e-03 
-6.267000e-03 
-5.759000e-03 
-3.048000e-03 
1.247000e-03 
4.935000e-03 
8.774000e-03 
1.340700e-02 
1.788400e-02 
2.224000e-02 
2.463700e-02 
2.272400e-02 
1.887500e-02 
1.635800e-02 
1.315300e-02 
6.956000e-03 
4.500000e-04 
-5.410000e-03 
-1.082700e-02 
-1.362100e-02 
-1.447700e-02 
-1.300200e-02 
-9.493000e-03 
-6.939000e-03 
-2.575000e-03 
4.278000e-03 
8.895000e-03 
1.066400e-02 
9.634000e-03 
6.216000e-03 
4.031000e-03 
2.062000e-03 
-8.820000e-04 
-3.710000e-04 
2.104000e-03 
2.354000e-03 
3.027000e-03 
3.310000e-03 
1.254000e-03 
-1.190000e-04 
-3.394000e-03 
-8.927000e-03 
-1.101900e-02 
-1.210900e-02 
-1.471400e-02 
-1.529000e-02 
-1.444500e-02 
-1.280800e-02 
-9.188000e-03 
-6.375000e-03 
-4.596000e-03 
-2.429000e-03 
-1.383000e-03 
-1.348000e-03 
-9.880000e-04 
2.040000e-04 
9.990000e-04 
8.890000e-04 
-9.450000e-04 
-5.925000e-03 
-1.014600e-02 
-1.282200e-02 
-1.632400e-02 
-1.750000e-02 
-1.695800e-02 
-1.763300e-02 
-1.776400e-02 
-1.734700e-02 
-1.735400e-02 
-1.528400e-02 
-1.099000e-02 
-8.100000e-03 
-5.908000e-03 
-1.838000e-03 
1.134000e-03 
6.570000e-04 
-7.600000e-05 
-2.200000e-05 
-7.140000e-04 
2.250000e-04 
3.409000e-03 
4.776000e-03 
5.137000e-03 
5.237000e-03 
1.771000e-03 
-3.384000e-03 
-9.290000e-03 
-1.523700e-02 
-1.715400e-02 
-1.536000e-02 
-1.211400e-02 
-9.675000e-03 
-7.462000e-03 
-3.194000e-03 
1.960000e-04 
-3.370000e-04 
-1.474000e-03 
-9.660000e-04 
-6.080000e-04 
1.548000e-03 
4.919000e-03 
7.063000e-03 
1.050900e-02 
1.340800e-02 
1.367600e-02 
1.401600e-02 
1.424500e-02 
1.397300e-02 
1.389800e-02 
1.381100e-02 
1.287400e-02 
1.017100e-02 
7.451000e-03 
5.642000e-03 
3.672000e-03 
2.270000e-03 
2.580000e-04 
-3.870000e-03 
-7.402000e-03 
-8.780000e-03 
-8.903000e-03 
-7.463000e-03 
-5.147000e-03 
-3.252000e-03 
-1.157000e-03 
4.120000e-04 
1.056000e-03 
1.414000e-03 
1.394000e-03 
3.085000e-03 
7.138000e-03 
9.642000e-03 
8.678000e-03 
7.159000e-03 
5.725000e-03 
2.187000e-03 
-2.750000e-04 
5.800000e-05 
-1.800000e-04 
-4.780000e-04 
-2.300000e-04 
-2.810000e-04 
-2.010000e-04 
2.200000e-05 
7.560000e-04 
2.173000e-03 
3.448000e-03 
3.613000e-03 
3.262000e-03 
3.497000e-03 
4.437000e-03 
6.421000e-03 
8.242000e-03 
8.780000e-03 
9.303000e-03 
9.078000e-03 
7.484000e-03 
6.301000e-03 
4.896000e-03 
3.186000e-03 
2.856000e-03 
3.726000e-03 
4.641000e-03 
4.910000e-03 
5.205000e-03 
5.808000e-03 
6.614000e-03 
7.790000e-03 
8.672000e-03 
9.453000e-03 
1.068500e-02 
1.134500e-02 
1.082900e-02 
9.983000e-03 
9.267000e-03 
8.228000e-03 
6.720000e-03 
5.360000e-03 
4.235000e-03 
2.590000e-03 
8.330000e-04 
-1.170000e-04 
-1.059000e-03 
-2.192000e-03 
-2.785000e-03 
-3.164000e-03 
-3.373000e-03 
-3.299000e-03 
-3.381000e-03 
-3.640000e-03 
-3.862000e-03 
-4.191000e-03 
-4.321000e-03 
-3.851000e-03 
-3.344000e-03 
-3.105000e-03 
-3.126000e-03 
-3.599000e-03 
-4.091000e-03 
-4.325000e-03 
-4.314000e-03 
-4.039000e-03 
-3.685000e-03 
-3.203000e-03 
-2.823000e-03 
-2.750000e-03 
-2.643000e-03 
-2.394000e-03 
-2.144000e-03 
-1.946000e-03 
-1.806000e-03 
-1.805000e-03 
-1.967000e-03 
-2.075000e-03 
-2.068000e-03 
-2.164000e-03 
-2.311000e-03 
-2.195000e-03 
-1.826000e-03 
-1.496000e-03 
-1.181000e-03 
-1.120000e-03 
-1.454000e-03 
-1.534000e-03 
-1.384000e-03 
-1.418000e-03 
-1.481000e-03 
-1.485000e-03 
-1.482000e-03 
-1.506000e-03 
-1.595000e-03 
-1.681000e-03 
-1.721000e-03 
-1.741000e-03 
-1.722000e-03 
-1.684000e-03 
-1.697000e-03 
-1.738000e-03 
-1.735000e-03 
-1.693000e-03 
-1.615000e-03 
-1.492000e-03 
-1.334000e-03 
-1.247000e-03 
-1.297000e-03 
-1.341000e-03 
-1.329000e-03 
-1.324000e-03 
-1.328000e-03 
-1.328000e-03 
-1.300000e-03 
-1.249000e-03 
-1.206000e-03 
-1.156000e-03 
-1.066000e-03 
-9.400000e-04 
-8.030000e-04 
-6.820000e-04 
-5.830000e-04 
-4.970000e-04 
-4.250000e-04 
-3.650000e-04 
-3.110000e-04 
-2.610000e-04 
-2.140000e-04 
-1.680000e-04 
-1.210000e-04 
-7.400000e-05 
-2.300000e-05 
