1 
1.000000e-02 
8.100000e-02 
7.200000e-02 
6.400000e-02 
5.400000e-02 
4.500000e-02 
3.500000e-02 
2.500000e-02 
1.500000e-02 
6.000000e-03 
-4.000000e-03 
-1.300000e-02 
-2.200000e-02 
-3.100000e-02 
-4.100000e-02 
-5.000000e-02 
-5.900000e-02 
-6.800000e-02 
-7.600000e-02 
-8.500000e-02 
-9.400000e-02 
-1.030000e-01 
-1.130000e-01 
-1.220000e-01 
-1.310000e-01 
-1.400000e-01 
-1.480000e-01 
-1.560000e-01 
-1.640000e-01 
-1.710000e-01 
-1.790000e-01 
-1.860000e-01 
-1.940000e-01 
-2.020000e-01 
-2.100000e-01 
-2.180000e-01 
-2.250000e-01 
-2.330000e-01 
-2.400000e-01 
-2.470000e-01 
-2.540000e-01 
-2.620000e-01 
-2.690000e-01 
-2.770000e-01 
-2.850000e-01 
-2.930000e-01 
-3.010000e-01 
-3.090000e-01 
-3.170000e-01 
-3.240000e-01 
-3.320000e-01 
-3.390000e-01 
-3.480000e-01 
-3.560000e-01 
-3.650000e-01 
-3.740000e-01 
-3.840000e-01 
-3.930000e-01 
-4.020000e-01 
-4.100000e-01 
-4.190000e-01 
-4.260000e-01 
-4.340000e-01 
-4.420000e-01 
-4.500000e-01 
-4.590000e-01 
-4.690000e-01 
-4.790000e-01 
-4.890000e-01 
-4.990000e-01 
-5.090000e-01 
-5.180000e-01 
-5.260000e-01 
-5.350000e-01 
-5.430000e-01 
-5.510000e-01 
-5.600000e-01 
-5.680000e-01 
-5.770000e-01 
-5.860000e-01 
-5.940000e-01 
-6.030000e-01 
-6.110000e-01 
-6.190000e-01 
-6.280000e-01 
-6.360000e-01 
-6.450000e-01 
-6.520000e-01 
-6.590000e-01 
-6.660000e-01 
-6.730000e-01 
-6.800000e-01 
-6.870000e-01 
-6.940000e-01 
-7.020000e-01 
-7.100000e-01 
-7.180000e-01 
-7.250000e-01 
-7.330000e-01 
-7.400000e-01 
-7.480000e-01 
-7.550000e-01 
-7.630000e-01 
-7.700000e-01 
-7.780000e-01 
-7.850000e-01 
-7.930000e-01 
-8.010000e-01 
-8.090000e-01 
-8.160000e-01 
-8.240000e-01 
-8.310000e-01 
-8.380000e-01 
-8.450000e-01 
-8.530000e-01 
-8.600000e-01 
-8.670000e-01 
-8.730000e-01 
-8.790000e-01 
-8.850000e-01 
-8.890000e-01 
-8.930000e-01 
-8.970000e-01 
-9.010000e-01 
-9.050000e-01 
-9.090000e-01 
-9.130000e-01 
-9.170000e-01 
-9.220000e-01 
-9.260000e-01 
-9.310000e-01 
-9.350000e-01 
-9.390000e-01 
-9.410000e-01 
-9.430000e-01 
-9.450000e-01 
-9.460000e-01 
-9.480000e-01 
-9.500000e-01 
-9.530000e-01 
-9.560000e-01 
-9.600000e-01 
-9.640000e-01 
-9.690000e-01 
-9.740000e-01 
-9.790000e-01 
-9.840000e-01 
-9.870000e-01 
-9.900000e-01 
-9.920000e-01 
-9.940000e-01 
-9.960000e-01 
-9.980000e-01 
-9.990000e-01 
-1 
-1.001000e+00 
-1.002000e+00 
-1.002000e+00 
-1.003000e+00 
-1.005000e+00 
-1.007000e+00 
-1.010000e+00 
-1.013000e+00 
-1.016000e+00 
-1.018000e+00 
-1.019000e+00 
-1.019000e+00 
-1.019000e+00 
-1.017000e+00 
-1.016000e+00 
-1.014000e+00 
-1.014000e+00 
-1.014000e+00 
-1.015000e+00 
-1.018000e+00 
-1.021000e+00 
-1.024000e+00 
-1.026000e+00 
-1.027000e+00 
-1.028000e+00 
-1.027000e+00 
-1.026000e+00 
-1.024000e+00 
-1.023000e+00 
-1.022000e+00 
-1.021000e+00 
-1.021000e+00 
-1.021000e+00 
-1.021000e+00 
-1.021000e+00 
-1.020000e+00 
-1.019000e+00 
-1.017000e+00 
-1.015000e+00 
-1.012000e+00 
-1.009000e+00 
-1.007000e+00 
-1.005000e+00 
-1.003000e+00 
-1.001000e+00 
-9.990000e-01 
-9.970000e-01 
-9.930000e-01 
-9.900000e-01 
-9.860000e-01 
-9.810000e-01 
-9.760000e-01 
-9.710000e-01 
-9.670000e-01 
-9.620000e-01 
-9.570000e-01 
-9.530000e-01 
-9.470000e-01 
-9.400000e-01 
-9.310000e-01 
-9.220000e-01 
-9.120000e-01 
-9.020000e-01 
-8.920000e-01 
-8.820000e-01 
-8.740000e-01 
-8.660000e-01 
-8.580000e-01 
-8.500000e-01 
-8.420000e-01 
-8.340000e-01 
-8.240000e-01 
-8.130000e-01 
-8.030000e-01 
-7.930000e-01 
-7.850000e-01 
-7.790000e-01 
-7.750000e-01 
-7.730000e-01 
-7.740000e-01 
-7.750000e-01 
-7.760000e-01 
-7.770000e-01 
-7.760000e-01 
-7.740000e-01 
-7.710000e-01 
-7.670000e-01 
-7.620000e-01 
-7.580000e-01 
-7.540000e-01 
-7.520000e-01 
-7.510000e-01 
-7.500000e-01 
-7.480000e-01 
-7.450000e-01 
-7.380000e-01 
-7.290000e-01 
-7.160000e-01 
-7.020000e-01 
-6.860000e-01 
-6.690000e-01 
-6.520000e-01 
-6.330000e-01 
-6.130000e-01 
-5.920000e-01 
-5.690000e-01 
-5.440000e-01 
-5.180000e-01 
-4.900000e-01 
-4.610000e-01 
-4.300000e-01 
-3.980000e-01 
-3.660000e-01 
-3.330000e-01 
-3.020000e-01 
-2.710000e-01 
-2.410000e-01 
-2.120000e-01 
-1.830000e-01 
-1.550000e-01 
-1.270000e-01 
-9.900000e-02 
-7.200000e-02 
-4.800000e-02 
-2.500000e-02 
-4.000000e-03 
1.400000e-02 
3.200000e-02 
4.800000e-02 
6.300000e-02 
7.800000e-02 
9.000000e-02 
1.000000e-01 
1.070000e-01 
1.120000e-01 
1.160000e-01 
1.190000e-01 
1.230000e-01 
1.260000e-01 
1.300000e-01 
1.350000e-01 
1.410000e-01 
1.480000e-01 
1.560000e-01 
1.660000e-01 
1.780000e-01 
1.920000e-01 
2.090000e-01 
2.270000e-01 
2.470000e-01 
2.690000e-01 
2.930000e-01 
3.190000e-01 
3.450000e-01 
3.730000e-01 
4.030000e-01 
4.350000e-01 
4.690000e-01 
5.070000e-01 
5.470000e-01 
5.890000e-01 
6.320000e-01 
6.750000e-01 
7.180000e-01 
7.590000e-01 
8.010000e-01 
8.440000e-01 
8.870000e-01 
9.310000e-01 
9.750000e-01 
1.019000e+00 
1.060000e+00 
1.100000e+00 
1.137000e+00 
1.172000e+00 
1.205000e+00 
1.236000e+00 
1.264000e+00 
1.290000e+00 
1.315000e+00 
1.340000e+00 
1.365000e+00 
1.390000e+00 
1.416000e+00 
1.443000e+00 
1.469000e+00 
1.494000e+00 
1.517000e+00 
1.539000e+00 
1.559000e+00 
1.581000e+00 
1.604000e+00 
1.630000e+00 
1.660000e+00 
1.695000e+00 
1.734000e+00 
1.775000e+00 
1.819000e+00 
1.866000e+00 
1.913000e+00 
1.961000e+00 
2.009000e+00 
2.056000e+00 
2.102000e+00 
2.148000e+00 
2.195000e+00 
2.242000e+00 
2.292000e+00 
2.341000e+00 
2.391000e+00 
2.441000e+00 
2.488000e+00 
2.533000e+00 
2.575000e+00 
2.611000e+00 
2.643000e+00 
2.670000e+00 
2.692000e+00 
2.712000e+00 
2.731000e+00 
2.751000e+00 
2.772000e+00 
2.794000e+00 
2.816000e+00 
2.836000e+00 
2.855000e+00 
2.872000e+00 
2.888000e+00 
2.903000e+00 
2.916000e+00 
2.930000e+00 
2.943000e+00 
2.959000e+00 
2.978000e+00 
3 
3.024000e+00 
3.050000e+00 
3.079000e+00 
3.110000e+00 
3.144000e+00 
3.183000e+00 
3.224000e+00 
3.267000e+00 
3.312000e+00 
3.356000e+00 
3.402000e+00 
3.450000e+00 
3.499000e+00 
3.549000e+00 
3.600000e+00 
3.650000e+00 
3.698000e+00 
3.744000e+00 
3.787000e+00 
3.829000e+00 
3.869000e+00 
3.909000e+00 
3.948000e+00 
3.987000e+00 
4.025000e+00 
4.059000e+00 
4.090000e+00 
4.117000e+00 
4.140000e+00 
4.160000e+00 
4.179000e+00 
4.198000e+00 
4.217000e+00 
4.237000e+00 
4.259000e+00 
4.279000e+00 
4.299000e+00 
4.315000e+00 
4.328000e+00 
4.339000e+00 
4.348000e+00 
4.356000e+00 
4.366000e+00 
4.379000e+00 
4.394000e+00 
4.412000e+00 
4.433000e+00 
4.456000e+00 
4.479000e+00 
4.502000e+00 
4.524000e+00 
4.544000e+00 
4.563000e+00 
4.579000e+00 
4.594000e+00 
4.608000e+00 
4.623000e+00 
4.639000e+00 
4.657000e+00 
4.677000e+00 
4.699000e+00 
4.722000e+00 
4.744000e+00 
4.763000e+00 
4.779000e+00 
4.791000e+00 
4.797000e+00 
4.799000e+00 
4.797000e+00 
4.790000e+00 
4.779000e+00 
4.763000e+00 
4.744000e+00 
4.723000e+00 
4.703000e+00 
4.686000e+00 
4.673000e+00 
4.663000e+00 
4.653000e+00 
4.643000e+00 
4.632000e+00 
4.618000e+00 
4.604000e+00 
4.589000e+00 
4.576000e+00 
4.565000e+00 
4.556000e+00 
4.548000e+00 
4.542000e+00 
4.539000e+00 
4.537000e+00 
4.536000e+00 
4.535000e+00 
4.533000e+00 
4.527000e+00 
4.515000e+00 
4.495000e+00 
4.465000e+00 
4.427000e+00 
4.382000e+00 
4.333000e+00 
4.283000e+00 
4.234000e+00 
4.184000e+00 
4.133000e+00 
4.082000e+00 
4.029000e+00 
3.977000e+00 
3.927000e+00 
3.880000e+00 
3.838000e+00 
3.802000e+00 
3.770000e+00 
3.744000e+00 
3.723000e+00 
3.708000e+00 
3.698000e+00 
3.691000e+00 
3.685000e+00 
3.675000e+00 
3.658000e+00 
3.633000e+00 
3.597000e+00 
3.552000e+00 
3.496000e+00 
3.428000e+00 
3.349000e+00 
3.257000e+00 
3.151000e+00 
3.030000e+00 
2.893000e+00 
2.738000e+00 
2.565000e+00 
2.375000e+00 
2.168000e+00 
1.949000e+00 
1.721000e+00 
1.486000e+00 
1.250000e+00 
1.016000e+00 
7.860000e-01 
5.650000e-01 
3.540000e-01 
1.570000e-01 
-2.700000e-02 
-1.950000e-01 
-3.480000e-01 
-4.880000e-01 
-6.150000e-01 
-7.340000e-01 
-8.450000e-01 
-9.500000e-01 
-1.049000e+00 
-1.142000e+00 
-1.229000e+00 
-1.313000e+00 
-1.392000e+00 
-1.467000e+00 
-1.539000e+00 
-1.608000e+00 
-1.673000e+00 
-1.734000e+00 
-1.791000e+00 
-1.843000e+00 
-1.887000e+00 
-1.922000e+00 
-1.947000e+00 
-1.963000e+00 
-1.970000e+00 
-1.967000e+00 
-1.956000e+00 
-1.936000e+00 
-1.910000e+00 
-1.878000e+00 
-1.841000e+00 
-1.804000e+00 
-1.769000e+00 
-1.741000e+00 
-1.723000e+00 
-1.719000e+00 
-1.733000e+00 
-1.767000e+00 
-1.822000e+00 
-1.899000e+00 
-1.998000e+00 
-2.121000e+00 
-2.268000e+00 
-2.439000e+00 
-2.635000e+00 
-2.854000e+00 
-3.096000e+00 
-3.358000e+00 
-3.638000e+00 
-3.933000e+00 
-4.238000e+00 
-4.551000e+00 
-4.869000e+00 
-5.190000e+00 
-5.513000e+00 
-5.838000e+00 
-6.165000e+00 
-6.495000e+00 
-6.831000e+00 
-7.174000e+00 
-7.524000e+00 
-7.879000e+00 
-8.235000e+00 
-8.589000e+00 
-8.940000e+00 
-9.286000e+00 
-9.627000e+00 
-9.965000e+00 
-1.030100e+01 
-1.063700e+01 
-1.097200e+01 
-1.130600e+01 
-1.163600e+01 
-1.195700e+01 
-1.226300e+01 
-1.255000e+01 
-1.281400e+01 
-1.305600e+01 
-1.328200e+01 
-1.349800e+01 
-1.370900e+01 
-1.392200e+01 
-1.414100e+01 
-1.436700e+01 
-1.460400e+01 
-1.485000e+01 
-1.510500e+01 
-1.536600e+01 
-1.563000e+01 
-1.589300e+01 
-1.615100e+01 
-1.639800e+01 
-1.663100e+01 
-1.684400e+01 
-1.703400e+01 
-1.720000e+01 
-1.733900e+01 
-1.744900e+01 
-1.752900e+01 
-1.757500e+01 
-1.758500e+01 
-1.755700e+01 
-1.748900e+01 
-1.738100e+01 
-1.723800e+01 
-1.706400e+01 
-1.686800e+01 
-1.666000e+01 
-1.644800e+01 
-1.624500e+01 
-1.606000e+01 
-1.589700e+01 
-1.575300e+01 
-1.561800e+01 
-1.547800e+01 
-1.532100e+01 
-1.513800e+01 
-1.492400e+01 
-1.468000e+01 
-1.441100e+01 
-1.412200e+01 
-1.381500e+01 
-1.349100e+01 
-1.314700e+01 
-1.278000e+01 
-1.238900e+01 
-1.197300e+01 
-1.153000e+01 
-1.105900e+01 
-1.055900e+01 
-1.003000e+01 
-9.475000e+00 
-8.899000e+00 
-8.307000e+00 
-7.701000e+00 
-7.085000e+00 
-6.462000e+00 
-5.835000e+00 
-5.206000e+00 
-4.578000e+00 
-3.956000e+00 
-3.342000e+00 
-2.742000e+00 
-2.158000e+00 
-1.591000e+00 
-1.043000e+00 
-5.160000e-01 
-1.400000e-02 
4.600000e-01 
9.030000e-01 
1.314000e+00 
1.687000e+00 
2.020000e+00 
2.309000e+00 
2.551000e+00 
2.748000e+00 
2.900000e+00 
3.008000e+00 
3.075000e+00 
3.101000e+00 
3.089000e+00 
3.041000e+00 
2.960000e+00 
2.851000e+00 
2.716000e+00 
2.560000e+00 
2.384000e+00 
2.191000e+00 
1.981000e+00 
1.757000e+00 
1.519000e+00 
1.268000e+00 
1.008000e+00 
7.410000e-01 
4.730000e-01 
2.120000e-01 
-3.700000e-02 
-2.650000e-01 
-4.650000e-01 
-6.310000e-01 
-7.610000e-01 
-8.540000e-01 
-9.160000e-01 
-9.510000e-01 
-9.650000e-01 
-9.620000e-01 
-9.480000e-01 
-9.270000e-01 
-9.030000e-01 
-8.790000e-01 
-8.580000e-01 
-8.410000e-01 
-8.260000e-01 
-8.130000e-01 
-8.020000e-01 
-7.910000e-01 
-7.840000e-01 
-7.820000e-01 
-7.870000e-01 
-8.010000e-01 
-8.230000e-01 
-8.520000e-01 
-8.850000e-01 
-9.190000e-01 
-9.540000e-01 
-9.880000e-01 
-1.021000e+00 
-1.055000e+00 
-1.090000e+00 
-1.128000e+00 
-1.168000e+00 
-1.211000e+00 
-1.255000e+00 
-1.300000e+00 
-1.344000e+00 
-1.383000e+00 
-1.417000e+00 
-1.443000e+00 
-1.460000e+00 
-1.466000e+00 
-1.462000e+00 
-1.449000e+00 
-1.431000e+00 
-1.410000e+00 
-1.388000e+00 
-1.368000e+00 
-1.354000e+00 
-1.345000e+00 
-1.343000e+00 
-1.347000e+00 
-1.356000e+00 
-1.368000e+00 
-1.383000e+00 
-1.401000e+00 
-1.422000e+00 
-1.448000e+00 
-1.481000e+00 
-1.523000e+00 
-1.573000e+00 
-1.631000e+00 
-1.694000e+00 
-1.760000e+00 
-1.827000e+00 
-1.892000e+00 
-1.954000e+00 
-2.013000e+00 
-2.070000e+00 
-2.125000e+00 
-2.178000e+00 
-2.230000e+00 
-2.276000e+00 
-2.313000e+00 
-2.332000e+00 
-2.329000e+00 
-2.296000e+00 
-2.228000e+00 
-2.125000e+00 
-1.984000e+00 
-1.806000e+00 
-1.593000e+00 
-1.344000e+00 
-1.064000e+00 
-7.550000e-01 
-4.200000e-01 
-6.600000e-02 
3.040000e-01 
6.860000e-01 
1.077000e+00 
1.473000e+00 
1.872000e+00 
2.275000e+00 
2.680000e+00 
3.092000e+00 
3.513000e+00 
3.946000e+00 
4.394000e+00 
4.857000e+00 
5.333000e+00 
5.818000e+00 
6.308000e+00 
6.797000e+00 
7.279000e+00 
7.749000e+00 
8.199000e+00 
8.622000e+00 
9.012000e+00 
9.364000e+00 
9.677000e+00 
9.948000e+00 
1.017900e+01 
1.036900e+01 
1.051800e+01 
1.062700e+01 
1.069500e+01 
1.071900e+01 
1.070100e+01 
1.063800e+01 
1.053300e+01 
1.038300e+01 
1.019000e+01 
9.953000e+00 
9.673000e+00 
9.351000e+00 
8.992000e+00 
8.600000e+00 
8.184000e+00 
7.751000e+00 
7.310000e+00 
6.870000e+00 
6.441000e+00 
6.032000e+00 
5.652000e+00 
5.305000e+00 
4.992000e+00 
4.712000e+00 
4.467000e+00 
4.258000e+00 
4.085000e+00 
3.952000e+00 
3.860000e+00 
3.810000e+00 
3.803000e+00 
3.839000e+00 
3.920000e+00 
4.043000e+00 
4.206000e+00 
4.407000e+00 
4.643000e+00 
4.912000e+00 
5.210000e+00 
5.534000e+00 
5.878000e+00 
6.238000e+00 
6.610000e+00 
6.992000e+00 
7.379000e+00 
7.768000e+00 
8.158000e+00 
8.545000e+00 
8.926000e+00 
9.296000e+00 
9.649000e+00 
9.979000e+00 
1.028200e+01 
1.055400e+01 
1.079100e+01 
1.099100e+01 
1.115300e+01 
1.127400e+01 
1.135300e+01 
1.138800e+01 
1.137800e+01 
1.132100e+01 
1.121600e+01 
1.106100e+01 
1.085400e+01 
1.059400e+01 
1.028000e+01 
9.911000e+00 
9.493000e+00 
9.035000e+00 
8.547000e+00 
8.041000e+00 
7.527000e+00 
7.016000e+00 
6.518000e+00 
6.043000e+00 
5.595000e+00 
5.175000e+00 
4.780000e+00 
4.405000e+00 
4.047000e+00 
3.704000e+00 
3.377000e+00 
3.069000e+00 
2.785000e+00 
2.529000e+00 
2.307000e+00 
2.121000e+00 
1.975000e+00 
1.873000e+00 
1.817000e+00 
1.809000e+00 
1.851000e+00 
1.943000e+00 
2.081000e+00 
2.263000e+00 
2.487000e+00 
2.749000e+00 
3.043000e+00 
3.367000e+00 
3.715000e+00 
4.082000e+00 
4.462000e+00 
4.852000e+00 
5.248000e+00 
5.644000e+00 
6.040000e+00 
6.433000e+00 
6.822000e+00 
7.209000e+00 
7.592000e+00 
7.972000e+00 
8.349000e+00 
8.721000e+00 
9.090000e+00 
9.455000e+00 
9.816000e+00 
1.017400e+01 
1.053000e+01 
1.088500e+01 
1.123800e+01 
1.158800e+01 
1.193400e+01 
1.227500e+01 
1.261200e+01 
1.294300e+01 
1.326700e+01 
1.358200e+01 
1.388600e+01 
1.417700e+01 
1.445000e+01 
1.470200e+01 
1.492900e+01 
1.513000e+01 
1.530200e+01 
1.544600e+01 
1.555800e+01 
1.564000e+01 
1.568900e+01 
1.570500e+01 
1.568500e+01 
1.562900e+01 
1.553300e+01 
1.539900e+01 
1.522400e+01 
1.500900e+01 
1.475300e+01 
1.445600e+01 
1.412000e+01 
1.374700e+01 
1.334000e+01 
1.290100e+01 
1.243700e+01 
1.195000e+01 
1.144700e+01 
1.093200e+01 
1.041100e+01 
9.888000e+00 
9.370000e+00 
8.860000e+00 
8.360000e+00 
7.872000e+00 
7.395000e+00 
6.928000e+00 
6.466000e+00 
6.009000e+00 
5.552000e+00 
5.095000e+00 
4.636000e+00 
4.171000e+00 
3.699000e+00 
3.219000e+00 
2.730000e+00 
2.233000e+00 
1.728000e+00 
1.217000e+00 
7.010000e-01 
1.820000e-01 
-3.400000e-01 
-8.620000e-01 
-1.382000e+00 
-1.896000e+00 
-2.401000e+00 
-2.891000e+00 
-3.361000e+00 
-3.807000e+00 
-4.224000e+00 
-4.609000e+00 
-4.960000e+00 
-5.275000e+00 
-5.553000e+00 
-5.796000e+00 
-6.001000e+00 
-6.170000e+00 
-6.302000e+00 
-6.396000e+00 
-6.455000e+00 
-6.479000e+00 
-6.470000e+00 
-6.431000e+00 
-6.363000e+00 
-6.271000e+00 
-6.159000e+00 
-6.032000e+00 
-5.896000e+00 
-5.756000e+00 
-5.616000e+00 
-5.482000e+00 
-5.356000e+00 
-5.241000e+00 
-5.136000e+00 
-5.043000e+00 
-4.963000e+00 
-4.896000e+00 
-4.843000e+00 
-4.804000e+00 
-4.781000e+00 
-4.771000e+00 
-4.775000e+00 
-4.791000e+00 
-4.818000e+00 
-4.852000e+00 
-4.893000e+00 
-4.938000e+00 
-4.983000e+00 
-5.028000e+00 
-5.069000e+00 
-5.107000e+00 
-5.141000e+00 
-5.171000e+00 
-5.200000e+00 
-5.228000e+00 
-5.257000e+00 
-5.290000e+00 
-5.329000e+00 
-5.375000e+00 
-5.431000e+00 
-5.499000e+00 
-5.578000e+00 
-5.669000e+00 
-5.769000e+00 
-5.878000e+00 
-5.991000e+00 
-6.108000e+00 
-6.226000e+00 
-6.343000e+00 
-6.455000e+00 
-6.559000e+00 
-6.647000e+00 
-6.714000e+00 
-6.753000e+00 
-6.763000e+00 
-6.745000e+00 
-6.702000e+00 
-6.636000e+00 
-6.550000e+00 
-6.445000e+00 
-6.324000e+00 
-6.190000e+00 
-6.046000e+00 
-5.894000e+00 
-5.737000e+00 
-5.574000e+00 
-5.407000e+00 
-5.232000e+00 
-5.048000e+00 
-4.853000e+00 
-4.648000e+00 
-4.432000e+00 
-4.209000e+00 
-3.979000e+00 
-3.744000e+00 
-3.504000e+00 
-3.261000e+00 
-3.015000e+00 
-2.767000e+00 
-2.516000e+00 
-2.265000e+00 
-2.014000e+00 
-1.763000e+00 
-1.513000e+00 
-1.264000e+00 
-1.018000e+00 
-7.790000e-01 
-5.490000e-01 
-3.310000e-01 
-1.280000e-01 
5.900000e-02 
2.280000e-01 
3.770000e-01 
5.070000e-01 
6.180000e-01 
7.130000e-01 
8.000000e-01 
8.830000e-01 
9.680000e-01 
1.058000e+00 
1.152000e+00 
1.252000e+00 
1.358000e+00 
1.472000e+00 
1.595000e+00 
1.723000e+00 
1.852000e+00 
1.976000e+00 
2.087000e+00 
2.182000e+00 
2.259000e+00 
2.319000e+00 
2.364000e+00 
2.397000e+00 
2.418000e+00 
2.427000e+00 
2.424000e+00 
2.412000e+00 
2.390000e+00 
2.361000e+00 
2.327000e+00 
2.292000e+00 
2.256000e+00 
2.220000e+00 
2.184000e+00 
2.147000e+00 
2.108000e+00 
2.067000e+00 
2.024000e+00 
1.978000e+00 
1.931000e+00 
1.880000e+00 
1.827000e+00 
1.769000e+00 
1.708000e+00 
1.643000e+00 
1.575000e+00 
1.505000e+00 
1.433000e+00 
1.359000e+00 
1.283000e+00 
1.204000e+00 
1.122000e+00 
1.034000e+00 
9.400000e-01 
8.370000e-01 
7.260000e-01 
6.050000e-01 
4.740000e-01 
3.330000e-01 
1.840000e-01 
2.700000e-02 
-1.360000e-01 
-3.040000e-01 
-4.760000e-01 
-6.510000e-01 
-8.300000e-01 
-1.013000e+00 
-1.198000e+00 
-1.386000e+00 
-1.576000e+00 
-1.767000e+00 
-1.957000e+00 
-2.146000e+00 
-2.331000e+00 
-2.512000e+00 
-2.688000e+00 
-2.858000e+00 
-3.022000e+00 
-3.182000e+00 
-3.338000e+00 
-3.490000e+00 
-3.641000e+00 
-3.790000e+00 
-3.939000e+00 
-4.088000e+00 
-4.238000e+00 
-4.389000e+00 
-4.540000e+00 
-4.690000e+00 
-4.838000e+00 
-4.983000e+00 
-5.123000e+00 
-5.256000e+00 
-5.381000e+00 
-5.496000e+00 
-5.599000e+00 
-5.691000e+00 
-5.771000e+00 
-5.841000e+00 
-5.902000e+00 
-5.956000e+00 
-6.003000e+00 
-6.044000e+00 
-6.080000e+00 
-6.109000e+00 
-6.132000e+00 
-6.146000e+00 
-6.150000e+00 
-6.143000e+00 
-6.123000e+00 
-6.090000e+00 
-6.043000e+00 
-5.983000e+00 
-5.911000e+00 
-5.830000e+00 
-5.743000e+00 
-5.650000e+00 
-5.556000e+00 
-5.460000e+00 
-5.364000e+00 
-5.269000e+00 
-5.175000e+00 
-5.084000e+00 
-4.996000e+00 
-4.910000e+00 
-4.829000e+00 
-4.751000e+00 
-4.679000e+00 
-4.612000e+00 
-4.551000e+00 
-4.496000e+00 
-4.448000e+00 
-4.408000e+00 
-4.376000e+00 
-4.354000e+00 
-4.342000e+00 
-4.342000e+00 
-4.354000e+00 
-4.380000e+00 
-4.421000e+00 
-4.475000e+00 
-4.544000e+00 
-4.627000e+00 
-4.721000e+00 
-4.827000e+00 
-4.941000e+00 
-5.064000e+00 
-5.193000e+00 
-5.329000e+00 
-5.470000e+00 
-5.614000e+00 
-5.763000e+00 
-5.914000e+00 
-6.067000e+00 
-6.220000e+00 
-6.374000e+00 
-6.527000e+00 
-6.677000e+00 
-6.823000e+00 
-6.964000e+00 
-7.098000e+00 
-7.225000e+00 
-7.344000e+00 
-7.455000e+00 
-7.557000e+00 
-7.652000e+00 
-7.741000e+00 
-7.825000e+00 
-7.906000e+00 
-7.984000e+00 
-8.062000e+00 
-8.139000e+00 
-8.217000e+00 
-8.296000e+00 
-8.377000e+00 
-8.459000e+00 
-8.543000e+00 
-8.629000e+00 
-8.717000e+00 
-8.807000e+00 
-8.899000e+00 
-8.992000e+00 
-9.087000e+00 
-9.182000e+00 
-9.278000e+00 
-9.375000e+00 
-9.472000e+00 
-9.569000e+00 
-9.666000e+00 
-9.763000e+00 
-9.859000e+00 
-9.953000e+00 
-1.004400e+01 
-1.013200e+01 
-1.021500e+01 
-1.029300e+01 
-1.036500e+01 
-1.043100e+01 
-1.049100e+01 
-1.054400e+01 
-1.058900e+01 
-1.062600e+01 
-1.065600e+01 
-1.067700e+01 
-1.069000e+01 
-1.069500e+01 
-1.069200e+01 
-1.068200e+01 
-1.066400e+01 
-1.063900e+01 
-1.060700e+01 
-1.056700e+01 
-1.051900e+01 
-1.046300e+01 
-1.039600e+01 
-1.031700e+01 
-1.022700e+01 
-1.012500e+01 
-1.001000e+01 
-9.882000e+00 
-9.742000e+00 
-9.589000e+00 
-9.426000e+00 
-9.252000e+00 
-9.069000e+00 
-8.877000e+00 
-8.677000e+00 
-8.469000e+00 
-8.255000e+00 
-8.035000e+00 
-7.808000e+00 
-7.575000e+00 
-7.336000e+00 
-7.090000e+00 
-6.838000e+00 
-6.581000e+00 
-6.319000e+00 
-6.054000e+00 
-5.787000e+00 
-5.520000e+00 
-5.252000e+00 
-4.986000e+00 
-4.721000e+00 
-4.458000e+00 
-4.198000e+00 
-3.941000e+00 
-3.686000e+00 
-3.434000e+00 
-3.186000e+00 
-2.941000e+00 
-2.699000e+00 
-2.461000e+00 
-2.227000e+00 
-1.997000e+00 
-1.772000e+00 
-1.551000e+00 
-1.335000e+00 
-1.124000e+00 
-9.190000e-01 
-7.210000e-01 
-5.280000e-01 
-3.430000e-01 
-1.630000e-01 
9.000000e-03 
1.730000e-01 
3.310000e-01 
4.810000e-01 
6.230000e-01 
7.570000e-01 
8.840000e-01 
1.003000e+00 
1.114000e+00 
1.216000e+00 
1.311000e+00 
1.397000e+00 
1.475000e+00 
1.545000e+00 
1.608000e+00 
1.664000e+00 
1.714000e+00 
1.758000e+00 
1.797000e+00 
1.831000e+00 
1.859000e+00 
1.884000e+00 
1.904000e+00 
1.921000e+00 
1.935000e+00 
1.947000e+00 
1.956000e+00 
1.965000e+00 
1.972000e+00 
1.978000e+00 
1.984000e+00 
1.988000e+00 
1.993000e+00 
1.998000e+00 
2.003000e+00 
2.009000e+00 
2.017000e+00 
2.026000e+00 
2.036000e+00 
2.049000e+00 
2.064000e+00 
2.082000e+00 
2.102000e+00 
2.125000e+00 
2.150000e+00 
2.178000e+00 
2.207000e+00 
2.238000e+00 
2.270000e+00 
2.303000e+00 
2.336000e+00 
2.369000e+00 
2.402000e+00 
2.435000e+00 
2.468000e+00 
2.501000e+00 
2.535000e+00 
2.568000e+00 
2.601000e+00 
2.631000e+00 
2.659000e+00 
2.684000e+00 
2.704000e+00 
2.720000e+00 
2.732000e+00 
2.741000e+00 
2.747000e+00 
2.751000e+00 
2.756000e+00 
2.761000e+00 
2.769000e+00 
2.778000e+00 
2.790000e+00 
2.804000e+00 
2.822000e+00 
2.844000e+00 
2.868000e+00 
2.897000e+00 
2.929000e+00 
2.965000e+00 
3.004000e+00 
3.047000e+00 
3.095000e+00 
3.145000e+00 
3.199000e+00 
3.255000e+00 
3.314000e+00 
3.374000e+00 
3.435000e+00 
3.496000e+00 
3.557000e+00 
3.618000e+00 
3.677000e+00 
3.735000e+00 
3.791000e+00 
3.846000e+00 
3.898000e+00 
3.948000e+00 
3.997000e+00 
4.045000e+00 
4.093000e+00 
4.141000e+00 
4.192000e+00 
4.244000e+00 
4.299000e+00 
4.357000e+00 
4.417000e+00 
4.479000e+00 
4.543000e+00 
4.606000e+00 
4.670000e+00 
4.732000e+00 
4.793000e+00 
4.851000e+00 
4.906000e+00 
4.956000e+00 
5 
5.037000e+00 
5.067000e+00 
5.088000e+00 
5.101000e+00 
5.106000e+00 
5.105000e+00 
5.098000e+00 
5.086000e+00 
5.071000e+00 
5.055000e+00 
5.036000e+00 
5.018000e+00 
5 
4.983000e+00 
4.966000e+00 
4.950000e+00 
4.934000e+00 
4.918000e+00 
4.902000e+00 
4.885000e+00 
4.869000e+00 
4.852000e+00 
4.836000e+00 
4.819000e+00 
4.802000e+00 
4.785000e+00 
4.766000e+00 
4.747000e+00 
4.725000e+00 
4.700000e+00 
4.672000e+00 
4.639000e+00 
4.602000e+00 
4.560000e+00 
4.512000e+00 
4.461000e+00 
4.405000e+00 
4.344000e+00 
4.281000e+00 
4.215000e+00 
4.147000e+00 
4.078000e+00 
4.010000e+00 
3.944000e+00 
3.881000e+00 
3.823000e+00 
3.771000e+00 
3.726000e+00 
3.688000e+00 
3.656000e+00 
3.630000e+00 
3.608000e+00 
3.590000e+00 
3.574000e+00 
3.560000e+00 
3.547000e+00 
3.535000e+00 
3.521000e+00 
3.507000e+00 
3.490000e+00 
3.469000e+00 
3.445000e+00 
3.418000e+00 
3.387000e+00 
3.354000e+00 
3.319000e+00 
3.284000e+00 
3.249000e+00 
3.214000e+00 
3.182000e+00 
3.151000e+00 
3.123000e+00 
3.098000e+00 
3.077000e+00 
3.061000e+00 
3.051000e+00 
3.048000e+00 
3.053000e+00 
3.068000e+00 
3.094000e+00 
3.132000e+00 
3.183000e+00 
3.249000e+00 
3.328000e+00 
3.420000e+00 
3.525000e+00 
3.639000e+00 
3.763000e+00 
3.894000e+00 
4.031000e+00 
4.173000e+00 
4.319000e+00 
4.467000e+00 
4.616000e+00 
4.766000e+00 
4.916000e+00 
5.065000e+00 
5.214000e+00 
5.362000e+00 
5.510000e+00 
5.659000e+00 
5.808000e+00 
5.958000e+00 
6.107000e+00 
6.255000e+00 
6.400000e+00 
6.543000e+00 
6.681000e+00 
6.814000e+00 
6.941000e+00 
7.061000e+00 
7.175000e+00 
7.281000e+00 
7.380000e+00 
7.473000e+00 
7.559000e+00 
7.641000e+00 
7.718000e+00 
7.790000e+00 
7.858000e+00 
7.922000e+00 
7.980000e+00 
8.033000e+00 
8.080000e+00 
8.119000e+00 
8.150000e+00 
8.173000e+00 
8.187000e+00 
8.191000e+00 
8.186000e+00 
8.173000e+00 
8.153000e+00 
8.125000e+00 
8.092000e+00 
8.054000e+00 
8.011000e+00 
7.966000e+00 
7.918000e+00 
7.869000e+00 
7.816000e+00 
7.761000e+00 
7.703000e+00 
7.640000e+00 
7.573000e+00 
7.501000e+00 
7.423000e+00 
7.339000e+00 
7.250000e+00 
7.156000e+00 
7.057000e+00 
6.953000e+00 
6.845000e+00 
6.733000e+00 
6.618000e+00 
6.500000e+00 
6.381000e+00 
6.260000e+00 
6.137000e+00 
6.013000e+00 
5.889000e+00 
5.763000e+00 
5.637000e+00 
5.511000e+00 
5.385000e+00 
5.259000e+00 
5.134000e+00 
5.010000e+00 
4.887000e+00 
4.765000e+00 
4.643000e+00 
4.523000e+00 
4.402000e+00 
4.282000e+00 
4.163000e+00 
4.044000e+00 
3.927000e+00 
3.810000e+00 
3.696000e+00 
3.583000e+00 
3.472000e+00 
3.364000e+00 
3.258000e+00 
3.155000e+00 
3.055000e+00 
2.957000e+00 
2.862000e+00 
2.771000e+00 
2.684000e+00 
2.601000e+00 
2.524000e+00 
2.451000e+00 
2.384000e+00 
2.322000e+00 
2.266000e+00 
2.215000e+00 
2.168000e+00 
2.126000e+00 
2.088000e+00 
2.055000e+00 
2.026000e+00 
2.003000e+00 
1.984000e+00 
1.970000e+00 
1.962000e+00 
1.960000e+00 
1.964000e+00 
1.974000e+00 
1.990000e+00 
2.012000e+00 
2.041000e+00 
2.076000e+00 
2.118000e+00 
2.165000e+00 
2.218000e+00 
2.276000e+00 
2.338000e+00 
2.404000e+00 
2.473000e+00 
2.544000e+00 
2.617000e+00 
2.691000e+00 
2.765000e+00 
2.838000e+00 
2.911000e+00 
2.982000e+00 
3.051000e+00 
3.117000e+00 
3.178000e+00 
3.235000e+00 
3.286000e+00 
3.330000e+00 
3.364000e+00 
3.389000e+00 
3.404000e+00 
3.408000e+00 
3.401000e+00 
3.384000e+00 
3.357000e+00 
3.321000e+00 
3.277000e+00 
3.224000e+00 
3.164000e+00 
3.096000e+00 
3.020000e+00 
2.937000e+00 
2.845000e+00 
2.745000e+00 
2.637000e+00 
2.521000e+00 
2.398000e+00 
2.268000e+00 
2.130000e+00 
1.985000e+00 
1.835000e+00 
1.678000e+00 
1.515000e+00 
1.347000e+00 
1.174000e+00 
9.960000e-01 
8.150000e-01 
6.300000e-01 
4.420000e-01 
2.520000e-01 
6.200000e-02 
-1.270000e-01 
-3.140000e-01 
-4.960000e-01 
-6.740000e-01 
-8.470000e-01 
-1.014000e+00 
-1.175000e+00 
-1.331000e+00 
-1.482000e+00 
-1.628000e+00 
-1.771000e+00 
-1.909000e+00 
-2.043000e+00 
-2.172000e+00 
-2.297000e+00 
-2.418000e+00 
-2.534000e+00 
-2.646000e+00 
-2.755000e+00 
-2.860000e+00 
-2.963000e+00 
-3.062000e+00 
-3.159000e+00 
-3.252000e+00 
-3.341000e+00 
-3.425000e+00 
-3.504000e+00 
-3.577000e+00 
-3.643000e+00 
-3.702000e+00 
-3.753000e+00 
-3.796000e+00 
-3.829000e+00 
-3.854000e+00 
-3.868000e+00 
-3.873000e+00 
-3.868000e+00 
-3.853000e+00 
-3.828000e+00 
-3.792000e+00 
-3.746000e+00 
-3.690000e+00 
-3.623000e+00 
-3.547000e+00 
-3.462000e+00 
-3.369000e+00 
-3.270000e+00 
-3.164000e+00 
-3.054000e+00 
-2.941000e+00 
-2.825000e+00 
-2.708000e+00 
-2.589000e+00 
-2.472000e+00 
-2.355000e+00 
-2.240000e+00 
-2.128000e+00 
-2.019000e+00 
-1.914000e+00 
-1.812000e+00 
-1.714000e+00 
-1.621000e+00 
-1.533000e+00 
-1.450000e+00 
-1.372000e+00 
-1.300000e+00 
-1.235000e+00 
-1.176000e+00 
-1.123000e+00 
-1.076000e+00 
-1.036000e+00 
-1 
-9.710000e-01 
-9.470000e-01 
-9.280000e-01 
-9.150000e-01 
-9.070000e-01 
-9.050000e-01 
-9.100000e-01 
-9.230000e-01 
-9.420000e-01 
-9.690000e-01 
-1.005000e+00 
-1.048000e+00 
-1.100000e+00 
-1.160000e+00 
-1.229000e+00 
-1.305000e+00 
-1.388000e+00 
-1.479000e+00 
-1.576000e+00 
-1.678000e+00 
-1.786000e+00 
-1.899000e+00 
-2.016000e+00 
-2.136000e+00 
-2.258000e+00 
-2.382000e+00 
-2.507000e+00 
-2.631000e+00 
-2.754000e+00 
-2.876000e+00 
-2.995000e+00 
-3.111000e+00 
-3.225000e+00 
-3.335000e+00 
-3.441000e+00 
-3.544000e+00 
-3.643000e+00 
-3.739000e+00 
-3.830000e+00 
-3.917000e+00 
-4 
-4.079000e+00 
-4.154000e+00 
-4.225000e+00 
-4.292000e+00 
-4.355000e+00 
-4.415000e+00 
-4.471000e+00 
-4.523000e+00 
-4.572000e+00 
-4.616000e+00 
-4.655000e+00 
-4.689000e+00 
-4.718000e+00 
-4.741000e+00 
-4.760000e+00 
-4.774000e+00 
-4.783000e+00 
-4.787000e+00 
-4.786000e+00 
-4.781000e+00 
-4.771000e+00 
-4.757000e+00 
-4.740000e+00 
-4.719000e+00 
-4.695000e+00 
-4.668000e+00 
-4.641000e+00 
-4.612000e+00 
-4.583000e+00 
-4.554000e+00 
-4.526000e+00 
-4.499000e+00 
-4.473000e+00 
-4.449000e+00 
-4.426000e+00 
-4.405000e+00 
-4.385000e+00 
-4.368000e+00 
-4.352000e+00 
-4.337000e+00 
-4.324000e+00 
-4.313000e+00 
-4.303000e+00 
-4.295000e+00 
-4.288000e+00 
-4.283000e+00 
-4.280000e+00 
-4.278000e+00 
-4.279000e+00 
-4.281000e+00 
-4.285000e+00 
-4.290000e+00 
-4.298000e+00 
-4.309000e+00 
-4.322000e+00 
-4.339000e+00 
-4.361000e+00 
-4.388000e+00 
-4.420000e+00 
-4.459000e+00 
-4.505000e+00 
-4.557000e+00 
-4.617000e+00 
-4.684000e+00 
-4.757000e+00 
-4.837000e+00 
-4.923000e+00 
-5.015000e+00 
-5.112000e+00 
-5.214000e+00 
-5.320000e+00 
-5.431000e+00 
-5.545000e+00 
-5.661000e+00 
-5.780000e+00 
-5.899000e+00 
-6.020000e+00 
-6.141000e+00 
-6.262000e+00 
-6.384000e+00 
-6.508000e+00 
-6.632000e+00 
-6.758000e+00 
-6.885000e+00 
-7.015000e+00 
-7.146000e+00 
-7.279000e+00 
-7.413000e+00 
-7.549000e+00 
-7.686000e+00 
-7.823000e+00 
-7.960000e+00 
-8.097000e+00 
-8.234000e+00 
-8.370000e+00 
-8.505000e+00 
-8.639000e+00 
-8.770000e+00 
-8.898000e+00 
-9.023000e+00 
-9.143000e+00 
-9.257000e+00 
-9.366000e+00 
-9.469000e+00 
-9.564000e+00 
-9.651000e+00 
-9.730000e+00 
-9.799000e+00 
-9.859000e+00 
-9.910000e+00 
-9.951000e+00 
-9.983000e+00 
-1.000600e+01 
-1.002100e+01 
-1.002900e+01 
-1.002900e+01 
-1.002300e+01 
-1.001200e+01 
-9.995000e+00 
-9.975000e+00 
-9.950000e+00 
-9.922000e+00 
-9.891000e+00 
-9.856000e+00 
-9.818000e+00 
-9.776000e+00 
-9.730000e+00 
-9.680000e+00 
-9.625000e+00 
-9.566000e+00 
-9.501000e+00 
-9.432000e+00 
-9.358000e+00 
-9.278000e+00 
-9.194000e+00 
-9.105000e+00 
-9.012000e+00 
-8.915000e+00 
-8.814000e+00 
-8.710000e+00 
-8.603000e+00 
-8.494000e+00 
-8.383000e+00 
-8.270000e+00 
-8.155000e+00 
-8.038000e+00 
-7.921000e+00 
-7.801000e+00 
-7.681000e+00 
-7.559000e+00 
-7.437000e+00 
-7.312000e+00 
-7.186000e+00 
-7.059000e+00 
-6.929000e+00 
-6.797000e+00 
-6.662000e+00 
-6.524000e+00 
-6.382000e+00 
-6.237000e+00 
-6.087000e+00 
-5.933000e+00 
-5.774000e+00 
-5.611000e+00 
-5.443000e+00 
-5.271000e+00 
-5.094000e+00 
-4.913000e+00 
-4.729000e+00 
-4.542000e+00 
-4.352000e+00 
-4.160000e+00 
-3.965000e+00 
-3.768000e+00 
-3.570000e+00 
-3.371000e+00 
-3.171000e+00 
-2.970000e+00 
-2.770000e+00 
-2.569000e+00 
-2.368000e+00 
-2.168000e+00 
-1.970000e+00 
-1.772000e+00 
-1.577000e+00 
-1.385000e+00 
-1.197000e+00 
-1.012000e+00 
-8.330000e-01 
-6.590000e-01 
-4.920000e-01 
-3.300000e-01 
-1.760000e-01 
-2.900000e-02 
1.120000e-01 
2.470000e-01 
3.770000e-01 
5.010000e-01 
6.210000e-01 
7.360000e-01 
8.480000e-01 
9.570000e-01 
1.062000e+00 
1.164000e+00 
1.263000e+00 
1.358000e+00 
1.450000e+00 
1.538000e+00 
1.621000e+00 
1.701000e+00 
1.777000e+00 
1.850000e+00 
1.920000e+00 
1.987000e+00 
2.052000e+00 
2.115000e+00 
2.175000e+00 
2.233000e+00 
2.289000e+00 
2.342000e+00 
2.393000e+00 
2.442000e+00 
2.490000e+00 
2.536000e+00 
2.580000e+00 
2.623000e+00 
2.665000e+00 
2.705000e+00 
2.745000e+00 
2.783000e+00 
2.820000e+00 
2.857000e+00 
2.894000e+00 
2.931000e+00 
2.969000e+00 
3.008000e+00 
3.049000e+00 
3.092000e+00 
3.136000e+00 
3.183000e+00 
3.231000e+00 
3.281000e+00 
3.333000e+00 
3.385000e+00 
3.437000e+00 
3.489000e+00 
3.541000e+00 
3.592000e+00 
3.643000e+00 
3.693000e+00 
3.741000e+00 
3.789000e+00 
3.836000e+00 
3.881000e+00 
3.925000e+00 
3.968000e+00 
4.010000e+00 
4.051000e+00 
4.092000e+00 
4.133000e+00 
4.174000e+00 
4.215000e+00 
4.258000e+00 
4.302000e+00 
4.349000e+00 
4.397000e+00 
4.446000e+00 
4.498000e+00 
4.552000e+00 
4.607000e+00 
4.662000e+00 
4.719000e+00 
4.776000e+00 
4.834000e+00 
4.892000e+00 
4.950000e+00 
5.008000e+00 
5.065000e+00 
5.123000e+00 
5.181000e+00 
5.239000e+00 
5.296000e+00 
5.353000e+00 
5.409000e+00 
5.464000e+00 
5.519000e+00 
5.573000e+00 
5.625000e+00 
5.676000e+00 
5.725000e+00 
5.772000e+00 
5.817000e+00 
5.860000e+00 
5.901000e+00 
5.940000e+00 
5.977000e+00 
6.011000e+00 
6.044000e+00 
6.076000e+00 
6.106000e+00 
6.134000e+00 
6.161000e+00 
6.186000e+00 
6.210000e+00 
6.233000e+00 
6.254000e+00 
6.274000e+00 
6.293000e+00 
6.311000e+00 
6.328000e+00 
6.343000e+00 
6.356000e+00 
6.368000e+00 
6.379000e+00 
6.389000e+00 
6.398000e+00 
6.406000e+00 
6.413000e+00 
6.421000e+00 
6.428000e+00 
6.436000e+00 
6.444000e+00 
6.451000e+00 
6.460000e+00 
6.468000e+00 
6.476000e+00 
6.484000e+00 
6.492000e+00 
6.500000e+00 
6.509000e+00 
6.517000e+00 
6.525000e+00 
6.535000e+00 
6.544000e+00 
6.554000e+00 
6.564000e+00 
6.574000e+00 
6.584000e+00 
6.595000e+00 
6.606000e+00 
6.616000e+00 
6.627000e+00 
6.638000e+00 
6.650000e+00 
6.661000e+00 
6.674000e+00 
6.686000e+00 
6.698000e+00 
6.710000e+00 
6.723000e+00 
6.735000e+00 
6.746000e+00 
6.758000e+00 
6.769000e+00 
6.781000e+00 
6.792000e+00 
6.804000e+00 
6.815000e+00 
6.827000e+00 
6.838000e+00 
6.848000e+00 
6.857000e+00 
6.865000e+00 
6.870000e+00 
6.874000e+00 
6.875000e+00 
6.874000e+00 
6.869000e+00 
6.862000e+00 
6.852000e+00 
6.839000e+00 
6.824000e+00 
6.805000e+00 
6.784000e+00 
6.759000e+00 
6.731000e+00 
6.700000e+00 
6.666000e+00 
6.628000e+00 
6.586000e+00 
6.540000e+00 
6.491000e+00 
6.437000e+00 
6.379000e+00 
6.318000e+00 
6.253000e+00 
6.184000e+00 
6.112000e+00 
6.036000e+00 
5.957000e+00 
5.875000e+00 
5.790000e+00 
5.701000e+00 
5.610000e+00 
5.516000e+00 
5.418000e+00 
5.317000e+00 
5.213000e+00 
5.105000e+00 
4.994000e+00 
4.881000e+00 
4.765000e+00 
4.647000e+00 
4.527000e+00 
4.405000e+00 
4.283000e+00 
4.161000e+00 
4.039000e+00 
3.918000e+00 
3.797000e+00 
3.679000e+00 
3.562000e+00 
3.447000e+00 
3.335000e+00 
3.226000e+00 
3.119000e+00 
3.016000e+00 
2.918000e+00 
2.823000e+00 
2.733000e+00 
2.647000e+00 
2.566000e+00 
2.490000e+00 
2.419000e+00 
2.352000e+00 
2.289000e+00 
2.230000e+00 
2.176000e+00 
2.125000e+00 
2.079000e+00 
2.036000e+00 
1.997000e+00 
1.963000e+00 
1.933000e+00 
1.906000e+00 
1.884000e+00 
1.865000e+00 
1.850000e+00 
1.839000e+00 
1.832000e+00 
1.828000e+00 
1.827000e+00 
1.830000e+00 
1.836000e+00 
1.845000e+00 
1.857000e+00 
1.870000e+00 
1.886000e+00 
1.904000e+00 
1.923000e+00 
1.943000e+00 
1.964000e+00 
1.985000e+00 
2.007000e+00 
2.028000e+00 
2.048000e+00 
2.067000e+00 
2.083000e+00 
2.097000e+00 
2.107000e+00 
2.113000e+00 
2.114000e+00 
2.111000e+00 
2.102000e+00 
2.088000e+00 
2.069000e+00 
2.046000e+00 
2.018000e+00 
1.986000e+00 
1.950000e+00 
1.911000e+00 
1.868000e+00 
1.822000e+00 
1.774000e+00 
1.722000e+00 
1.668000e+00 
1.611000e+00 
1.552000e+00 
1.489000e+00 
1.424000e+00 
1.355000e+00 
1.283000e+00 
1.207000e+00 
1.128000e+00 
1.046000e+00 
9.600000e-01 
8.710000e-01 
7.780000e-01 
6.830000e-01 
5.860000e-01 
4.870000e-01 
3.860000e-01 
2.850000e-01 
1.830000e-01 
8.000000e-02 
-2.200000e-02 
-1.240000e-01 
-2.260000e-01 
-3.270000e-01 
-4.290000e-01 
-5.300000e-01 
-6.300000e-01 
-7.290000e-01 
-8.270000e-01 
-9.230000e-01 
-1.018000e+00 
-1.110000e+00 
-1.199000e+00 
-1.286000e+00 
-1.371000e+00 
-1.453000e+00 
-1.532000e+00 
-1.609000e+00 
-1.684000e+00 
-1.756000e+00 
-1.826000e+00 
-1.893000e+00 
-1.959000e+00 
-2.022000e+00 
-2.084000e+00 
-2.143000e+00 
-2.201000e+00 
-2.256000e+00 
-2.309000e+00 
-2.360000e+00 
-2.408000e+00 
-2.454000e+00 
-2.497000e+00 
-2.537000e+00 
-2.574000e+00 
-2.606000e+00 
-2.635000e+00 
-2.660000e+00 
-2.680000e+00 
-2.696000e+00 
-2.708000e+00 
-2.717000e+00 
-2.722000e+00 
-2.724000e+00 
-2.722000e+00 
-2.719000e+00 
-2.713000e+00 
-2.705000e+00 
-2.696000e+00 
-2.685000e+00 
-2.674000e+00 
-2.661000e+00 
-2.649000e+00 
-2.636000e+00 
-2.623000e+00 
-2.611000e+00 
-2.600000e+00 
-2.589000e+00 
-2.579000e+00 
-2.571000e+00 
-2.564000e+00 
-2.559000e+00 
-2.556000e+00 
-2.555000e+00 
-2.555000e+00 
-2.557000e+00 
-2.560000e+00 
-2.565000e+00 
-2.571000e+00 
-2.578000e+00 
-2.586000e+00 
-2.595000e+00 
-2.605000e+00 
-2.616000e+00 
-2.628000e+00 
-2.642000e+00 
-2.658000e+00 
-2.675000e+00 
-2.696000e+00 
-2.719000e+00 
-2.745000e+00 
-2.775000e+00 
-2.808000e+00 
-2.845000e+00 
-2.886000e+00 
-2.932000e+00 
-2.981000e+00 
-3.033000e+00 
-3.088000e+00 
-3.146000e+00 
-3.207000e+00 
-3.269000e+00 
-3.333000e+00 
-3.399000e+00 
-3.465000e+00 
-3.533000e+00 
-3.601000e+00 
-3.670000e+00 
-3.738000e+00 
-3.806000e+00 
-3.874000e+00 
-3.941000e+00 
-4.007000e+00 
-4.071000e+00 
-4.135000e+00 
-4.197000e+00 
-4.256000e+00 
-4.314000e+00 
-4.370000e+00 
-4.423000e+00 
-4.472000e+00 
-4.519000e+00 
-4.563000e+00 
-4.602000e+00 
-4.638000e+00 
-4.670000e+00 
-4.697000e+00 
-4.720000e+00 
-4.738000e+00 
-4.752000e+00 
-4.762000e+00 
-4.767000e+00 
-4.768000e+00 
-4.765000e+00 
-4.757000e+00 
-4.745000e+00 
-4.728000e+00 
-4.707000e+00 
-4.681000e+00 
-4.651000e+00 
-4.617000e+00 
-4.579000e+00 
-4.537000e+00 
-4.492000e+00 
-4.443000e+00 
-4.390000e+00 
-4.334000e+00 
-4.276000e+00 
-4.214000e+00 
-4.150000e+00 
-4.084000e+00 
-4.017000e+00 
-3.948000e+00 
-3.878000e+00 
-3.808000e+00 
-3.738000e+00 
-3.667000e+00 
-3.597000e+00 
-3.528000e+00 
-3.459000e+00 
-3.391000e+00 
-3.324000e+00 
-3.256000e+00 
-3.190000e+00 
-3.124000e+00 
-3.058000e+00 
-2.994000e+00 
-2.930000e+00 
-2.866000e+00 
-2.805000e+00 
-2.744000e+00 
-2.684000e+00 
-2.626000e+00 
-2.569000e+00 
-2.514000e+00 
-2.461000e+00 
-2.410000e+00 
-2.360000e+00 
-2.313000e+00 
-2.269000e+00 
-2.229000e+00 
-2.191000e+00 
-2.158000e+00 
-2.129000e+00 
-2.105000e+00 
-2.085000e+00 
-2.069000e+00 
-2.058000e+00 
-2.050000e+00 
-2.046000e+00 
-2.045000e+00 
-2.048000e+00 
-2.055000e+00 
-2.065000e+00 
-2.078000e+00 
-2.093000e+00 
-2.112000e+00 
-2.132000e+00 
-2.153000e+00 
-2.176000e+00 
-2.198000e+00 
-2.222000e+00 
-2.245000e+00 
-2.267000e+00 
-2.289000e+00 
-2.310000e+00 
-2.332000e+00 
-2.352000e+00 
-2.373000e+00 
-2.393000e+00 
-2.414000e+00 
-2.434000e+00 
-2.455000e+00 
-2.476000e+00 
-2.496000e+00 
-2.516000e+00 
-2.535000e+00 
-2.553000e+00 
-2.569000e+00 
-2.584000e+00 
-2.597000e+00 
-2.608000e+00 
-2.618000e+00 
-2.625000e+00 
-2.629000e+00 
-2.631000e+00 
-2.630000e+00 
-2.627000e+00 
-2.621000e+00 
-2.612000e+00 
-2.601000e+00 
-2.587000e+00 
-2.571000e+00 
-2.553000e+00 
-2.532000e+00 
-2.508000e+00 
-2.482000e+00 
-2.452000e+00 
-2.419000e+00 
-2.382000e+00 
-2.342000e+00 
-2.297000e+00 
-2.248000e+00 
-2.195000e+00 
-2.138000e+00 
-2.077000e+00 
-2.013000e+00 
-1.945000e+00 
-1.873000e+00 
-1.798000e+00 
-1.720000e+00 
-1.638000e+00 
-1.554000e+00 
-1.468000e+00 
-1.379000e+00 
-1.289000e+00 
-1.198000e+00 
-1.105000e+00 
-1.013000e+00 
-9.200000e-01 
-8.270000e-01 
-7.350000e-01 
-6.450000e-01 
-5.550000e-01 
-4.680000e-01 
-3.820000e-01 
-2.990000e-01 
-2.170000e-01 
-1.390000e-01 
-6.400000e-02 
8.000000e-03 
7.700000e-02 
1.420000e-01 
2.020000e-01 
2.590000e-01 
3.120000e-01 
3.610000e-01 
4.070000e-01 
4.480000e-01 
4.860000e-01 
5.210000e-01 
5.530000e-01 
5.810000e-01 
6.060000e-01 
6.290000e-01 
6.490000e-01 
6.660000e-01 
6.800000e-01 
6.920000e-01 
7.020000e-01 
7.100000e-01 
7.150000e-01 
7.180000e-01 
7.190000e-01 
7.180000e-01 
7.150000e-01 
7.110000e-01 
7.050000e-01 
6.970000e-01 
6.880000e-01 
6.790000e-01 
6.680000e-01 
6.580000e-01 
6.470000e-01 
6.360000e-01 
6.250000e-01 
6.140000e-01 
6.040000e-01 
5.930000e-01 
5.830000e-01 
5.720000e-01 
5.620000e-01 
5.510000e-01 
5.410000e-01 
5.310000e-01 
5.210000e-01 
5.120000e-01 
5.040000e-01 
4.960000e-01 
4.890000e-01 
4.840000e-01 
4.790000e-01 
4.760000e-01 
4.750000e-01 
4.750000e-01 
4.780000e-01 
4.820000e-01 
4.890000e-01 
4.980000e-01 
5.090000e-01 
5.240000e-01 
5.410000e-01 
5.610000e-01 
5.840000e-01 
6.100000e-01 
6.390000e-01 
6.720000e-01 
7.080000e-01 
7.480000e-01 
7.910000e-01 
8.380000e-01 
8.880000e-01 
9.410000e-01 
9.960000e-01 
1.054000e+00 
1.114000e+00 
1.176000e+00 
1.239000e+00 
1.304000e+00 
1.370000e+00 
1.436000e+00 
1.502000e+00 
1.568000e+00 
1.634000e+00 
1.700000e+00 
1.764000e+00 
1.828000e+00 
1.890000e+00 
1.950000e+00 
2.009000e+00 
2.066000e+00 
2.120000e+00 
2.171000e+00 
2.220000e+00 
2.265000e+00 
2.307000e+00 
2.346000e+00 
2.380000e+00 
2.410000e+00 
2.435000e+00 
2.455000e+00 
2.470000e+00 
2.480000e+00 
2.486000e+00 
2.486000e+00 
2.481000e+00 
2.471000e+00 
2.456000e+00 
2.437000e+00 
2.413000e+00 
2.384000e+00 
2.352000e+00 
2.315000e+00 
2.276000e+00 
2.232000e+00 
2.186000e+00 
2.137000e+00 
2.085000e+00 
2.031000e+00 
1.974000e+00 
1.916000e+00 
1.856000e+00 
1.794000e+00 
1.731000e+00 
1.666000e+00 
1.600000e+00 
1.534000e+00 
1.467000e+00 
1.400000e+00 
1.334000e+00 
1.270000e+00 
1.207000e+00 
1.146000e+00 
1.087000e+00 
1.031000e+00 
9.770000e-01 
9.260000e-01 
8.770000e-01 
8.300000e-01 
7.850000e-01 
7.430000e-01 
7.030000e-01 
6.660000e-01 
6.320000e-01 
6.010000e-01 
5.720000e-01 
5.470000e-01 
5.250000e-01 
5.070000e-01 
4.910000e-01 
4.790000e-01 
4.700000e-01 
4.650000e-01 
4.630000e-01 
4.650000e-01 
4.710000e-01 
4.800000e-01 
4.930000e-01 
5.100000e-01 
5.300000e-01 
5.550000e-01 
5.840000e-01 
6.170000e-01 
6.540000e-01 
6.940000e-01 
7.390000e-01 
7.870000e-01 
8.390000e-01 
8.950000e-01 
9.540000e-01 
1.015000e+00 
1.079000e+00 
1.144000e+00 
1.211000e+00 
1.278000e+00 
1.345000e+00 
1.411000e+00 
1.477000e+00 
1.542000e+00 
1.606000e+00 
1.668000e+00 
1.727000e+00 
1.785000e+00 
1.840000e+00 
1.893000e+00 
1.943000e+00 
1.990000e+00 
2.034000e+00 
2.075000e+00 
2.113000e+00 
2.147000e+00 
2.177000e+00 
2.204000e+00 
2.227000e+00 
2.247000e+00 
2.263000e+00 
2.275000e+00 
2.284000e+00 
2.288000e+00 
2.288000e+00 
2.284000e+00 
2.276000e+00 
2.262000e+00 
2.244000e+00 
2.222000e+00 
2.194000e+00 
2.161000e+00 
2.125000e+00 
2.083000e+00 
2.037000e+00 
1.986000e+00 
1.932000e+00 
1.873000e+00 
1.810000e+00 
1.743000e+00 
1.672000e+00 
1.598000e+00 
1.520000e+00 
1.439000e+00 
1.355000e+00 
1.269000e+00 
1.180000e+00 
1.090000e+00 
9.990000e-01 
9.070000e-01 
8.140000e-01 
7.200000e-01 
6.260000e-01 
5.330000e-01 
4.390000e-01 
3.470000e-01 
2.550000e-01 
1.640000e-01 
7.500000e-02 
-1.200000e-02 
-9.700000e-02 
-1.790000e-01 
-2.590000e-01 
-3.360000e-01 
-4.090000e-01 
-4.800000e-01 
-5.460000e-01 
-6.090000e-01 
-6.680000e-01 
-7.230000e-01 
-7.730000e-01 
-8.190000e-01 
-8.600000e-01 
-8.960000e-01 
-9.270000e-01 
-9.520000e-01 
-9.720000e-01 
-9.870000e-01 
-9.970000e-01 
-1.001000e+00 
-1 
-9.950000e-01 
-9.840000e-01 
-9.690000e-01 
-9.490000e-01 
-9.240000e-01 
-8.950000e-01 
-8.620000e-01 
-8.240000e-01 
-7.830000e-01 
-7.380000e-01 
-6.890000e-01 
-6.380000e-01 
-5.830000e-01 
-5.250000e-01 
-4.650000e-01 
-4.030000e-01 
-3.380000e-01 
-2.720000e-01 
-2.050000e-01 
-1.360000e-01 
-6.700000e-02 
2.000000e-03 
7.100000e-02 
1.390000e-01 
2.060000e-01 
2.710000e-01 
3.330000e-01 
3.930000e-01 
4.490000e-01 
5.020000e-01 
5.510000e-01 
5.950000e-01 
6.350000e-01 
6.700000e-01 
7.010000e-01 
7.280000e-01 
7.490000e-01 
7.670000e-01 
7.800000e-01 
7.880000e-01 
7.930000e-01 
7.930000e-01 
7.900000e-01 
7.820000e-01 
7.710000e-01 
7.550000e-01 
7.360000e-01 
7.120000e-01 
6.850000e-01 
6.550000e-01 
6.210000e-01 
5.850000e-01 
5.460000e-01 
5.060000e-01 
4.630000e-01 
4.180000e-01 
3.730000e-01 
3.260000e-01 
2.780000e-01 
2.300000e-01 
1.820000e-01 
1.330000e-01 
8.600000e-02 
3.800000e-02 
-8.000000e-03 
-5.300000e-02 
-9.700000e-02 
-1.400000e-01 
-1.810000e-01 
-2.200000e-01 
-2.570000e-01 
-2.930000e-01 
-3.260000e-01 
-3.570000e-01 
-3.850000e-01 
-4.110000e-01 
-4.330000e-01 
-4.510000e-01 
-4.660000e-01 
-4.770000e-01 
-4.830000e-01 
-4.860000e-01 
-4.850000e-01 
-4.800000e-01 
-4.720000e-01 
-4.610000e-01 
-4.460000e-01 
-4.280000e-01 
-4.080000e-01 
-3.850000e-01 
-3.600000e-01 
-3.320000e-01 
-3.020000e-01 
-2.710000e-01 
-2.380000e-01 
-2.030000e-01 
-1.680000e-01 
-1.310000e-01 
-9.400000e-02 
-5.600000e-02 
-1.800000e-02 
2.100000e-02 
6.000000e-02 
1.000000e-01 
1.390000e-01 
1.790000e-01 
2.190000e-01 
2.590000e-01 
2.990000e-01 
3.390000e-01 
3.790000e-01 
4.190000e-01 
4.590000e-01 
4.990000e-01 
5.390000e-01 
5.780000e-01 
6.180000e-01 
6.570000e-01 
6.960000e-01 
7.360000e-01 
7.750000e-01 
8.150000e-01 
8.540000e-01 
8.940000e-01 
9.330000e-01 
9.720000e-01 
1.011000e+00 
1.048000e+00 
1.085000e+00 
1.121000e+00 
1.155000e+00 
1.187000e+00 
1.217000e+00 
1.246000e+00 
1.271000e+00 
1.294000e+00 
1.315000e+00 
1.332000e+00 
1.346000e+00 
1.357000e+00 
1.366000e+00 
1.371000e+00 
1.374000e+00 
1.374000e+00 
1.371000e+00 
1.366000e+00 
1.358000e+00 
1.347000e+00 
1.334000e+00 
1.317000e+00 
1.298000e+00 
1.275000e+00 
1.249000e+00 
1.220000e+00 
1.189000e+00 
1.154000e+00 
1.117000e+00 
1.078000e+00 
1.036000e+00 
9.930000e-01 
9.470000e-01 
9.000000e-01 
8.510000e-01 
8.010000e-01 
7.490000e-01 
6.960000e-01 
6.420000e-01 
5.870000e-01 
5.310000e-01 
4.750000e-01 
4.190000e-01 
3.630000e-01 
3.070000e-01 
2.520000e-01 
1.980000e-01 
1.450000e-01 
9.300000e-02 
4.200000e-02 
-7.000000e-03 
-5.500000e-02 
-1.010000e-01 
-1.450000e-01 
-1.870000e-01 
-2.280000e-01 
-2.670000e-01 
-3.040000e-01 
-3.400000e-01 
-3.740000e-01 
-4.050000e-01 
-4.350000e-01 
-4.630000e-01 
-4.890000e-01 
-5.110000e-01 
-5.320000e-01 
-5.490000e-01 
-5.650000e-01 
-5.780000e-01 
-5.910000e-01 
-6.020000e-01 
-6.130000e-01 
-6.230000e-01 
-6.330000e-01 
-6.430000e-01 
-6.520000e-01 
-6.620000e-01 
-6.700000e-01 
-6.790000e-01 
-6.860000e-01 
-6.920000e-01 
-6.980000e-01 
-7.030000e-01 
-7.080000e-01 
-7.130000e-01 
-7.180000e-01 
-7.240000e-01 
-7.300000e-01 
-7.370000e-01 
-7.450000e-01 
-7.540000e-01 
-7.650000e-01 
-7.760000e-01 
-7.880000e-01 
-8.010000e-01 
-8.160000e-01 
-8.310000e-01 
-8.480000e-01 
-8.660000e-01 
-8.860000e-01 
-9.080000e-01 
-9.310000e-01 
-9.560000e-01 
-9.840000e-01 
-1.013000e+00 
-1.044000e+00 
-1.077000e+00 
-1.112000e+00 
-1.148000e+00 
-1.185000e+00 
-1.222000e+00 
-1.261000e+00 
-1.299000e+00 
-1.337000e+00 
-1.375000e+00 
-1.413000e+00 
-1.450000e+00 
-1.486000e+00 
-1.521000e+00 
-1.555000e+00 
-1.589000e+00 
-1.622000e+00 
-1.654000e+00 
-1.685000e+00 
-1.716000e+00 
-1.745000e+00 
-1.773000e+00 
-1.800000e+00 
-1.825000e+00 
-1.849000e+00 
-1.870000e+00 
-1.890000e+00 
-1.909000e+00 
-1.926000e+00 
-1.941000e+00 
-1.956000e+00 
-1.969000e+00 
-1.981000e+00 
-1.992000e+00 
-2.002000e+00 
-2.010000e+00 
-2.017000e+00 
-2.023000e+00 
-2.026000e+00 
-2.027000e+00 
-2.027000e+00 
-2.024000e+00 
-2.019000e+00 
-2.011000e+00 
-2.002000e+00 
-1.990000e+00 
-1.977000e+00 
-1.961000e+00 
-1.943000e+00 
-1.923000e+00 
-1.901000e+00 
-1.877000e+00 
-1.850000e+00 
-1.822000e+00 
-1.792000e+00 
-1.760000e+00 
-1.727000e+00 
-1.692000e+00 
-1.657000e+00 
-1.620000e+00 
-1.582000e+00 
-1.544000e+00 
-1.505000e+00 
-1.464000e+00 
-1.423000e+00 
-1.381000e+00 
-1.339000e+00 
-1.296000e+00 
-1.253000e+00 
-1.209000e+00 
-1.165000e+00 
-1.121000e+00 
-1.077000e+00 
-1.033000e+00 
-9.900000e-01 
-9.470000e-01 
-9.040000e-01 
-8.630000e-01 
-8.220000e-01 
-7.820000e-01 
-7.440000e-01 
-7.070000e-01 
-6.710000e-01 
-6.370000e-01 
-6.040000e-01 
-5.740000e-01 
-5.460000e-01 
-5.210000e-01 
-4.980000e-01 
-4.790000e-01 
-4.640000e-01 
-4.520000e-01 
-4.450000e-01 
-4.400000e-01 
-4.400000e-01 
-4.430000e-01 
-4.490000e-01 
-4.580000e-01 
-4.710000e-01 
-4.860000e-01 
-5.050000e-01 
-5.260000e-01 
-5.490000e-01 
-5.750000e-01 
-6.040000e-01 
-6.340000e-01 
-6.650000e-01 
-6.980000e-01 
-7.320000e-01 
-7.660000e-01 
-8.000000e-01 
-8.350000e-01 
-8.690000e-01 
-9.030000e-01 
-9.360000e-01 
-9.700000e-01 
-1.002000e+00 
-1.034000e+00 
-1.065000e+00 
-1.096000e+00 
-1.125000e+00 
-1.153000e+00 
-1.181000e+00 
-1.206000e+00 
-1.230000e+00 
-1.253000e+00 
-1.273000e+00 
-1.292000e+00 
-1.308000e+00 
-1.322000e+00 
-1.333000e+00 
-1.342000e+00 
-1.347000e+00 
-1.349000e+00 
-1.348000e+00 
-1.343000e+00 
-1.334000e+00 
-1.321000e+00 
-1.304000e+00 
-1.282000e+00 
-1.256000e+00 
-1.225000e+00 
-1.189000e+00 
-1.148000e+00 
-1.102000e+00 
-1.051000e+00 
-9.960000e-01 
-9.370000e-01 
-8.730000e-01 
-8.060000e-01 
-7.360000e-01 
-6.630000e-01 
-5.870000e-01 
-5.100000e-01 
-4.310000e-01 
-3.510000e-01 
-2.700000e-01 
-1.880000e-01 
-1.060000e-01 
-2.400000e-02 
5.900000e-02 
1.410000e-01 
2.230000e-01 
3.030000e-01 
3.830000e-01 
4.600000e-01 
5.360000e-01 
6.090000e-01 
6.800000e-01 
7.480000e-01 
8.130000e-01 
8.750000e-01 
9.340000e-01 
9.890000e-01 
1.041000e+00 
1.089000e+00 
1.133000e+00 
1.172000e+00 
1.207000e+00 
1.238000e+00 
1.264000e+00 
1.285000e+00 
1.300000e+00 
1.311000e+00 
1.316000e+00 
1.315000e+00 
1.310000e+00 
1.299000e+00 
1.283000e+00 
1.261000e+00 
1.235000e+00 
1.204000e+00 
1.168000e+00 
1.129000e+00 
1.086000e+00 
1.039000e+00 
9.890000e-01 
9.370000e-01 
8.810000e-01 
8.240000e-01 
7.650000e-01 
7.030000e-01 
6.410000e-01 
5.770000e-01 
5.130000e-01 
4.490000e-01 
3.840000e-01 
3.200000e-01 
2.560000e-01 
1.930000e-01 
1.310000e-01 
7.100000e-02 
1.200000e-02 
-4.500000e-02 
-1.000000e-01 
-1.520000e-01 
-2.030000e-01 
-2.510000e-01 
-2.960000e-01 
-3.390000e-01 
-3.790000e-01 
-4.150000e-01 
-4.480000e-01 
-4.780000e-01 
-5.030000e-01 
-5.230000e-01 
-5.390000e-01 
-5.500000e-01 
-5.550000e-01 
-5.550000e-01 
-5.490000e-01 
-5.390000e-01 
-5.230000e-01 
-5.020000e-01 
-4.750000e-01 
-4.440000e-01 
-4.090000e-01 
-3.680000e-01 
-3.230000e-01 
-2.730000e-01 
-2.180000e-01 
-1.590000e-01 
-9.600000e-02 
-3.000000e-02 
4.100000e-02 
1.140000e-01 
1.900000e-01 
2.690000e-01 
3.500000e-01 
4.320000e-01 
5.160000e-01 
6.000000e-01 
6.860000e-01 
7.710000e-01 
8.570000e-01 
9.430000e-01 
1.029000e+00 
1.114000e+00 
1.198000e+00 
1.282000e+00 
1.365000e+00 
1.446000e+00 
1.527000e+00 
1.606000e+00 
1.683000e+00 
1.758000e+00 
1.832000e+00 
1.903000e+00 
1.971000e+00 
2.036000e+00 
2.098000e+00 
2.157000e+00 
2.211000e+00 
2.261000e+00 
2.307000e+00 
2.349000e+00 
2.385000e+00 
2.417000e+00 
2.443000e+00 
2.464000e+00 
2.479000e+00 
2.489000e+00 
2.494000e+00 
2.493000e+00 
2.487000e+00 
2.476000e+00 
2.460000e+00 
2.439000e+00 
2.415000e+00 
2.386000e+00 
2.354000e+00 
2.318000e+00 
2.279000e+00 
2.236000e+00 
2.191000e+00 
2.143000e+00 
2.092000e+00 
2.039000e+00 
1.985000e+00 
1.929000e+00 
1.872000e+00 
1.814000e+00 
1.756000e+00 
1.697000e+00 
1.638000e+00 
1.579000e+00 
1.520000e+00 
1.461000e+00 
1.404000e+00 
1.347000e+00 
1.291000e+00 
1.235000e+00 
1.180000e+00 
1.126000e+00 
1.073000e+00 
1.020000e+00 
9.680000e-01 
9.160000e-01 
8.650000e-01 
8.150000e-01 
7.660000e-01 
7.170000e-01 
6.690000e-01 
6.230000e-01 
5.780000e-01 
5.340000e-01 
4.920000e-01 
4.530000e-01 
4.150000e-01 
3.810000e-01 
3.500000e-01 
3.220000e-01 
2.970000e-01 
2.770000e-01 
2.610000e-01 
2.490000e-01 
2.410000e-01 
2.360000e-01 
2.360000e-01 
2.400000e-01 
2.460000e-01 
2.560000e-01 
2.690000e-01 
2.850000e-01 
3.030000e-01 
3.240000e-01 
3.480000e-01 
3.730000e-01 
4.000000e-01 
4.300000e-01 
4.600000e-01 
4.910000e-01 
5.230000e-01 
5.560000e-01 
5.880000e-01 
6.200000e-01 
6.520000e-01 
6.830000e-01 
7.140000e-01 
7.430000e-01 
7.710000e-01 
7.980000e-01 
8.230000e-01 
8.470000e-01 
8.690000e-01 
8.880000e-01 
9.050000e-01 
9.190000e-01 
9.290000e-01 
9.370000e-01 
9.410000e-01 
9.420000e-01 
9.390000e-01 
9.320000e-01 
9.210000e-01 
9.070000e-01 
8.880000e-01 
8.650000e-01 
8.390000e-01 
8.090000e-01 
7.760000e-01 
7.390000e-01 
7.000000e-01 
6.580000e-01 
6.130000e-01 
5.670000e-01 
5.180000e-01 
4.680000e-01 
4.160000e-01 
3.630000e-01 
3.090000e-01 
2.540000e-01 
1.980000e-01 
1.420000e-01 
8.500000e-02 
2.800000e-02 
-2.800000e-02 
-8.300000e-02 
-1.380000e-01 
-1.920000e-01 
-2.440000e-01 
-2.950000e-01 
-3.440000e-01 
-3.900000e-01 
-4.350000e-01 
-4.770000e-01 
-5.170000e-01 
-5.540000e-01 
-5.900000e-01 
-6.220000e-01 
-6.520000e-01 
-6.800000e-01 
-7.050000e-01 
-7.280000e-01 
-7.480000e-01 
-7.660000e-01 
-7.810000e-01 
-7.930000e-01 
-8.030000e-01 
-8.100000e-01 
-8.130000e-01 
-8.150000e-01 
-8.130000e-01 
-8.090000e-01 
-8.020000e-01 
-7.930000e-01 
-7.820000e-01 
-7.690000e-01 
-7.540000e-01 
-7.370000e-01 
-7.190000e-01 
-6.980000e-01 
-6.750000e-01 
-6.510000e-01 
-6.260000e-01 
-5.980000e-01 
-5.700000e-01 
-5.400000e-01 
-5.100000e-01 
-4.790000e-01 
-4.470000e-01 
-4.150000e-01 
-3.830000e-01 
-3.510000e-01 
-3.190000e-01 
-2.870000e-01 
-2.550000e-01 
-2.240000e-01 
-1.930000e-01 
-1.630000e-01 
-1.330000e-01 
-1.050000e-01 
-7.600000e-02 
-4.900000e-02 
-2.300000e-02 
3.000000e-03 
2.800000e-02 
5.200000e-02 
7.500000e-02 
9.700000e-02 
1.170000e-01 
1.380000e-01 
1.560000e-01 
1.740000e-01 
1.910000e-01 
2.070000e-01 
2.220000e-01 
2.350000e-01 
2.480000e-01 
2.590000e-01 
2.680000e-01 
2.770000e-01 
2.830000e-01 
2.890000e-01 
2.920000e-01 
2.930000e-01 
2.920000e-01 
2.890000e-01 
2.840000e-01 
2.780000e-01 
2.690000e-01 
2.590000e-01 
2.480000e-01 
2.360000e-01 
2.230000e-01 
2.090000e-01 
1.950000e-01 
1.800000e-01 
1.650000e-01 
1.490000e-01 
1.330000e-01 
1.170000e-01 
1.010000e-01 
8.400000e-02 
6.800000e-02 
5.200000e-02 
3.700000e-02 
2.200000e-02 
8.000000e-03 
-6.000000e-03 
-1.900000e-02 
-3.100000e-02 
-4.200000e-02 
-5.200000e-02 
-6.000000e-02 
-6.800000e-02 
-7.400000e-02 
-7.800000e-02 
-8.100000e-02 
-8.200000e-02 
-8.200000e-02 
-8.000000e-02 
-7.600000e-02 
-7.100000e-02 
-6.500000e-02 
-5.700000e-02 
-4.700000e-02 
-3.600000e-02 
-2.300000e-02 
-9.000000e-03 
6.000000e-03 
2.300000e-02 
4.100000e-02 
6.000000e-02 
8.100000e-02 
1.030000e-01 
1.260000e-01 
1.500000e-01 
1.750000e-01 
2.000000e-01 
2.270000e-01 
2.550000e-01 
2.830000e-01 
3.110000e-01 
3.400000e-01 
3.700000e-01 
3.990000e-01 
4.290000e-01 
4.580000e-01 
4.860000e-01 
5.140000e-01 
5.410000e-01 
5.660000e-01 
5.900000e-01 
6.120000e-01 
6.320000e-01 
6.500000e-01 
6.660000e-01 
6.790000e-01 
6.890000e-01 
6.970000e-01 
7.010000e-01 
7.030000e-01 
7.030000e-01 
7.000000e-01 
6.940000e-01 
6.860000e-01 
6.760000e-01 
6.630000e-01 
6.480000e-01 
6.310000e-01 
6.130000e-01 
5.920000e-01 
5.700000e-01 
5.470000e-01 
5.230000e-01 
4.980000e-01 
4.730000e-01 
4.470000e-01 
4.210000e-01 
3.940000e-01 
3.680000e-01 
3.410000e-01 
3.140000e-01 
2.880000e-01 
2.610000e-01 
2.350000e-01 
2.090000e-01 
1.830000e-01 
1.570000e-01 
1.320000e-01 
1.080000e-01 
8.400000e-02 
6.100000e-02 
3.900000e-02 
1.800000e-02 
-1.000000e-03 
-2.000000e-02 
-3.700000e-02 
-5.200000e-02 
-6.700000e-02 
-7.900000e-02 
-9.000000e-02 
-9.900000e-02 
-1.060000e-01 
-1.120000e-01 
-1.170000e-01 
-1.190000e-01 
-1.200000e-01 
-1.200000e-01 
-1.190000e-01 
-1.170000e-01 
-1.130000e-01 
-1.100000e-01 
-1.050000e-01 
-1.010000e-01 
-9.600000e-02 
-9.100000e-02 
-8.700000e-02 
-8.300000e-02 
-7.900000e-02 
-7.500000e-02 
-7.200000e-02 
-7.000000e-02 
-6.800000e-02 
-6.600000e-02 
-6.500000e-02 
-6.500000e-02 
-6.600000e-02 
-6.800000e-02 
-7.000000e-02 
-7.200000e-02 
-7.500000e-02 
-7.800000e-02 
-8.200000e-02 
-8.600000e-02 
-9.000000e-02 
-9.400000e-02 
-1.000000e-01 
-1.060000e-01 
-1.120000e-01 
-1.190000e-01 
-1.280000e-01 
-1.370000e-01 
-1.460000e-01 
-1.560000e-01 
-1.670000e-01 
-1.780000e-01 
-1.890000e-01 
-2.000000e-01 
-2.120000e-01 
-2.240000e-01 
-2.360000e-01 
-2.490000e-01 
-2.610000e-01 
-2.740000e-01 
-2.870000e-01 
-3.000000e-01 
-3.150000e-01 
-3.290000e-01 
-3.440000e-01 
-3.600000e-01 
-3.760000e-01 
-3.930000e-01 
-4.100000e-01 
-4.270000e-01 
-4.450000e-01 
-4.630000e-01 
-4.820000e-01 
-5.010000e-01 
-5.210000e-01 
-5.400000e-01 
-5.600000e-01 
-5.800000e-01 
-6.000000e-01 
-6.200000e-01 
-6.400000e-01 
-6.600000e-01 
-6.800000e-01 
-7.000000e-01 
-7.210000e-01 
-7.410000e-01 
-7.610000e-01 
-7.800000e-01 
-8.000000e-01 
-8.200000e-01 
-8.400000e-01 
-8.590000e-01 
-8.790000e-01 
-8.990000e-01 
-9.190000e-01 
-9.390000e-01 
-9.600000e-01 
-9.800000e-01 
-1.002000e+00 
-1.023000e+00 
-1.046000e+00 
-1.068000e+00 
-1.091000e+00 
-1.115000e+00 
-1.139000e+00 
-1.164000e+00 
-1.189000e+00 
-1.215000e+00 
-1.242000e+00 
-1.270000e+00 
-1.298000e+00 
-1.328000e+00 
-1.358000e+00 
-1.389000e+00 
-1.420000e+00 
-1.452000e+00 
-1.485000e+00 
-1.519000e+00 
-1.553000e+00 
-1.587000e+00 
-1.623000e+00 
-1.658000e+00 
-1.695000e+00 
-1.732000e+00 
-1.769000e+00 
-1.807000e+00 
-1.846000e+00 
-1.885000e+00 
-1.925000e+00 
-1.964000e+00 
-2.004000e+00 
-2.044000e+00 
-2.083000e+00 
-2.122000e+00 
-2.161000e+00 
-2.199000e+00 
-2.236000e+00 
-2.273000e+00 
-2.310000e+00 
-2.346000e+00 
-2.382000e+00 
-2.418000e+00 
-2.453000e+00 
-2.488000e+00 
-2.523000e+00 
-2.557000e+00 
-2.592000e+00 
-2.625000e+00 
-2.659000e+00 
-2.691000e+00 
-2.724000e+00 
-2.756000e+00 
-2.787000e+00 
-2.817000e+00 
-2.846000e+00 
-2.874000e+00 
-2.901000e+00 
-2.926000e+00 
-2.950000e+00 
-2.971000e+00 
-2.991000e+00 
-3.008000e+00 
-3.022000e+00 
-3.034000e+00 
-3.042000e+00 
-3.047000e+00 
-3.048000e+00 
-3.045000e+00 
-3.039000e+00 
-3.028000e+00 
-3.013000e+00 
-2.995000e+00 
-2.972000e+00 
-2.946000e+00 
-2.916000e+00 
-2.882000e+00 
-2.845000e+00 
-2.806000e+00 
-2.763000e+00 
-2.717000e+00 
-2.668000e+00 
-2.616000e+00 
-2.562000e+00 
-2.505000e+00 
-2.446000e+00 
-2.385000e+00 
-2.321000e+00 
-2.256000e+00 
-2.188000e+00 
-2.120000e+00 
-2.049000e+00 
-1.977000e+00 
-1.904000e+00 
-1.830000e+00 
-1.755000e+00 
-1.679000e+00 
-1.601000e+00 
-1.523000e+00 
-1.444000e+00 
-1.365000e+00 
-1.285000e+00 
-1.204000e+00 
-1.124000e+00 
-1.044000e+00 
-9.640000e-01 
-8.840000e-01 
-8.060000e-01 
-7.280000e-01 
-6.520000e-01 
-5.770000e-01 
-5.030000e-01 
-4.310000e-01 
-3.610000e-01 
-2.920000e-01 
-2.240000e-01 
-1.590000e-01 
-9.500000e-02 
-3.400000e-02 
2.600000e-02 
8.300000e-02 
1.380000e-01 
1.900000e-01 
2.400000e-01 
2.880000e-01 
3.340000e-01 
3.780000e-01 
4.200000e-01 
4.610000e-01 
5.000000e-01 
5.370000e-01 
5.720000e-01 
6.070000e-01 
6.390000e-01 
6.710000e-01 
7.000000e-01 
7.290000e-01 
7.560000e-01 
7.810000e-01 
8.060000e-01 
8.290000e-01 
8.520000e-01 
8.730000e-01 
8.940000e-01 
9.130000e-01 
9.320000e-01 
9.510000e-01 
9.680000e-01 
9.850000e-01 
1.002000e+00 
1.017000e+00 
1.032000e+00 
1.046000e+00 
1.060000e+00 
1.072000e+00 
1.085000e+00 
1.096000e+00 
1.108000e+00 
1.119000e+00 
1.130000e+00 
1.141000e+00 
1.153000e+00 
1.164000e+00 
1.176000e+00 
1.189000e+00 
1.202000e+00 
1.216000e+00 
1.231000e+00 
1.247000e+00 
1.265000e+00 
1.283000e+00 
1.304000e+00 
1.325000e+00 
1.349000e+00 
1.373000e+00 
1.400000e+00 
1.428000e+00 
1.457000e+00 
1.488000e+00 
1.520000e+00 
1.553000e+00 
1.587000e+00 
1.622000e+00 
1.658000e+00 
1.695000e+00 
1.732000e+00 
1.769000e+00 
1.808000e+00 
1.846000e+00 
1.884000e+00 
1.923000e+00 
1.961000e+00 
2 
2.038000e+00 
2.076000e+00 
2.113000e+00 
2.150000e+00 
2.186000e+00 
2.222000e+00 
2.256000e+00 
2.290000e+00 
2.322000e+00 
2.353000e+00 
2.383000e+00 
2.411000e+00 
2.438000e+00 
2.463000e+00 
2.486000e+00 
2.508000e+00 
2.527000e+00 
2.545000e+00 
2.560000e+00 
2.574000e+00 
2.585000e+00 
2.594000e+00 
2.601000e+00 
2.606000e+00 
2.608000e+00 
2.608000e+00 
2.606000e+00 
2.601000e+00 
2.593000e+00 
2.584000e+00 
2.571000e+00 
2.557000e+00 
2.539000e+00 
2.520000e+00 
2.498000e+00 
2.475000e+00 
2.449000e+00 
2.422000e+00 
2.393000e+00 
2.362000e+00 
2.331000e+00 
2.297000e+00 
2.263000e+00 
2.227000e+00 
2.190000e+00 
2.152000e+00 
2.113000e+00 
2.072000e+00 
2.030000e+00 
1.988000e+00 
1.944000e+00 
1.901000e+00 
1.857000e+00 
1.813000e+00 
1.769000e+00 
1.725000e+00 
1.681000e+00 
1.638000e+00 
1.594000e+00 
1.551000e+00 
1.508000e+00 
1.465000e+00 
1.423000e+00 
1.380000e+00 
1.339000e+00 
1.298000e+00 
1.258000e+00 
1.219000e+00 
1.181000e+00 
1.144000e+00 
1.107000e+00 
1.072000e+00 
1.038000e+00 
1.005000e+00 
9.720000e-01 
9.410000e-01 
9.110000e-01 
8.820000e-01 
8.540000e-01 
8.270000e-01 
8.020000e-01 
7.770000e-01 
7.530000e-01 
7.310000e-01 
7.090000e-01 
6.880000e-01 
6.690000e-01 
6.500000e-01 
6.320000e-01 
6.150000e-01 
5.990000e-01 
5.850000e-01 
5.720000e-01 
5.610000e-01 
5.510000e-01 
5.430000e-01 
5.360000e-01 
5.300000e-01 
5.260000e-01 
5.230000e-01 
5.210000e-01 
5.200000e-01 
5.200000e-01 
5.210000e-01 
5.220000e-01 
5.230000e-01 
5.250000e-01 
5.260000e-01 
5.270000e-01 
5.280000e-01 
5.280000e-01 
5.270000e-01 
5.260000e-01 
5.250000e-01 
5.230000e-01 
5.210000e-01 
5.180000e-01 
5.150000e-01 
5.110000e-01 
5.070000e-01 
5.010000e-01 
4.950000e-01 
4.880000e-01 
4.790000e-01 
4.690000e-01 
4.580000e-01 
4.450000e-01 
4.310000e-01 
4.160000e-01 
3.990000e-01 
3.810000e-01 
3.610000e-01 
3.400000e-01 
3.170000e-01 
2.920000e-01 
2.660000e-01 
2.380000e-01 
2.080000e-01 
1.770000e-01 
1.440000e-01 
1.100000e-01 
7.500000e-02 
4.000000e-02 
3.000000e-03 
-3.300000e-02 
-7.000000e-02 
-1.070000e-01 
-1.440000e-01 
-1.810000e-01 
-2.180000e-01 
-2.540000e-01 
-2.900000e-01 
-3.260000e-01 
-3.610000e-01 
-3.960000e-01 
-4.310000e-01 
-4.650000e-01 
-4.990000e-01 
-5.330000e-01 
-5.660000e-01 
-5.990000e-01 
-6.320000e-01 
-6.640000e-01 
-6.970000e-01 
-7.280000e-01 
-7.600000e-01 
-7.900000e-01 
-8.200000e-01 
-8.500000e-01 
-8.780000e-01 
-9.050000e-01 
-9.300000e-01 
-9.550000e-01 
-9.780000e-01 
-9.990000e-01 
-1.019000e+00 
-1.038000e+00 
-1.054000e+00 
-1.069000e+00 
-1.082000e+00 
-1.092000e+00 
-1.101000e+00 
-1.108000e+00 
-1.113000e+00 
-1.116000e+00 
-1.118000e+00 
-1.117000e+00 
-1.115000e+00 
-1.112000e+00 
-1.106000e+00 
-1.100000e+00 
-1.091000e+00 
-1.082000e+00 
-1.071000e+00 
-1.059000e+00 
-1.046000e+00 
-1.031000e+00 
-1.016000e+00 
-1 
-9.830000e-01 
-9.650000e-01 
-9.470000e-01 
-9.280000e-01 
-9.080000e-01 
-8.880000e-01 
-8.670000e-01 
-8.460000e-01 
-8.240000e-01 
-8.020000e-01 
-7.800000e-01 
-7.580000e-01 
-7.370000e-01 
-7.150000e-01 
-6.940000e-01 
-6.740000e-01 
-6.540000e-01 
-6.350000e-01 
-6.160000e-01 
-5.980000e-01 
-5.810000e-01 
-5.640000e-01 
-5.490000e-01 
-5.340000e-01 
-5.200000e-01 
-5.070000e-01 
-4.960000e-01 
-4.860000e-01 
-4.770000e-01 
-4.680000e-01 
-4.610000e-01 
-4.550000e-01 
-4.490000e-01 
-4.450000e-01 
-4.420000e-01 
-4.400000e-01 
-4.390000e-01 
-4.390000e-01 
-4.410000e-01 
-4.440000e-01 
-4.480000e-01 
-4.530000e-01 
-4.610000e-01 
-4.700000e-01 
-4.800000e-01 
-4.930000e-01 
-5.070000e-01 
-5.230000e-01 
-5.410000e-01 
-5.600000e-01 
-5.810000e-01 
-6.030000e-01 
-6.260000e-01 
-6.510000e-01 
-6.770000e-01 
-7.030000e-01 
-7.310000e-01 
-7.590000e-01 
-7.880000e-01 
-8.170000e-01 
-8.460000e-01 
-8.750000e-01 
-9.050000e-01 
-9.340000e-01 
-9.640000e-01 
-9.930000e-01 
-1.022000e+00 
-1.051000e+00 
-1.078000e+00 
-1.105000e+00 
-1.131000e+00 
-1.156000e+00 
-1.179000e+00 
-1.202000e+00 
-1.222000e+00 
-1.241000e+00 
-1.258000e+00 
-1.273000e+00 
-1.286000e+00 
-1.296000e+00 
-1.303000e+00 
-1.308000e+00 
-1.310000e+00 
-1.310000e+00 
-1.306000e+00 
-1.300000e+00 
-1.290000e+00 
-1.277000e+00 
-1.261000e+00 
-1.242000e+00 
-1.219000e+00 
-1.194000e+00 
-1.166000e+00 
-1.135000e+00 
-1.101000e+00 
-1.064000e+00 
-1.023000e+00 
-9.790000e-01 
-9.320000e-01 
-8.820000e-01 
-8.290000e-01 
-7.740000e-01 
-7.160000e-01 
-6.570000e-01 
-5.970000e-01 
-5.350000e-01 
-4.730000e-01 
-4.100000e-01 
-3.470000e-01 
-2.840000e-01 
-2.210000e-01 
-1.580000e-01 
-9.600000e-02 
-3.500000e-02 
2.500000e-02 
8.400000e-02 
1.410000e-01 
1.960000e-01 
2.490000e-01 
3.000000e-01 
3.490000e-01 
3.950000e-01 
4.390000e-01 
4.810000e-01 
5.210000e-01 
5.590000e-01 
5.940000e-01 
6.260000e-01 
6.560000e-01 
6.830000e-01 
7.070000e-01 
7.290000e-01 
7.480000e-01 
7.650000e-01 
7.790000e-01 
7.900000e-01 
8.000000e-01 
8.070000e-01 
8.120000e-01 
8.150000e-01 
8.160000e-01 
8.140000e-01 
8.110000e-01 
8.050000e-01 
7.970000e-01 
7.870000e-01 
7.750000e-01 
7.620000e-01 
7.480000e-01 
7.320000e-01 
7.150000e-01 
6.980000e-01 
6.800000e-01 
6.610000e-01 
6.420000e-01 
6.230000e-01 
6.040000e-01 
5.850000e-01 
5.650000e-01 
5.460000e-01 
5.260000e-01 
5.060000e-01 
4.870000e-01 
4.670000e-01 
4.490000e-01 
4.300000e-01 
4.130000e-01 
3.960000e-01 
3.800000e-01 
3.660000e-01 
3.510000e-01 
3.380000e-01 
3.260000e-01 
3.140000e-01 
3.030000e-01 
2.930000e-01 
2.840000e-01 
2.760000e-01 
2.700000e-01 
2.650000e-01 
2.620000e-01 
2.600000e-01 
2.600000e-01 
2.610000e-01 
2.650000e-01 
2.700000e-01 
2.770000e-01 
2.860000e-01 
2.960000e-01 
3.080000e-01 
3.210000e-01 
3.360000e-01 
3.530000e-01 
3.700000e-01 
3.880000e-01 
4.070000e-01 
4.270000e-01 
4.470000e-01 
4.670000e-01 
4.880000e-01 
5.080000e-01 
5.280000e-01 
5.470000e-01 
5.660000e-01 
5.850000e-01 
6.030000e-01 
6.200000e-01 
6.370000e-01 
6.540000e-01 
6.700000e-01 
6.860000e-01 
7.010000e-01 
7.160000e-01 
7.310000e-01 
7.450000e-01 
7.590000e-01 
7.720000e-01 
7.840000e-01 
7.960000e-01 
8.070000e-01 
8.160000e-01 
8.250000e-01 
8.320000e-01 
8.390000e-01 
8.440000e-01 
8.480000e-01 
8.510000e-01 
8.520000e-01 
8.520000e-01 
8.510000e-01 
8.490000e-01 
8.450000e-01 
8.400000e-01 
8.340000e-01 
8.280000e-01 
8.200000e-01 
8.120000e-01 
8.030000e-01 
7.940000e-01 
7.850000e-01 
7.750000e-01 
7.650000e-01 
7.550000e-01 
7.450000e-01 
7.360000e-01 
7.260000e-01 
7.160000e-01 
7.070000e-01 
6.970000e-01 
6.880000e-01 
6.800000e-01 
6.720000e-01 
6.640000e-01 
6.570000e-01 
6.500000e-01 
6.450000e-01 
6.400000e-01 
6.350000e-01 
6.320000e-01 
6.290000e-01 
6.280000e-01 
6.260000e-01 
6.260000e-01 
6.250000e-01 
6.250000e-01 
6.250000e-01 
6.260000e-01 
6.270000e-01 
6.280000e-01 
6.310000e-01 
6.340000e-01 
6.380000e-01 
6.420000e-01 
6.470000e-01 
6.540000e-01 
6.600000e-01 
6.680000e-01 
6.760000e-01 
6.840000e-01 
6.930000e-01 
7.030000e-01 
7.140000e-01 
7.260000e-01 
7.380000e-01 
7.520000e-01 
7.660000e-01 
7.800000e-01 
7.960000e-01 
8.120000e-01 
8.290000e-01 
8.460000e-01 
8.640000e-01 
8.830000e-01 
9.010000e-01 
9.200000e-01 
9.380000e-01 
9.560000e-01 
9.740000e-01 
9.900000e-01 
1.005000e+00 
1.019000e+00 
1.031000e+00 
1.042000e+00 
1.052000e+00 
1.060000e+00 
1.067000e+00 
1.073000e+00 
1.077000e+00 
1.081000e+00 
1.084000e+00 
1.086000e+00 
1.086000e+00 
1.085000e+00 
1.083000e+00 
1.079000e+00 
1.074000e+00 
1.069000e+00 
1.063000e+00 
1.056000e+00 
1.050000e+00 
1.043000e+00 
1.036000e+00 
1.028000e+00 
1.019000e+00 
1.008000e+00 
9.960000e-01 
9.830000e-01 
9.680000e-01 
9.530000e-01 
9.360000e-01 
9.190000e-01 
9.000000e-01 
8.800000e-01 
8.580000e-01 
8.360000e-01 
8.120000e-01 
7.870000e-01 
7.610000e-01 
7.340000e-01 
7.060000e-01 
6.780000e-01 
6.500000e-01 
6.210000e-01 
5.910000e-01 
5.590000e-01 
5.270000e-01 
4.940000e-01 
4.590000e-01 
4.240000e-01 
3.880000e-01 
3.510000e-01 
3.140000e-01 
2.770000e-01 
2.390000e-01 
2.010000e-01 
1.620000e-01 
1.230000e-01 
8.400000e-02 
4.400000e-02 
4.000000e-03 
-3.600000e-02 
-7.800000e-02 
-1.190000e-01 
-1.610000e-01 
-2.020000e-01 
-2.420000e-01 
-2.820000e-01 
-3.200000e-01 
-3.560000e-01 
-3.910000e-01 
-4.250000e-01 
-4.580000e-01 
-4.890000e-01 
-5.210000e-01 
-5.520000e-01 
-5.830000e-01 
-6.130000e-01 
-6.450000e-01 
-6.750000e-01 
-7.060000e-01 
-7.360000e-01 
-7.650000e-01 
-7.940000e-01 
-8.210000e-01 
-8.470000e-01 
-8.720000e-01 
-8.960000e-01 
-9.190000e-01 
-9.420000e-01 
-9.640000e-01 
-9.850000e-01 
-1.006000e+00 
-1.026000e+00 
-1.045000e+00 
-1.063000e+00 
-1.080000e+00 
-1.094000e+00 
-1.107000e+00 
-1.119000e+00 
-1.129000e+00 
-1.138000e+00 
-1.145000e+00 
-1.152000e+00 
-1.159000e+00 
-1.164000e+00 
-1.169000e+00 
-1.174000e+00 
-1.178000e+00 
-1.182000e+00 
-1.185000e+00 
-1.187000e+00 
-1.190000e+00 
-1.193000e+00 
-1.195000e+00 
-1.198000e+00 
-1.200000e+00 
-1.202000e+00 
-1.204000e+00 
-1.205000e+00 
-1.206000e+00 
-1.207000e+00 
-1.207000e+00 
-1.207000e+00 
-1.207000e+00 
-1.207000e+00 
-1.207000e+00 
-1.208000e+00 
-1.209000e+00 
-1.211000e+00 
-1.214000e+00 
-1.218000e+00 
-1.222000e+00 
-1.227000e+00 
-1.233000e+00 
-1.240000e+00 
-1.247000e+00 
-1.256000e+00 
-1.266000e+00 
-1.278000e+00 
-1.292000e+00 
-1.307000e+00 
-1.324000e+00 
-1.342000e+00 
-1.362000e+00 
-1.382000e+00 
-1.404000e+00 
-1.426000e+00 
-1.449000e+00 
-1.472000e+00 
-1.496000e+00 
-1.521000e+00 
-1.546000e+00 
-1.571000e+00 
-1.598000e+00 
-1.625000e+00 
-1.652000e+00 
-1.680000e+00 
-1.708000e+00 
-1.737000e+00 
-1.766000e+00 
-1.795000e+00 
-1.824000e+00 
-1.852000e+00 
-1.881000e+00 
-1.908000e+00 
-1.934000e+00 
-1.960000e+00 
-1.984000e+00 
-2.007000e+00 
-2.027000e+00 
-2.046000e+00 
-2.063000e+00 
-2.078000e+00 
-2.090000e+00 
-2.100000e+00 
-2.108000e+00 
-2.112000e+00 
-2.115000e+00 
-2.114000e+00 
-2.111000e+00 
-2.105000e+00 
-2.096000e+00 
-2.084000e+00 
-2.070000e+00 
-2.054000e+00 
-2.035000e+00 
-2.014000e+00 
-1.991000e+00 
-1.966000e+00 
-1.939000e+00 
-1.910000e+00 
-1.881000e+00 
-1.850000e+00 
-1.818000e+00 
-1.785000e+00 
-1.751000e+00 
-1.717000e+00 
-1.681000e+00 
-1.645000e+00 
-1.607000e+00 
-1.569000e+00 
-1.530000e+00 
-1.490000e+00 
-1.450000e+00 
-1.410000e+00 
-1.370000e+00 
-1.331000e+00 
-1.292000e+00 
-1.254000e+00 
-1.216000e+00 
-1.180000e+00 
-1.144000e+00 
-1.110000e+00 
-1.077000e+00 
-1.045000e+00 
-1.014000e+00 
-9.840000e-01 
-9.550000e-01 
-9.270000e-01 
-9.010000e-01 
-8.760000e-01 
-8.520000e-01 
-8.300000e-01 
-8.090000e-01 
-7.890000e-01 
-7.710000e-01 
-7.530000e-01 
-7.370000e-01 
-7.220000e-01 
-7.080000e-01 
-6.940000e-01 
-6.830000e-01 
-6.720000e-01 
-6.630000e-01 
-6.550000e-01 
-6.490000e-01 
-6.450000e-01 
-6.430000e-01 
-6.430000e-01 
-6.450000e-01 
-6.490000e-01 
-6.550000e-01 
-6.640000e-01 
-6.740000e-01 
-6.860000e-01 
-7.010000e-01 
-7.170000e-01 
-7.340000e-01 
-7.530000e-01 
-7.730000e-01 
-7.940000e-01 
-8.160000e-01 
-8.380000e-01 
-8.610000e-01 
-8.850000e-01 
-9.080000e-01 
-9.310000e-01 
-9.550000e-01 
-9.770000e-01 
-9.990000e-01 
-1.020000e+00 
-1.040000e+00 
-1.058000e+00 
-1.074000e+00 
-1.089000e+00 
-1.102000e+00 
-1.112000e+00 
-1.121000e+00 
-1.127000e+00 
-1.131000e+00 
-1.132000e+00 
-1.131000e+00 
-1.127000e+00 
-1.120000e+00 
-1.110000e+00 
-1.097000e+00 
-1.081000e+00 
-1.062000e+00 
-1.041000e+00 
-1.016000e+00 
-9.880000e-01 
-9.570000e-01 
-9.240000e-01 
-8.870000e-01 
-8.470000e-01 
-8.040000e-01 
-7.580000e-01 
-7.090000e-01 
-6.560000e-01 
-6.010000e-01 
-5.430000e-01 
-4.830000e-01 
-4.220000e-01 
-3.580000e-01 
-2.940000e-01 
-2.280000e-01 
-1.610000e-01 
-9.300000e-02 
-2.500000e-02 
4.400000e-02 
1.140000e-01 
1.840000e-01 
2.540000e-01 
3.240000e-01 
3.940000e-01 
4.630000e-01 
5.320000e-01 
5.990000e-01 
6.650000e-01 
7.300000e-01 
7.930000e-01 
8.550000e-01 
9.160000e-01 
9.750000e-01 
1.034000e+00 
1.090000e+00 
1.145000e+00 
1.197000e+00 
1.248000e+00 
1.296000e+00 
1.341000e+00 
1.383000e+00 
1.423000e+00 
1.459000e+00 
1.492000e+00 
1.522000e+00 
1.549000e+00 
1.572000e+00 
1.592000e+00 
1.608000e+00 
1.620000e+00 
1.630000e+00 
1.635000e+00 
1.637000e+00 
1.636000e+00 
1.631000e+00 
1.623000e+00 
1.612000e+00 
1.598000e+00 
1.581000e+00 
1.561000e+00 
1.537000e+00 
1.511000e+00 
1.482000e+00 
1.450000e+00 
1.416000e+00 
1.380000e+00 
1.342000e+00 
1.302000e+00 
1.261000e+00 
1.219000e+00 
1.176000e+00 
1.131000e+00 
1.087000e+00 
1.041000e+00 
9.950000e-01 
9.490000e-01 
9.030000e-01 
8.570000e-01 
8.110000e-01 
7.650000e-01 
7.200000e-01 
6.760000e-01 
6.330000e-01 
5.910000e-01 
5.510000e-01 
5.120000e-01 
4.740000e-01 
4.380000e-01 
4.030000e-01 
3.690000e-01 
3.370000e-01 
3.070000e-01 
2.790000e-01 
2.520000e-01 
2.280000e-01 
2.060000e-01 
1.860000e-01 
1.680000e-01 
1.530000e-01 
1.400000e-01 
1.300000e-01 
1.230000e-01 
1.190000e-01 
1.170000e-01 
1.190000e-01 
1.230000e-01 
1.310000e-01 
1.410000e-01 
1.550000e-01 
1.710000e-01 
1.900000e-01 
2.120000e-01 
2.350000e-01 
2.620000e-01 
2.900000e-01 
3.200000e-01 
3.520000e-01 
3.860000e-01 
4.220000e-01 
4.590000e-01 
4.970000e-01 
5.380000e-01 
5.790000e-01 
6.220000e-01 
6.670000e-01 
7.130000e-01 
7.600000e-01 
8.090000e-01 
8.580000e-01 
9.090000e-01 
9.600000e-01 
1.013000e+00 
1.066000e+00 
1.119000e+00 
1.173000e+00 
1.227000e+00 
1.282000e+00 
1.336000e+00 
1.390000e+00 
1.444000e+00 
1.497000e+00 
1.548000e+00 
1.599000e+00 
1.649000e+00 
1.696000e+00 
1.742000e+00 
1.786000e+00 
1.827000e+00 
1.866000e+00 
1.902000e+00 
1.934000e+00 
1.964000e+00 
1.990000e+00 
2.012000e+00 
2.032000e+00 
2.047000e+00 
2.059000e+00 
2.069000e+00 
2.074000e+00 
2.077000e+00 
2.077000e+00 
2.073000e+00 
2.067000e+00 
2.058000e+00 
2.046000e+00 
2.031000e+00 
2.013000e+00 
1.993000e+00 
1.970000e+00 
1.945000e+00 
1.917000e+00 
1.888000e+00 
1.856000e+00 
1.822000e+00 
1.786000e+00 
1.748000e+00 
1.709000e+00 
1.668000e+00 
1.625000e+00 
1.581000e+00 
1.537000e+00 
1.491000e+00 
1.445000e+00 
1.399000e+00 
1.353000e+00 
1.308000e+00 
1.262000e+00 
1.218000e+00 
1.174000e+00 
1.130000e+00 
1.088000e+00 
1.046000e+00 
1.006000e+00 
9.670000e-01 
9.300000e-01 
8.940000e-01 
8.610000e-01 
8.300000e-01 
8.000000e-01 
7.730000e-01 
7.490000e-01 
7.260000e-01 
7.060000e-01 
6.890000e-01 
6.730000e-01 
6.590000e-01 
6.470000e-01 
6.370000e-01 
6.290000e-01 
6.240000e-01 
6.200000e-01 
6.180000e-01 
6.180000e-01 
6.200000e-01 
6.240000e-01 
6.310000e-01 
6.390000e-01 
6.480000e-01 
6.600000e-01 
6.720000e-01 
6.860000e-01 
7.010000e-01 
7.170000e-01 
7.340000e-01 
7.510000e-01 
7.690000e-01 
7.870000e-01 
8.050000e-01 
8.230000e-01 
8.410000e-01 
8.580000e-01 
8.750000e-01 
8.900000e-01 
9.050000e-01 
9.200000e-01 
9.330000e-01 
9.460000e-01 
9.570000e-01 
9.680000e-01 
9.780000e-01 
9.860000e-01 
9.930000e-01 
9.990000e-01 
1.003000e+00 
1.006000e+00 
1.008000e+00 
1.008000e+00 
1.006000e+00 
1.003000e+00 
9.990000e-01 
9.930000e-01 
9.860000e-01 
9.780000e-01 
9.690000e-01 
9.580000e-01 
9.450000e-01 
9.320000e-01 
9.160000e-01 
9.000000e-01 
8.830000e-01 
8.640000e-01 
8.450000e-01 
8.260000e-01 
8.070000e-01 
7.870000e-01 
7.670000e-01 
7.470000e-01 
7.270000e-01 
7.070000e-01 
6.880000e-01 
6.670000e-01 
6.470000e-01 
6.270000e-01 
6.070000e-01 
5.870000e-01 
5.670000e-01 
5.480000e-01 
5.290000e-01 
5.110000e-01 
4.940000e-01 
4.770000e-01 
4.610000e-01 
4.460000e-01 
4.310000e-01 
4.180000e-01 
4.050000e-01 
3.930000e-01 
3.820000e-01 
3.730000e-01 
3.640000e-01 
3.570000e-01 
3.510000e-01 
3.460000e-01 
3.430000e-01 
3.400000e-01 
3.390000e-01 
3.380000e-01 
3.390000e-01 
3.410000e-01 
3.430000e-01 
3.460000e-01 
3.500000e-01 
3.540000e-01 
3.580000e-01 
3.630000e-01 
3.670000e-01 
3.710000e-01 
3.750000e-01 
3.790000e-01 
3.820000e-01 
3.840000e-01 
3.860000e-01 
3.870000e-01 
3.870000e-01 
3.870000e-01 
3.850000e-01 
3.830000e-01 
3.800000e-01 
3.750000e-01 
3.700000e-01 
3.630000e-01 
3.560000e-01 
3.470000e-01 
3.370000e-01 
3.260000e-01 
3.130000e-01 
2.990000e-01 
2.840000e-01 
2.670000e-01 
2.490000e-01 
2.290000e-01 
2.070000e-01 
1.840000e-01 
1.590000e-01 
1.330000e-01 
1.050000e-01 
7.600000e-02 
4.600000e-02 
1.500000e-02 
-1.600000e-02 
-4.700000e-02 
-7.900000e-02 
-1.110000e-01 
-1.420000e-01 
-1.740000e-01 
-2.050000e-01 
-2.360000e-01 
-2.660000e-01 
-2.960000e-01 
-3.250000e-01 
-3.520000e-01 
-3.790000e-01 
-4.050000e-01 
-4.300000e-01 
-4.540000e-01 
-4.780000e-01 
-5.000000e-01 
-5.210000e-01 
-5.420000e-01 
-5.610000e-01 
-5.800000e-01 
-5.970000e-01 
-6.130000e-01 
-6.280000e-01 
-6.410000e-01 
-6.540000e-01 
-6.650000e-01 
-6.740000e-01 
-6.820000e-01 
-6.880000e-01 
-6.930000e-01 
-6.960000e-01 
-6.970000e-01 
-6.970000e-01 
-6.950000e-01 
-6.920000e-01 
-6.860000e-01 
-6.800000e-01 
-6.720000e-01 
-6.620000e-01 
-6.520000e-01 
-6.410000e-01 
-6.290000e-01 
-6.170000e-01 
-6.040000e-01 
-5.900000e-01 
-5.760000e-01 
-5.630000e-01 
-5.490000e-01 
-5.360000e-01 
-5.230000e-01 
-5.110000e-01 
-5.000000e-01 
-4.890000e-01 
-4.790000e-01 
-4.690000e-01 
-4.600000e-01 
-4.510000e-01 
-4.430000e-01 
-4.350000e-01 
-4.280000e-01 
-4.210000e-01 
-4.150000e-01 
-4.100000e-01 
-4.070000e-01 
-4.040000e-01 
-4.030000e-01 
-4.030000e-01 
-4.040000e-01 
-4.070000e-01 
-4.110000e-01 
-4.160000e-01 
-4.240000e-01 
-4.320000e-01 
-4.430000e-01 
-4.540000e-01 
-4.680000e-01 
-4.830000e-01 
-5.000000e-01 
-5.180000e-01 
-5.380000e-01 
-5.590000e-01 
-5.820000e-01 
-6.050000e-01 
-6.300000e-01 
-6.560000e-01 
-6.820000e-01 
-7.100000e-01 
-7.380000e-01 
-7.670000e-01 
-7.970000e-01 
-8.270000e-01 
-8.590000e-01 
-8.910000e-01 
-9.230000e-01 
-9.560000e-01 
-9.890000e-01 
-1.023000e+00 
-1.057000e+00 
-1.091000e+00 
-1.126000e+00 
-1.161000e+00 
-1.196000e+00 
-1.232000e+00 
-1.268000e+00 
-1.303000e+00 
-1.339000e+00 
-1.374000e+00 
-1.410000e+00 
-1.444000e+00 
-1.479000e+00 
-1.512000e+00 
-1.545000e+00 
-1.577000e+00 
-1.607000e+00 
-1.637000e+00 
-1.666000e+00 
-1.693000e+00 
-1.719000e+00 
-1.743000e+00 
-1.765000e+00 
-1.786000e+00 
-1.805000e+00 
-1.822000e+00 
-1.837000e+00 
-1.851000e+00 
-1.862000e+00 
-1.871000e+00 
-1.879000e+00 
-1.884000e+00 
-1.888000e+00 
-1.891000e+00 
-1.892000e+00 
-1.891000e+00 
-1.889000e+00 
-1.886000e+00 
-1.881000e+00 
-1.875000e+00 
-1.868000e+00 
-1.860000e+00 
-1.851000e+00 
-1.841000e+00 
-1.830000e+00 
-1.819000e+00 
-1.807000e+00 
-1.794000e+00 
-1.781000e+00 
-1.767000e+00 
-1.753000e+00 
-1.739000e+00 
-1.724000e+00 
-1.709000e+00 
-1.694000e+00 
-1.679000e+00 
-1.663000e+00 
-1.648000e+00 
-1.632000e+00 
-1.616000e+00 
-1.601000e+00 
-1.586000e+00 
-1.571000e+00 
-1.556000e+00 
-1.542000e+00 
-1.529000e+00 
-1.516000e+00 
-1.504000e+00 
-1.493000e+00 
-1.483000e+00 
-1.473000e+00 
-1.464000e+00 
-1.456000e+00 
-1.449000e+00 
-1.443000e+00 
-1.437000e+00 
-1.433000e+00 
-1.429000e+00 
-1.426000e+00 
-1.424000e+00 
-1.423000e+00 
-1.423000e+00 
-1.423000e+00 
-1.424000e+00 
-1.426000e+00 
-1.428000e+00 
-1.430000e+00 
-1.434000e+00 
-1.437000e+00 
-1.440000e+00 
-1.444000e+00 
-1.448000e+00 
-1.451000e+00 
-1.455000e+00 
-1.458000e+00 
-1.461000e+00 
-1.463000e+00 
-1.465000e+00 
-1.467000e+00 
-1.467000e+00 
-1.468000e+00 
-1.467000e+00 
-1.466000e+00 
-1.463000e+00 
-1.459000e+00 
-1.454000e+00 
-1.448000e+00 
-1.440000e+00 
-1.431000e+00 
-1.420000e+00 
-1.408000e+00 
-1.395000e+00 
-1.380000e+00 
-1.364000e+00 
-1.347000e+00 
-1.328000e+00 
-1.308000e+00 
-1.286000e+00 
-1.263000e+00 
-1.239000e+00 
-1.213000e+00 
-1.186000e+00 
-1.157000e+00 
-1.127000e+00 
-1.095000e+00 
-1.063000e+00 
-1.030000e+00 
-9.960000e-01 
-9.620000e-01 
-9.270000e-01 
-8.910000e-01 
-8.550000e-01 
-8.190000e-01 
-7.830000e-01 
-7.470000e-01 
-7.100000e-01 
-6.740000e-01 
-6.370000e-01 
-6.010000e-01 
-5.650000e-01 
-5.300000e-01 
-4.940000e-01 
-4.600000e-01 
-4.250000e-01 
-3.910000e-01 
-3.580000e-01 
-3.250000e-01 
-2.930000e-01 
-2.620000e-01 
-2.310000e-01 
-2.010000e-01 
-1.710000e-01 
-1.430000e-01 
-1.150000e-01 
-8.800000e-02 
-6.200000e-02 
-3.700000e-02 
-1.300000e-02 
1.100000e-02 
3.300000e-02 
5.500000e-02 
7.600000e-02 
9.700000e-02 
1.160000e-01 
1.360000e-01 
1.550000e-01 
1.730000e-01 
1.910000e-01 
2.080000e-01 
2.250000e-01 
2.410000e-01 
2.570000e-01 
2.720000e-01 
2.860000e-01 
3.010000e-01 
3.140000e-01 
3.280000e-01 
3.410000e-01 
3.530000e-01 
3.660000e-01 
3.780000e-01 
3.900000e-01 
4.020000e-01 
4.140000e-01 
4.260000e-01 
4.370000e-01 
4.490000e-01 
4.600000e-01 
4.720000e-01 
4.830000e-01 
4.950000e-01 
5.070000e-01 
5.190000e-01 
5.320000e-01 
5.450000e-01 
5.580000e-01 
5.730000e-01 
5.870000e-01 
6.020000e-01 
6.180000e-01 
6.340000e-01 
6.510000e-01 
6.680000e-01 
6.860000e-01 
7.050000e-01 
7.230000e-01 
7.430000e-01 
7.620000e-01 
7.820000e-01 
8.030000e-01 
8.230000e-01 
8.450000e-01 
8.660000e-01 
8.890000e-01 
9.110000e-01 
9.340000e-01 
9.580000e-01 
9.820000e-01 
1.006000e+00 
1.031000e+00 
1.055000e+00 
1.078000e+00 
1.102000e+00 
1.124000e+00 
1.146000e+00 
1.168000e+00 
1.189000e+00 
1.209000e+00 
1.229000e+00 
1.249000e+00 
1.269000e+00 
1.290000e+00 
1.310000e+00 
1.331000e+00 
1.351000e+00 
1.372000e+00 
1.391000e+00 
1.411000e+00 
1.430000e+00 
1.448000e+00 
1.465000e+00 
1.483000e+00 
1.499000e+00 
1.516000e+00 
1.532000e+00 
1.548000e+00 
1.564000e+00 
1.579000e+00 
1.595000e+00 
1.611000e+00 
1.627000e+00 
1.643000e+00 
1.658000e+00 
1.674000e+00 
1.689000e+00 
1.705000e+00 
1.720000e+00 
1.735000e+00 
1.751000e+00 
1.766000e+00 
1.781000e+00 
1.797000e+00 
1.813000e+00 
1.830000e+00 
1.846000e+00 
1.863000e+00 
1.881000e+00 
1.899000e+00 
1.918000e+00 
1.936000e+00 
1.955000e+00 
1.974000e+00 
1.993000e+00 
2.012000e+00 
2.031000e+00 
2.049000e+00 
2.068000e+00 
2.086000e+00 
2.103000e+00 
2.120000e+00 
2.137000e+00 
2.152000e+00 
2.167000e+00 
2.181000e+00 
2.194000e+00 
2.206000e+00 
2.217000e+00 
2.226000e+00 
2.234000e+00 
2.241000e+00 
2.246000e+00 
2.249000e+00 
2.251000e+00 
2.251000e+00 
2.249000e+00 
2.246000e+00 
2.240000e+00 
2.233000e+00 
2.225000e+00 
2.214000e+00 
2.202000e+00 
2.188000e+00 
2.172000e+00 
2.155000e+00 
2.135000e+00 
2.114000e+00 
2.091000e+00 
2.066000e+00 
2.040000e+00 
2.013000e+00 
1.984000e+00 
1.953000e+00 
1.921000e+00 
1.888000e+00 
1.854000e+00 
1.819000e+00 
1.782000e+00 
1.745000e+00 
1.706000e+00 
1.667000e+00 
1.627000e+00 
1.586000e+00 
1.545000e+00 
1.503000e+00 
1.461000e+00 
1.418000e+00 
1.375000e+00 
1.332000e+00 
1.289000e+00 
1.246000e+00 
1.202000e+00 
1.159000e+00 
1.115000e+00 
1.072000e+00 
1.030000e+00 
9.870000e-01 
9.450000e-01 
9.030000e-01 
8.610000e-01 
8.200000e-01 
7.800000e-01 
7.390000e-01 
6.990000e-01 
6.600000e-01 
6.210000e-01 
5.830000e-01 
5.450000e-01 
5.080000e-01 
4.710000e-01 
4.340000e-01 
3.980000e-01 
3.620000e-01 
3.260000e-01 
2.900000e-01 
2.540000e-01 
2.190000e-01 
1.830000e-01 
1.480000e-01 
1.130000e-01 
7.900000e-02 
4.400000e-02 
1.000000e-02 
-2.300000e-02 
-5.600000e-02 
-8.800000e-02 
-1.200000e-01 
-1.510000e-01 
-1.820000e-01 
-2.120000e-01 
-2.420000e-01 
-2.710000e-01 
-3.000000e-01 
-3.280000e-01 
-3.560000e-01 
-3.830000e-01 
-4.100000e-01 
-4.370000e-01 
-4.630000e-01 
-4.890000e-01 
-5.140000e-01 
-5.390000e-01 
-5.640000e-01 
-5.890000e-01 
-6.130000e-01 
-6.370000e-01 
-6.610000e-01 
-6.840000e-01 
-7.070000e-01 
-7.290000e-01 
-7.520000e-01 
-7.730000e-01 
-7.940000e-01 
-8.150000e-01 
-8.350000e-01 
-8.540000e-01 
-8.730000e-01 
-8.910000e-01 
-9.090000e-01 
-9.270000e-01 
-9.430000e-01 
-9.590000e-01 
-9.740000e-01 
-9.890000e-01 
-1.003000e+00 
-1.017000e+00 
-1.030000e+00 
-1.043000e+00 
-1.055000e+00 
-1.067000e+00 
-1.079000e+00 
-1.090000e+00 
-1.101000e+00 
-1.112000e+00 
-1.123000e+00 
-1.134000e+00 
-1.145000e+00 
-1.156000e+00 
-1.167000e+00 
-1.177000e+00 
-1.188000e+00 
-1.198000e+00 
-1.209000e+00 
-1.219000e+00 
-1.229000e+00 
-1.238000e+00 
-1.248000e+00 
-1.258000e+00 
-1.268000e+00 
-1.277000e+00 
-1.287000e+00 
-1.297000e+00 
-1.307000e+00 
-1.317000e+00 
-1.326000e+00 
-1.336000e+00 
-1.344000e+00 
-1.353000e+00 
-1.361000e+00 
-1.369000e+00 
-1.376000e+00 
-1.383000e+00 
-1.389000e+00 
-1.394000e+00 
-1.399000e+00 
-1.403000e+00 
-1.406000e+00 
-1.409000e+00 
-1.411000e+00 
-1.411000e+00 
-1.412000e+00 
-1.411000e+00 
-1.411000e+00 
-1.409000e+00 
-1.407000e+00 
-1.404000e+00 
-1.400000e+00 
-1.396000e+00 
-1.392000e+00 
-1.387000e+00 
-1.381000e+00 
-1.375000e+00 
-1.369000e+00 
-1.362000e+00 
-1.355000e+00 
-1.347000e+00 
-1.338000e+00 
-1.329000e+00 
-1.321000e+00 
-1.311000e+00 
-1.302000e+00 
-1.292000e+00 
-1.282000e+00 
-1.272000e+00 
-1.262000e+00 
-1.252000e+00 
-1.242000e+00 
-1.232000e+00 
-1.222000e+00 
-1.212000e+00 
-1.201000e+00 
-1.191000e+00 
-1.180000e+00 
-1.169000e+00 
-1.157000e+00 
-1.145000e+00 
-1.132000e+00 
-1.118000e+00 
-1.103000e+00 
-1.087000e+00 
-1.070000e+00 
-1.051000e+00 
-1.032000e+00 
-1.011000e+00 
-9.880000e-01 
-9.640000e-01 
-9.380000e-01 
-9.100000e-01 
-8.810000e-01 
-8.510000e-01 
-8.190000e-01 
-7.870000e-01 
-7.530000e-01 
-7.180000e-01 
-6.820000e-01 
-6.450000e-01 
-6.080000e-01 
-5.700000e-01 
-5.320000e-01 
-4.930000e-01 
-4.540000e-01 
-4.150000e-01 
-3.760000e-01 
-3.360000e-01 
-2.980000e-01 
-2.590000e-01 
-2.200000e-01 
-1.820000e-01 
-1.440000e-01 
-1.070000e-01 
-7.000000e-02 
-3.300000e-02 
3.000000e-03 
3.800000e-02 
7.300000e-02 
1.070000e-01 
1.410000e-01 
1.730000e-01 
2.050000e-01 
2.350000e-01 
2.650000e-01 
2.930000e-01 
3.200000e-01 
3.460000e-01 
3.700000e-01 
3.930000e-01 
4.140000e-01 
4.330000e-01 
4.510000e-01 
4.670000e-01 
4.810000e-01 
4.940000e-01 
5.050000e-01 
5.150000e-01 
5.230000e-01 
5.300000e-01 
5.350000e-01 
5.390000e-01 
5.410000e-01 
5.410000e-01 
5.410000e-01 
5.390000e-01 
5.350000e-01 
5.300000e-01 
5.240000e-01 
5.170000e-01 
5.090000e-01 
5.000000e-01 
4.900000e-01 
4.800000e-01 
4.690000e-01 
4.570000e-01 
4.440000e-01 
4.310000e-01 
4.180000e-01 
4.030000e-01 
3.890000e-01 
3.740000e-01 
3.590000e-01 
3.430000e-01 
3.270000e-01 
3.120000e-01 
2.960000e-01 
2.800000e-01 
2.650000e-01 
2.500000e-01 
2.350000e-01 
2.210000e-01 
2.070000e-01 
1.940000e-01 
1.820000e-01 
1.700000e-01 
1.590000e-01 
1.490000e-01 
1.390000e-01 
1.300000e-01 
1.210000e-01 
1.130000e-01 
1.060000e-01 
9.900000e-02 
9.300000e-02 
8.800000e-02 
8.300000e-02 
7.800000e-02 
7.500000e-02 
7.200000e-02 
6.900000e-02 
6.700000e-02 
6.400000e-02 
6.300000e-02 
