1 
1.000000e-02 
3.087000e-03 
3.880000e-03 
4.410000e-03 
3.932000e-03 
4.083000e-03 
3.900000e-03 
4.067000e-03 
5.340000e-03 
6.961000e-03 
7.767000e-03 
7.399000e-03 
4.272000e-03 
-5.580000e-04 
-2.658000e-03 
-1.501000e-03 
1.306000e-03 
6.886000e-03 
1.215700e-02 
1.032500e-02 
5.751000e-03 
3.963000e-03 
5.367000e-03 
1.092900e-02 
1.541300e-02 
1.377600e-02 
7.141000e-03 
-2.578000e-03 
-1.800200e-02 
-3.059700e-02 
-2.405100e-02 
-7.730000e-03 
2.384000e-03 
5.430000e-03 
1.703000e-03 
-4.347000e-03 
-2.225000e-03 
1.197200e-02 
2.777600e-02 
2.473200e-02 
2.292000e-03 
-1.316500e-02 
-1.348100e-02 
-4.231000e-03 
5.895000e-03 
-3.987000e-03 
-2.457500e-02 
-3.280000e-02 
-3.119000e-02 
-2.303900e-02 
-1.505700e-02 
-1.423500e-02 
-1.493700e-02 
-1.201300e-02 
-2.523000e-03 
7.518000e-03 
9.071000e-03 
-2.178000e-03 
-1.781500e-02 
-1.310100e-02 
9.717000e-03 
2.332000e-02 
2.638700e-02 
2.146000e-02 
7.854000e-03 
1.330000e-03 
-3.539000e-03 
-1.459900e-02 
-1.543000e-02 
-8.540000e-03 
-8.643000e-03 
-7.262000e-03 
1.645000e-03 
-3.644000e-03 
-2.882600e-02 
-4.491200e-02 
-3.494800e-02 
-1.514500e-02 
-4.955000e-03 
4.425000e-03 
1.802100e-02 
2.385000e-02 
2.456600e-02 
2.746100e-02 
2.519600e-02 
1.519600e-02 
9.267000e-03 
7.774000e-03 
8.676000e-03 
1.648600e-02 
2.240700e-02 
1.302800e-02 
-6.423000e-03 
-2.027100e-02 
-8.626000e-03 
2.605700e-02 
4.906000e-02 
3.558300e-02 
-4.560000e-03 
-2.597900e-02 
-3.346900e-02 
-4.838400e-02 
-3.522000e-02 
-1.226800e-02 
-1.622800e-02 
-2.829500e-02 
-2.892500e-02 
4.363000e-03 
4.954400e-02 
6.847700e-02 
8.453700e-02 
7.930000e-02 
4.384200e-02 
2.595700e-02 
1.311100e-02 
3.250000e-04 
1.308700e-02 
3.310600e-02 
4.426300e-02 
4.711800e-02 
2.787700e-02 
1.960000e-03 
-7.271000e-03 
-1.757100e-02 
-3.640400e-02 
-3.307700e-02 
1.720000e-04 
2.070900e-02 
3.119100e-02 
4.578400e-02 
2.953600e-02 
1.596000e-03 
-6.827000e-03 
-9.155000e-03 
-5.741000e-03 
-4.559000e-03 
-5.755000e-03 
-6.043000e-03 
-3.507200e-02 
-8.476300e-02 
-1.061770e-01 
-1.020320e-01 
-9.439100e-02 
-8.115100e-02 
-6.543500e-02 
-3.483000e-02 
-8.978000e-03 
-1.130700e-02 
1.295100e-02 
7.230000e-02 
1.057590e-01 
1.128570e-01 
1.152420e-01 
1.137600e-01 
1.185540e-01 
1.259580e-01 
1.386300e-01 
1.301800e-01 
7.971000e-02 
8.860000e-03 
-1.226040e-01 
-2.443130e-01 
-2.269800e-01 
-1.598230e-01 
-1.237950e-01 
-3.969800e-02 
1.018130e-01 
1.712000e-01 
1.355800e-01 
9.475400e-02 
7.839400e-02 
5.400900e-02 
4.743100e-02 
7.942600e-02 
7.673400e-02 
1.535900e-02 
-3.041600e-02 
-4.424600e-02 
-3.311500e-02 
1.948600e-02 
1.034060e-01 
1.834600e-01 
1.656990e-01 
5.339100e-02 
-1.300740e-01 
-3.623120e-01 
-3.559570e-01 
-1.584610e-01 
-7.942700e-02 
6.905000e-03 
1.195060e-01 
8.551800e-02 
-6.990000e-04 
-1.343000e-02 
2.152800e-02 
7.407800e-02 
1.149610e-01 
1.224930e-01 
8.396900e-02 
9.821000e-03 
-3.821400e-02 
-6.672800e-02 
-5.639900e-02 
-8.379000e-03 
-2.400000e-04 
-1.153000e-03 
1.682400e-02 
2.216700e-02 
1.709000e-03 
-5.475000e-02 
-1.191030e-01 
-1.583790e-01 
-1.786930e-01 
-1.571950e-01 
-9.500300e-02 
-2.581400e-02 
9.119500e-02 
2.195390e-01 
2.031340e-01 
4.263400e-02 
-1.326000e-01 
-2.305470e-01 
-2.184800e-01 
-1.743430e-01 
-1.502250e-01 
-1.314900e-01 
-6.534300e-02 
1.582900e-02 
-1.217100e-02 
-6.801500e-02 
-6.392200e-02 
-7.329800e-02 
-5.496100e-02 
2.466300e-02 
7.120800e-02 
1.087050e-01 
1.634050e-01 
1.783500e-01 
1.805090e-01 
1.961690e-01 
2.012470e-01 
1.947820e-01 
1.916260e-01 
1.674330e-01 
7.910000e-02 
-5.154200e-02 
-1.802130e-01 
-2.154740e-01 
-1.369610e-01 
-1.063610e-01 
-1.074220e-01 
-6.086400e-02 
-9.552400e-02 
-1.768110e-01 
-1.832700e-01 
-1.537540e-01 
-1.156170e-01 
-6.156100e-02 
3.253100e-02 
9.058000e-02 
6.664400e-02 
6.149100e-02 
5.900800e-02 
4.439200e-02 
6.899000e-02 
1.013410e-01 
1.129340e-01 
1.124060e-01 
8.498600e-02 
3.900300e-02 
2.065500e-02 
5.702300e-02 
1.006370e-01 
1.099030e-01 
1.070050e-01 
-7.472800e-02 
-3.379990e-01 
-3.393160e-01 
-3.072840e-01 
-3.529370e-01 
-2.988740e-01 
-2.056670e-01 
-6.584000e-02 
1.340660e-01 
2.967050e-01 
3.496480e-01 
2.929590e-01 
2.016490e-01 
1.321960e-01 
-7.327000e-03 
-1.205860e-01 
-3.043400e-02 
5.578900e-02 
6.184900e-02 
6.186200e-02 
4.490000e-03 
-6.537300e-02 
-1.182040e-01 
-1.293970e-01 
-8.799600e-02 
-6.499900e-02 
-5.269500e-02 
-2.957500e-02 
-3.400500e-02 
-4.638400e-02 
-3.074700e-02 
3.590000e-03 
5.157900e-02 
1.039460e-01 
1.434720e-01 
1.502070e-01 
9.485500e-02 
-5.274600e-02 
-2.001740e-01 
-1.833430e-01 
-4.606200e-02 
9.120700e-02 
1.968240e-01 
2.522450e-01 
2.568960e-01 
2.179210e-01 
1.213920e-01 
-7.336200e-02 
-2.223870e-01 
-2.090280e-01 
-1.864100e-01 
-1.460940e-01 
-3.722500e-02 
1.399100e-02 
-1.318000e-02 
-3.852100e-02 
-6.779200e-02 
-1.131210e-01 
-1.261900e-01 
-9.544600e-02 
-6.383700e-02 
-1.956100e-02 
6.278300e-02 
9.134200e-02 
6.489400e-02 
9.084100e-02 
1.405400e-01 
1.148230e-01 
3.777300e-02 
-3.187000e-02 
-1.353000e-01 
-2.219690e-01 
-1.902520e-01 
-1.175780e-01 
-8.808500e-02 
-4.406900e-02 
3.948000e-02 
1.301660e-01 
2.022030e-01 
2.157450e-01 
1.883970e-01 
1.612290e-01 
1.485450e-01 
1.064330e-01 
-8.631000e-03 
-8.085400e-02 
-6.793300e-02 
-7.018500e-02 
-5.027900e-02 
6.137000e-03 
3.338300e-02 
7.064200e-02 
1.372330e-01 
1.837780e-01 
1.498900e-01 
6.109000e-02 
5.909000e-03 
-7.465100e-02 
-1.612350e-01 
-1.430450e-01 
-1.011140e-01 
-9.201500e-02 
-7.820400e-02 
-4.146700e-02 
3.540400e-02 
9.450800e-02 
9.006200e-02 
7.249700e-02 
5.536800e-02 
3.633800e-02 
2.640600e-02 
2.616200e-02 
7.170000e-03 
-7.032900e-02 
-1.450830e-01 
-1.698970e-01 
-1.518280e-01 
-1.142360e-01 
-3.347300e-02 
1.190590e-01 
1.578990e-01 
4.416300e-02 
-2.593200e-02 
-9.424800e-02 
-2.397890e-01 
-2.803180e-01 
-1.884580e-01 
-1.380290e-01 
-1.143370e-01 
-1.324200e-02 
7.508100e-02 
1.579500e-02 
-8.812700e-02 
-1.534920e-01 
-2.121070e-01 
-1.896610e-01 
-8.184100e-02 
8.584000e-03 
1.392010e-01 
2.950280e-01 
3.061260e-01 
2.361280e-01 
2.121440e-01 
1.464000e-01 
-3.347300e-02 
-2.114580e-01 
-2.846400e-01 
-2.984360e-01 
-3.105980e-01 
-2.901590e-01 
-2.480050e-01 
-2.263100e-01 
-1.696850e-01 
-8.687700e-02 
-4.784400e-02 
-2.917300e-02 
-1.364400e-02 
-1.202100e-02 
6.559000e-03 
4.458900e-02 
7.984500e-02 
1.292080e-01 
1.891840e-01 
2.140370e-01 
1.874690e-01 
1.612490e-01 
1.661540e-01 
1.601610e-01 
1.406580e-01 
1.341380e-01 
1.336970e-01 
1.281060e-01 
9.084400e-02 
3.371000e-03 
-4.987700e-02 
4.252000e-03 
6.778900e-02 
1.132060e-01 
2.187940e-01 
2.990800e-01 
2.907390e-01 
2.545240e-01 
2.214380e-01 
1.748790e-01 
8.541500e-02 
3.511500e-02 
5.668200e-02 
4.300900e-02 
-1.987800e-02 
-6.570500e-02 
-7.945900e-02 
-9.713200e-02 
-1.064130e-01 
-8.033700e-02 
-7.517000e-02 
-1.456510e-01 
-2.393790e-01 
-2.808440e-01 
-3.050710e-01 
-2.910240e-01 
-2.066720e-01 
-1.356620e-01 
2.825000e-02 
1.844560e-01 
5.913800e-02 
-5.888500e-02 
-3.033300e-02 
-4.628500e-02 
-2.118500e-02 
3.891400e-02 
4.911100e-02 
6.411000e-02 
8.494600e-02 
9.942200e-02 
1.018620e-01 
7.067100e-02 
4.112600e-02 
5.391600e-02 
1.059390e-01 
1.417770e-01 
9.882300e-02 
2.167000e-03 
-1.397670e-01 
-2.384290e-01 
-1.592050e-01 
-3.692500e-02 
3.586500e-02 
7.138300e-02 
4.342100e-02 
2.580700e-02 
3.540100e-02 
4.638800e-02 
6.605100e-02 
5.661800e-02 
1.911500e-02 
-7.280000e-04 
-9.482000e-03 
-1.757100e-02 
-4.322000e-03 
2.284100e-02 
4.696300e-02 
6.264600e-02 
4.131800e-02 
-1.003200e-02 
-6.368700e-02 
-1.228950e-01 
-1.410700e-01 
-8.372600e-02 
-9.524000e-03 
4.774300e-02 
9.355300e-02 
6.964100e-02 
-3.776000e-02 
-1.306990e-01 
-1.663020e-01 
-1.525010e-01 
-7.320800e-02 
3.841400e-02 
1.074400e-01 
1.169600e-01 
3.590200e-02 
-1.136290e-01 
-1.727850e-01 
-1.288860e-01 
-7.415400e-02 
6.402900e-02 
2.614510e-01 
3.226810e-01 
2.618360e-01 
2.018750e-01 
7.361800e-02 
-1.105650e-01 
-7.150700e-02 
8.775400e-02 
1.201400e-01 
1.840330e-01 
2.899880e-01 
3.034420e-01 
2.537300e-01 
2.140080e-01 
1.762670e-01 
1.054730e-01 
2.127500e-02 
-5.441500e-02 
-1.001060e-01 
-1.253030e-01 
-1.237400e-01 
-7.009000e-02 
-1.777100e-02 
2.365800e-02 
8.470200e-02 
1.437650e-01 
1.577770e-01 
8.830200e-02 
1.293400e-02 
-1.607900e-02 
-9.353500e-02 
-1.757010e-01 
-1.663990e-01 
-1.702630e-01 
-1.975370e-01 
-1.519190e-01 
-1.064510e-01 
-6.509700e-02 
1.083470e-01 
2.542270e-01 
1.745710e-01 
9.319400e-02 
7.883100e-02 
-2.486100e-02 
-1.087630e-01 
-1.075060e-01 
-8.237100e-02 
-1.584200e-02 
3.731800e-02 
6.901100e-02 
1.252780e-01 
1.517220e-01 
1.260550e-01 
8.912800e-02 
6.800600e-02 
4.945100e-02 
6.448000e-03 
-6.244000e-02 
-1.158630e-01 
-1.314260e-01 
-1.233760e-01 
-8.478200e-02 
-4.131400e-02 
-2.276700e-02 
3.340000e-03 
2.170400e-02 
-1.522600e-02 
-5.814300e-02 
-6.210000e-02 
-6.268700e-02 
-5.207100e-02 
-1.375100e-02 
1.683700e-02 
4.131500e-02 
6.279900e-02 
4.613300e-02 
2.163000e-03 
-2.388200e-02 
-4.217600e-02 
-6.504000e-02 
-4.381900e-02 
1.507200e-02 
8.176600e-02 
1.753960e-01 
2.328950e-01 
2.190690e-01 
1.967460e-01 
1.807090e-01 
1.522600e-01 
1.019400e-01 
2.614000e-02 
-1.240100e-01 
-2.685800e-01 
-2.755790e-01 
-2.600240e-01 
-2.508840e-01 
-1.859560e-01 
-1.135330e-01 
-2.455200e-02 
4.920400e-02 
6.469100e-02 
7.483500e-02 
7.981400e-02 
6.040700e-02 
7.207300e-02 
1.150100e-01 
1.342360e-01 
1.312080e-01 
1.129260e-01 
8.768600e-02 
8.395700e-02 
9.880400e-02 
1.166120e-01 
9.913900e-02 
3.652900e-02 
-7.577000e-03 
-4.124500e-02 
-8.796200e-02 
-6.167200e-02 
3.294400e-02 
1.297950e-01 
2.018320e-01 
1.812500e-01 
1.309420e-01 
1.297570e-01 
1.168310e-01 
9.839100e-02 
1.108220e-01 
9.915800e-02 
4.664100e-02 
1.158500e-02 
-2.548200e-02 
-8.779100e-02 
-1.129450e-01 
-8.550100e-02 
-5.059400e-02 
-3.727500e-02 
-2.572000e-02 
-1.400800e-02 
-3.511200e-02 
-6.070000e-02 
-6.806500e-02 
-9.164800e-02 
-1.279710e-01 
-1.561160e-01 
-1.858040e-01 
-2.196220e-01 
-2.265430e-01 
-1.798070e-01 
-1.300980e-01 
-1.143720e-01 
-1.032880e-01 
-1.092350e-01 
-1.329750e-01 
-1.359020e-01 
-1.140520e-01 
-8.294400e-02 
-5.370000e-02 
-3.207800e-02 
-5.825400e-02 
-1.131490e-01 
-1.271970e-01 
-1.188710e-01 
-9.285800e-02 
-2.963500e-02 
3.598400e-02 
7.925600e-02 
1.215190e-01 
1.566200e-01 
1.705860e-01 
1.903320e-01 
2.154870e-01 
2.283110e-01 
2.378170e-01 
2.368460e-01 
2.122230e-01 
1.618680e-01 
8.467100e-02 
4.260900e-02 
4.651000e-02 
3.710600e-02 
3.497200e-02 
4.378500e-02 
1.935100e-02 
-2.616800e-02 
-6.725500e-02 
-1.140660e-01 
-1.452960e-01 
-1.592250e-01 
-1.770820e-01 
-1.665920e-01 
-1.481550e-01 
-1.555850e-01 
-1.545970e-01 
-1.471580e-01 
-1.532280e-01 
-1.463070e-01 
-1.153820e-01 
-7.458800e-02 
-2.127300e-02 
4.188600e-02 
8.544100e-02 
9.990800e-02 
8.641300e-02 
4.180600e-02 
-5.711000e-03 
-4.994300e-02 
-7.576400e-02 
-7.664800e-02 
-8.056400e-02 
-7.857400e-02 
-8.842000e-02 
-1.183500e-01 
-1.329520e-01 
-1.395380e-01 
-1.579330e-01 
-1.571060e-01 
-1.276650e-01 
-9.953500e-02 
-4.013800e-02 
4.827000e-02 
8.412500e-02 
6.884700e-02 
3.879200e-02 
-7.000000e-04 
-2.768900e-02 
-4.787400e-02 
-5.789600e-02 
-5.054800e-02 
-6.122700e-02 
-8.637300e-02 
-1.048270e-01 
-9.967800e-02 
-5.756300e-02 
-2.453400e-02 
-1.232700e-02 
1.062600e-02 
1.991800e-02 
1.068500e-02 
1.689200e-02 
2.909500e-02 
2.917200e-02 
1.933100e-02 
5.309000e-03 
-2.551000e-03 
-1.004400e-02 
-1.083900e-02 
6.104000e-03 
1.680500e-02 
2.054200e-02 
4.328700e-02 
6.240200e-02 
5.837600e-02 
5.826200e-02 
5.448900e-02 
3.507400e-02 
1.001000e-02 
-1.852500e-02 
-3.146400e-02 
-2.988800e-02 
-3.847700e-02 
-4.118600e-02 
-1.879000e-02 
6.130000e-04 
8.445000e-03 
1.539700e-02 
-1.314000e-03 
-3.165100e-02 
-5.054300e-02 
-6.705700e-02 
-7.661900e-02 
-7.486900e-02 
-6.364300e-02 
-4.897700e-02 
-4.759000e-02 
-5.359600e-02 
-3.798200e-02 
-6.929000e-03 
1.787900e-02 
5.543800e-02 
8.922800e-02 
9.192400e-02 
8.521100e-02 
7.405400e-02 
6.237500e-02 
5.444200e-02 
5.381100e-02 
6.864400e-02 
8.554400e-02 
8.041900e-02 
4.566700e-02 
1.733600e-02 
-2.747700e-02 
-8.505900e-02 
-8.249100e-02 
-6.864300e-02 
-8.105600e-02 
-8.014100e-02 
-6.071400e-02 
-2.096300e-02 
2.717300e-02 
4.872800e-02 
4.678600e-02 
3.580800e-02 
2.071200e-02 
1.196400e-02 
4.583000e-03 
1.040400e-02 
2.954500e-02 
4.069800e-02 
5.816900e-02 
7.966700e-02 
8.535500e-02 
7.839500e-02 
5.875100e-02 
3.044800e-02 
4.488000e-03 
-1.169900e-02 
-6.723000e-03 
1.334600e-02 
1.969800e-02 
1.873600e-02 
2.289000e-02 
1.341200e-02 
-7.190000e-04 
-6.856000e-03 
-1.757000e-02 
-2.745500e-02 
-3.202900e-02 
-3.128100e-02 
-1.656900e-02 
1.314000e-03 
1.303700e-02 
1.988100e-02 
2.040800e-02 
1.765500e-02 
1.670900e-02 
1.810400e-02 
1.706900e-02 
1.256100e-02 
-2.630000e-04 
-1.571900e-02 
-1.462400e-02 
-1.208600e-02 
-2.207400e-02 
-2.781400e-02 
-2.462800e-02 
-2.045900e-02 
-2.027000e-02 
-2.535200e-02 
-3.345400e-02 
-4.179100e-02 
-5.217400e-02 
-5.453400e-02 
-4.206000e-02 
-3.441400e-02 
-3.369400e-02 
-2.522200e-02 
-9.907000e-03 
1.165400e-02 
3.154600e-02 
3.497500e-02 
4.150100e-02 
6.668500e-02 
8.822700e-02 
1.036870e-01 
1.138260e-01 
1.055090e-01 
7.336900e-02 
1.775000e-02 
-1.388100e-02 
1.123100e-02 
3.526300e-02 
2.930600e-02 
2.272400e-02 
9.960000e-03 
-1.454000e-02 
-3.455100e-02 
-3.991300e-02 
-3.061900e-02 
-2.534900e-02 
-2.755800e-02 
-2.625900e-02 
-2.631200e-02 
-2.267100e-02 
-1.022100e-02 
-3.724000e-03 
-2.611000e-03 
-1.117000e-03 
-7.548000e-03 
-1.661500e-02 
-2.215400e-02 
-3.023100e-02 
-3.420700e-02 
-2.376000e-02 
-1.010200e-02 
-2.605000e-03 
6.114000e-03 
1.212900e-02 
7.093000e-03 
-1.053000e-03 
-3.770000e-03 
-6.756000e-03 
-1.267200e-02 
-1.646600e-02 
-1.856600e-02 
-2.216500e-02 
-2.870300e-02 
-3.536800e-02 
-3.872200e-02 
-4.135500e-02 
-4.464200e-02 
-4.783800e-02 
-4.974600e-02 
-4.370700e-02 
-3.320200e-02 
-2.301300e-02 
-1.130400e-02 
-9.984000e-03 
-1.767700e-02 
-2.176200e-02 
-2.511100e-02 
-3.033600e-02 
-4.100600e-02 
-5.243300e-02 
-4.496500e-02 
-2.778500e-02 
-8.616000e-03 
3.681500e-02 
7.232900e-02 
6.705300e-02 
6.545900e-02 
6.725900e-02 
4.972500e-02 
3.009700e-02 
2.159300e-02 
2.400400e-02 
2.896600e-02 
2.504100e-02 
6.295000e-03 
-2.077200e-02 
-3.274100e-02 
-3.390500e-02 
-3.948100e-02 
-3.686300e-02 
-3.199600e-02 
-3.823400e-02 
-4.602800e-02 
-4.950700e-02 
-4.077000e-02 
-2.139700e-02 
8.525000e-03 
4.965000e-02 
6.269000e-02 
6.277400e-02 
7.975700e-02 
8.140500e-02 
7.402200e-02 
8.429100e-02 
1.038410e-01 
1.189130e-01 
1.267620e-01 
1.198120e-01 
9.958400e-02 
7.135700e-02 
3.462700e-02 
2.004900e-02 
3.324700e-02 
4.566400e-02 
5.191600e-02 
4.905200e-02 
3.988500e-02 
2.504800e-02 
-2.418000e-03 
-2.562700e-02 
-2.936100e-02 
-2.882200e-02 
-3.662400e-02 
-4.209600e-02 
-3.678200e-02 
-3.045400e-02 
-2.663500e-02 
-1.654100e-02 
-4.564000e-03 
5.300000e-03 
2.438500e-02 
4.580300e-02 
4.773200e-02 
3.869200e-02 
3.516700e-02 
3.277300e-02 
2.889200e-02 
3.155800e-02 
4.068200e-02 
4.647000e-02 
4.647400e-02 
4.147100e-02 
2.326900e-02 
-6.450000e-03 
-1.836800e-02 
-6.570000e-03 
5.906000e-03 
1.741900e-02 
3.351300e-02 
3.905200e-02 
3.143000e-02 
3.486400e-02 
4.750100e-02 
5.233100e-02 
5.142500e-02 
4.759000e-02 
2.605800e-02 
-3.178000e-03 
-1.251400e-02 
-1.708100e-02 
-2.009200e-02 
-2.478000e-02 
-5.342800e-02 
-8.426600e-02 
-8.753900e-02 
-6.024600e-02 
-2.891100e-02 
-8.620000e-03 
1.401500e-02 
2.900500e-02 
3.178900e-02 
3.001500e-02 
3.027100e-02 
3.499900e-02 
2.103900e-02 
-2.695700e-02 
-7.400500e-02 
-8.399500e-02 
-6.216900e-02 
-2.698100e-02 
5.330000e-04 
1.085600e-02 
1.299300e-02 
1.785000e-02 
1.701300e-02 
1.108800e-02 
1.372400e-02 
1.559500e-02 
1.153200e-02 
6.000000e-03 
-4.940000e-04 
1.617000e-03 
1.843900e-02 
2.876700e-02 
2.253500e-02 
2.070400e-02 
2.233400e-02 
1.666900e-02 
1.726600e-02 
3.103200e-02 
4.289100e-02 
5.241500e-02 
6.396700e-02 
6.787100e-02 
6.990300e-02 
7.558400e-02 
7.826500e-02 
7.928200e-02 
8.058600e-02 
7.546300e-02 
6.557200e-02 
4.999800e-02 
1.925000e-02 
-9.000000e-04 
4.200000e-03 
9.300000e-05 
-8.938000e-03 
1.660000e-03 
1.870700e-02 
3.504000e-02 
4.533600e-02 
3.749000e-02 
2.584100e-02 
2.246800e-02 
1.583100e-02 
1.236100e-02 
2.559100e-02 
3.914200e-02 
4.340700e-02 
4.197900e-02 
2.398000e-02 
-2.937000e-03 
-1.718100e-02 
-2.020200e-02 
-2.190500e-02 
-2.214500e-02 
-3.721500e-02 
-6.661100e-02 
-7.311400e-02 
-7.182200e-02 
-8.500300e-02 
-8.601000e-02 
-7.374200e-02 
-6.477800e-02 
-5.699500e-02 
-5.040300e-02 
-4.802900e-02 
-4.796200e-02 
-5.193000e-02 
-6.195100e-02 
-7.810600e-02 
-9.353500e-02 
-9.915700e-02 
-1.024580e-01 
-1.037510e-01 
-9.746700e-02 
-9.254300e-02 
-8.939800e-02 
-8.447900e-02 
-8.054700e-02 
-7.641400e-02 
-6.708700e-02 
-5.349000e-02 
-4.747100e-02 
-4.684100e-02 
-4.613900e-02 
-5.336700e-02 
-6.368200e-02 
-7.339900e-02 
-7.024600e-02 
-4.854400e-02 
-3.930400e-02 
-4.018700e-02 
-3.870700e-02 
-5.031500e-02 
-6.504400e-02 
-7.135000e-02 
-7.146400e-02 
-6.078800e-02 
-4.481500e-02 
-3.154800e-02 
-2.305700e-02 
-2.066400e-02 
-2.568500e-02 
-3.442600e-02 
-3.984700e-02 
-4.763600e-02 
-5.411200e-02 
-4.912800e-02 
-4.291800e-02 
-4.234000e-02 
-3.946900e-02 
-3.196000e-02 
-2.469500e-02 
-2.024600e-02 
-1.672400e-02 
-1.119900e-02 
-4.571000e-03 
-2.450000e-04 
1.347000e-03 
3.839000e-03 
6.885000e-03 
8.544000e-03 
7.201000e-03 
6.340000e-04 
-6.574000e-03 
-1.042700e-02 
-1.298300e-02 
-9.656000e-03 
2.616000e-03 
1.388700e-02 
2.502000e-02 
4.121800e-02 
5.008800e-02 
5.044500e-02 
5.530200e-02 
6.252800e-02 
6.410400e-02 
5.959000e-02 
5.532400e-02 
5.324100e-02 
5.037400e-02 
5.142900e-02 
5.411400e-02 
5.478800e-02 
5.842400e-02 
6.257700e-02 
6.232400e-02 
5.414700e-02 
3.405300e-02 
1.482800e-02 
1.167200e-02 
1.620500e-02 
1.781200e-02 
1.718700e-02 
1.858600e-02 
2.097400e-02 
1.939700e-02 
1.667300e-02 
1.693300e-02 
2.159100e-02 
2.851100e-02 
3.226300e-02 
3.597900e-02 
4.110700e-02 
3.731900e-02 
2.862900e-02 
1.943600e-02 
-1.394000e-03 
-1.841200e-02 
-2.387000e-02 
-3.593500e-02 
-4.649500e-02 
-5.214500e-02 
-5.204900e-02 
-3.710200e-02 
-2.508300e-02 
-1.299300e-02 
3.295000e-03 
4.294000e-03 
7.012000e-03 
2.531600e-02 
4.321200e-02 
5.575600e-02 
6.496100e-02 
7.038800e-02 
7.679000e-02 
8.339200e-02 
8.381100e-02 
8.155300e-02 
8.235900e-02 
8.389400e-02 
8.408500e-02 
8.462300e-02 
8.425800e-02 
7.836700e-02 
6.845600e-02 
5.821300e-02 
5.526800e-02 
6.859900e-02 
8.194400e-02 
8.651200e-02 
8.934100e-02 
8.175400e-02 
6.337800e-02 
3.961000e-02 
2.197400e-02 
1.633500e-02 
3.836000e-03 
-1.240100e-02 
-1.741300e-02 
-1.592300e-02 
-1.546700e-02 
-1.848300e-02 
-2.561600e-02 
-3.526700e-02 
-4.106900e-02 
-4.017000e-02 
-3.306900e-02 
-2.544800e-02 
-2.327300e-02 
-2.046000e-02 
-1.791100e-02 
-2.192200e-02 
-2.548200e-02 
-2.532800e-02 
-2.455600e-02 
-2.240100e-02 
-2.107300e-02 
-1.962300e-02 
-1.322300e-02 
7.410000e-04 
1.868400e-02 
3.564600e-02 
5.540900e-02 
5.968400e-02 
4.212400e-02 
3.589500e-02 
3.084400e-02 
1.154200e-02 
3.383000e-03 
4.433000e-03 
1.217000e-03 
-3.460000e-04 
2.677000e-03 
7.536000e-03 
1.162400e-02 
1.550100e-02 
2.091600e-02 
2.619700e-02 
2.988000e-02 
3.344100e-02 
3.635500e-02 
3.519900e-02 
3.282000e-02 
3.307500e-02 
3.462200e-02 
3.747900e-02 
3.967300e-02 
3.387400e-02 
2.069700e-02 
1.355000e-03 
-3.096000e-02 
-5.470800e-02 
-5.204900e-02 
-4.070600e-02 
-2.698000e-02 
-1.129300e-02 
-1.859000e-03 
2.110000e-04 
-1.547000e-03 
-4.526000e-03 
-7.458000e-03 
-1.175100e-02 
-1.707300e-02 
-2.185700e-02 
-2.180500e-02 
-1.265900e-02 
-4.592000e-03 
-5.664000e-03 
-1.479000e-02 
-2.997200e-02 
-4.076900e-02 
-4.440300e-02 
-4.465900e-02 
-3.889200e-02 
-3.243300e-02 
-3.053900e-02 
-3.276100e-02 
-3.938800e-02 
-4.711200e-02 
-5.368600e-02 
-6.170900e-02 
-6.323700e-02 
-5.244500e-02 
-4.450100e-02 
-3.818800e-02 
-2.767900e-02 
-2.267900e-02 
-2.334200e-02 
-2.900400e-02 
-3.766000e-02 
-4.893200e-02 
-5.643100e-02 
-5.197000e-02 
-5.065900e-02 
-5.581100e-02 
-5.973300e-02 
-6.580300e-02 
-7.073500e-02 
-7.462400e-02 
-7.588600e-02 
-7.100800e-02 
-6.563700e-02 
-5.621100e-02 
-4.486200e-02 
-4.004900e-02 
-3.746000e-02 
-3.334200e-02 
-2.934900e-02 
-2.339800e-02 
-1.349100e-02 
-6.593000e-03 
-4.769000e-03 
-4.865000e-03 
-1.032600e-02 
-1.788600e-02 
-2.761100e-02 
-4.418100e-02 
-5.552700e-02 
-5.679600e-02 
-5.324300e-02 
-4.671200e-02 
-4.123300e-02 
-3.768200e-02 
-4.197800e-02 
-5.115400e-02 
-5.475800e-02 
-5.989200e-02 
-6.966200e-02 
-7.695900e-02 
-8.136700e-02 
-7.769800e-02 
-6.674000e-02 
-5.270300e-02 
-2.966000e-02 
-1.477400e-02 
-1.390900e-02 
-1.032600e-02 
-7.253000e-03 
-4.692000e-03 
9.100000e-05 
3.748000e-03 
6.821000e-03 
4.789000e-03 
-1.788000e-03 
-6.742000e-03 
-1.118100e-02 
-9.460000e-03 
-1.567000e-03 
1.492000e-03 
3.685000e-03 
1.027900e-02 
1.654200e-02 
2.001700e-02 
2.098900e-02 
1.834500e-02 
1.445600e-02 
1.256600e-02 
1.289900e-02 
1.830300e-02 
2.800600e-02 
3.598200e-02 
3.702300e-02 
3.529100e-02 
3.700100e-02 
3.840100e-02 
3.941100e-02 
4.244800e-02 
4.465400e-02 
4.619000e-02 
4.591000e-02 
4.095100e-02 
3.579600e-02 
3.187900e-02 
2.906100e-02 
3.059200e-02 
3.151700e-02 
2.650500e-02 
2.066400e-02 
1.913900e-02 
1.886500e-02 
2.262900e-02 
3.144600e-02 
4.041900e-02 
5.034600e-02 
5.518600e-02 
5.426300e-02 
5.264400e-02 
5.120900e-02 
5.275100e-02 
5.426600e-02 
5.231700e-02 
4.588400e-02 
3.859000e-02 
3.461100e-02 
3.333100e-02 
3.979400e-02 
5.135300e-02 
6.074600e-02 
6.703800e-02 
6.620900e-02 
5.853800e-02 
5.157200e-02 
4.696200e-02 
3.856300e-02 
2.842400e-02 
2.214800e-02 
1.965100e-02 
1.891000e-02 
1.808500e-02 
1.903500e-02 
2.381900e-02 
3.302100e-02 
4.028700e-02 
4.352800e-02 
4.630800e-02 
4.182100e-02 
2.924300e-02 
1.737700e-02 
1.357400e-02 
1.395800e-02 
7.680000e-03 
-2.940000e-03 
-1.397800e-02 
-1.957300e-02 
-1.565600e-02 
-1.367300e-02 
-1.072300e-02 
-1.634000e-03 
1.099000e-03 
-1.237000e-03 
-1.572000e-03 
-1.437000e-03 
3.787000e-03 
1.253800e-02 
1.869300e-02 
2.415100e-02 
2.140800e-02 
1.434000e-03 
-2.598900e-02 
-4.216500e-02 
-4.513500e-02 
-4.079200e-02 
-3.055200e-02 
-1.789200e-02 
-5.304000e-03 
-6.375000e-03 
-1.824500e-02 
-2.686800e-02 
-3.682300e-02 
-4.412400e-02 
-4.460500e-02 
-4.236500e-02 
-4.074600e-02 
-4.120000e-02 
-3.958300e-02 
-3.017400e-02 
-1.504500e-02 
1.294000e-03 
1.543300e-02 
1.806700e-02 
9.366000e-03 
2.389000e-03 
1.921000e-03 
-4.340000e-04 
-2.648000e-03 
-9.780000e-04 
-1.753000e-03 
-3.325000e-03 
-3.988000e-03 
-5.613000e-03 
-7.476000e-03 
-9.744000e-03 
-8.298000e-03 
-1.403000e-03 
2.766000e-03 
8.812000e-03 
2.014200e-02 
2.373500e-02 
2.190800e-02 
2.135200e-02 
2.005000e-02 
1.937900e-02 
1.846000e-02 
1.581300e-02 
9.763000e-03 
1.441000e-03 
-3.396000e-03 
-6.100000e-03 
-9.573000e-03 
-5.211000e-03 
6.375000e-03 
1.561000e-02 
3.324500e-02 
5.237800e-02 
5.773500e-02 
5.761000e-02 
4.683500e-02 
2.520800e-02 
-1.572000e-03 
-2.700600e-02 
-3.429600e-02 
-2.336800e-02 
-6.985000e-03 
7.082000e-03 
1.528200e-02 
1.126400e-02 
1.688000e-03 
-1.504000e-03 
-4.094000e-03 
-5.024000e-03 
6.399000e-03 
1.728100e-02 
1.945800e-02 
2.323000e-02 
1.993500e-02 
4.014000e-03 
-9.320000e-03 
-1.388600e-02 
-1.075000e-02 
-4.750000e-04 
1.352400e-02 
2.605000e-02 
2.375700e-02 
9.527000e-03 
-1.846000e-03 
-8.033000e-03 
-1.099300e-02 
-1.411400e-02 
-1.357200e-02 
-8.387000e-03 
-5.949000e-03 
-8.413000e-03 
-1.243800e-02 
-1.377700e-02 
-1.514000e-02 
-1.716600e-02 
-1.640700e-02 
-1.675500e-02 
-1.964900e-02 
-2.095400e-02 
-1.711800e-02 
-6.608000e-03 
5.015000e-03 
1.256800e-02 
1.778500e-02 
1.718300e-02 
7.217000e-03 
-6.563000e-03 
-1.869200e-02 
-2.094400e-02 
-1.636700e-02 
-1.936300e-02 
-2.689000e-02 
-3.135900e-02 
-3.472100e-02 
-3.881900e-02 
-4.285600e-02 
-4.391100e-02 
-3.802100e-02 
-2.715600e-02 
-2.052300e-02 
-1.898700e-02 
-1.486800e-02 
-1.279400e-02 
-1.988800e-02 
-2.712400e-02 
-2.920600e-02 
-2.970500e-02 
-2.269500e-02 
-1.245500e-02 
-9.736000e-03 
-6.785000e-03 
-6.193000e-03 
-1.620300e-02 
-2.780700e-02 
-2.614300e-02 
-9.808000e-03 
3.162000e-03 
1.231200e-02 
2.470300e-02 
2.965400e-02 
2.186800e-02 
8.700000e-03 
1.360000e-03 
1.167000e-03 
4.949000e-03 
9.638000e-03 
1.174400e-02 
1.068100e-02 
6.099000e-03 
2.553000e-03 
4.111000e-03 
9.056000e-03 
1.155800e-02 
1.144800e-02 
1.348600e-02 
1.589200e-02 
1.724800e-02 
1.895200e-02 
1.756700e-02 
1.145800e-02 
2.979000e-03 
-7.336000e-03 
-1.254400e-02 
-7.517000e-03 
-2.009000e-03 
1.068000e-03 
1.122300e-02 
1.896200e-02 
1.208600e-02 
4.433000e-03 
2.473000e-03 
-4.984000e-03 
-1.408800e-02 
-1.144500e-02 
-5.187000e-03 
-6.491000e-03 
-7.939000e-03 
-6.414000e-03 
-4.859000e-03 
-3.836000e-03 
-3.990000e-03 
-4.094000e-03 
-1.682000e-03 
4.031000e-03 
9.434000e-03 
7.895000e-03 
-1.084000e-03 
-1.076400e-02 
-1.852800e-02 
-2.058600e-02 
-1.195100e-02 
-2.434000e-03 
4.469000e-03 
2.116900e-02 
3.415200e-02 
3.403700e-02 
3.624400e-02 
3.032400e-02 
1.366400e-02 
-6.004000e-03 
-3.485700e-02 
-5.740200e-02 
-5.560100e-02 
-2.946900e-02 
7.031000e-03 
3.147400e-02 
3.632600e-02 
2.925700e-02 
1.222800e-02 
-8.664000e-03 
-2.365300e-02 
-3.071400e-02 
-2.325900e-02 
-1.046700e-02 
-6.802000e-03 
-3.334000e-03 
2.754000e-03 
5.211000e-03 
5.035000e-03 
7.470000e-04 
-1.118900e-02 
-2.258800e-02 
-2.052000e-02 
-1.028700e-02 
-1.287000e-03 
1.390400e-02 
3.034500e-02 
3.474000e-02 
3.090400e-02 
2.414900e-02 
1.673800e-02 
4.518000e-03 
-8.035000e-03 
-1.200900e-02 
-1.344200e-02 
-1.231400e-02 
-2.082000e-03 
1.381500e-02 
2.188900e-02 
2.107300e-02 
1.809700e-02 
5.837000e-03 
-1.039200e-02 
-1.947100e-02 
-1.832400e-02 
-5.350000e-03 
1.293800e-02 
2.883000e-02 
3.388300e-02 
3.025000e-02 
2.621700e-02 
1.776800e-02 
-1.400000e-05 
-9.633000e-03 
-1.520000e-04 
8.552000e-03 
1.813600e-02 
3.289300e-02 
3.424100e-02 
2.880400e-02 
2.841900e-02 
2.855200e-02 
2.686900e-02 
2.232000e-02 
1.275500e-02 
2.556000e-03 
-2.097000e-03 
-6.548000e-03 
-1.899500e-02 
-3.900800e-02 
-5.446400e-02 
-5.980300e-02 
-6.218500e-02 
-5.822500e-02 
-4.896700e-02 
-4.368300e-02 
-3.755800e-02 
-2.900400e-02 
-1.982700e-02 
-7.539000e-03 
8.500000e-04 
1.604000e-03 
-2.935000e-03 
-1.374600e-02 
-2.067500e-02 
-2.028000e-02 
-2.141200e-02 
-1.485400e-02 
-2.019000e-03 
2.380000e-03 
1.662000e-03 
-1.373000e-03 
-5.868000e-03 
-9.786000e-03 
-1.067900e-02 
-3.290000e-03 
3.469000e-03 
5.456000e-03 
6.066000e-03 
-2.570000e-04 
-1.152100e-02 
-2.209100e-02 
-2.486600e-02 
-1.822600e-02 
-1.309500e-02 
-8.929000e-03 
-6.970000e-04 
4.552000e-03 
4.469000e-03 
5.015000e-03 
6.723000e-03 
6.791000e-03 
7.100000e-03 
9.063000e-03 
1.101900e-02 
1.059200e-02 
6.474000e-03 
2.603000e-03 
2.320000e-04 
-6.600000e-04 
2.725000e-03 
6.923000e-03 
1.138400e-02 
2.143200e-02 
3.784000e-02 
5.237200e-02 
5.286900e-02 
4.374200e-02 
3.540700e-02 
2.036200e-02 
-5.195000e-03 
-2.482300e-02 
-3.396900e-02 
-4.596300e-02 
-5.936100e-02 
-5.875300e-02 
-4.386500e-02 
-2.394100e-02 
3.147000e-03 
2.388300e-02 
2.331300e-02 
2.088900e-02 
2.993500e-02 
3.822300e-02 
4.272000e-02 
4.249400e-02 
3.142500e-02 
1.794800e-02 
1.139300e-02 
1.132500e-02 
1.426600e-02 
1.630200e-02 
1.500900e-02 
1.302900e-02 
1.529800e-02 
2.388400e-02 
3.428500e-02 
4.142300e-02 
4.228200e-02 
3.673400e-02 
3.264300e-02 
2.781900e-02 
1.567300e-02 
5.313000e-03 
4.330000e-04 
-6.394000e-03 
-8.263000e-03 
8.090000e-04 
7.725000e-03 
1.247100e-02 
2.038000e-02 
2.566600e-02 
2.622900e-02 
1.925800e-02 
1.217500e-02 
1.359600e-02 
1.496100e-02 
1.221300e-02 
1.150400e-02 
7.256000e-03 
-6.593000e-03 
-1.763400e-02 
-2.054000e-02 
-1.736900e-02 
-1.032800e-02 
-6.552000e-03 
-3.191000e-03 
1.573000e-03 
6.454000e-03 
1.283400e-02 
1.806100e-02 
1.933200e-02 
1.383900e-02 
3.430000e-03 
-6.565000e-03 
-1.211600e-02 
-1.116300e-02 
-1.015500e-02 
-1.630100e-02 
-2.317000e-02 
-1.763700e-02 
-5.971000e-03 
-7.310000e-04 
7.130000e-03 
1.289000e-02 
5.309000e-03 
2.570000e-04 
4.120000e-04 
-4.784000e-03 
-8.993000e-03 
-8.722000e-03 
-9.197000e-03 
-9.878000e-03 
-1.173500e-02 
-1.852900e-02 
-2.645300e-02 
-2.980300e-02 
-2.607700e-02 
-2.082500e-02 
-1.940200e-02 
-1.659200e-02 
-1.346500e-02 
-1.252700e-02 
-1.021000e-02 
-8.492000e-03 
-8.578000e-03 
-8.582000e-03 
-1.121700e-02 
-1.576100e-02 
-1.951700e-02 
-2.502000e-02 
-2.867000e-02 
-2.488300e-02 
-1.760600e-02 
-1.175800e-02 
-9.713000e-03 
-1.531700e-02 
-2.237000e-02 
-2.372900e-02 
-2.754600e-02 
-3.022800e-02 
-2.022800e-02 
-1.158700e-02 
-1.186700e-02 
-1.206400e-02 
-1.556000e-02 
-1.857300e-02 
-1.216300e-02 
-2.472000e-03 
4.886000e-03 
1.386800e-02 
2.457400e-02 
3.083400e-02 
3.010200e-02 
2.937800e-02 
3.253200e-02 
3.433100e-02 
3.503400e-02 
3.659100e-02 
3.783100e-02 
3.612400e-02 
3.055900e-02 
2.412200e-02 
1.177600e-02 
-5.623000e-03 
-1.549800e-02 
-2.000000e-02 
-2.369600e-02 
-2.645500e-02 
-2.705300e-02 
-1.770300e-02 
-6.370000e-03 
-2.461000e-03 
-4.432000e-03 
-1.115000e-02 
-1.572800e-02 
-1.575100e-02 
-7.754000e-03 
3.355000e-03 
6.607000e-03 
9.790000e-03 
9.425000e-03 
5.860000e-04 
-4.908000e-03 
-7.928000e-03 
-1.215400e-02 
-1.318300e-02 
-8.961000e-03 
-3.304000e-03 
1.005000e-03 
3.863000e-03 
-7.170000e-04 
-8.841000e-03 
-1.283400e-02 
-1.884600e-02 
-2.643900e-02 
-2.941800e-02 
-3.041300e-02 
-3.109100e-02 
-2.573200e-02 
-1.472300e-02 
-5.971000e-03 
2.052000e-03 
9.376000e-03 
1.001700e-02 
1.105100e-02 
1.489500e-02 
1.290000e-02 
7.444000e-03 
3.044000e-03 
-1.490000e-04 
-1.476000e-03 
-1.740000e-03 
-2.507000e-03 
-5.282000e-03 
-1.056300e-02 
-1.805300e-02 
-2.403500e-02 
-2.607300e-02 
-2.340000e-02 
-1.858200e-02 
-1.233900e-02 
2.520000e-03 
1.565600e-02 
1.917100e-02 
1.714500e-02 
8.620000e-03 
2.412000e-03 
-3.264000e-03 
-5.465000e-03 
7.162000e-03 
1.668400e-02 
1.780500e-02 
2.561400e-02 
2.879500e-02 
1.889200e-02 
9.727000e-03 
-1.791000e-03 
-1.761400e-02 
-2.460500e-02 
-2.173900e-02 
-1.309100e-02 
-1.900000e-04 
1.703700e-02 
2.821600e-02 
2.722100e-02 
2.994000e-02 
3.678400e-02 
3.986700e-02 
3.838800e-02 
2.853600e-02 
1.949700e-02 
1.143200e-02 
-2.710000e-03 
-7.514000e-03 
-5.709000e-03 
-1.238700e-02 
-1.835600e-02 
-2.114600e-02 
-1.824500e-02 
-1.837000e-03 
1.811200e-02 
3.170800e-02 
3.683900e-02 
3.054600e-02 
1.820900e-02 
1.185300e-02 
1.536300e-02 
2.517300e-02 
2.895000e-02 
2.826400e-02 
3.077900e-02 
2.530100e-02 
1.553200e-02 
1.108400e-02 
7.904000e-03 
8.764000e-03 
1.140000e-02 
1.087300e-02 
1.016600e-02 
3.773000e-03 
-6.110000e-03 
-1.169800e-02 
-1.000000e-02 
2.467000e-03 
1.281400e-02 
1.829400e-02 
2.867500e-02 
2.868200e-02 
1.648700e-02 
1.161300e-02 
6.910000e-03 
-1.705000e-03 
-1.053000e-03 
1.355000e-03 
-2.354000e-03 
-6.776000e-03 
-1.173800e-02 
-1.523600e-02 
-1.653500e-02 
-1.595400e-02 
-1.184900e-02 
-9.096000e-03 
-6.867000e-03 
-3.788000e-03 
-7.736000e-03 
-1.551700e-02 
-1.888600e-02 
-2.340400e-02 
-2.564200e-02 
-1.840300e-02 
-1.296400e-02 
-1.086100e-02 
-5.188000e-03 
-4.522000e-03 
-9.982000e-03 
-1.233700e-02 
-1.228400e-02 
-4.244000e-03 
1.096900e-02 
2.011100e-02 
2.497900e-02 
1.994100e-02 
5.378000e-03 
-6.153000e-03 
-1.485200e-02 
-1.384200e-02 
-6.185000e-03 
-5.411000e-03 
-7.980000e-03 
-6.641000e-03 
-4.130000e-03 
-3.595000e-03 
-3.079000e-03 
-2.311000e-03 
-1.885000e-03 
-1.237000e-03 
1.352000e-03 
5.613000e-03 
9.363000e-03 
9.613000e-03 
3.123000e-03 
-3.926000e-03 
-7.168000e-03 
-1.328700e-02 
-1.922000e-02 
-1.538500e-02 
-9.536000e-03 
-6.328000e-03 
9.070000e-04 
4.654000e-03 
3.300000e-03 
1.040000e-04 
-6.428000e-03 
-1.049400e-02 
-1.338700e-02 
-1.054100e-02 
1.031000e-03 
7.180000e-03 
9.260000e-03 
1.368200e-02 
1.294900e-02 
8.138000e-03 
6.445000e-03 
4.713000e-03 
7.000000e-05 
-5.326000e-03 
-1.059700e-02 
-1.945600e-02 
-3.272600e-02 
-3.954700e-02 
-3.742400e-02 
-3.295000e-02 
-2.467600e-02 
-1.563700e-02 
-1.441400e-02 
-1.496300e-02 
-1.054700e-02 
-5.240000e-03 
-1.254000e-03 
-8.140000e-04 
-2.750000e-03 
-4.124000e-03 
-5.256000e-03 
-6.723000e-03 
-6.450000e-03 
-2.513000e-03 
6.890000e-04 
3.673000e-03 
9.765000e-03 
1.630700e-02 
1.965200e-02 
1.638700e-02 
1.112400e-02 
6.494000e-03 
9.970000e-04 
-2.240000e-04 
-3.210000e-04 
-3.268000e-03 
-5.787000e-03 
-7.308000e-03 
-4.894000e-03 
1.124000e-03 
4.648000e-03 
8.278000e-03 
1.250300e-02 
7.847000e-03 
-1.324000e-03 
-5.883000e-03 
-8.128000e-03 
-6.944000e-03 
-5.250000e-03 
-6.869000e-03 
-6.960000e-03 
-5.814000e-03 
-5.867000e-03 
-1.475000e-03 
1.005400e-02 
1.713700e-02 
1.721400e-02 
2.176700e-02 
2.373800e-02 
1.561400e-02 
1.049700e-02 
7.242000e-03 
-1.057000e-03 
-7.015000e-03 
-6.803000e-03 
-3.222000e-03 
-1.532000e-03 
-1.448000e-03 
-5.270000e-04 
-6.840000e-04 
7.560000e-04 
6.222000e-03 
1.130500e-02 
1.293100e-02 
1.459000e-02 
1.550100e-02 
1.084500e-02 
4.983000e-03 
-3.039000e-03 
-1.862500e-02 
-2.794600e-02 
-2.612400e-02 
-2.516100e-02 
-2.351000e-02 
-1.873600e-02 
-9.099000e-03 
6.020000e-04 
2.987000e-03 
5.378000e-03 
5.664000e-03 
2.500000e-03 
2.887000e-03 
4.976000e-03 
6.716000e-03 
8.393000e-03 
1.063000e-02 
1.078100e-02 
6.434000e-03 
3.470000e-03 
2.942000e-03 
2.530000e-03 
4.946000e-03 
7.666000e-03 
9.490000e-03 
1.343300e-02 
1.608700e-02 
1.747200e-02 
1.943300e-02 
1.606000e-02 
9.290000e-03 
4.970000e-03 
9.290000e-04 
-3.490000e-03 
-6.210000e-03 
-3.681000e-03 
1.213000e-03 
4.870000e-03 
1.126900e-02 
1.621900e-02 
1.519800e-02 
1.159300e-02 
8.403000e-03 
2.570000e-03 
-6.719000e-03 
-1.103500e-02 
-1.209900e-02 
-1.531900e-02 
-1.306600e-02 
-5.299000e-03 
1.753000e-03 
1.123900e-02 
1.541200e-02 
1.184100e-02 
1.370200e-02 
1.613900e-02 
1.428100e-02 
1.354300e-02 
1.072600e-02 
6.122000e-03 
2.874000e-03 
-1.965000e-03 
-7.843000e-03 
-1.195700e-02 
-1.539000e-02 
-1.915900e-02 
-1.703900e-02 
-8.869000e-03 
-4.570000e-03 
-1.108000e-03 
5.144000e-03 
7.580000e-03 
4.625000e-03 
-7.200000e-05 
-3.380000e-03 
-6.798000e-03 
-7.989000e-03 
-1.777000e-03 
7.452000e-03 
1.403200e-02 
1.475900e-02 
1.024700e-02 
5.593000e-03 
3.579000e-03 
4.656000e-03 
4.625000e-03 
1.972000e-03 
-9.720000e-04 
-5.426000e-03 
-1.010300e-02 
-9.094000e-03 
-3.368000e-03 
-6.390000e-04 
2.760000e-04 
2.150000e-04 
-4.745000e-03 
-1.086900e-02 
-1.484800e-02 
-1.874400e-02 
-2.341900e-02 
-2.367000e-02 
-1.800700e-02 
-1.495700e-02 
-1.399100e-02 
-9.655000e-03 
-6.279000e-03 
-5.497000e-03 
-4.170000e-03 
-2.978000e-03 
-2.508000e-03 
-2.372000e-03 
-1.311000e-03 
2.538000e-03 
5.818000e-03 
6.930000e-03 
7.938000e-03 
6.181000e-03 
2.559000e-03 
8.120000e-04 
-1.494000e-03 
-3.899000e-03 
-4.508000e-03 
-5.736000e-03 
-7.706000e-03 
-8.753000e-03 
-7.683000e-03 
-5.439000e-03 
-4.793000e-03 
-4.809000e-03 
-3.985000e-03 
-4.075000e-03 
-5.035000e-03 
-5.774000e-03 
-9.383000e-03 
-1.442400e-02 
-1.612500e-02 
-1.846800e-02 
-2.335000e-02 
-2.465300e-02 
-2.226700e-02 
-2.214800e-02 
-2.367200e-02 
-2.368500e-02 
-2.361400e-02 
-2.415500e-02 
-2.128700e-02 
-1.460500e-02 
-1.004900e-02 
-6.729000e-03 
-2.340000e-03 
-1.320000e-04 
1.575000e-03 
3.100000e-03 
5.580000e-04 
-2.022000e-03 
-2.137000e-03 
-3.894000e-03 
-5.774000e-03 
-4.772000e-03 
-3.371000e-03 
-2.795000e-03 
-3.835000e-03 
-8.148000e-03 
-1.178000e-02 
-1.307200e-02 
-1.352200e-02 
-1.167200e-02 
-9.878000e-03 
-1.025500e-02 
-1.002600e-02 
-9.769000e-03 
-1.094200e-02 
-1.073000e-02 
-9.230000e-03 
-8.773000e-03 
-8.372000e-03 
-1.032600e-02 
-1.613200e-02 
-2.119600e-02 
-1.997000e-02 
-1.231800e-02 
-5.768000e-03 
1.729000e-03 
1.017200e-02 
1.045600e-02 
6.047000e-03 
3.951000e-03 
4.995000e-03 
6.768000e-03 
7.853000e-03 
9.562000e-03 
1.257000e-02 
1.194200e-02 
5.523000e-03 
1.924000e-03 
1.757000e-03 
2.251000e-03 
6.179000e-03 
9.370000e-03 
1.193100e-02 
1.620300e-02 
1.741600e-02 
1.646100e-02 
1.623400e-02 
1.556000e-02 
1.407700e-02 
1.462300e-02 
1.841100e-02 
2.081500e-02 
2.125700e-02 
2.277400e-02 
2.259400e-02 
1.982300e-02 
1.825400e-02 
1.940300e-02 
2.228700e-02 
2.410700e-02 
2.536500e-02 
2.489000e-02 
1.963700e-02 
1.514800e-02 
1.268100e-02 
7.902000e-03 
6.255000e-03 
1.031600e-02 
1.192100e-02 
1.196100e-02 
1.518700e-02 
1.841700e-02 
2.007500e-02 
1.838800e-02 
1.431400e-02 
9.679000e-03 
1.617000e-03 
-4.520000e-03 
-7.531000e-03 
-1.193300e-02 
-1.281100e-02 
-1.221000e-02 
-1.592000e-02 
-1.955800e-02 
-2.165600e-02 
-2.094700e-02 
-1.328400e-02 
-6.537000e-03 
-4.669000e-03 
-3.100000e-04 
1.533000e-03 
-3.286000e-03 
-5.453000e-03 
-4.277000e-03 
-4.928000e-03 
-5.335000e-03 
-5.072000e-03 
-5.074000e-03 
-4.950000e-03 
-4.668000e-03 
-4.653000e-03 
-4.836000e-03 
-4.799000e-03 
-5.429000e-03 
-8.442000e-03 
-1.172800e-02 
-1.369900e-02 
-1.482200e-02 
-1.131600e-02 
-5.610000e-03 
-4.112000e-03 
-3.220000e-03 
1.810000e-04 
4.200000e-04 
-4.452000e-03 
-9.064000e-03 
-1.350000e-02 
-1.687800e-02 
-1.756100e-02 
-1.886900e-02 
-1.626600e-02 
-1.084400e-02 
-9.946000e-03 
-8.821000e-03 
-6.058000e-03 
-5.366000e-03 
-3.175000e-03 
1.027000e-03 
3.700000e-03 
5.928000e-03 
8.673000e-03 
9.712000e-03 
9.313000e-03 
9.896000e-03 
1.043000e-02 
9.802000e-03 
9.306000e-03 
8.668000e-03 
8.075000e-03 
9.146000e-03 
1.069300e-02 
1.149600e-02 
1.367700e-02 
1.534900e-02 
1.252200e-02 
9.209000e-03 
8.496000e-03 
6.930000e-03 
5.569000e-03 
6.366000e-03 
7.234000e-03 
8.065000e-03 
9.046000e-03 
9.652000e-03 
1.226800e-02 
1.751300e-02 
2.149400e-02 
2.490800e-02 
2.768300e-02 
2.458900e-02 
2.008700e-02 
1.917600e-02 
1.696100e-02 
1.446100e-02 
1.492700e-02 
1.490000e-02 
1.303300e-02 
1.071900e-02 
8.781000e-03 
7.094000e-03 
4.342000e-03 
7.120000e-04 
-1.148000e-03 
5.270000e-04 
2.442000e-03 
1.746000e-03 
1.052000e-03 
1.118000e-03 
4.490000e-04 
-1.800000e-04 
-2.140000e-04 
-3.490000e-04 
-4.650000e-04 
8.820000e-04 
2.682000e-03 
2.657000e-03 
2.593000e-03 
2.830000e-03 
1.612000e-03 
5.170000e-04 
-1.260000e-04 
-1.333000e-03 
-2.351000e-03 
-3.198000e-03 
-3.685000e-03 
-2.878000e-03 
-2.091000e-03 
-1.839000e-03 
4.710000e-04 
3.901000e-03 
4.309000e-03 
1.405000e-03 
-1.108000e-03 
-2.749000e-03 
-6.454000e-03 
-9.740000e-03 
-1.049800e-02 
-1.054000e-02 
-8.595000e-03 
-5.928000e-03 
-5.119000e-03 
-4.852000e-03 
-5.488000e-03 
-6.538000e-03 
-6.450000e-03 
-6.180000e-03 
-6.029000e-03 
-7.394000e-03 
-1.068000e-02 
-1.242000e-02 
-1.202500e-02 
-9.702000e-03 
-6.088000e-03 
-3.200000e-03 
-3.810000e-04 
1.212000e-03 
2.021000e-03 
4.212000e-03 
5.886000e-03 
6.071000e-03 
5.854000e-03 
5.121000e-03 
4.302000e-03 
4.938000e-03 
6.116000e-03 
6.262000e-03 
6.350000e-03 
7.056000e-03 
6.616000e-03 
4.482000e-03 
2.803000e-03 
1.796000e-03 
1.333000e-03 
1.872000e-03 
1.717000e-03 
1.620000e-04 
-1.277000e-03 
-1.592000e-03 
-1.591000e-03 
-1.946000e-03 
-2.624000e-03 
-3.796000e-03 
-4.768000e-03 
-5.233000e-03 
-5.721000e-03 
-6.056000e-03 
-6.234000e-03 
-6.490000e-03 
-6.369000e-03 
-5.739000e-03 
-5.286000e-03 
-5.797000e-03 
-7.018000e-03 
-7.243000e-03 
-6.604000e-03 
-5.955000e-03 
-4.767000e-03 
-3.354000e-03 
-2.137000e-03 
-1.793000e-03 
-2.000000e-03 
-1.581000e-03 
-1.266000e-03 
-1.119000e-03 
-1.830000e-04 
1.299000e-03 
3.035000e-03 
4.566000e-03 
4.858000e-03 
4.370000e-03 
4.258000e-03 
4.285000e-03 
4.026000e-03 
3.821000e-03 
3.754000e-03 
3.493000e-03 
2.949000e-03 
2.302000e-03 
1.607000e-03 
9.070000e-04 
6.190000e-04 
8.050000e-04 
9.140000e-04 
7.270000e-04 
3.140000e-04 
-1.260000e-04 
-5.800000e-04 
-9.300000e-04 
-8.640000e-04 
-7.790000e-04 
-4.740000e-04 
5.400000e-05 
-7.300000e-05 
-5.510000e-04 
-1.250000e-03 
-2.272000e-03 
-2.763000e-03 
-2.562000e-03 
-2.058000e-03 
-1.235000e-03 
-6.660000e-04 
-7.890000e-04 
-1.099000e-03 
-1.662000e-03 
-2.238000e-03 
-2.320000e-03 
-2.219000e-03 
-1.957000e-03 
-1.620000e-03 
-1.363000e-03 
-1.051000e-03 
-7.160000e-04 
-5.150000e-04 
-4.540000e-04 
-5.060000e-04 
-1.028000e-03 
-1.673000e-03 
-1.598000e-03 
-1.186000e-03 
-8.980000e-04 
-5.030000e-04 
-2.580000e-04 
-3.090000e-04 
-3.320000e-04 
-3.350000e-04 
-3.600000e-04 
-2.820000e-04 
-1.830000e-04 
-1.890000e-04 
-2.180000e-04 
-2.640000e-04 
-3.590000e-04 
-4.200000e-04 
-4.340000e-04 
-4.290000e-04 
-4.420000e-04 
-4.700000e-04 
-4.880000e-04 
-5.080000e-04 
-5.380000e-04 
-5.650000e-04 
-5.870000e-04 
-6.140000e-04 
-6.450000e-04 
-6.730000e-04 
-7.130000e-04 
-7.800000e-04 
-8.550000e-04 
-8.950000e-04 
-8.900000e-04 
-8.550000e-04 
-7.980000e-04 
-7.290000e-04 
-6.560000e-04 
-5.860000e-04 
-5.290000e-04 
-4.830000e-04 
-4.380000e-04 
-3.890000e-04 
-3.370000e-04 
-2.840000e-04 
-2.330000e-04 
-1.840000e-04 
