1 
1.000000e-02 
-1.326000e-03 
-1.306000e-03 
-1.302000e-03 
-1.286000e-03 
-1.281000e-03 
-1.260000e-03 
-1.244000e-03 
-1.216000e-03 
-1.213000e-03 
-1.213000e-03 
-1.237000e-03 
-1.258000e-03 
-1.301000e-03 
-1.330000e-03 
-1.361000e-03 
-1.381000e-03 
-1.419000e-03 
-1.452000e-03 
-1.498000e-03 
-1.495000e-03 
-1.431000e-03 
-1.310000e-03 
-1.188000e-03 
-1.200000e-03 
-1.416000e-03 
-1.709000e-03 
-2.025000e-03 
-2.340000e-03 
-2.497000e-03 
-2.403000e-03 
-2.223000e-03 
-2.036000e-03 
-1.859000e-03 
-1.650000e-03 
-1.473000e-03 
-1.324000e-03 
-1.183000e-03 
-1.051000e-03 
-1.185000e-03 
-1.612000e-03 
-2.131000e-03 
-2.631000e-03 
-3.071000e-03 
-3.267000e-03 
-3.216000e-03 
-3.115000e-03 
-3.037000e-03 
-2.952000e-03 
-2.805000e-03 
-2.577000e-03 
-1.996000e-03 
-1.943000e-03 
-2.897000e-03 
-3.551000e-03 
-2.906000e-03 
-2.184000e-03 
-2.303000e-03 
-2.794000e-03 
-2.660000e-03 
-1.800000e-03 
-1.009000e-03 
-1.920000e-03 
-3.050000e-03 
-8.230000e-04 
4.233000e-03 
5.670000e-03 
9.290000e-04 
-6.839000e-03 
-1.147300e-02 
-9.583000e-03 
-4.385000e-03 
-9.140000e-04 
-2.213000e-03 
-4.891000e-03 
-5.356000e-03 
-4.823000e-03 
-5.034000e-03 
-6.555000e-03 
-6.018000e-03 
8.960000e-04 
1.169900e-02 
-9.800000e-04 
-1.924400e-02 
-1.423900e-02 
4.148000e-03 
1.267600e-02 
-1.372000e-03 
-2.283900e-02 
-2.069100e-02 
6.298000e-03 
1.781900e-02 
3.412000e-03 
-1.213300e-02 
-5.384000e-03 
1.602200e-02 
1.564200e-02 
-1.214000e-02 
-2.463700e-02 
-4.870000e-03 
1.530600e-02 
5.181000e-03 
-2.466500e-02 
-4.799600e-02 
-3.041400e-02 
2.005700e-02 
3.798500e-02 
5.773000e-03 
-2.031500e-02 
-1.028000e-02 
1.463200e-02 
2.068400e-02 
5.775000e-03 
-1.125300e-02 
-1.395800e-02 
1.592000e-03 
1.145700e-02 
-1.241000e-03 
-1.134000e-02 
-5.469000e-03 
-8.610000e-04 
-6.490000e-03 
-1.225800e-02 
-1.198900e-02 
-3.053000e-03 
1.483600e-02 
1.927800e-02 
-8.279000e-03 
-2.818700e-02 
-1.191000e-02 
2.094600e-02 
2.779200e-02 
2.448000e-03 
-2.786700e-02 
-2.986800e-02 
-5.406000e-03 
1.387200e-02 
9.806000e-03 
-7.646000e-03 
-1.261800e-02 
1.071000e-03 
8.833000e-03 
-1.238000e-03 
-6.942000e-03 
3.364000e-03 
1.552100e-02 
1.884000e-02 
9.702000e-03 
-8.068000e-03 
-2.519700e-02 
-1.878200e-02 
9.120000e-04 
-4.340000e-03 
-1.958100e-02 
-1.850000e-02 
-5.229000e-03 
7.023000e-03 
1.461300e-02 
1.716500e-02 
8.597000e-03 
2.188000e-03 
9.105000e-03 
1.745200e-02 
1.085800e-02 
-6.244000e-03 
-5.745000e-03 
1.517100e-02 
2.535100e-02 
1.432900e-02 
-2.081000e-03 
-1.686000e-02 
-8.043000e-03 
1.609500e-02 
1.140500e-02 
-3.686000e-03 
1.411900e-02 
4.477300e-02 
4.494300e-02 
1.714300e-02 
-1.090000e-02 
-9.963000e-03 
1.665400e-02 
2.104300e-02 
-5.249000e-03 
-1.544100e-02 
-3.465000e-03 
5.602000e-03 
5.368000e-03 
2.745000e-03 
3.238000e-03 
4.087000e-03 
3.389000e-03 
5.997000e-03 
1.146100e-02 
9.712000e-03 
7.956000e-03 
1.511400e-02 
1.920300e-02 
6.355000e-03 
-2.065000e-03 
3.770000e-04 
-3.547000e-03 
2.100000e-04 
8.299000e-03 
1.406400e-02 
2.159400e-02 
2.214300e-02 
1.300700e-02 
6.770000e-04 
-2.283000e-03 
6.308000e-03 
1.823400e-02 
2.498700e-02 
1.779800e-02 
4.570000e-04 
-3.434000e-03 
7.560000e-03 
8.793000e-03 
2.790000e-04 
-2.027000e-03 
-2.356000e-03 
-7.672000e-03 
-3.792000e-03 
9.035000e-03 
1.331800e-02 
5.606000e-03 
-4.869000e-03 
-7.464000e-03 
-3.944000e-03 
-2.420000e-04 
1.169000e-03 
2.157000e-03 
3.454000e-03 
4.008000e-03 
1.236000e-03 
-1.636000e-03 
4.974000e-03 
2.059400e-02 
1.880100e-02 
2.457000e-03 
-9.081000e-03 
-1.065600e-02 
-6.883000e-03 
-3.389000e-03 
-3.560000e-04 
4.789000e-03 
9.198000e-03 
1.048600e-02 
1.045300e-02 
1.090200e-02 
1.174200e-02 
8.515000e-03 
-6.900000e-05 
-8.619000e-03 
-1.098200e-02 
-7.346000e-03 
-8.140000e-04 
8.112000e-03 
1.658700e-02 
1.550700e-02 
4.704000e-03 
1.544700e-02 
1.530000e-02 
6.970000e-04 
-1.035000e-03 
-1.122800e-02 
-2.564100e-02 
-1.647500e-02 
1.424800e-02 
3.606800e-02 
1.157700e-02 
-1.630600e-02 
-7.112000e-03 
1.462300e-02 
2.759200e-02 
2.162400e-02 
-1.764000e-03 
-1.756200e-02 
-2.895000e-03 
8.521000e-03 
-7.536000e-03 
-2.340500e-02 
-8.089000e-03 
2.628300e-02 
5.738600e-02 
4.942800e-02 
1.865600e-02 
1.244300e-02 
2.475100e-02 
3.339000e-03 
-2.359900e-02 
-1.721600e-02 
-1.200000e-04 
-7.241000e-03 
-3.764000e-02 
-5.603600e-02 
-3.718700e-02 
3.478000e-03 
8.872000e-03 
-2.939500e-02 
-7.481300e-02 
-1.093640e-01 
-1.218640e-01 
-1.043110e-01 
-8.103800e-02 
-8.273100e-02 
-7.978600e-02 
-8.595700e-02 
-1.251380e-01 
-1.426170e-01 
-9.174500e-02 
-2.008600e-02 
1.826600e-02 
2.644500e-02 
1.214900e-02 
-1.247600e-02 
-5.176000e-03 
2.796000e-02 
3.103200e-02 
2.191300e-02 
2.374000e-03 
-2.144100e-02 
-2.702200e-02 
-4.135400e-02 
-3.623800e-02 
1.432100e-02 
8.308900e-02 
1.204850e-01 
1.197130e-01 
9.397800e-02 
6.552000e-02 
5.219200e-02 
1.569500e-02 
-4.707800e-02 
-5.484200e-02 
7.091000e-03 
3.380400e-02 
7.396000e-03 
-2.191500e-02 
-4.407600e-02 
-1.543500e-02 
7.005800e-02 
1.530990e-01 
2.083700e-01 
2.163940e-01 
1.412750e-01 
1.238300e-02 
-1.561200e-02 
8.160600e-02 
1.341970e-01 
7.471000e-02 
-2.114700e-02 
-9.456900e-02 
-1.467270e-01 
-1.315870e-01 
-2.924500e-02 
4.613700e-02 
3.541300e-02 
-1.727600e-02 
-6.251900e-02 
-6.715200e-02 
-2.422500e-02 
2.256300e-02 
4.208300e-02 
2.839600e-02 
-2.405000e-03 
-1.443100e-02 
2.011000e-02 
8.562800e-02 
1.506820e-01 
1.947990e-01 
1.821630e-01 
1.214920e-01 
5.825000e-02 
5.428500e-02 
1.198860e-01 
1.853100e-01 
2.151290e-01 
1.815270e-01 
1.073800e-01 
4.730600e-02 
2.129400e-02 
1.491600e-02 
-1.663500e-02 
-8.059800e-02 
-1.302760e-01 
-1.400510e-01 
-1.186130e-01 
-1.137850e-01 
-1.386990e-01 
-1.327030e-01 
-5.788300e-02 
-1.135900e-02 
-4.450900e-02 
-9.348300e-02 
-1.094920e-01 
-1.119460e-01 
-1.329110e-01 
-1.521770e-01 
-1.637580e-01 
-1.849880e-01 
-2.064290e-01 
-1.783440e-01 
-1.001380e-01 
-1.407100e-02 
5.899700e-02 
9.348900e-02 
6.428000e-02 
-5.399000e-03 
-7.332000e-02 
-9.074300e-02 
-2.667900e-02 
3.232500e-02 
4.642900e-02 
7.665800e-02 
1.445610e-01 
2.132430e-01 
2.531050e-01 
2.768320e-01 
2.971000e-01 
2.810350e-01 
2.201660e-01 
1.356530e-01 
4.740300e-02 
1.554400e-02 
4.725800e-02 
6.183700e-02 
2.858100e-02 
4.346000e-03 
2.515000e-02 
6.579200e-02 
6.175700e-02 
3.105000e-03 
-2.894300e-02 
-5.401000e-03 
3.014200e-02 
1.618500e-02 
-5.453900e-02 
-1.156380e-01 
-6.953600e-02 
5.873100e-02 
1.076760e-01 
6.364500e-02 
2.658300e-02 
1.173400e-02 
-1.799000e-02 
-4.113800e-02 
-1.663100e-02 
6.381000e-03 
-1.426100e-02 
-5.146200e-02 
-7.530200e-02 
-4.888200e-02 
1.682800e-02 
7.612000e-02 
8.230400e-02 
4.732600e-02 
2.517800e-02 
3.910200e-02 
5.642600e-02 
3.646700e-02 
-3.184700e-02 
-1.072590e-01 
-1.388410e-01 
-1.254150e-01 
-1.010860e-01 
-9.405200e-02 
-1.061170e-01 
-1.152070e-01 
-1.070250e-01 
-9.133000e-02 
-9.119100e-02 
-1.063660e-01 
-1.224500e-01 
-1.188540e-01 
-8.901500e-02 
-5.927500e-02 
-5.075600e-02 
-3.298100e-02 
1.807200e-02 
8.668500e-02 
1.295920e-01 
1.157010e-01 
3.676900e-02 
-1.741400e-02 
-2.433000e-03 
3.337600e-02 
5.641700e-02 
6.845900e-02 
6.722900e-02 
4.039400e-02 
1.130000e-04 
3.995000e-03 
7.135000e-02 
1.328910e-01 
1.404130e-01 
9.342800e-02 
1.975100e-02 
-2.036600e-02 
6.068000e-03 
6.429700e-02 
7.704600e-02 
4.015200e-02 
3.428000e-03 
-6.740000e-04 
2.708800e-02 
4.949700e-02 
2.936400e-02 
-2.532500e-02 
-7.866900e-02 
-9.964500e-02 
-9.701400e-02 
-1.524820e-01 
-2.331380e-01 
-2.568770e-01 
-2.362360e-01 
-2.231380e-01 
-2.308870e-01 
-2.408970e-01 
-2.417400e-01 
-2.379310e-01 
-2.353530e-01 
-2.316670e-01 
-2.198830e-01 
-2.017750e-01 
-1.901900e-01 
-1.930020e-01 
-1.951930e-01 
-1.767980e-01 
-1.483560e-01 
-1.213860e-01 
-9.544500e-02 
-8.404100e-02 
-5.914300e-02 
-9.030000e-04 
6.091600e-02 
1.016200e-01 
1.173000e-01 
1.097890e-01 
9.048200e-02 
7.063200e-02 
5.335100e-02 
4.533800e-02 
5.506100e-02 
4.948000e-02 
2.030200e-02 
1.574600e-02 
4.632900e-02 
6.354900e-02 
4.309500e-02 
8.153000e-03 
-1.091600e-02 
-1.283800e-02 
-1.443200e-02 
-2.941300e-02 
-5.898500e-02 
-9.080100e-02 
-9.311400e-02 
-5.388500e-02 
-2.703000e-02 
-4.047800e-02 
-7.048500e-02 
-9.747000e-02 
-1.213430e-01 
-1.455890e-01 
-1.315850e-01 
-1.012300e-01 
-1.054820e-01 
-1.194800e-01 
-1.210670e-01 
-1.228360e-01 
-1.267390e-01 
-1.169240e-01 
-9.410600e-02 
-7.788300e-02 
-8.078200e-02 
-8.483500e-02 
-6.637400e-02 
-2.904300e-02 
8.155000e-03 
2.886100e-02 
2.751100e-02 
3.033800e-02 
4.945200e-02 
6.319000e-02 
5.844100e-02 
4.810000e-02 
4.203400e-02 
4.425900e-02 
6.309600e-02 
9.517500e-02 
1.190640e-01 
1.257940e-01 
1.241960e-01 
1.252220e-01 
1.351450e-01 
1.507470e-01 
1.456010e-01 
1.039720e-01 
5.064600e-02 
1.753900e-02 
4.229000e-03 
1.445500e-02 
4.056500e-02 
3.466800e-02 
-4.824000e-03 
-8.644000e-03 
3.613300e-02 
8.130300e-02 
8.816200e-02 
6.501200e-02 
3.881500e-02 
6.891900e-02 
1.560550e-01 
2.384990e-01 
2.668230e-01 
2.587800e-01 
2.609400e-01 
2.729420e-01 
2.580720e-01 
2.005820e-01 
1.200020e-01 
6.945100e-02 
5.051600e-02 
2.265200e-02 
-1.139700e-02 
-1.167700e-02 
2.344700e-02 
4.271100e-02 
1.869700e-02 
-7.940000e-04 
1.635000e-02 
4.678300e-02 
6.912800e-02 
5.866200e-02 
2.814400e-02 
1.629000e-02 
1.840900e-02 
8.233000e-03 
-1.494700e-02 
-3.855100e-02 
-4.827300e-02 
-4.716100e-02 
-5.586000e-02 
-8.131200e-02 
-1.020480e-01 
-1.123800e-01 
-1.287390e-01 
-1.320970e-01 
-1.128540e-01 
-1.133090e-01 
-1.171910e-01 
-8.205900e-02 
-1.965800e-02 
3.860200e-02 
8.373200e-02 
1.111680e-01 
1.309870e-01 
1.559560e-01 
1.617220e-01 
1.387660e-01 
1.113220e-01 
9.767200e-02 
8.310200e-02 
5.661300e-02 
2.749700e-02 
6.050000e-03 
-1.022000e-03 
2.070000e-04 
-1.234400e-02 
-4.091700e-02 
-7.214600e-02 
-9.928800e-02 
-1.226610e-01 
-1.127410e-01 
-6.136100e-02 
2.632000e-03 
6.066900e-02 
1.131340e-01 
1.568960e-01 
1.852060e-01 
2.026740e-01 
2.068530e-01 
1.828180e-01 
1.488770e-01 
1.313410e-01 
1.265450e-01 
1.261630e-01 
1.274010e-01 
1.322370e-01 
1.406980e-01 
1.492300e-01 
1.558610e-01 
1.467570e-01 
1.193970e-01 
9.212600e-02 
7.186300e-02 
5.446100e-02 
4.436300e-02 
3.919700e-02 
1.878600e-02 
-1.288000e-02 
-2.855500e-02 
-2.535700e-02 
-2.716400e-02 
-5.615300e-02 
-1.049260e-01 
-1.471200e-01 
-1.705480e-01 
-1.792140e-01 
-1.834810e-01 
-1.806070e-01 
-1.701070e-01 
-1.567250e-01 
-1.394880e-01 
-1.127160e-01 
-7.918000e-02 
-4.645500e-02 
-3.566800e-02 
-5.269900e-02 
-7.755800e-02 
-6.640000e-02 
-1.138400e-02 
5.383700e-02 
1.036600e-01 
1.239040e-01 
1.258750e-01 
1.267090e-01 
1.305940e-01 
1.337420e-01 
1.363190e-01 
1.390910e-01 
1.417810e-01 
1.255630e-01 
6.115900e-02 
-3.912500e-02 
-1.395470e-01 
-2.127760e-01 
-2.355620e-01 
-2.378960e-01 
-2.553550e-01 
-2.855580e-01 
-3.131850e-01 
-3.304990e-01 
-3.058290e-01 
-2.399970e-01 
-1.676410e-01 
-1.163630e-01 
-8.879100e-02 
-6.825600e-02 
-4.645300e-02 
-4.479400e-02 
-5.525400e-02 
-2.638000e-02 
4.305700e-02 
8.661300e-02 
7.550900e-02 
4.505300e-02 
5.085100e-02 
8.027900e-02 
1.003280e-01 
1.249690e-01 
1.622390e-01 
1.904490e-01 
1.974210e-01 
1.811640e-01 
1.436490e-01 
1.002690e-01 
5.879900e-02 
2.506400e-02 
-1.278000e-03 
-1.289700e-02 
-1.717700e-02 
-2.675600e-02 
-4.051700e-02 
-3.501900e-02 
2.090000e-03 
5.343200e-02 
9.806000e-02 
1.075810e-01 
8.550200e-02 
6.066000e-02 
5.486600e-02 
6.479300e-02 
5.427600e-02 
7.755000e-03 
-5.450600e-02 
-1.030320e-01 
-1.165320e-01 
-1.058430e-01 
-1.089180e-01 
-1.328010e-01 
-1.577920e-01 
-1.543920e-01 
-1.254680e-01 
-9.583900e-02 
-7.871200e-02 
-6.943500e-02 
-6.817400e-02 
-7.550100e-02 
-8.533300e-02 
-9.396600e-02 
-1.000480e-01 
-1.038840e-01 
-9.005300e-02 
-5.616700e-02 
-1.800200e-02 
1.646700e-02 
4.791700e-02 
7.107700e-02 
8.369700e-02 
9.848700e-02 
1.203970e-01 
1.408590e-01 
1.517750e-01 
1.556540e-01 
1.476310e-01 
1.261410e-01 
1.170120e-01 
1.301150e-01 
1.498320e-01 
1.751820e-01 
2.081220e-01 
2.396870e-01 
2.618930e-01 
2.771880e-01 
2.547980e-01 
1.858440e-01 
1.024730e-01 
2.588300e-02 
-4.494600e-02 
-1.170520e-01 
-1.905070e-01 
-2.551720e-01 
-2.865750e-01 
-2.951160e-01 
-3.040020e-01 
-2.794750e-01 
-2.095120e-01 
-1.265190e-01 
-5.481200e-02 
-4.344400e-02 
-8.113400e-02 
-9.980900e-02 
-1.022650e-01 
-1.205030e-01 
-1.512980e-01 
-1.736250e-01 
-1.822220e-01 
-1.682250e-01 
-1.354950e-01 
-9.406000e-02 
-4.791100e-02 
-8.840000e-04 
4.474700e-02 
7.952700e-02 
1.035020e-01 
1.251230e-01 
1.440340e-01 
1.431270e-01 
1.221500e-01 
9.933000e-02 
8.626100e-02 
7.997600e-02 
7.481900e-02 
7.222900e-02 
7.208100e-02 
6.593600e-02 
5.653100e-02 
6.491700e-02 
9.000600e-02 
9.305600e-02 
6.313800e-02 
3.250400e-02 
1.095300e-02 
-1.566200e-02 
-5.239600e-02 
-9.108500e-02 
-1.256470e-01 
-1.372950e-01 
-1.318240e-01 
-1.288730e-01 
-1.302030e-01 
-1.191430e-01 
-7.235100e-02 
1.540000e-04 
7.199500e-02 
1.145570e-01 
1.263240e-01 
1.248810e-01 
1.101210e-01 
8.419700e-02 
5.625000e-02 
4.680700e-02 
5.735200e-02 
6.838800e-02 
5.808700e-02 
2.950600e-02 
4.426000e-03 
-8.184000e-03 
-1.455100e-02 
-1.894500e-02 
-1.784700e-02 
-1.227000e-02 
-4.985000e-03 
1.828000e-03 
5.223000e-03 
-3.722000e-03 
-2.283700e-02 
-4.270100e-02 
-4.718000e-02 
-3.171500e-02 
-1.587600e-02 
-5.365500e-02 
-1.276490e-01 
-1.725110e-01 
-1.823560e-01 
-1.849150e-01 
-1.764400e-01 
-1.450710e-01 
-1.143840e-01 
-8.682900e-02 
-4.819600e-02 
-1.676300e-02 
-4.306000e-03 
1.349200e-02 
4.693700e-02 
8.154800e-02 
9.871200e-02 
7.255400e-02 
2.488200e-02 
1.960900e-02 
5.779100e-02 
9.599700e-02 
1.114730e-01 
1.166140e-01 
1.192130e-01 
1.247100e-01 
1.484580e-01 
1.849700e-01 
1.748690e-01 
1.098610e-01 
3.419700e-02 
-2.826900e-02 
-6.366900e-02 
-6.385500e-02 
-5.893300e-02 
-7.445100e-02 
-9.041000e-02 
-8.111500e-02 
-5.462100e-02 
-3.882000e-02 
-5.102800e-02 
-7.899500e-02 
-1.040540e-01 
-1.025890e-01 
-8.284400e-02 
-7.074200e-02 
-6.856900e-02 
-6.087100e-02 
-4.009700e-02 
-1.482300e-02 
5.497000e-03 
1.017100e-02 
-2.735000e-03 
-2.239100e-02 
-2.794300e-02 
-3.655000e-03 
3.633800e-02 
4.719300e-02 
2.856700e-02 
2.106400e-02 
3.415500e-02 
4.954300e-02 
5.117400e-02 
4.086700e-02 
2.738000e-02 
1.538600e-02 
3.513000e-03 
-1.228700e-02 
-3.048700e-02 
-3.501500e-02 
-2.489800e-02 
-1.655900e-02 
-1.761300e-02 
-2.187900e-02 
-2.364500e-02 
-1.116100e-02 
1.703300e-02 
4.805700e-02 
4.920200e-02 
1.161100e-02 
-4.879000e-03 
2.395900e-02 
6.428000e-02 
8.582500e-02 
7.949600e-02 
3.921300e-02 
-2.198200e-02 
-6.210200e-02 
-9.656300e-02 
-1.279970e-01 
-1.392200e-01 
-1.405760e-01 
-1.472720e-01 
-1.243670e-01 
-6.070800e-02 
1.318900e-02 
7.843000e-02 
1.258330e-01 
1.286980e-01 
9.193100e-02 
3.554100e-02 
-2.996000e-03 
-2.201000e-03 
1.226000e-03 
-2.960400e-02 
-6.328500e-02 
-5.574100e-02 
-3.114100e-02 
-2.304500e-02 
-2.232000e-02 
-2.236000e-02 
-3.749400e-02 
-6.219300e-02 
-8.419400e-02 
-8.044100e-02 
-5.218900e-02 
-2.610700e-02 
-1.465700e-02 
-2.989500e-02 
-6.930200e-02 
-8.620900e-02 
-8.342900e-02 
-6.528400e-02 
-1.539500e-02 
5.231100e-02 
8.076900e-02 
5.922600e-02 
4.417400e-02 
6.788200e-02 
1.126860e-01 
1.508920e-01 
1.647060e-01 
1.297540e-01 
8.071500e-02 
7.053900e-02 
8.498500e-02 
9.103900e-02 
8.508200e-02 
6.967800e-02 
6.001900e-02 
7.055200e-02 
9.322300e-02 
1.140910e-01 
1.291580e-01 
1.119540e-01 
6.515200e-02 
2.294800e-02 
-2.986000e-02 
-9.747200e-02 
-1.311770e-01 
-1.378680e-01 
-1.315070e-01 
-9.875500e-02 
-7.044900e-02 
-7.559300e-02 
-1.065240e-01 
-1.412090e-01 
-1.358900e-01 
-8.742800e-02 
-3.489600e-02 
-1.603300e-02 
-1.571400e-02 
2.257000e-03 
3.732300e-02 
7.372700e-02 
1.038850e-01 
1.286560e-01 
1.434400e-01 
1.503650e-01 
1.525010e-01 
1.508170e-01 
1.472800e-01 
1.445270e-01 
1.450690e-01 
1.493520e-01 
1.277100e-01 
6.550800e-02 
-1.139200e-02 
-4.593300e-02 
-3.142900e-02 
-2.625800e-02 
-3.883800e-02 
-3.604900e-02 
-1.308300e-02 
7.779000e-03 
1.603000e-03 
-2.595000e-02 
-5.286600e-02 
-5.494400e-02 
-3.256800e-02 
-8.518000e-03 
2.918000e-03 
-2.247000e-03 
-1.581300e-02 
-1.269000e-02 
1.975400e-02 
3.013700e-02 
1.537800e-02 
8.575000e-03 
6.960000e-04 
-2.548100e-02 
-6.395400e-02 
-8.743900e-02 
-8.280300e-02 
-6.495200e-02 
-5.151400e-02 
-4.479400e-02 
-2.868000e-02 
3.606000e-03 
4.138000e-02 
7.379500e-02 
6.239500e-02 
-7.482000e-03 
-6.810800e-02 
-6.623400e-02 
-3.343700e-02 
-1.940200e-02 
-3.794400e-02 
-6.507700e-02 
-4.914600e-02 
6.659000e-03 
3.464400e-02 
-3.610000e-04 
-3.417700e-02 
-4.188200e-02 
-5.965300e-02 
-1.013380e-01 
-1.516150e-01 
-1.878760e-01 
-1.697370e-01 
-1.076780e-01 
-5.618000e-02 
-2.864700e-02 
-1.968000e-02 
-3.367400e-02 
-4.286900e-02 
-2.386400e-02 
-1.098200e-02 
-3.402200e-02 
-7.051200e-02 
-7.542700e-02 
-4.146300e-02 
7.486000e-03 
5.275200e-02 
9.408800e-02 
1.268090e-01 
1.019430e-01 
1.952000e-02 
-3.397300e-02 
-1.874700e-02 
2.391900e-02 
3.496300e-02 
1.343600e-02 
-1.722600e-02 
-4.412800e-02 
-2.957900e-02 
8.561000e-03 
1.942400e-02 
2.305200e-02 
1.612600e-02 
-1.896100e-02 
-7.033100e-02 
-9.944100e-02 
-8.733900e-02 
-5.651200e-02 
-5.607200e-02 
-9.312800e-02 
-1.287780e-01 
-9.837800e-02 
-2.595600e-02 
-8.747000e-03 
-3.853400e-02 
-4.329700e-02 
-1.408900e-02 
1.394700e-02 
2.767400e-02 
3.792000e-02 
5.367500e-02 
7.237900e-02 
8.956800e-02 
1.049870e-01 
1.202370e-01 
1.297430e-01 
1.310010e-01 
1.291260e-01 
1.244440e-01 
1.040860e-01 
6.484300e-02 
1.972700e-02 
-2.229000e-02 
-4.330100e-02 
-3.303400e-02 
-1.928100e-02 
-2.074100e-02 
-1.923800e-02 
-1.144000e-02 
-1.130300e-02 
-1.474700e-02 
-1.742100e-02 
-3.432200e-02 
-6.573000e-02 
-9.572100e-02 
-1.111930e-01 
-1.231080e-01 
-1.167090e-01 
-8.449200e-02 
-4.092400e-02 
3.315000e-03 
4.567300e-02 
8.527300e-02 
8.017900e-02 
-1.104500e-02 
-9.308000e-02 
-9.333000e-02 
-4.932200e-02 
-9.804000e-03 
-2.245800e-02 
-6.618700e-02 
-6.369900e-02 
-8.187000e-03 
2.272500e-02 
2.159000e-03 
-1.802900e-02 
-9.032000e-03 
1.073100e-02 
2.202600e-02 
1.663700e-02 
3.617000e-03 
7.976000e-03 
3.763900e-02 
4.894400e-02 
1.891000e-02 
-1.735200e-02 
-2.478800e-02 
-5.303000e-03 
1.950500e-02 
3.327500e-02 
3.611800e-02 
4.575800e-02 
6.764800e-02 
8.862700e-02 
9.640200e-02 
9.044600e-02 
6.943700e-02 
3.806400e-02 
2.312700e-02 
1.970600e-02 
1.639300e-02 
1.836800e-02 
1.816200e-02 
2.512600e-02 
4.814000e-02 
7.760600e-02 
1.035890e-01 
1.219280e-01 
1.314160e-01 
1.301670e-01 
1.286350e-01 
1.174520e-01 
7.880300e-02 
2.196200e-02 
-3.318900e-02 
-5.654300e-02 
-3.819300e-02 
-3.150000e-03 
2.766300e-02 
4.290100e-02 
6.042500e-02 
1.055090e-01 
1.700950e-01 
2.185100e-01 
2.207450e-01 
1.967900e-01 
1.913740e-01 
1.870820e-01 
1.564720e-01 
1.103840e-01 
6.673100e-02 
2.988600e-02 
5.411000e-03 
-4.652000e-03 
-8.826000e-03 
-1.245500e-02 
-1.606000e-02 
-1.887000e-02 
-2.229300e-02 
-4.276300e-02 
-8.267000e-02 
-1.249870e-01 
-1.466240e-01 
-1.397140e-01 
-1.153020e-01 
-9.251500e-02 
-9.007500e-02 
-9.326300e-02 
-8.385600e-02 
-6.595500e-02 
-7.176000e-02 
-1.084520e-01 
-1.525740e-01 
-1.765610e-01 
-1.725160e-01 
-1.697420e-01 
-1.879550e-01 
-1.801600e-01 
-1.274120e-01 
-6.413000e-02 
-3.394400e-02 
-4.335600e-02 
-6.275500e-02 
-7.492300e-02 
-6.262000e-02 
-2.731600e-02 
1.294400e-02 
3.905100e-02 
3.706300e-02 
1.735500e-02 
5.202000e-03 
5.766000e-03 
8.606000e-03 
8.128000e-03 
6.648000e-03 
1.063700e-02 
2.341800e-02 
2.933700e-02 
2.093400e-02 
2.604200e-02 
5.720500e-02 
9.744800e-02 
1.321720e-01 
1.401080e-01 
9.354100e-02 
2.540300e-02 
1.084000e-03 
2.569300e-02 
6.574300e-02 
9.920000e-02 
1.045990e-01 
8.538400e-02 
8.976000e-02 
1.281850e-01 
1.558190e-01 
1.516520e-01 
1.464070e-01 
1.401490e-01 
1.049450e-01 
4.523000e-02 
-1.236600e-02 
-4.292300e-02 
-5.323800e-02 
-6.693700e-02 
-7.477000e-02 
-5.218000e-02 
-5.684000e-03 
4.165800e-02 
7.535300e-02 
7.276600e-02 
4.009700e-02 
3.975000e-03 
-2.373400e-02 
-4.567900e-02 
-5.449200e-02 
-4.764800e-02 
-3.493300e-02 
-9.097000e-03 
3.040800e-02 
7.240600e-02 
9.947700e-02 
1.100510e-01 
1.162710e-01 
1.238900e-01 
1.222410e-01 
1.049130e-01 
8.948800e-02 
9.799200e-02 
1.252300e-01 
1.475370e-01 
1.550380e-01 
1.553810e-01 
1.565780e-01 
1.485660e-01 
1.132600e-01 
5.673200e-02 
-5.800000e-05 
-3.497300e-02 
-3.911400e-02 
-3.815800e-02 
-4.986700e-02 
-6.756300e-02 
-8.208100e-02 
-8.736400e-02 
-8.147300e-02 
-7.031700e-02 
-5.994400e-02 
-5.937800e-02 
-7.402600e-02 
-9.693500e-02 
-1.192910e-01 
-1.387300e-01 
-1.445520e-01 
-1.328870e-01 
-1.208270e-01 
-1.210420e-01 
-1.283440e-01 
-1.324830e-01 
-1.247530e-01 
-1.085750e-01 
-9.820300e-02 
-9.737700e-02 
-9.627000e-02 
-8.910400e-02 
-8.318100e-02 
-8.507100e-02 
-7.493300e-02 
-3.269700e-02 
2.869000e-02 
8.238500e-02 
1.086210e-01 
1.155790e-01 
1.208040e-01 
1.072330e-01 
6.771300e-02 
2.050000e-02 
-2.249600e-02 
-6.109700e-02 
-8.936700e-02 
-9.984000e-02 
-1.176100e-01 
-1.393100e-01 
-1.266300e-01 
-8.109600e-02 
-3.099200e-02 
9.759000e-03 
2.623900e-02 
7.701000e-03 
-2.384000e-02 
-4.802800e-02 
-6.591800e-02 
-7.937800e-02 
-8.452500e-02 
-7.711100e-02 
-5.738000e-02 
-4.073100e-02 
-3.461800e-02 
-3.219300e-02 
-2.835500e-02 
-3.038400e-02 
-4.462300e-02 
-6.468100e-02 
-7.564400e-02 
-7.307200e-02 
-6.552800e-02 
-5.278600e-02 
-1.770100e-02 
3.844800e-02 
9.744000e-02 
1.516730e-01 
2.032730e-01 
2.543200e-01 
2.807890e-01 
2.613530e-01 
2.127990e-01 
1.480530e-01 
7.256800e-02 
-4.323000e-03 
-7.731200e-02 
-1.072360e-01 
-7.901700e-02 
-2.730800e-02 
1.860800e-02 
5.770900e-02 
9.804300e-02 
1.397060e-01 
1.590160e-01 
1.454760e-01 
1.065070e-01 
5.670300e-02 
8.277000e-03 
-3.674100e-02 
-6.034100e-02 
-5.043100e-02 
-2.356600e-02 
-5.490000e-04 
-1.963300e-02 
-8.167100e-02 
-1.424390e-01 
-1.630720e-01 
-1.550130e-01 
-1.758990e-01 
-2.342120e-01 
-2.980110e-01 
-3.275760e-01 
-2.295650e-01 
-3.027900e-02 
1.074110e-01 
1.487210e-01 
1.692860e-01 
2.109910e-01 
2.303270e-01 
1.965610e-01 
1.378770e-01 
8.579800e-02 
4.414600e-02 
3.744400e-02 
6.776600e-02 
9.088600e-02 
7.176700e-02 
2.685900e-02 
1.933200e-02 
6.137400e-02 
1.124210e-01 
1.357070e-01 
1.068100e-01 
4.702500e-02 
-5.260000e-04 
-2.586100e-02 
-5.463000e-02 
-9.589300e-02 
-1.321500e-01 
-1.186700e-01 
-5.961300e-02 
5.387000e-03 
5.949700e-02 
1.000840e-01 
9.308900e-02 
3.932800e-02 
-2.307800e-02 
-7.669000e-02 
-1.252530e-01 
-1.664700e-01 
-1.924300e-01 
-1.861190e-01 
-1.360380e-01 
-6.243700e-02 
1.195400e-02 
8.452700e-02 
1.583290e-01 
2.285440e-01 
2.267540e-01 
1.337760e-01 
1.235900e-02 
-8.857200e-02 
-1.506560e-01 
-1.914140e-01 
-2.302210e-01 
-2.342890e-01 
-1.877750e-01 
-1.228160e-01 
-6.480800e-02 
-2.884000e-02 
-2.934100e-02 
-5.525100e-02 
-7.829600e-02 
-8.025400e-02 
-7.904900e-02 
-9.674600e-02 
-1.256040e-01 
-1.530590e-01 
-1.669450e-01 
-1.340330e-01 
-5.707600e-02 
2.559100e-02 
9.617300e-02 
1.082680e-01 
4.574800e-02 
-4.674300e-02 
-1.176930e-01 
-1.397390e-01 
-1.395850e-01 
-1.497110e-01 
-1.674290e-01 
-1.672630e-01 
-1.267940e-01 
-6.267300e-02 
8.220000e-04 
5.770100e-02 
1.105670e-01 
1.069470e-01 
2.333500e-02 
-4.982300e-02 
-6.152100e-02 
-4.908600e-02 
-3.888000e-02 
-2.566400e-02 
-2.597000e-03 
2.399900e-02 
4.785800e-02 
5.037800e-02 
2.262600e-02 
-1.987500e-02 
-5.528800e-02 
-7.607100e-02 
-8.887900e-02 
-9.970200e-02 
-7.535400e-02 
-1.135300e-02 
6.065200e-02 
1.245780e-01 
1.833760e-01 
2.442990e-01 
3.062720e-01 
3.544830e-01 
3.658900e-01 
3.484320e-01 
3.295780e-01 
3.227030e-01 
3.251080e-01 
3.263830e-01 
3.039430e-01 
2.186640e-01 
8.667500e-02 
-3.223500e-02 
-1.020090e-01 
-1.424520e-01 
-1.827540e-01 
-2.097300e-01 
-2.126680e-01 
-2.059720e-01 
-1.718310e-01 
-9.801400e-02 
-9.021000e-03 
3.463100e-02 
1.830700e-02 
-1.598000e-02 
-4.058100e-02 
-4.688700e-02 
-4.670900e-02 
-6.420200e-02 
-9.948900e-02 
-1.366170e-01 
-1.689140e-01 
-1.960360e-01 
-1.895000e-01 
-1.453950e-01 
-9.368500e-02 
-4.962400e-02 
-1.123400e-02 
2.871600e-02 
6.967900e-02 
1.101190e-01 
1.483480e-01 
1.867870e-01 
2.247840e-01 
2.598420e-01 
2.635460e-01 
2.274360e-01 
1.779480e-01 
1.459370e-01 
1.419620e-01 
1.380130e-01 
1.060330e-01 
5.489600e-02 
5.122000e-03 
-3.825800e-02 
-7.495000e-02 
-1.002660e-01 
-1.166490e-01 
-1.315200e-01 
-1.469410e-01 
-1.513700e-01 
-1.363480e-01 
-1.113950e-01 
-8.756700e-02 
-6.682500e-02 
-4.902600e-02 
-3.880100e-02 
-3.531800e-02 
-3.309500e-02 
-2.972200e-02 
-2.593400e-02 
-2.251200e-02 
-1.724400e-02 
-9.070000e-03 
1.500000e-04 
8.988000e-03 
1.734100e-02 
2.548900e-02 
3.175300e-02 
3.354100e-02 
3.204400e-02 
3.048600e-02 
3.205300e-02 
4.329000e-02 
6.173400e-02 
6.534800e-02 
4.746900e-02 
3.590700e-02 
4.785300e-02 
6.915000e-02 
8.169200e-02 
8.559800e-02 
8.913500e-02 
8.619700e-02 
7.034000e-02 
4.792700e-02 
2.633700e-02 
7.133000e-03 
-6.541000e-03 
-8.081000e-03 
-7.620000e-04 
7.379000e-03 
1.363400e-02 
1.938600e-02 
2.416300e-02 
1.942900e-02 
4.754000e-03 
-1.152600e-02 
-2.544500e-02 
-3.310500e-02 
-3.378000e-02 
-3.152700e-02 
-3.155200e-02 
-3.903200e-02 
-4.966600e-02 
-4.894300e-02 
-3.646500e-02 
-2.224000e-02 
-1.083400e-02 
-1.444000e-03 
2.803000e-03 
1.588000e-03 
-9.660000e-04 
-2.718000e-03 
-4.003000e-03 
-5.681000e-03 
-9.244000e-03 
-1.687400e-02 
-2.674500e-02 
-2.904600e-02 
-1.930700e-02 
-4.599000e-03 
8.970000e-03 
2.083900e-02 
3.186800e-02 
2.722000e-02 
4.691000e-03 
-2.136800e-02 
-4.397500e-02 
-6.280500e-02 
-7.600700e-02 
-8.375400e-02 
-8.974200e-02 
-8.698500e-02 
-7.099800e-02 
-4.899600e-02 
-3.329400e-02 
-2.581000e-02 
-2.116700e-02 
-1.781200e-02 
-1.017900e-02 
4.894000e-03 
2.283000e-02 
3.981800e-02 
5.125900e-02 
5.255400e-02 
4.675900e-02 
3.979900e-02 
2.285700e-02 
-6.242000e-03 
-3.816400e-02 
-6.682700e-02 
-8.103300e-02 
-7.603600e-02 
-5.480100e-02 
-2.089000e-02 
1.805900e-02 
5.615200e-02 
8.580500e-02 
1.033010e-01 
1.124910e-01 
9.277600e-02 
3.475900e-02 
-3.720000e-02 
-1.032070e-01 
-1.344640e-01 
-1.273610e-01 
-1.075330e-01 
-9.219800e-02 
-8.112000e-02 
-7.970600e-02 
-7.820200e-02 
-7.121200e-02 
-7.137500e-02 
-8.055100e-02 
-8.531800e-02 
-7.755400e-02 
-6.476800e-02 
-6.030800e-02 
-6.888900e-02 
-7.127200e-02 
-5.782000e-02 
-3.884000e-02 
-2.553600e-02 
-2.053500e-02 
-1.860600e-02 
-1.568400e-02 
-1.200400e-02 
-8.678000e-03 
-3.458000e-03 
1.169200e-02 
3.607300e-02 
6.154500e-02 
8.452300e-02 
1.011280e-01 
1.075550e-01 
1.040750e-01 
8.618900e-02 
5.668800e-02 
2.583700e-02 
-2.824000e-03 
-2.983900e-02 
-5.168900e-02 
-6.555000e-02 
-7.628100e-02 
-8.719700e-02 
-9.825700e-02 
-9.596400e-02 
-7.801300e-02 
-5.629600e-02 
-4.868900e-02 
-5.538900e-02 
-6.324400e-02 
-5.715600e-02 
-3.548900e-02 
-1.023700e-02 
5.978000e-03 
1.246600e-02 
1.442600e-02 
1.063200e-02 
1.994000e-03 
-7.778000e-03 
-1.650300e-02 
-2.140600e-02 
-1.989000e-02 
-1.439300e-02 
-8.800000e-03 
-4.101000e-03 
6.190000e-04 
8.509000e-03 
1.986400e-02 
3.177000e-02 
3.907300e-02 
3.925300e-02 
3.555300e-02 
2.656800e-02 
1.083900e-02 
-5.019000e-03 
-1.414300e-02 
-2.147500e-02 
-3.565700e-02 
-5.474700e-02 
-7.265700e-02 
-6.933400e-02 
-4.421400e-02 
-1.540000e-02 
9.004000e-03 
3.137800e-02 
5.505400e-02 
7.820800e-02 
8.037900e-02 
5.083600e-02 
7.290000e-03 
-3.267500e-02 
-5.307700e-02 
-4.296900e-02 
-1.483400e-02 
1.332500e-02 
3.737200e-02 
5.730100e-02 
6.291700e-02 
5.422300e-02 
4.289800e-02 
3.401400e-02 
2.656100e-02 
1.860400e-02 
1.783600e-02 
2.777300e-02 
4.208300e-02 
5.492800e-02 
6.380100e-02 
6.669400e-02 
6.553200e-02 
6.394600e-02 
6.310200e-02 
6.222700e-02 
5.777100e-02 
4.531200e-02 
2.724000e-02 
8.955000e-03 
-7.243000e-03 
-1.189400e-02 
-4.365000e-03 
5.551000e-03 
1.338900e-02 
2.007400e-02 
2.674800e-02 
2.075900e-02 
-1.624000e-03 
-2.879400e-02 
-5.098600e-02 
-6.332700e-02 
-6.987700e-02 
-7.623600e-02 
-8.042700e-02 
-7.626700e-02 
-6.557800e-02 
-5.297600e-02 
-4.009900e-02 
-2.685800e-02 
-1.340700e-02 
-5.930000e-04 
4.057000e-03 
-3.120000e-04 
-6.540000e-03 
-1.119400e-02 
-1.497300e-02 
-1.898200e-02 
-1.920700e-02 
-1.449700e-02 
-8.565000e-03 
-3.507000e-03 
1.537000e-03 
1.776000e-02 
5.047100e-02 
8.346700e-02 
9.160800e-02 
7.796700e-02 
6.245100e-02 
5.197900e-02 
4.289000e-02 
3.190600e-02 
2.016600e-02 
9.158000e-03 
7.470000e-04 
8.140000e-04 
8.673000e-03 
1.773700e-02 
2.729000e-02 
3.963800e-02 
5.448100e-02 
6.922700e-02 
8.003400e-02 
8.395500e-02 
8.528500e-02 
9.306800e-02 
1.016500e-01 
9.465200e-02 
7.377400e-02 
5.143000e-02 
3.253800e-02 
1.484200e-02 
-3.796000e-03 
-2.283500e-02 
-4.017700e-02 
-3.924400e-02 
-1.597600e-02 
1.373000e-02 
3.935800e-02 
4.952700e-02 
4.594400e-02 
3.752500e-02 
2.602800e-02 
1.182500e-02 
-2.788000e-03 
-8.817000e-03 
-3.106000e-03 
6.890000e-03 
1.535000e-02 
2.143900e-02 
2.698000e-02 
3.294200e-02 
3.911600e-02 
4.470900e-02 
4.796500e-02 
4.562000e-02 
3.905400e-02 
3.210800e-02 
2.631300e-02 
2.252800e-02 
2.206200e-02 
2.383400e-02 
2.578300e-02 
2.526800e-02 
2.139300e-02 
1.620100e-02 
1.136800e-02 
6.879000e-03 
2.310000e-03 
-2.279000e-03 
-6.502000e-03 
-5.108000e-03 
7.381000e-03 
1.936900e-02 
1.069000e-02 
-1.520400e-02 
-4.048800e-02 
-4.704800e-02 
-5.524200e-02 
-6.416100e-02 
-7.423000e-02 
-8.003900e-02 
-8.068400e-02 
-8.043700e-02 
-8.115400e-02 
-8.226500e-02 
-8.292800e-02 
-8.271300e-02 
-7.331400e-02 
-5.070000e-02 
-2.967000e-02 
-1.826300e-02 
-8.562000e-03 
4.867000e-03 
2.007900e-02 
3.398800e-02 
4.484000e-02 
5.257100e-02 
5.896900e-02 
6.335100e-02 
6.099900e-02 
5.274400e-02 
4.409600e-02 
4.140600e-02 
4.506500e-02 
4.996800e-02 
5.471500e-02 
6.057500e-02 
6.765100e-02 
7.204600e-02 
7.041900e-02 
6.493000e-02 
5.997300e-02 
5.722100e-02 
5.575200e-02 
5.407400e-02 
5.203000e-02 
4.998400e-02 
4.815000e-02 
4.590400e-02 
3.737400e-02 
2.161500e-02 
4.721000e-03 
-1.058800e-02 
-2.468600e-02 
-3.837300e-02 
-4.468500e-02 
-4.251700e-02 
-3.815700e-02 
-3.525400e-02 
-3.319100e-02 
-3.099000e-02 
-2.949600e-02 
-2.914100e-02 
-2.909200e-02 
-2.887500e-02 
-2.842600e-02 
-2.808400e-02 
-2.777200e-02 
-2.744400e-02 
-2.629000e-02 
-2.417300e-02 
-2.175500e-02 
-1.957200e-02 
-1.754500e-02 
-1.557200e-02 
-1.359900e-02 
-1.171600e-02 
-9.749000e-03 
-7.670000e-03 
-5.570000e-03 
-3.606000e-03 
-1.725000e-03 
3.400000e-05 
1.678000e-03 
2.149000e-03 
-1.117000e-03 
-7.415000e-03 
-1.306900e-02 
-1.653000e-02 
-1.879000e-02 
-2.123600e-02 
-2.372700e-02 
-2.481100e-02 
-2.410300e-02 
-2.280900e-02 
-1.925200e-02 
-1.256300e-02 
-4.660000e-03 
2.582000e-03 
8.993000e-03 
1.402900e-02 
1.772400e-02 
2.087400e-02 
2.395600e-02 
2.685800e-02 
2.932200e-02 
2.995900e-02 
2.896100e-02 
2.770100e-02 
2.670800e-02 
2.574400e-02 
2.460500e-02 
2.238700e-02 
1.841500e-02 
1.355500e-02 
8.901000e-03 
4.701000e-03 
7.730000e-04 
-3.392000e-03 
-8.343000e-03 
-1.373400e-02 
-1.876600e-02 
-2.330500e-02 
-2.711800e-02 
-2.562500e-02 
-1.734400e-02 
-1.144000e-02 
-1.388000e-02 
-2.055000e-02 
-2.606300e-02 
-2.989000e-02 
-3.331700e-02 
-3.692700e-02 
-4.013900e-02 
-4.221600e-02 
-3.861500e-02 
-2.984300e-02 
-2.080600e-02 
-1.353400e-02 
-7.343000e-03 
-1.465000e-03 
3.768000e-03 
6.366000e-03 
6.330000e-03 
4.176000e-03 
6.870000e-04 
-2.746000e-03 
-5.719000e-03 
-8.299000e-03 
-1.027400e-02 
-1.132100e-02 
-1.182200e-02 
-1.221500e-02 
-1.262700e-02 
-1.296900e-02 
-1.321200e-02 
-1.326800e-02 
-1.305000e-02 
-1.263800e-02 
-1.223100e-02 
-1.187700e-02 
-1.154500e-02 
-1.114200e-02 
-1.057700e-02 
-9.928000e-03 
-9.341000e-03 
-8.841000e-03 
-8.406000e-03 
-8.017000e-03 
-7.693000e-03 
-7.658000e-03 
-7.963000e-03 
-8.333000e-03 
-8.575000e-03 
-8.671000e-03 
-8.549000e-03 
-8.250000e-03 
-7.928000e-03 
-7.627000e-03 
-7.333000e-03 
-7.043000e-03 
-6.811000e-03 
-6.617000e-03 
-6.399000e-03 
-6.136000e-03 
-5.870000e-03 
-5.626000e-03 
-5.370000e-03 
-5.055000e-03 
-4.649000e-03 
-4.189000e-03 
-3.735000e-03 
-3.309000e-03 
-2.903000e-03 
-2.497000e-03 
-2.087000e-03 
-1.676000e-03 
-1.267000e-03 
-8.620000e-04 
-4.580000e-04 
-5.100000e-05 
3.500000e-04 
7.380000e-04 
1.113000e-03 
1.485000e-03 
1.863000e-03 
2.232000e-03 
2.570000e-03 
2.872000e-03 
3.150000e-03 
3.423000e-03 
3.693000e-03 
3.957000e-03 
4.215000e-03 
4.474000e-03 
4.735000e-03 
4.994000e-03 
5.249000e-03 
5.499000e-03 
5.746000e-03 
5.990000e-03 
6.230000e-03 
6.465000e-03 
6.696000e-03 
6.921000e-03 
7.142000e-03 
7.357000e-03 
7.568000e-03 
7.774000e-03 
