1 
1.000000e-02 
-2.292648e-04 
-3.646166e-04 
-6.469674e-04 
-9.276007e-04 
-7.960512e-04 
-8.098718e-05 
7.941102e-04 
1.376203e-03 
1.655474e-03 
1.768290e-03 
1.788497e-03 
1.674620e-03 
1.492494e-03 
1.434701e-03 
1.650696e-03 
2.254519e-03 
2.990229e-03 
3.494349e-03 
3.439373e-03 
2.980456e-03 
2.503414e-03 
2.309335e-03 
2.360268e-03 
2.415712e-03 
2.202766e-03 
1.708909e-03 
1.087095e-03 
3.710060e-04 
-6.961658e-04 
-2.097169e-03 
-3.208440e-03 
-3.475157e-03 
-3.126033e-03 
-2.954964e-03 
-3.248909e-03 
-3.716697e-03 
-4.206051e-03 
-4.700485e-03 
-4.888043e-03 
-4.317666e-03 
-3.250447e-03 
-2.627820e-03 
-2.792622e-03 
-3.110855e-03 
-2.853520e-03 
-2.087732e-03 
-1.328567e-03 
-4.738098e-04 
8.671713e-04 
2.522886e-03 
3.659031e-03 
3.807036e-03 
3.564777e-03 
3.838949e-03 
4.720761e-03 
5.532293e-03 
5.817721e-03 
5.776885e-03 
5.616035e-03 
5.047449e-03 
3.938609e-03 
2.766666e-03 
2.177281e-03 
2.087284e-03 
1.857026e-03 
1.171487e-03 
5.112326e-04 
2.092144e-04 
-1.963853e-04 
-1.290467e-03 
-2.729049e-03 
-3.395510e-03 
-2.753409e-03 
-1.748902e-03 
-1.868203e-03 
-3.297865e-03 
-4.827042e-03 
-5.179044e-03 
-4.415765e-03 
-3.327986e-03 
-2.147328e-03 
-4.479134e-04 
1.697902e-03 
3.324660e-03 
3.569145e-03 
2.725217e-03 
1.890965e-03 
2.067486e-03 
3.366790e-03 
5.247967e-03 
6.760295e-03 
7.093766e-03 
6.200058e-03 
4.738206e-03 
3.532530e-03 
3.164709e-03 
3.697908e-03 
4.697513e-03 
5.251034e-03 
4.627068e-03 
2.924388e-03 
8.902733e-04 
-1.163638e-03 
-3.465534e-03 
-5.526503e-03 
-5.753705e-03 
-3.374796e-03 
-2.549536e-04 
5.143693e-04 
-1.889149e-03 
-5.167282e-03 
-6.833038e-03 
-6.767556e-03 
-6.162736e-03 
-4.991641e-03 
-2.461820e-03 
5.197796e-04 
1.574707e-03 
-2.521329e-04 
-2.973386e-03 
-4.131655e-03 
-3.634253e-03 
-2.758178e-03 
-1.662572e-03 
5.530974e-04 
3.658538e-03 
5.876748e-03 
6.376885e-03 
6.279510e-03 
6.630864e-03 
6.760599e-03 
5.777500e-03 
4.615575e-03 
4.989880e-03 
6.449324e-03 
6.349023e-03 
3.257933e-03 
-1.002686e-03 
-3.335195e-03 
-2.531580e-03 
2.556282e-05 
2.393080e-03 
3.598424e-03 
3.640608e-03 
3.009762e-03 
2.479662e-03 
2.731842e-03 
3.692273e-03 
4.372269e-03 
3.856278e-03 
2.073565e-03 
-4.463082e-04 
-3.007260e-03 
-4.905012e-03 
-5.362051e-03 
-3.756017e-03 
-1.193942e-04 
4.522600e-03 
8.301560e-03 
9.397293e-03 
7.188053e-03 
2.749163e-03 
-1.447211e-03 
-3.198476e-03 
-1.773292e-03 
1.563604e-03 
4.207008e-03 
3.795194e-03 
-6.847947e-05 
-5.347334e-03 
-9.083929e-03 
-9.534241e-03 
-6.887782e-03 
-2.529314e-03 
1.873339e-03 
4.431258e-03 
3.714425e-03 
1.035037e-04 
-3.842030e-03 
-5.230428e-03 
-3.504004e-03 
-5.893655e-04 
1.243246e-03 
1.387541e-03 
5.238012e-04 
-5.702758e-04 
-1.500714e-03 
-2.031298e-03 
-1.787200e-03 
-4.123809e-04 
2.184267e-03 
5.372903e-03 
7.667467e-03 
7.397492e-03 
4.125783e-03 
-6.026752e-04 
-4.096873e-03 
-4.491654e-03 
-2.012424e-03 
1.584086e-03 
4.370197e-03 
5.433502e-03 
5.366476e-03 
5.408327e-03 
6.252605e-03 
7.489319e-03 
8.321519e-03 
8.376968e-03 
7.780791e-03 
6.355263e-03 
3.752328e-03 
3.199178e-04 
-2.772551e-03 
-4.535881e-03 
-4.858617e-03 
-3.763792e-03 
-9.000118e-04 
3.246559e-03 
5.985975e-03 
3.968234e-03 
-2.889273e-03 
-1.032415e-02 
-1.365903e-02 
-1.251525e-02 
-1.042589e-02 
-1.031773e-02 
-1.188466e-02 
-1.330817e-02 
-1.411431e-02 
-1.434689e-02 
-1.280073e-02 
-7.922050e-03 
-1.052789e-03 
3.616858e-03 
3.585024e-03 
1.421605e-03 
1.519669e-03 
4.348984e-03 
5.756979e-03 
2.703504e-03 
-1.937556e-03 
-2.154362e-03 
4.315023e-03 
1.330435e-02 
1.851489e-02 
1.749877e-02 
1.300433e-02 
9.413250e-03 
9.151250e-03 
1.177216e-02 
1.541747e-02 
1.816419e-02 
1.879720e-02 
1.689352e-02 
1.286504e-02 
8.092408e-03 
4.515042e-03 
3.512457e-03 
4.837053e-03 
6.714659e-03 
7.574968e-03 
7.312711e-03 
6.283853e-03 
3.882154e-03 
-5.881263e-04 
-5.674918e-03 
-8.155578e-03 
-6.452899e-03 
-2.934642e-03 
-1.514181e-03 
-3.708440e-03 
-7.956324e-03 
-1.181053e-02 
-1.349206e-02 
-1.198675e-02 
-7.408286e-03 
-2.121931e-03 
2.413877e-04 
-2.134973e-03 
-7.467982e-03 
-1.238247e-02 
-1.468368e-02 
-1.412402e-02 
-1.098746e-02 
-6.037155e-03 
-1.479714e-03 
-4.128778e-04 
-3.950165e-03 
-9.630127e-03 
-1.293514e-02 
-1.088516e-02 
-3.794333e-03 
5.662026e-03 
1.435006e-02 
1.969938e-02 
2.016319e-02 
1.578076e-02 
8.791835e-03 
2.957491e-03 
1.181484e-03 
3.667524e-03 
8.110907e-03 
1.185630e-02 
1.371578e-02 
1.396821e-02 
1.351029e-02 
1.322644e-02 
1.371059e-02 
1.476838e-02 
1.547997e-02 
1.491766e-02 
1.293051e-02 
1.005013e-02 
7.004916e-03 
5.040131e-03 
5.899286e-03 
9.882260e-03 
1.400775e-02 
1.353983e-02 
6.424546e-03 
-4.096871e-03 
-1.234181e-02 
-1.489006e-02 
-1.249131e-02 
-8.477936e-03 
-6.017639e-03 
-6.591707e-03 
-9.333824e-03 
-1.184471e-02 
-1.191241e-02 
-9.236527e-03 
-5.111737e-03 
-1.044518e-03 
1.892828e-03 
2.169575e-03 
-1.856735e-03 
-9.915614e-03 
-1.809984e-02 
-2.051894e-02 
-1.373583e-02 
-9.955753e-05 
1.368358e-02 
2.171494e-02 
2.280625e-02 
1.967278e-02 
1.584038e-02 
1.402445e-02 
1.610985e-02 
2.189314e-02 
2.775977e-02 
2.840891e-02 
2.206994e-02 
1.286729e-02 
6.712314e-03 
5.606942e-03 
7.423092e-03 
1.011466e-02 
1.331047e-02 
1.522884e-02 
1.127920e-02 
-1.733945e-03 
-2.078035e-02 
-3.769956e-02 
-4.527098e-02 
-4.207470e-02 
-3.255346e-02 
-2.352899e-02 
-2.001912e-02 
-2.238582e-02 
-2.646948e-02 
-2.717803e-02 
-2.245257e-02 
-1.428380e-02 
-6.284705e-03 
-9.115505e-04 
1.550405e-03 
2.231689e-03 
2.247596e-03 
2.183324e-03 
2.883392e-03 
6.321680e-03 
1.424182e-02 
2.504466e-02 
3.345416e-02 
3.504167e-02 
3.092269e-02 
2.631109e-02 
2.481367e-02 
2.533042e-02 
2.537371e-02 
2.526236e-02 
2.690348e-02 
2.968858e-02 
2.924308e-02 
2.166433e-02 
8.072496e-03 
-5.639699e-03 
-1.341888e-02 
-1.381062e-02 
-1.079645e-02 
-9.912506e-03 
-1.349821e-02 
-1.912471e-02 
-2.259576e-02 
-2.182787e-02 
-1.767047e-02 
-1.235606e-02 
-8.663602e-03 
-9.451254e-03 
-1.537130e-02 
-2.227833e-02 
-2.297879e-02 
-1.411926e-02 
-3.423333e-04 
9.594176e-03 
1.136768e-02 
8.452844e-03 
6.675869e-03 
7.514734e-03 
7.676092e-03 
4.844611e-03 
1.503890e-03 
1.724621e-03 
5.764366e-03 
9.198207e-03 
8.068641e-03 
3.043780e-03 
-1.641253e-03 
-2.497145e-03 
8.590785e-04 
5.925042e-03 
8.579482e-03 
5.029281e-03 
-5.259227e-03 
-1.832878e-02 
-2.846164e-02 
-3.253425e-02 
-3.118449e-02 
-2.673361e-02 
-2.093989e-02 
-1.520573e-02 
-1.084088e-02 
-8.358964e-03 
-6.966089e-03 
-5.922084e-03 
-5.573012e-03 
-6.192651e-03 
-6.539599e-03 
-5.456545e-03 
-5.176082e-03 
-1.062085e-02 
-2.383099e-02 
-3.937347e-02 
-4.755584e-02 
-4.266149e-02 
-2.706175e-02 
-7.545082e-03 
1.028691e-02 
2.297860e-02 
2.762721e-02 
2.296268e-02 
1.243536e-02 
3.416948e-03 
1.423019e-03 
6.030575e-03 
1.296964e-02 
1.863881e-02 
2.155765e-02 
2.076848e-02 
1.563129e-02 
7.451910e-03 
-3.002340e-04 
-3.977770e-03 
-2.508728e-03 
1.260741e-03 
8.170567e-04 
-1.068657e-02 
-3.460086e-02 
-6.353202e-02 
-8.547933e-02 
-9.283450e-02 
-8.696692e-02 
-7.523548e-02 
-6.528949e-02 
-6.232999e-02 
-6.783266e-02 
-7.758615e-02 
-8.202771e-02 
-7.210946e-02 
-4.638090e-02 
-1.138316e-02 
2.432585e-02 
5.447666e-02 
7.506223e-02 
8.454529e-02 
8.631154e-02 
8.847864e-02 
9.718464e-02 
1.103517e-01 
1.192758e-01 
1.162006e-01 
9.930237e-02 
7.168780e-02 
3.820924e-02 
4.018900e-03 
-2.600008e-02 
-4.896033e-02 
-6.587205e-02 
-8.205768e-02 
-1.048251e-01 
-1.389095e-01 
-1.824176e-01 
-2.268745e-01 
-2.618542e-01 
-2.801431e-01 
-2.807535e-01 
-2.671188e-01 
-2.426527e-01 
-2.220960e-01 
-2.087648e-01 
-1.948619e-01 
-1.760743e-01 
-1.307132e-01 
-7.212633e-02 
-1.927379e-04 
6.971664e-02 
1.211665e-01 
1.686233e-01 
1.985496e-01 
2.308171e-01 
2.532714e-01 
2.633026e-01 
2.654492e-01 
2.565627e-01 
2.359370e-01 
2.133547e-01 
1.820036e-01 
1.446161e-01 
1.127520e-01 
7.385906e-02 
4.923004e-02 
1.328066e-02 
-2.138429e-02 
-5.551771e-02 
-9.529262e-02 
-1.239041e-01 
-1.431137e-01 
-1.394921e-01 
-1.155548e-01 
-8.291441e-02 
-5.503412e-02 
-3.362857e-02 
-2.837339e-02 
-1.822936e-02 
-2.014782e-03 
2.580719e-02 
6.127623e-02 
8.396856e-02 
9.925534e-02 
9.789784e-02 
8.657100e-02 
7.029094e-02 
5.040074e-02 
3.239063e-02 
1.454256e-02 
-6.423515e-03 
-2.693787e-02 
-5.167881e-02 
-8.040980e-02 
-1.088506e-01 
-1.415355e-01 
-1.713310e-01 
-1.928279e-01 
-2.038613e-01 
-1.950812e-01 
-1.793643e-01 
-1.648493e-01 
-1.523180e-01 
-1.448973e-01 
-1.277196e-01 
-1.118593e-01 
-1.016337e-01 
-1.024413e-01 
-1.122667e-01 
-1.158000e-01 
-1.082314e-01 
-9.039714e-02 
-7.007076e-02 
-5.236287e-02 
-3.921097e-02 
-2.766534e-02 
-2.649906e-02 
-3.265252e-02 
-4.337537e-02 
-4.944689e-02 
-4.270620e-02 
-2.947422e-02 
-8.496384e-03 
1.565597e-02 
4.539881e-02 
8.149682e-02 
1.200401e-01 
1.550928e-01 
1.778266e-01 
1.814569e-01 
1.680565e-01 
1.431940e-01 
1.124274e-01 
8.117745e-02 
5.043080e-02 
2.392595e-02 
-7.138558e-04 
-2.951644e-02 
-6.208209e-02 
-9.676497e-02 
-1.215416e-01 
-1.282164e-01 
-1.199749e-01 
-9.193668e-02 
-5.156164e-02 
8.606181e-04 
5.639780e-02 
1.036435e-01 
1.496743e-01 
3.027256e-01 
5.496698e-01 
1.571094e-01 
-1.340705e-01 
6.655498e-01 
5.146902e-01 
2.811707e-01 
7.579836e-01 
3.776143e-01 
3.500110e-01 
2.394094e-01 
-1.216336e-03 
3.646985e-01 
-2.935277e-01 
4.277626e-02 
1.079688e-01 
-1.185036e-01 
2.908215e-02 
-1.027444e-02 
6.914338e-02 
3.518398e-02 
-2.655369e-01 
2.401779e-02 
1.316437e-01 
4.429826e-02 
2.756973e-01 
3.251850e-01 
3.735954e-01 
3.591353e-01 
8.278688e-02 
4.656001e-01 
3.040674e-01 
3.540213e-01 
4.216949e-01 
4.498238e-01 
4.564287e-01 
3.153715e-01 
2.127444e-01 
3.640105e-01 
1.173032e-01 
8.788991e-02 
9.956365e-02 
2.122833e-02 
-9.506826e-02 
1.277766e-01 
-3.119302e-01 
1.077060e-02 
2.958163e-01 
-7.728228e-01 
3.678823e-01 
-1.795140e-01 
-2.919894e-01 
-2.605215e-01 
-3.778764e-01 
-2.252662e-01 
-3.870154e-01 
-2.028610e-01 
-4.054612e-01 
-7.331766e-01 
-7.271710e-01 
-7.510392e-01 
-6.971582e-01 
-2.502456e-01 
-4.768935e-01 
-3.921929e-01 
-3.752224e-01 
-3.989079e-01 
-2.036534e-01 
-4.570555e-01 
-1.264153e-01 
1.331107e-02 
-8.373886e-02 
6.149197e-01 
-3.162272e-02 
-4.024021e-01 
-2.759267e-01 
2.110703e-01 
4.641619e-01 
4.202669e-01 
8.352149e-01 
4.455784e-01 
5.591085e-01 
5.352846e-01 
2.289134e-01 
4.259100e-01 
5.856711e-01 
4.056557e-01 
4.607099e-01 
2.888264e-01 
-1.914311e-01 
-2.721334e-01 
-2.657023e-01 
-4.183375e-01 
-3.596957e-01 
-3.448699e-01 
-6.441473e-01 
-5.694539e-01 
-5.100855e-01 
-5.205243e-01 
-6.467060e-01 
-8.231664e-01 
-5.272306e-01 
-2.360333e-01 
-3.617224e-01 
-2.696905e-01 
-2.958686e-01 
-8.750531e-02 
-9.262124e-02 
2.597138e-01 
4.575264e-01 
1.954485e-01 
3.061795e-01 
2.584939e-01 
4.040139e-01 
1.567218e+00 
6.946123e-01 
5.727091e-01 
4.565192e-01 
7.275230e-01 
6.260849e-01 
5.564075e-01 
5.260068e-01 
5.752623e-01 
5.444227e-01 
5.142907e-01 
3.408622e-01 
8.198757e-02 
-1.504752e-01 
-2.343907e-01 
-2.522520e-01 
-1.052099e-01 
-4.873726e-02 
-3.188847e-01 
-7.359491e-01 
-1.376137e+00 
-5.881968e-01 
-5.514743e-01 
-4.979079e-01 
-4.673121e-01 
-6.065761e-01 
-6.464431e-01 
-6.652350e-01 
-6.643944e-01 
-4.906534e-01 
-3.210090e-01 
-1.986225e-01 
2.985155e-02 
1.326029e-01 
3.442164e-02 
1.017850e-01 
1.963701e-01 
1.898336e-01 
4.383775e-01 
9.390063e-01 
2.248309e+00 
9.959956e-01 
3.221372e-01 
1.380648e-02 
5.776211e-01 
-8.502992e-02 
1.799861e+00 
8.457293e-01 
3.582832e-01 
6.107957e-03 
6.749000e-01 
1.916517e-01 
2.931045e-01 
2.783958e-01 
-1.628758e-01 
-8.618277e-02 
1.716057e-01 
-2.155160e-01 
-3.718742e-01 
-3.565673e-01 
-6.940288e-01 
-6.120416e-01 
-3.211166e-01 
-4.025448e-01 
-2.827754e-01 
-1.581892e-01 
-4.087369e-01 
-4.246460e-01 
-3.311185e-01 
-4.393574e-01 
-2.861540e-01 
-8.075737e-02 
-1.399575e-01 
-8.836412e-02 
-7.962674e-02 
-2.736430e-01 
-2.512230e-01 
8.612768e-02 
2.571030e-02 
-2.768409e-02 
3.028822e-01 
3.495651e-01 
-2.149875e-02 
8.207939e-01 
-3.848339e-01 
1.481886e-02 
8.386496e-02 
-5.165434e-01 
2.403010e-01 
-5.010349e-01 
-5.217479e-02 
2.013617e-01 
-5.152092e-01 
1.473053e-01 
-1.741133e-03 
-4.898939e-02 
5.537945e-02 
-1.556992e-01 
2.648514e-01 
3.699858e-01 
-3.803565e-01 
3.693471e-01 
1.228497e-01 
1.258035e-01 
1.413685e-01 
9.567476e-02 
2.476096e-01 
3.415794e-01 
1.511837e-01 
3.622389e-01 
2.613471e-01 
5.391805e-02 
2.036354e-01 
-2.067594e-02 
1.640607e-01 
-5.641092e-02 
-1.066176e-01 
-2.958898e-02 
-4.326819e-02 
2.712503e-02 
-4.304376e-02 
-5.383459e-02 
-2.890896e-01 
-4.209286e-01 
-3.650159e-01 
-2.272225e-01 
-1.716642e-01 
1.356705e-01 
-2.436563e-01 
-3.248260e-01 
-1.971328e-01 
-3.092634e-01 
-4.034386e-01 
-2.648723e-01 
-3.084679e-01 
-7.122788e-01 
1.700072e-03 
-2.582722e-01 
-1.098865e-01 
-4.932120e-02 
-1.407587e-01 
-1.232337e-01 
-1.857533e-01 
-1.448711e-01 
-1.875325e-01 
-1.230565e-01 
2.095241e-01 
1.423649e-01 
-5.551561e-02 
-1.564598e-02 
3.313900e-01 
4.783928e-01 
6.311039e-01 
7.021868e-01 
5.734117e-01 
5.213075e-01 
5.474813e-01 
4.884929e-01 
4.912726e-01 
4.968639e-01 
4.041735e-01 
3.848257e-01 
3.818337e-01 
2.715154e-01 
1.748608e-01 
1.102174e-01 
2.111203e-02 
-1.890490e-01 
-3.732177e-01 
-2.131005e-01 
-1.306143e-01 
-2.351190e-01 
-3.890266e-01 
-5.594996e-01 
-6.552698e-01 
-5.735371e-01 
-4.642379e-01 
-4.020978e-01 
-3.317004e-01 
-3.202503e-01 
-3.526301e-01 
-3.479428e-01 
-3.547015e-01 
-3.386459e-01 
-2.191500e-01 
-6.280990e-02 
8.413094e-02 
2.030232e-01 
2.228647e-01 
1.956528e-01 
2.375147e-01 
3.558734e-01 
5.341975e-01 
7.219645e-01 
7.676898e-01 
4.768007e-01 
6.162825e-01 
6.804493e-01 
6.402922e-01 
6.394391e-01 
4.748035e-01 
-1.486211e-01 
8.514608e-01 
-3.930867e-01 
9.202801e-01 
5.869548e-02 
-3.807120e-01 
-3.962975e-01 
-2.444592e-01 
-9.155289e-02 
-9.581727e-02 
-5.562523e-01 
-7.984546e-01 
-9.918368e-01 
-1.106755e+00 
-9.856417e-01 
-7.215471e-01 
-6.402179e-01 
-2.819563e-01 
5.214070e-01 
-4.048019e-01 
-7.892273e-01 
-9.021030e-01 
-2.840883e-01 
-8.415671e-02 
-5.187071e-01 
-5.684292e-01 
3.306685e-03 
-3.133585e-01 
1.496180e-01 
-9.639772e-03 
8.060317e-02 
3.090725e-01 
4.552851e-01 
3.170795e-01 
5.842348e-01 
4.809265e-01 
8.559921e-01 
6.638237e-01 
7.850173e-01 
4.958390e-01 
4.158413e-01 
3.950934e-01 
2.595554e-01 
2.995044e-01 
3.190305e-01 
9.285202e-02 
-2.748527e-01 
-2.309426e-01 
-3.974377e-01 
-5.421773e-01 
-5.470153e-01 
-1.437668e+00 
-6.497229e-01 
-6.551742e-01 
-3.681316e-01 
-6.352574e-01 
-9.184006e-01 
-8.896345e-01 
-8.286686e-01 
-5.947778e-01 
-4.231847e-01 
-3.535504e-01 
-1.542889e-01 
5.454918e-02 
6.153187e-02 
-3.859114e-01 
1.644694e-01 
-1.710437e-01 
2.827621e-01 
5.647780e-01 
3.030303e-01 
7.451944e-01 
9.616886e-01 
1.214925e+00 
1.406018e+00 
1.119847e+00 
1.171482e+00 
1.481402e+00 
1.210349e+00 
1.387577e-01 
-3.482411e-02 
2.418030e-01 
-4.008119e-01 
9.663989e-02 
4.585071e-01 
-4.225694e-01 
-4.733295e-01 
-5.567429e-01 
-1.359475e+00 
-1.120126e+00 
-7.888027e-01 
-1.093519e+00 
-7.022099e-01 
-7.105322e-01 
-1.158986e+00 
-1.102250e+00 
-4.809394e-01 
-8.255531e-01 
-2.907748e-01 
1.731000e-01 
4.826672e-02 
2.692276e-01 
5.467869e-01 
1.771900e-01 
4.046870e-01 
5.171172e-01 
1.178936e-01 
1.032364e+00 
5.805394e-01 
1.336729e+00 
1.368346e+00 
1.092991e-01 
2.984623e-01 
7.515566e-01 
9.208378e-01 
7.511146e-01 
5.160383e-01 
9.224533e-02 
-1.023055e-01 
-2.980454e-02 
-2.065258e-01 
-8.413217e-02 
-1.304173e+00 
-4.656218e-01 
-8.566946e-02 
-4.759393e-03 
1.307482e-01 
-4.024174e-02 
-4.602584e-01 
-6.596359e-01 
-3.906122e-01 
-1.945042e-01 
-2.379315e-01 
-3.892313e-01 
-5.159075e-01 
-5.305070e-01 
-2.921859e-01 
-9.576547e-02 
-3.550705e-02 
3.141053e-02 
9.369995e-05 
-7.432196e-02 
-2.706330e-02 
3.076795e-02 
1.066603e-01 
2.775254e-01 
3.840465e-01 
3.969954e-01 
3.931412e-01 
3.114742e-01 
2.319237e-01 
2.724979e-01 
3.442144e-01 
4.128339e-01 
4.738980e-01 
4.252674e-01 
3.090537e-01 
2.256829e-01 
1.541519e-01 
1.197062e-01 
1.354797e-01 
1.136718e-01 
5.343570e-02 
-1.615009e-02 
-1.293689e-01 
-2.479033e-01 
-3.249916e-01 
-3.826899e-01 
-4.006680e-01 
-3.773258e-01 
-3.748046e-01 
-1.113547e+00 
-4.994465e-01 
-1.561092e-01 
1.823657e-01 
-2.999416e-02 
-2.098099e-01 
-3.932049e-01 
-4.024366e-01 
-3.379172e-01 
-2.804977e-01 
-1.796592e-01 
-3.699340e-02 
8.940433e-02 
2.988430e-01 
2.501248e-01 
5.909785e-03 
-1.244715e-01 
-2.792507e-01 
-2.179033e-01 
1.293845e-01 
3.345364e-01 
3.772066e-01 
3.383766e-01 
9.899261e-02 
-8.313195e-02 
-4.127037e-02 
5.865264e-02 
4.366536e-01 
3.266628e-01 
8.470165e-02 
4.163349e-02 
8.682511e-03 
-6.201548e-02 
-4.654668e-02 
-1.318515e-01 
-8.255619e-02 
-3.011349e-02 
-3.217046e-02 
-2.255780e-02 
-2.300472e-02 
-6.613097e-02 
-6.085500e-02 
-1.289061e-01 
-1.154396e-01 
1.236108e-02 
-1.386378e-01 
-4.584073e-02 
-1.753820e-01 
-8.608545e-02 
-1.154764e-01 
-8.314267e-02 
-1.245423e-01 
-9.022788e-02 
-9.764097e-02 
-7.474433e-02 
-3.486987e-02 
-3.990948e-02 
-8.629559e-03 
-1.463118e-02 
-2.230099e-02 
-2.746687e-02 
1.311656e-02 
6.279365e-02 
9.066935e-02 
1.158844e-01 
1.234069e-01 
1.154321e-01 
1.260546e-01 
1.411749e-01 
1.507665e-01 
1.686386e-01 
1.711884e-01 
1.489340e-01 
7.334251e-02 
9.985661e-02 
7.175837e-03 
-1.176503e-01 
-4.633567e-02 
-1.809311e-01 
-9.726638e-03 
-6.714763e-02 
-3.755372e-02 
-1.926828e-01 
2.290037e-02 
-2.070344e-01 
-2.343389e-03 
-1.889059e-01 
4.056625e-02 
-2.270202e-01 
1.167927e-01 
3.807762e-02 
2.548723e-02 
-1.804420e-01 
1.257595e-01 
1.260358e-01 
-1.534035e-01 
1.482879e-01 
1.217682e-01 
2.063646e-01 
9.620142e-02 
5.416464e-02 
3.709879e-02 
-2.735735e-03 
1.536748e-01 
1.898790e-01 
2.255216e-01 
1.227906e-01 
1.176337e-01 
1.018671e-01 
1.008702e-01 
5.293344e-03 
3.421643e-02 
3.691976e-02 
1.934904e-02 
-7.824265e-02 
-1.222897e-01 
-3.416717e-02 
3.975940e-02 
-2.189544e-01 
-2.058307e-01 
1.395502e-01 
-3.101052e-02 
1.473459e-01 
-8.242594e-02 
-2.791504e-02 
8.639664e-03 
-6.010222e-02 
-2.257949e-01 
-2.075183e-01 
-1.497068e-01 
-1.818538e-01 
-1.369491e-01 
-2.056134e-01 
-4.850424e-02 
-1.642241e-01 
-1.039856e-01 
-5.492303e-02 
-3.572664e-02 
-1.001906e-01 
-5.730888e-02 
3.159155e-02 
-3.070799e-02 
8.734073e-03 
1.070250e-01 
-1.022727e-01 
2.041405e-01 
3.784592e-02 
3.996351e-02 
2.473543e-01 
4.900087e-02 
1.677478e-01 
2.969142e-01 
3.456671e-01 
3.054852e-01 
3.081370e-01 
3.119446e-01 
2.658136e-01 
1.623490e-01 
2.596357e-01 
7.790158e-02 
-1.530460e-02 
1.469966e-01 
-1.650322e-02 
1.033837e-01 
-8.443759e-02 
3.718154e-02 
-2.011561e-01 
-1.072763e-01 
-2.635840e-02 
-1.432690e-01 
-2.649437e-01 
-3.939071e-01 
-5.351375e-01 
-4.154823e-01 
-2.916106e-01 
-2.824227e-01 
-2.101816e-01 
-2.440881e-01 
-3.225698e-01 
-3.043656e-01 
-2.768899e-01 
-2.179984e-01 
-1.017908e-01 
4.457438e-02 
9.158617e-02 
1.732571e-01 
2.241604e-01 
1.682428e-01 
3.441957e-02 
-1.101759e-01 
1.803439e-01 
4.577822e-01 
5.693858e-01 
6.086827e-01 
5.680401e-01 
3.710626e-01 
3.191215e-01 
3.122096e-01 
2.629359e-01 
3.181659e-01 
3.695140e-01 
3.283579e-01 
3.238193e-01 
2.096350e-01 
6.592524e-03 
-1.197929e-01 
-1.614240e-01 
-1.436517e-01 
-2.009377e-01 
-2.464143e-01 
1.267536e-02 
-1.048817e-01 
8.492796e-02 
-1.188664e-01 
-2.770904e-02 
-1.208871e-01 
5.445746e-02 
-2.222863e-01 
-4.654686e-02 
-1.206797e-01 
-2.449979e-01 
-1.640897e-01 
-9.450066e-02 
3.641001e-02 
-3.662859e-02 
-5.203359e-02 
7.050460e-02 
1.185990e-02 
-7.064736e-02 
4.746941e-02 
-4.755256e-02 
1.220342e-01 
-1.187833e-01 
5.372282e-02 
1.244252e-01 
-1.735769e-02 
1.851887e-01 
-2.146379e-02 
2.336267e-01 
8.844458e-02 
-1.074678e-01 
9.223169e-02 
8.564168e-02 
-2.873511e-05 
1.430138e-01 
6.694730e-02 
2.328894e-01 
9.316817e-02 
2.796653e-02 
1.311645e-01 
1.199457e-01 
-4.612509e-02 
6.138275e-02 
-6.873693e-02 
9.689702e-02 
-1.215987e-01 
-1.201892e-01 
1.524979e-02 
-5.311415e-02 
-1.359695e-01 
2.694528e-02 
-1.259093e-01 
3.356433e-02 
-3.133862e-02 
-1.885073e-01 
-8.764947e-02 
-1.693949e-01 
-2.111117e-01 
2.310289e-02 
-2.557395e-01 
-5.034803e-02 
-6.825980e-02 
-7.889341e-02 
-3.844778e-02 
-8.300970e-02 
-8.660086e-02 
7.578035e-02 
-1.314618e-01 
1.116190e-01 
-1.681770e-02 
3.039448e-03 
2.877501e-02 
1.582020e-02 
-4.615818e-02 
9.744362e-02 
-5.739036e-02 
6.771394e-02 
3.725481e-02 
9.390925e-03 
2.271183e-01 
2.812898e-02 
-1.405661e-02 
1.393148e-01 
-1.201029e-01 
2.423829e-01 
-6.693142e-02 
1.419438e-01 
1.158272e-01 
3.729519e-03 
3.502516e-02 
1.198764e-02 
-4.123243e-02 
1.969878e-02 
-1.287223e-01 
-1.486003e-02 
-4.507512e-02 
-1.085559e-01 
-1.052622e-01 
-7.429119e-02 
-1.930451e-01 
-7.173747e-02 
-3.093853e-01 
-2.620790e-02 
-1.514800e-01 
-6.518294e-02 
-1.706612e-02 
-8.069241e-02 
6.160984e-03 
-9.843029e-02 
-1.760017e-01 
-1.770999e-02 
-1.680913e-01 
9.046388e-02 
-4.483535e-02 
1.502955e-01 
6.246403e-02 
1.461092e-01 
9.192615e-02 
1.654166e-01 
2.494140e-04 
7.624400e-02 
-9.196185e-03 
-4.400226e-02 
6.603744e-02 
5.423900e-02 
1.087241e-01 
1.834160e-01 
2.101173e-02 
2.102840e-01 
7.805843e-02 
1.286971e-01 
3.381896e-02 
2.990258e-02 
5.707726e-03 
2.453396e-02 
-1.267758e-01 
5.475207e-02 
-8.223521e-02 
-7.055277e-03 
-1.779543e-02 
-5.990522e-02 
-8.102406e-02 
2.067272e-02 
-1.373121e-01 
-1.471895e-02 
-1.459625e-01 
-2.316935e-02 
-7.421770e-02 
-5.325974e-02 
-8.592153e-02 
8.018968e-03 
-5.903903e-02 
3.817398e-03 
-4.999480e-02 
1.509419e-02 
-6.423092e-03 
-1.525402e-02 
-1.530488e-02 
4.938144e-02 
-3.881193e-02 
4.667612e-02 
-7.074174e-02 
5.487706e-02 
-6.639384e-02 
-1.956898e-03 
-6.051670e-02 
7.329831e-03 
-7.207379e-02 
-5.103398e-03 
-5.520347e-02 
3.616071e-02 
-1.756863e-02 
3.679279e-02 
2.913689e-02 
7.174211e-02 
2.423545e-02 
8.266627e-02 
3.349212e-02 
1.136136e-01 
1.926101e-02 
8.417868e-02 
2.698979e-02 
7.707590e-02 
1.193978e-02 
5.866822e-02 
-2.310915e-03 
3.459180e-02 
-5.708988e-02 
-1.791258e-02 
-8.112575e-02 
-5.187822e-02 
-1.171907e-01 
-7.366454e-02 
-1.429780e-01 
-1.248295e-01 
-1.702229e-01 
3.760710e-03 
-6.420412e-02 
-4.865076e-02 
-1.301558e-01 
-1.276900e-01 
-1.492975e-01 
-1.357351e-01 
-1.145104e-01 
3.090885e-02 
-2.252857e-03 
7.015898e-02 
5.020456e-02 
1.502904e-01 
4.929556e-02 
-4.743955e-03 
6.135857e-02 
1.200520e-01 
-3.691755e-02 
3.378122e-02 
4.152909e-02 
1.984903e-01 
1.479536e-01 
9.030043e-02 
1.168552e-01 
1.193448e-01 
-3.654945e-02 
-1.896428e-02 
-2.805070e-02 
6.135176e-02 
-1.913575e-02 
-3.689692e-02 
1.812915e-02 
1.191825e-03 
-1.025544e-01 
-8.472938e-02 
-1.184973e-01 
-1.611619e-02 
-6.056122e-02 
-3.489612e-03 
5.362945e-02 
2.965691e-04 
-4.780745e-02 
-1.847224e-02 
-3.048118e-02 
9.196441e-02 
7.026014e-02 
2.118299e-01 
2.412470e-01 
2.363488e-01 
1.913733e-01 
1.497768e-01 
1.509735e-01 
1.218475e-01 
1.053691e-01 
4.084322e-02 
1.369605e-01 
1.470505e-01 
1.995581e-01 
-2.009507e-02 
-9.058792e-03 
-2.240679e-02 
-4.478296e-02 
-8.906766e-02 
-1.727968e-01 
-7.163253e-02 
5.610262e-02 
-1.569643e-01 
-4.978390e-02 
-1.741042e-02 
-1.026060e-01 
-1.065266e-01 
-1.490064e-01 
-1.975831e-01 
-5.657074e-02 
-2.477543e-01 
-2.311154e-01 
-6.233021e-02 
-1.867466e-01 
-3.581741e-02 
-2.320805e-01 
-7.310876e-02 
-1.013211e-01 
-1.242072e-01 
-5.023654e-02 
-7.828969e-03 
-2.349104e-02 
1.201562e-01 
-2.508606e-02 
3.649300e-02 
3.591207e-02 
-1.746876e-02 
-3.668518e-02 
1.105896e-01 
-1.402123e-02 
1.460853e-01 
3.661307e-02 
6.837023e-02 
1.213032e-01 
1.031900e-01 
4.473748e-02 
1.234729e-01 
5.626773e-03 
1.761140e-01 
-2.786554e-02 
1.307458e-01 
3.436236e-02 
6.931177e-02 
-3.569246e-02 
-2.414352e-02 
-8.733183e-02 
7.318214e-03 
-7.628588e-02 
-6.970729e-02 
-3.753676e-02 
-1.186893e-01 
-5.099723e-02 
-2.791187e-02 
-2.573001e-01 
9.094824e-03 
-2.423273e-01 
-6.090640e-02 
-2.270583e-02 
-2.362273e-01 
-7.562278e-02 
-1.075135e-01 
-2.472552e-01 
6.510535e-03 
-2.364996e-01 
3.233309e-02 
-6.848435e-02 
-9.888604e-02 
3.824261e-02 
4.858534e-03 
-3.847093e-03 
9.135841e-02 
-8.021239e-02 
7.498986e-02 
-3.428195e-03 
5.649128e-03 
-2.029783e-02 
9.564648e-02 
-3.488544e-03 
9.581090e-02 
5.190485e-02 
9.330250e-02 
1.737053e-01 
-5.178889e-02 
4.157607e-02 
7.619137e-02 
-1.054871e-01 
1.284443e-01 
-1.015972e-01 
1.831922e-01 
7.001030e-02 
7.277719e-03 
5.787221e-02 
1.443377e-02 
-4.557496e-02 
9.435512e-03 
-6.348268e-02 
8.545739e-02 
1.702932e-02 
-2.883961e-02 
4.367233e-02 
-2.022511e-02 
-5.985154e-02 
-9.626840e-03 
-8.929843e-02 
9.128565e-02 
-4.573940e-02 
3.794112e-02 
4.646169e-02 
1.697007e-02 
1.996754e-03 
7.228563e-03 
5.625504e-03 
9.931351e-02 
1.805384e-02 
1.020138e-01 
9.147440e-02 
7.103503e-02 
4.071563e-02 
4.577234e-02 
2.546846e-02 
8.488822e-02 
-7.619783e-03 
8.108335e-02 
3.070621e-02 
1.441856e-02 
-2.026184e-02 
-4.803888e-02 
-5.302207e-02 
-7.033370e-02 
-1.387619e-01 
-8.839899e-02 
-8.020773e-02 
-7.560999e-02 
-8.219264e-02 
-8.389991e-02 
-9.336449e-02 
-8.350288e-03 
-1.854797e-01 
-1.206816e-01 
-1.695922e-01 
-1.163190e-01 
-4.491575e-02 
-1.156761e-01 
5.064704e-02 
-2.000989e-02 
-5.822017e-03 
-3.002343e-02 
-2.637931e-02 
2.774000e-02 
1.022135e-02 
7.894504e-02 
4.233261e-02 
6.433002e-02 
1.236461e-02 
8.893862e-02 
3.471731e-02 
2.732039e-02 
4.698978e-02 
6.232223e-02 
1.175836e-01 
-1.279115e-03 
4.704012e-02 
4.753159e-02 
1.532634e-02 
1.709134e-02 
6.642271e-03 
6.282080e-02 
4.771865e-02 
-1.396614e-02 
3.187117e-02 
6.306085e-04 
-6.077309e-03 
-5.233551e-02 
-1.323837e-02 
-1.899063e-02 
-1.047768e-02 
-7.062623e-02 
-9.988131e-03 
-5.034338e-02 
-6.059899e-02 
-7.716097e-02 
-6.033277e-02 
-4.260426e-02 
-6.104698e-02 
-6.929829e-02 
-1.610420e-02 
-5.713784e-02 
-2.664644e-02 
-6.095440e-02 
1.506300e-02 
-1.201523e-02 
3.169498e-02 
1.049610e-02 
9.133156e-02 
3.771151e-02 
9.663433e-02 
1.002358e-01 
1.909045e-01 
7.054136e-02 
1.767470e-03 
2.571134e-02 
3.543001e-02 
3.585427e-02 
1.071796e-01 
1.699773e-02 
2.716816e-01 
8.032922e-02 
1.933733e-01 
1.241006e-01 
7.843995e-02 
2.100648e-01 
3.664165e-02 
8.921300e-02 
1.613211e-01 
4.021968e-02 
1.529587e-01 
-6.260580e-02 
2.203366e-02 
-4.465999e-02 
-6.133813e-02 
-7.791095e-02 
1.422369e-01 
-2.335584e-01 
-2.346925e-02 
-4.911359e-02 
-9.744610e-02 
4.298354e-02 
-1.075439e-01 
-1.696938e-01 
-5.442631e-03 
-2.268958e-01 
-1.661385e-01 
-2.012271e-01 
-1.192416e-01 
-1.821596e-01 
-7.538244e-02 
-2.063742e-01 
6.086172e-02 
-1.562157e-01 
-6.480772e-03 
-1.918752e-02 
2.157088e-02 
9.615059e-04 
-5.004726e-03 
-3.033594e-02 
3.708627e-02 
2.199994e-02 
9.792273e-02 
-1.992464e-02 
1.870523e-01 
-3.661864e-02 
1.710706e-01 
-9.365602e-02 
1.726790e-01 
8.393460e-02 
5.312884e-02 
5.092163e-02 
4.581036e-02 
6.908370e-02 
1.168304e-01 
-3.710439e-02 
1.639007e-01 
2.500207e-03 
6.927690e-02 
-5.049879e-02 
8.404168e-02 
-2.336631e-02 
1.033797e-01 
-9.690636e-02 
1.401498e-01 
-7.306244e-02 
3.329624e-02 
-6.803436e-02 
2.423738e-02 
-4.676733e-02 
-8.571804e-03 
-1.187281e-01 
2.653266e-02 
-1.625510e-01 
7.083134e-02 
-5.370514e-02 
5.821516e-02 
-1.147151e-01 
-8.501965e-02 
-1.439684e-01 
-6.103816e-03 
-1.860902e-01 
7.691373e-02 
-9.728802e-02 
1.036946e-01 
-9.993767e-02 
3.677018e-02 
-6.351562e-02 
3.576771e-02 
-1.190442e-01 
8.471331e-02 
-4.630366e-02 
1.300620e-01 
-3.029881e-02 
1.103181e-01 
-1.418433e-02 
6.502549e-02 
-8.736472e-02 
1.146310e-01 
-4.256230e-02 
1.597861e-01 
-4.140327e-02 
1.399153e-01 
-5.205585e-02 
5.586784e-02 
-1.037419e-01 
8.270735e-02 
-8.178311e-02 
9.573236e-02 
-9.363427e-02 
9.201647e-02 
-9.898238e-02 
3.792626e-02 
-1.182635e-01 
5.910820e-02 
-1.185975e-01 
6.619722e-02 
-1.111127e-01 
1.002327e-01 
-9.748723e-02 
6.453006e-02 
-1.076917e-01 
6.278229e-02 
-1.127729e-01 
8.008322e-02 
-7.895200e-02 
1.310221e-01 
-7.404924e-02 
1.007935e-01 
-8.841452e-02 
9.130088e-02 
-9.663672e-02 
1.043293e-01 
-7.375762e-02 
1.265681e-01 
-9.515037e-02 
8.995900e-02 
-1.118481e-01 
6.763817e-02 
-1.322568e-01 
5.687403e-02 
-1.311864e-01 
6.159613e-02 
-1.449368e-01 
6.101429e-02 
-1.318902e-01 
6.420099e-02 
-1.330751e-01 
7.454083e-02 
-1.086570e-01 
1.039826e-01 
-9.120964e-02 
1.277628e-01 
-7.582974e-02 
1.203785e-01 
-8.774596e-02 
1.195434e-01 
-7.670221e-02 
1.262455e-01 
-8.294120e-02 
1.215808e-01 
-1.001497e-01 
9.324189e-02 
-1.216877e-01 
8.840441e-02 
-1.161230e-01 
9.021065e-02 
-1.167567e-01 
9.645513e-02 
-1.166887e-01 
9.175399e-02 
-1.172302e-01 
9.695734e-02 
-1.111725e-01 
1.008797e-01 
-9.964688e-02 
1.239017e-01 
-8.147359e-02 
1.373149e-01 
-7.160963e-02 
1.459452e-01 
-6.453042e-02 
1.551037e-01 
-4.602816e-02 
1.768461e-01 
-3.596468e-02 
1.768866e-01 
-4.372336e-02 
1.648603e-01 
-5.674306e-02 
1.515900e-01 
-6.695248e-02 
1.377877e-01 
-8.867656e-02 
1.143300e-01 
-1.119499e-01 
9.202099e-02 
-1.335544e-01 
7.451461e-02 
-1.437460e-01 
6.929801e-02 
-1.459055e-01 
7.384613e-02 
-1.364556e-01 
8.544878e-02 
-1.242048e-01 
9.997101e-02 
-1.027891e-01 
1.263330e-01 
-7.074356e-02 
1.612099e-01 
-3.919463e-02 
1.849965e-01 
-2.152455e-02 
2.039044e-01 
1.129679e-02 
2.383853e-01 
-3.832048e-03 
2.064975e-01 
-1.300470e-02 
1.610729e-01 
-5.204103e-02 
1.250425e-01 
-3.896347e-02 
2.163148e-01 
-2.623645e-02 
1.908237e-01 
-6.110328e-02 
1.530875e-01 
-9.794204e-02 
1.008499e-01 
-7.901246e-02 
1.455491e-01 
-6.280135e-02 
1.459135e-01 
-4.869091e-02 
1.411498e-01 
-8.108464e-02 
9.553705e-02 
-8.160132e-02 
1.235662e-01 
-7.562919e-02 
1.548405e-01 
-5.216266e-02 
1.511466e-01 
-9.791016e-02 
9.888936e-02 
-1.029452e-01 
1.004689e-01 
-9.583333e-02 
1.205392e-01 
-7.724376e-02 
1.043612e-01 
-1.173074e-01 
6.932655e-02 
-1.263117e-01 
5.521742e-02 
-1.481604e-01 
2.358542e-02 
-1.746408e-01 
1.054735e-01 
-1.203685e-01 
3.291880e-02 
-7.839203e-02 
2.111403e-02 
-1.255357e-01 
1.009423e-02 
-2.773172e-01 
1.008157e-01 
-1.989054e-01 
7.007124e-02 
-8.275722e-02 
6.018129e-02 
-2.396132e-02 
2.472627e-02 
-8.980384e-02 
1.216868e-01 
-8.315025e-02 
1.380262e-01 
-1.601785e-02 
1.694143e-01 
8.513687e-03 
1.205751e-01 
-5.447308e-02 
1.621711e-01 
-9.860896e-02 
1.546780e-01 
-4.527400e-02 
1.493084e-01 
-2.836974e-02 
5.450519e-02 
-6.902189e-02 
4.051263e-02 
-1.409137e-01 
3.760166e-02 
-1.280743e-01 
4.660783e-02 
-1.421866e-01 
-1.731724e-02 
-1.590253e-01 
-2.813640e-02 
-2.095781e-01 
-1.842143e-02 
-1.803242e-01 
8.579372e-03 
-1.522007e-01 
2.222004e-04 
-1.073975e-01 
1.321297e-02 
-1.133413e-01 
5.549397e-02 
-6.863336e-02 
1.121341e-01 
-3.569862e-02 
1.314546e-01 
-2.205768e-03 
1.141673e-01 
-2.707743e-02 
1.179026e-01 
-1.433940e-02 
1.328279e-01 
-1.013527e-02 
1.287322e-01 
-7.921149e-03 
8.122691e-02 
-4.693188e-02 
6.038660e-02 
-6.718229e-02 
4.590538e-02 
-9.177407e-02 
3.635526e-02 
-1.043414e-01 
-3.655527e-03 
-1.276671e-01 
-1.832532e-02 
-1.352979e-01 
-2.152095e-02 
-1.262257e-01 
4.591798e-03 
-1.027013e-01 
4.556306e-03 
-8.990444e-02 
1.253092e-02 
-7.914612e-02 
2.801143e-02 
-5.133705e-02 
6.787079e-02 
-2.758869e-02 
7.462884e-02 
-1.530635e-02 
7.764901e-02 
-1.045539e-02 
8.069313e-02 
4.722102e-03 
9.636800e-02 
7.632532e-03 
8.871402e-02 
3.396636e-03 
7.102761e-02 
-1.761585e-02 
4.553653e-02 
-3.397048e-02 
3.044465e-02 
-5.244213e-02 
1.460923e-02 
-6.380658e-02 
-7.974498e-03 
-8.606383e-02 
-3.018049e-02 
-9.139218e-02 
-3.218333e-02 
-8.608066e-02 
-2.106477e-02 
-7.121552e-02 
-1.668892e-02 
-6.569801e-02 
-8.584603e-03 
-4.430217e-02 
1.231023e-02 
-2.014730e-02 
3.641396e-02 
3.877485e-04 
4.445914e-02 
7.822380e-03 
5.003986e-02 
2.039636e-02 
5.716414e-02 
3.303522e-02 
6.905096e-02 
4.352731e-02 
6.863360e-02 
4.075355e-02 
6.145276e-02 
3.286024e-02 
3.226025e-02 
4.704095e-03 
1.635015e-02 
-2.071588e-03 
1.537721e-02 
-8.897291e-03 
-3.419138e-03 
-2.223302e-02 
-3.555384e-02 
-3.998030e-02 
-4.907508e-02 
-4.261820e-02 
-4.614536e-02 
-4.261010e-02 
-4.486547e-02 
-4.313450e-02 
-5.452156e-02 
-4.664806e-02 
-5.861748e-02 
-4.314120e-02 
-5.040914e-02 
-2.765406e-02 
-3.193394e-02 
-7.456421e-03 
-2.480965e-02 
6.032007e-03 
-2.077964e-02 
1.701559e-02 
-9.760499e-03 
3.492608e-02 
1.083207e-02 
5.084188e-02 
1.773782e-02 
5.591755e-02 
1.566906e-02 
5.850042e-02 
1.432685e-02 
6.017379e-02 
9.806913e-03 
5.096580e-02 
-7.854739e-03 
3.386995e-02 
-3.274557e-02 
1.304792e-02 
-5.628475e-02 
-2.553856e-03 
-7.131036e-02 
-1.353981e-02 
-8.181805e-02 
-2.006626e-02 
-9.326192e-02 
-2.813236e-02 
-1.036478e-01 
-2.834904e-02 
-1.034606e-01 
-2.509134e-02 
-1.037799e-01 
-2.250863e-02 
-1.048469e-01 
-1.580631e-02 
-9.707382e-02 
1.563691e-03 
-7.823223e-02 
2.335595e-02 
-5.861654e-02 
4.355762e-02 
-4.377650e-02 
6.083487e-02 
-3.217660e-02 
7.586970e-02 
-2.333262e-02 
8.572962e-02 
-1.942531e-02 
8.866848e-02 
-2.426032e-02 
8.356791e-02 
-3.585795e-02 
7.430782e-02 
-4.935915e-02 
6.368127e-02 
-6.375831e-02 
4.940165e-02 
-8.172330e-02 
3.570995e-02 
-9.500247e-02 
3.086719e-02 
-9.918526e-02 
3.465559e-02 
-9.715773e-02 
3.970778e-02 
-9.550124e-02 
4.485130e-02 
-9.089586e-02 
5.620348e-02 
-7.805232e-02 
7.692329e-02 
-5.877370e-02 
9.766930e-02 
-4.420850e-02 
1.110921e-01 
-3.766183e-02 
1.174992e-01 
-3.572121e-02 
1.232101e-01 
-3.374721e-02 
1.265538e-01 
-3.674090e-02 
1.220480e-01 
-4.887820e-02 
1.088011e-01 
-6.466856e-02 
9.732120e-02 
-8.436350e-02 
8.197450e-02 
-9.323401e-02 
7.325140e-02 
-1.009053e-01 
6.999028e-02 
-1.082906e-01 
7.225306e-02 
-1.224609e-01 
6.318159e-02 
-1.272422e-01 
5.671122e-02 
-1.271713e-01 
7.116188e-02 
-1.074359e-01 
8.079633e-02 
-1.111288e-01 
7.748091e-02 
-1.067371e-01 
8.694052e-02 
-1.038125e-01 
1.080719e-01 
-9.091413e-02 
1.156742e-01 
-9.947052e-02 
1.067128e-01 
-1.066609e-01 
9.238996e-02 
-1.163150e-01 
9.443924e-02 
-1.112152e-01 
9.412279e-02 
-1.194321e-01 
8.776696e-02 
-1.279040e-01 
7.926114e-02 
-1.314559e-01 
9.409649e-02 
-1.172656e-01 
1.107654e-01 
-1.084933e-01 
1.218943e-01 
-1.044896e-01 
1.206060e-01 
-1.006452e-01 
1.316059e-01 
-9.057314e-02 
1.385955e-01 
-8.823318e-02 
1.402382e-01 
-9.633753e-02 
1.290399e-01 
-1.056415e-01 
1.253730e-01 
-1.125626e-01 
1.218978e-01 
-1.154377e-01 
1.222201e-01 
-1.232595e-01 
1.120396e-01 
-1.317695e-01 
1.056267e-01 
-1.384475e-01 
1.035627e-01 
-1.363919e-01 
1.086288e-01 
-1.372353e-01 
1.086544e-01 
-1.372398e-01 
1.104238e-01 
-1.364497e-01 
1.166100e-01 
-1.284454e-01 
1.254181e-01 
-1.249348e-01 
1.304051e-01 
-1.200343e-01 
1.353803e-01 
-1.156043e-01 
1.425026e-01 
-1.081982e-01 
1.483618e-01 
-1.065098e-01 
1.510213e-01 
-1.068701e-01 
1.482296e-01 
-1.131813e-01 
1.433220e-01 
-1.187629e-01 
1.377634e-01 
-1.258553e-01 
1.328816e-01 
-1.319633e-01 
1.274711e-01 
-1.359019e-01 
1.276961e-01 
-1.340625e-01 
1.306590e-01 
-1.310038e-01 
1.354443e-01 
-1.274676e-01 
1.399359e-01 
-1.221951e-01 
1.468618e-01 
-1.169898e-01 
1.511367e-01 
-1.134319e-01 
1.547881e-01 
-1.127409e-01 
1.537212e-01 
-1.152472e-01 
1.507405e-01 
-1.198503e-01 
1.459237e-01 
-1.241173e-01 
1.416945e-01 
-1.311653e-01 
1.322372e-01 
-1.430153e-01 
1.192483e-01 
-1.568591e-01 
1.069992e-01 
-1.661548e-01 
1.008193e-01 
-1.696445e-01 
1.008330e-01 
-1.663423e-01 
1.063309e-01 
-1.594079e-01 
1.151708e-01 
-1.479328e-01 
1.285598e-01 
-1.327320e-01 
1.450874e-01 
-1.157094e-01 
1.607755e-01 
-1.020322e-01 
1.719235e-01 
-9.327881e-02 
1.775576e-01 
-8.956211e-02 
1.790396e-01 
-9.029737e-02 
1.743915e-01 
-9.797049e-02 
1.636367e-01 
-1.106464e-01 
1.480046e-01 
-1.274389e-01 
1.298862e-01 
-1.450304e-01 
1.123092e-01 
-1.607593e-01 
9.744812e-02 
-1.734570e-01 
8.633998e-02 
-1.803726e-01 
8.252397e-02 
-1.797873e-01 
8.560294e-02 
-1.725709e-01 
9.469878e-02 
-1.605763e-01 
1.077964e-01 
-1.443428e-01 
1.245742e-01 
-1.260403e-01 
1.421694e-01 
-1.068586e-01 
1.601042e-01 
-8.957127e-02 
1.738821e-01 
-7.631399e-02 
1.853900e-01 
-6.433450e-02 
1.941362e-01 
-5.786667e-02 
1.948798e-01 
-5.984853e-02 
1.882316e-01 
-6.825105e-02 
1.756867e-01 
-8.148377e-02 
1.600028e-01 
-9.605644e-02 
1.438698e-01 
-1.108866e-01 
1.271276e-01 
-1.266808e-01 
1.092573e-01 
-1.429735e-01 
9.272375e-02 
-1.551384e-01 
8.237426e-02 
-1.603601e-01 
7.850961e-02 
-1.596551e-01 
7.999528e-02 
-1.545786e-01 
8.467956e-02 
-1.464422e-01 
9.318659e-02 
-1.340129e-01 
1.049529e-01 
-1.198858e-01 
1.175203e-01 
-1.050945e-01 
1.299671e-01 
-9.191023e-02 
1.400027e-01 
-7.994845e-02 
1.505095e-01 
-6.718960e-02 
1.602878e-01 
-5.699562e-02 
1.660020e-01 
-5.224339e-02 
1.652746e-01 
-5.325763e-02 
1.606174e-01 
-5.709748e-02 
1.521663e-01 
-6.601902e-02 
1.388057e-01 
-7.903147e-02 
1.217624e-01 
-9.416477e-02 
1.047317e-01 
-1.084268e-01 
8.742837e-02 
-1.247931e-01 
6.712460e-02 
-1.439869e-01 
4.508149e-02 
-1.620451e-01 
2.801059e-02 
-1.714819e-01 
2.204425e-02 
-1.689695e-01 
2.628757e-02 
-1.598058e-01 
3.403072e-02 
-1.482028e-01 
4.473539e-02 
-1.323201e-01 
6.133398e-02 
-1.094499e-01 
8.405457e-02 
-8.296586e-02 
1.077344e-01 
-5.720763e-02 
1.294873e-01 
-3.432474e-02 
1.478232e-01 
-1.519369e-02 
1.610676e-01 
-3.196888e-03 
1.651858e-01 
-2.044394e-03 
1.568765e-01 
-1.341685e-02 
1.384586e-01 
-3.097426e-02 
1.171527e-01 
-4.980997e-02 
9.492320e-02 
-7.056134e-02 
6.882292e-02 
-9.491337e-02 
4.126317e-02 
-1.188864e-01 
1.629457e-02 
-1.363445e-01 
1.897451e-03 
-1.424409e-01 
-3.924302e-03 
-1.426706e-01 
-5.331383e-03 
-1.388891e-01 
-1.815201e-03 
-1.283423e-01 
1.010279e-02 
-1.090946e-01 
2.976789e-02 
-8.353203e-02 
5.329998e-02 
-5.660957e-02 
7.701379e-02 
-2.920506e-02 
1.019650e-01 
-2.056432e-04 
1.278537e-01 
2.507284e-02 
1.445653e-01 
4.708190e-02 
1.561994e-01 
1.828633e-02 
1.185538e-01 
2.565385e-02 
1.344095e-01 
6.037642e-02 
1.258422e-01 
3.481645e-02 
1.140574e-01 
-2.675626e-02 
6.562765e-02 
-5.693975e-02 
4.927307e-02 
-5.434839e-02 
2.030548e-02 
-6.086257e-02 
-5.916161e-03 
-1.114924e-01 
-5.574383e-02 
-1.422002e-01 
-9.820734e-02 
-1.714800e-01 
-1.145894e-02 
-1.521349e-02 
-3.191445e-02 
-9.598192e-02 
4.684224e-04 
-4.474432e-02 
-4.227412e-02 
-1.872040e-01 
-1.717028e-02 
-3.366412e-02 
-1.002643e-02 
-4.022633e-02 
7.306022e-02 
3.274583e-02 
1.955144e-02 
-5.625491e-02 
7.579040e-02 
4.447475e-02 
4.359042e-02 
5.738007e-02 
1.272080e-01 
1.042488e-01 
1.001961e-01 
6.036437e-02 
4.742440e-02 
-3.261921e-02 
-6.648285e-03 
-1.188244e-02 
1.240907e-01 
3.537376e-02 
6.224543e-02 
5.780366e-02 
-2.946670e-02 
-3.780509e-02 
-1.087931e-01 
-3.266003e-02 
-1.019332e-02 
-4.263671e-02 
5.259153e-03 
-2.157080e-02 
-3.415608e-02 
-9.811166e-02 
-9.989499e-02 
-8.771946e-02 
-5.583274e-02 
-6.744082e-02 
-7.372224e-03 
5.257890e-03 
-3.404846e-02 
-3.241096e-02 
-8.537705e-02 
-1.515212e-02 
-5.303248e-02 
7.242232e-03 
3.549585e-02 
6.722278e-02 
3.858531e-02 
3.332304e-02 
9.464605e-03 
4.030361e-02 
8.456210e-03 
5.759037e-02 
6.877412e-02 
1.020264e-01 
5.881833e-02 
7.986252e-02 
2.666927e-02 
6.270102e-02 
-1.186108e-02 
5.221370e-02 
2.194065e-02 
6.630096e-02 
1.509864e-02 
4.467082e-02 
-1.313692e-02 
8.649010e-03 
-6.827799e-02 
-2.385212e-03 
-4.995678e-02 
1.286555e-02 
-5.106018e-02 
8.797640e-03 
-6.872868e-02 
-2.184293e-02 
-1.073233e-01 
-1.963302e-02 
-8.256051e-02 
-1.264563e-03 
-6.472019e-02 
1.149862e-02 
-6.269043e-02 
-6.038406e-03 
-8.384588e-02 
5.327773e-03 
-6.795462e-02 
2.456005e-02 
-4.725542e-02 
5.106176e-02 
-3.752045e-02 
4.170079e-02 
-5.273421e-02 
4.478682e-02 
-5.017576e-02 
5.396992e-02 
-3.042300e-02 
7.671986e-02 
-2.387005e-02 
6.277581e-02 
-4.229227e-02 
5.301787e-02 
-5.557341e-02 
5.321182e-02 
-4.456972e-02 
6.946064e-02 
-4.554923e-02 
5.580503e-02 
-6.185990e-02 
4.244259e-02 
-7.927956e-02 
3.760349e-02 
-7.245151e-02 
4.990300e-02 
-7.006977e-02 
4.689156e-02 
-7.543582e-02 
3.853329e-02 
-8.996662e-02 
3.639567e-02 
-8.332020e-02 
5.028923e-02 
-7.531875e-02 
5.899382e-02 
-7.098955e-02 
5.632672e-02 
-7.882790e-02 
5.970234e-02 
-6.676722e-02 
7.717771e-02 
-5.282760e-02 
9.127691e-02 
-4.657874e-02 
8.729920e-02 
-5.721733e-02 
8.432976e-02 
-5.615477e-02 
9.001908e-02 
-5.247596e-02 
9.626804e-02 
-5.370852e-02 
8.724122e-02 
-6.808191e-02 
7.705482e-02 
-7.715462e-02 
7.216185e-02 
-7.949720e-02 
7.570242e-02 
-7.960475e-02 
7.212220e-02 
-8.618060e-02 
6.796545e-02 
-9.104258e-02 
6.841341e-02 
-8.551516e-02 
8.053551e-02 
-7.743194e-02 
8.565866e-02 
-7.536740e-02 
8.864928e-02 
-7.334168e-02 
9.589431e-02 
-6.181900e-02 
1.090772e-01 
-5.433993e-02 
1.153788e-01 
-5.205300e-02 
1.164011e-01 
-5.600162e-02 
1.109968e-01 
-6.113395e-02 
1.054976e-01 
-7.025813e-02 
9.697111e-02 
-8.189153e-02 
8.390027e-02 
-9.998311e-02 
6.739434e-02 
-1.135263e-01 
5.674265e-02 
-1.238409e-01 
4.906101e-02 
-1.321706e-01 
4.106347e-02 
-1.413964e-01 
3.603430e-02 
-1.421233e-01 
3.949695e-02 
-1.355234e-01 
5.019565e-02 
-1.243405e-01 
6.203344e-02 
-1.133263e-01 
7.618202e-02 
-9.868645e-02 
9.158005e-02 
-8.247541e-02 
1.095035e-01 
-6.633841e-02 
1.227424e-01 
-5.815358e-02 
1.265654e-01 
-5.670595e-02 
1.287971e-01 
-5.537478e-02 
1.329462e-01 
-5.469282e-02 
1.283892e-01 
-6.342952e-02 
1.129693e-01 
-8.131326e-02 
9.299845e-02 
-1.010866e-01 
7.684135e-02 
-1.174725e-01 
6.297141e-02 
-1.316228e-01 
4.811757e-02 
-1.457471e-01 
3.630318e-02 
-1.535361e-01 
3.382560e-02 
-1.520878e-01 
4.058058e-02 
-1.420324e-01 
5.067406e-02 
-1.302210e-01 
6.341340e-02 
-1.142840e-01 
8.218743e-02 
-9.232296e-02 
1.071925e-01 
-6.775645e-02 
1.297757e-01 
-4.747516e-02 
1.468746e-01 
-3.354949e-02 
1.567402e-01 
-2.588187e-02 
1.635033e-01 
-1.460568e-02 
1.700797e-01 
-6.505462e-02 
1.149839e-01 
-6.462474e-02 
1.209339e-01 
-2.692748e-02 
1.196055e-01 
-4.675537e-02 
1.243397e-01 
-1.139485e-01 
8.572656e-02 
-1.379651e-01 
7.538960e-02 
-1.194956e-01 
6.180714e-02 
-9.819845e-02 
6.730727e-02 
-1.266026e-01 
4.143959e-02 
-1.411036e-01 
3.831254e-02 
-1.238525e-01 
5.546380e-02 
-8.138426e-02 
8.564594e-02 
-9.553617e-02 
8.584859e-02 
-1.041644e-01 
9.896217e-02 
-8.125166e-02 
1.256183e-01 
-3.198341e-02 
1.385955e-01 
-3.753771e-02 
1.276821e-01 
-5.047087e-02 
1.188100e-01 
-5.686806e-02 
1.197055e-01 
-4.431469e-02 
1.092487e-01 
-6.447419e-02 
8.986109e-02 
-9.454000e-02 
6.126307e-02 
-1.234716e-01 
4.973554e-02 
-1.171630e-01 
4.449618e-02 
-1.158336e-01 
3.748639e-02 
-1.303468e-01 
1.960807e-02 
-1.412227e-01 
3.153791e-02 
-1.175689e-01 
5.202767e-02 
-9.428222e-02 
6.750531e-02 
-8.781034e-02 
7.093241e-02 
-7.862645e-02 
9.362591e-02 
-5.185419e-02 
1.148684e-01 
-2.539497e-02 
1.288985e-01 
-1.835623e-02 
1.245539e-01 
-2.215750e-02 
1.231423e-01 
-2.581100e-02 
1.201802e-01 
-2.323547e-02 
1.168272e-01 
-3.369435e-02 
9.638629e-02 
-5.541590e-02 
7.470004e-02 
-7.517216e-02 
6.142098e-02 
-7.904686e-02 
5.269955e-02 
-9.012910e-02 
3.397300e-02 
-1.051288e-01 
2.069548e-02 
-1.115061e-01 
2.371950e-02 
-9.980897e-02 
3.383593e-02 
-9.042152e-02 
3.825521e-02 
-8.407228e-02 
4.196479e-02 
-7.716691e-02 
5.162303e-02 
-6.351866e-02 
6.276349e-02 
-5.007357e-02 
7.214554e-02 
-4.192467e-02 
7.132530e-02 
-4.332736e-02 
7.081842e-02 
-3.985885e-02 
7.347013e-02 
-3.597470e-02 
7.252842e-02 
-3.961255e-02 
6.077895e-02 
-5.006544e-02 
5.095314e-02 
-5.455405e-02 
4.707522e-02 
-5.417362e-02 
4.520619e-02 
-5.487805e-02 
4.049764e-02 
-5.575804e-02 
3.919402e-02 
-5.383216e-02 
4.056967e-02 
-4.853659e-02 
4.492611e-02 
-4.202118e-02 
4.860040e-02 
-3.536679e-02 
5.264417e-02 
-2.913119e-02 
5.739699e-02 
-2.090552e-02 
6.337931e-02 
-1.401265e-02 
6.600364e-02 
-1.053376e-02 
6.465518e-02 
-1.060496e-02 
6.250492e-02 
-9.936472e-03 
5.936765e-02 
-1.368358e-02 
5.025716e-02 
-2.301980e-02 
3.560856e-02 
-3.623147e-02 
2.140636e-02 
-4.592152e-02 
9.823275e-03 
-5.495352e-02 
-1.247574e-03 
-6.298541e-02 
-1.155323e-02 
-6.966615e-02 
-1.814546e-02 
-7.121076e-02 
-1.987020e-02 
-6.808399e-02 
-1.694765e-02 
-6.181129e-02 
-1.414790e-02 
-5.648158e-02 
-9.348159e-03 
-4.626231e-02 
1.251214e-03 
-3.069818e-02 
1.520366e-02 
-1.528690e-02 
2.493742e-02 
-5.943819e-03 
3.008726e-02 
9.503979e-04 
3.453305e-02 
7.591212e-03 
3.721690e-02 
9.954343e-03 
3.393653e-02 
7.110516e-03 
2.728855e-02 
1.999857e-03 
1.928101e-02 
-3.308258e-03 
1.160773e-02 
-8.800732e-03 
3.071643e-03 
-1.501295e-02 
-6.090193e-03 
-2.224591e-02 
-1.531403e-02 
-2.717459e-02 
-2.052718e-02 
-2.859866e-02 
-2.409490e-02 
-2.999239e-02 
-2.883720e-02 
-3.243966e-02 
-3.185091e-02 
-2.943992e-02 
-2.798755e-02 
-2.101554e-02 
-2.029962e-02 
-9.542753e-03 
-1.094337e-02 
2.254818e-03 
-1.011160e-03 
1.525622e-02 
8.940190e-03 
2.564503e-02 
1.479649e-02 
3.144948e-02 
1.518409e-02 
3.124854e-02 
1.066766e-02 
2.820637e-02 
5.031819e-03 
2.576093e-02 
1.814910e-03 
2.576447e-02 
-8.686999e-04 
2.447019e-02 
-5.379114e-03 
2.113719e-02 
-1.213135e-02 
1.630132e-02 
-1.900912e-02 
1.138700e-02 
-2.696133e-02 
5.640078e-03 
-3.349457e-02 
3.544789e-03 
-3.599642e-02 
4.358297e-03 
-3.671538e-02 
6.503587e-03 
-3.625095e-02 
9.339084e-03 
-3.562495e-02 
1.182516e-02 
-3.560753e-02 
1.355513e-02 
-3.651165e-02 
1.439588e-02 
-3.733653e-02 
1.703418e-02 
-3.516490e-02 
2.229709e-02 
-3.155596e-02 
2.806753e-02 
-2.754509e-02 
3.478065e-02 
-2.182936e-02 
4.321962e-02 
-1.531560e-02 
5.122438e-02 
-9.587729e-03 
5.867030e-02 
-5.117217e-03 
6.278499e-02 
-5.505521e-03 
6.243563e-02 
-8.642792e-03 
6.062443e-02 
-1.274008e-02 
5.801730e-02 
-1.756409e-02 
5.432643e-02 
-2.373130e-02 
4.986120e-02 
-2.953441e-02 
4.586798e-02 
-3.589808e-02 
4.006208e-02 
-4.483812e-02 
3.195226e-02 
-5.422374e-02 
2.565332e-02 
-6.052788e-02 
2.244266e-02 
-6.371375e-02 
2.260183e-02 
-6.355650e-02 
2.599879e-02 
-5.982255e-02 
3.301394e-02 
-5.297235e-02 
4.285091e-02 
-4.271352e-02 
5.607525e-02 
-3.082241e-02 
6.848264e-02 
-2.102292e-02 
7.862484e-02 
-1.343224e-02 
8.634395e-02 
-7.719065e-03 
9.331613e-02 
-3.254476e-03 
9.642094e-02 
-4.538582e-03 
9.334782e-02 
-1.166718e-02 
8.541198e-02 
-2.189004e-02 
7.566779e-02 
-3.410845e-02 
6.349200e-02 
-4.757313e-02 
5.163410e-02 
-6.001058e-02 
4.099649e-02 
-7.082294e-02 
3.210271e-02 
-8.009283e-02 
2.532615e-02 
-8.544927e-02 
2.340181e-02 
-8.663174e-02 
2.434844e-02 
-8.599022e-02 
2.585671e-02 
-8.517363e-02 
2.946335e-02 
-7.977639e-02 
3.793566e-02 
-7.057297e-02 
4.891148e-02 
-6.025459e-02 
5.895432e-02 
-5.260116e-02 
6.592469e-02 
-4.789614e-02 
6.999571e-02 
-4.536020e-02 
7.265874e-02 
-4.431151e-02 
7.272511e-02 
-4.636994e-02 
7.051876e-02 
-4.998895e-02 
6.654608e-02 
-5.504031e-02 
6.171695e-02 
-6.125453e-02 
5.441842e-02 
-7.005285e-02 
4.638439e-02 
-7.760154e-02 
4.057809e-02 
-8.189653e-02 
3.918590e-02 
-8.122336e-02 
4.225096e-02 
-7.648328e-02 
4.908281e-02 
-6.904683e-02 
5.700448e-02 
-6.161167e-02 
6.422975e-02 
-5.520994e-02 
7.040568e-02 
-4.932723e-02 
7.603579e-02 
-4.499223e-02 
7.902398e-02 
-4.386140e-02 
7.836100e-02 
-4.621161e-02 
7.533301e-02 
-4.926641e-02 
7.241600e-02 
-5.211008e-02 
7.011183e-02 
-5.377804e-02 
6.834746e-02 
-5.630142e-02 
6.493175e-02 
-5.971812e-02 
6.174938e-02 
-6.210525e-02 
6.047661e-02 
-6.150447e-02 
6.234347e-02 
-5.872096e-02 
6.521788e-02 
-5.510288e-02 
6.927107e-02 
-4.998547e-02 
7.488527e-02 
-4.357620e-02 
8.086608e-02 
-3.802194e-02 
8.495942e-02 
-3.488938e-02 
8.598764e-02 
-3.529818e-02 
8.319915e-02 
-3.954188e-02 
7.715748e-02 
-4.577732e-02 
7.013141e-02 
-5.279322e-02 
6.188320e-02 
-6.097900e-02 
5.269172e-02 
-7.022950e-02 
4.239255e-02 
-7.976505e-02 
3.289244e-02 
-8.789349e-02 
2.499648e-02 
-9.362095e-02 
2.032458e-02 
-9.598529e-02 
1.896612e-02 
-9.439600e-02 
2.229293e-02 
-8.851242e-02 
2.821017e-02 
-8.125636e-02 
3.516941e-02 
-7.284929e-02 
4.330631e-02 
-6.376287e-02 
5.160523e-02 
-5.465956e-02 
5.888223e-02 
-4.744269e-02 
6.444960e-02 
-4.185842e-02 
6.775665e-02 
-3.915411e-02 
6.843138e-02 
-3.816941e-02 
6.766611e-02 
-3.835895e-02 
6.580291e-02 
-4.029145e-02 
6.130939e-02 
-4.487476e-02 
5.510668e-02 
-5.049877e-02 
4.771897e-02 
-5.662780e-02 
4.124956e-02 
-6.102892e-02 
3.617788e-02 
-6.454731e-02 
3.215732e-02 
-6.661627e-02 
2.965218e-02 
-6.660350e-02 
3.017663e-02 
-6.281323e-02 
3.421556e-02 
-5.681620e-02 
3.903716e-02 
-5.070365e-02 
4.373882e-02 
-4.464310e-02 
4.860096e-02 
-3.813169e-02 
5.393971e-02 
-3.154089e-02 
5.871999e-02 
-2.599021e-02 
6.232848e-02 
-2.095519e-02 
6.636595e-02 
-1.510266e-02 
7.052012e-02 
-1.022973e-02 
7.288717e-02 
-7.758571e-03 
7.191626e-02 
-9.387013e-03 
6.673309e-02 
-1.482682e-02 
5.831415e-02 
-2.236931e-02 
4.944088e-02 
-2.902386e-02 
4.173630e-02 
-3.486804e-02 
3.492778e-02 
-3.904288e-02 
3.011754e-02 
-4.128179e-02 
2.712819e-02 
-4.199298e-02 
2.517265e-02 
-4.201133e-02 
2.387700e-02 
-4.127787e-02 
2.315417e-02 
-4.015276e-02 
2.273688e-02 
-3.861615e-02 
2.329043e-02 
-3.513405e-02 
2.634185e-02 
-2.971176e-02 
2.999191e-02 
-2.475275e-02 
3.250420e-02 
-2.141910e-02 
3.326450e-02 
-1.916833e-02 
3.400305e-02 
-1.652586e-02 
3.456552e-02 
-1.505201e-02 
3.280499e-02 
-1.663215e-02 
2.826881e-02 
-1.986869e-02 
2.318293e-02 
-2.322408e-02 
1.813021e-02 
-2.587611e-02 
1.437284e-02 
-2.778045e-02 
9.627049e-03 
-3.208785e-02 
2.886248e-03 
-3.639792e-02 
-1.964177e-03 
-3.826975e-02 
-4.891278e-03 
-3.877929e-02 
-6.932229e-03 
-3.882368e-02 
-8.273325e-03 
-3.698942e-02 
-6.683963e-03 
-3.249810e-02 
-3.331113e-03 
-2.622333e-02 
2.389990e-03 
-1.803040e-02 
8.272380e-03 
-1.097595e-02 
1.339111e-02 
-3.540576e-03 
1.932670e-02 
4.206251e-03 
2.487709e-02 
1.071675e-02 
2.770424e-02 
1.298782e-02 
2.605192e-02 
1.209039e-02 
2.255263e-02 
9.089580e-03 
1.551147e-02 
1.391002e-03 
3.998655e-03 
-9.623005e-03 
-1.002921e-02 
-2.268058e-02 
-2.517701e-02 
-3.546022e-02 
-3.857121e-02 
-4.537788e-02 
-4.879120e-02 
-5.268921e-02 
-5.666678e-02 
-5.650066e-02 
-5.897042e-02 
-5.308424e-02 
-5.379647e-02 
-4.328567e-02 
-4.364098e-02 
-2.943175e-02 
-3.009957e-02 
-1.239613e-02 
-1.241308e-02 
9.299730e-03 
8.812930e-03 
3.241077e-02 
2.939174e-02 
5.345967e-02 
4.482549e-02 
6.582087e-02 
5.198149e-02 
7.189794e-02 
5.761666e-02 
8.056172e-02 
6.117731e-02 
8.183731e-02 
5.296919e-02 
6.998942e-02 
3.608144e-02 
5.022024e-02 
1.617794e-02 
3.239608e-02 
-3.628231e-03 
1.243107e-02 
-2.912675e-02 
-1.153733e-02 
-5.568166e-02 
-3.576616e-02 
-7.707072e-02 
-5.012665e-02 
-8.926192e-02 
-5.712663e-02 
-8.901026e-02 
-5.125163e-02 
-9.169138e-02 
-5.321247e-02 
-9.280354e-02 
-4.276867e-02 
-7.677124e-02 
-2.522223e-02 
-4.920054e-02 
2.109832e-03 
-2.808799e-02 
2.182610e-02 
-1.116112e-02 
4.514101e-02 
5.875653e-03 
6.428615e-02 
2.673834e-02 
8.375231e-02 
3.747162e-02 
9.068919e-02 
3.913833e-02 
9.121435e-02 
3.307133e-02 
8.570716e-02 
3.017286e-02 
7.932226e-02 
1.920420e-02 
6.490354e-02 
5.891539e-04 
4.513220e-02 
-2.384706e-02 
2.730219e-02 
-3.924526e-02 
1.290943e-02 
-5.566838e-02 
-1.496754e-03 
-6.960831e-02 
-1.376771e-02 
-8.228235e-02 
-1.919150e-02 
-8.351551e-02 
-1.695844e-02 
-7.940292e-02 
-1.012215e-02 
-7.217864e-02 
-1.799280e-03 
-6.407415e-02 
1.156107e-02 
-5.094116e-02 
2.691993e-02 
-3.474414e-02 
4.548312e-02 
-1.808794e-02 
5.974029e-02 
-6.362007e-03 
7.231329e-02 
3.836454e-03 
8.223629e-02 
1.230810e-02 
8.950289e-02 
1.421968e-02 
8.668107e-02 
7.001181e-03 
7.870227e-02 
-4.412668e-03 
6.748671e-02 
-1.705066e-02 
5.531402e-02 
-3.091938e-02 
4.220450e-02 
-4.364028e-02 
3.068827e-02 
-5.590441e-02 
2.031770e-02 
-6.535812e-02 
1.279864e-02 
-7.266049e-02 
7.864892e-03 
-7.591437e-02 
6.913058e-03 
-7.616962e-02 
9.878639e-03 
-7.169041e-02 
1.669605e-02 
-6.454211e-02 
2.569971e-02 
-5.520846e-02 
3.573757e-02 
-4.509318e-02 
4.776344e-02 
-3.282490e-02 
6.027691e-02 
-2.174273e-02 
7.102800e-02 
-1.301101e-02 
7.794174e-02 
-8.588721e-03 
8.142189e-02 
-7.224199e-03 
8.154419e-02 
-9.172158e-03 
7.874864e-02 
-1.361125e-02 
7.343772e-02 
-2.003431e-02 
6.664243e-02 
-2.822183e-02 
5.762114e-02 
-3.848222e-02 
4.706727e-02 
-4.974907e-02 
3.579472e-02 
-6.143487e-02 
2.420578e-02 
-7.289922e-02 
1.446499e-02 
-8.072257e-02 
8.993056e-03 
-8.431906e-02 
7.750437e-03 
-8.340517e-02 
1.069805e-02 
-7.890195e-02 
1.710362e-02 
-7.060961e-02 
2.729494e-02 
-5.911214e-02 
3.988967e-02 
-4.587625e-02 
5.303292e-02 
-3.340645e-02 
6.484775e-02 
-2.203156e-02 
7.573756e-02 
-1.180149e-02 
8.516447e-02 
-3.293091e-03 
9.152235e-02 
1.474477e-04 
9.140167e-02 
-2.748548e-03 
8.634885e-02 
-9.079196e-03 
7.851095e-02 
-1.819479e-02 
6.757653e-02 
-3.048668e-02 
5.336750e-02 
-4.582206e-02 
3.761400e-02 
-6.048045e-02 
2.348679e-02 
-7.333152e-02 
1.193085e-02 
-8.232269e-02 
4.344541e-03 
-8.849783e-02 
-9.299358e-04 
-9.129938e-02 
-1.388595e-03 
-8.832463e-02 
4.026767e-03 
-7.975883e-02 
1.476556e-02 
-6.636187e-02 
2.869147e-02 
-5.186156e-02 
4.310755e-02 
-3.588517e-02 
5.926604e-02 
-1.941632e-02 
7.402344e-02 
-5.575272e-03 
8.530395e-02 
3.956785e-03 
9.158405e-02 
7.826263e-03 
9.147290e-02 
4.997943e-03 
8.505243e-02 
-3.468810e-03 
7.286420e-02 
-1.829885e-02 
5.433355e-02 
-3.791482e-02 
3.350421e-02 
-5.724664e-02 
1.467138e-02 
-7.408468e-02 
-1.891179e-03 
-8.836749e-02 
-1.474123e-02 
-9.750121e-02 
-2.149620e-02 
-1.001207e-01 
-2.173334e-02 
-9.643651e-02 
-1.619161e-02 
-8.723594e-02 
-4.465926e-03 
-7.119524e-02 
1.313156e-02 
-5.083380e-02 
3.407005e-02 
-2.780256e-02 
5.608081e-02 
-5.935984e-03 
7.520109e-02 
1.166696e-02 
8.844747e-02 
2.275731e-02 
9.627920e-02 
2.975549e-02 
9.937832e-02 
2.968277e-02 
9.339748e-02 
2.034489e-02 
7.956295e-02 
5.100978e-03 
6.119090e-02 
-1.319239e-02 
4.138513e-02 
-3.231983e-02 
2.098809e-02 
-5.103370e-02 
1.816988e-03 
-6.862009e-02 
-1.668123e-02 
-8.433667e-02 
-3.018333e-02 
-9.210859e-02 
-3.452139e-02 
-9.154390e-02 
-3.244173e-02 
-8.590330e-02 
-2.592680e-02 
-7.569424e-02 
-1.440582e-02 
-6.074926e-02 
1.140539e-03 
-4.242926e-02 
1.862060e-02 
-2.392804e-02 
3.525589e-02 
-6.928551e-03 
4.945784e-02 
6.562576e-03 
5.976011e-02 
1.661395e-02 
6.652566e-02 
2.233499e-02 
6.807707e-02 
2.210581e-02 
6.309641e-02 
1.547260e-02 
5.302297e-02 
5.554949e-03 
4.098919e-02 
-5.277913e-03 
2.873251e-02 
-1.649628e-02 
1.557092e-02 
-2.831316e-02 
3.044076e-03 
-3.846341e-02 
-7.880607e-03 
-4.719246e-02 
-1.675739e-02 
-5.262605e-02 
-2.104339e-02 
-5.264323e-02 
-1.996543e-02 
-4.815894e-02 
-1.529908e-02 
-4.036337e-02 
-7.177132e-03 
-2.883180e-02 
4.498582e-03 
-1.483699e-02 
1.686414e-02 
-1.871688e-03 
2.726506e-02 
8.989528e-03 
3.536983e-02 
1.705774e-02 
4.044246e-02 
2.232781e-02 
4.275713e-02 
2.423568e-02 
4.090489e-02 
2.170497e-02 
3.518333e-02 
1.616084e-02 
2.688824e-02 
8.138973e-03 
1.660977e-02 
-7.717751e-04 
5.887264e-03 
-1.077500e-02 
-6.237031e-03 
-2.069288e-02 
-1.556645e-02 
-2.624881e-02 
-2.126663e-02 
-2.969469e-02 
-2.538404e-02 
-3.114827e-02 
-2.720994e-02 
-3.023843e-02 
-2.609590e-02 
-2.555885e-02 
-2.105617e-02 
-1.777732e-02 
-1.414490e-02 
-9.026294e-03 
-6.750877e-03 
-1.892817e-04 
2.538223e-04 
7.755323e-03 
6.147653e-03 
1.476375e-02 
1.115912e-02 
2.013657e-02 
1.330859e-02 
2.208405e-02 
1.267835e-02 
2.228412e-02 
1.076838e-02 
2.081299e-02 
6.424425e-03 
1.639387e-02 
-9.807508e-04 
9.060137e-03 
-1.073086e-02 
6.873166e-04 
-1.979388e-02 
-6.055762e-03 
-2.739700e-02 
-1.156586e-02 
-3.323770e-02 
-1.464680e-02 
-3.673675e-02 
-1.611389e-02 
-3.871900e-02 
-1.505378e-02 
-3.688489e-02 
-1.013115e-02 
-3.253440e-02 
-3.731150e-03 
-2.710140e-02 
2.856085e-03 
-2.185693e-02 
1.074681e-02 
-1.340585e-02 
2.157749e-02 
-4.213854e-03 
3.153539e-02 
3.900101e-03 
4.010171e-02 
9.776330e-03 
4.566098e-02 
1.230221e-02 
4.767578e-02 
1.141445e-02 
4.673700e-02 
7.816853e-03 
4.293847e-02 
1.659928e-03 
3.717072e-02 
-6.648217e-03 
2.845424e-02 
-1.757570e-02 
1.885559e-02 
-2.798854e-02 
1.018434e-02 
-3.679265e-02 
4.152330e-03 
-4.257075e-02 
8.015282e-04 
-4.562376e-02 
4.619334e-04 
-4.591457e-02 
2.667804e-03 
-4.249863e-02 
1.027333e-02 
-3.341276e-02 
2.223744e-02 
-2.119773e-02 
3.645455e-02 
-7.902936e-03 
5.049256e-02 
5.060421e-03 
6.446073e-02 
1.719166e-02 
7.664918e-02 
2.709034e-02 
8.531533e-02 
3.195922e-02 
8.874701e-02 
3.211115e-02 
8.696880e-02 
2.651684e-02 
8.042793e-02 
1.725480e-02 
6.975774e-02 
3.578296e-03 
5.591566e-02 
-1.209190e-02 
3.962801e-02 
-3.000110e-02 
2.361304e-02 
-4.504762e-02 
1.083348e-02 
-5.752804e-02 
6.271733e-04 
-6.706480e-02 
-6.440443e-03 
-7.196046e-02 
-6.416012e-03 
-6.876430e-02 
6.271104e-04 
-5.989822e-02 
1.260823e-02 
-4.673455e-02 
2.772332e-02 
-3.164212e-02 
4.343675e-02 
-1.717943e-02 
5.803574e-02 
-3.712138e-03 
7.084725e-02 
5.912762e-03 
7.834451e-02 
1.086994e-02 
8.238060e-02 
1.259603e-02 
8.260589e-02 
1.004047e-02 
7.800103e-02 
1.725102e-03 
6.701153e-02 
-1.230603e-02 
5.175377e-02 
-2.855036e-02 
3.662870e-02 
-4.347148e-02 
2.181721e-02 
-5.939132e-02 
6.805958e-03 
-7.289046e-02 
-3.673188e-03 
-8.090267e-02 
-8.273116e-03 
-8.298655e-02 
-7.788047e-03 
-8.074771e-02 
-3.062160e-03 
-7.452043e-02 
4.752502e-03 
-6.538798e-02 
1.629965e-02 
-5.215465e-02 
3.050199e-02 
-3.880240e-02 
4.278323e-02 
-2.795905e-02 
5.276090e-02 
-1.884981e-02 
6.141928e-02 
-1.127185e-02 
6.743016e-02 
-7.923347e-03 
6.791973e-02 
-1.058053e-02 
6.264181e-02 
-1.795103e-02 
5.385353e-02 
-2.781249e-02 
4.325393e-02 
-3.900629e-02 
3.178246e-02 
-5.033849e-02 
2.078963e-02 
-6.084924e-02 
1.088253e-02 
-6.914198e-02 
4.875012e-03 
-7.247596e-02 
3.725630e-03 
-7.139576e-02 
6.659359e-03 
-6.704189e-02 
1.145862e-02 
-6.071926e-02 
1.982399e-02 
-5.063789e-02 
2.988495e-02 
-4.050510e-02 
4.022473e-02 
-2.912098e-02 
5.129623e-02 
-1.862209e-02 
6.040683e-02 
-1.022752e-02 
6.708782e-02 
-5.641319e-03 
6.865785e-02 
-5.624363e-03 
6.667008e-02 
-9.491978e-03 
5.967876e-02 
-1.767353e-02 
5.057128e-02 
-2.741709e-02 
3.842928e-02 
-4.019215e-02 
2.595953e-02 
-5.085049e-02 
1.493249e-02 
-6.132086e-02 
5.362150e-03 
-6.838881e-02 
-1.212275e-03 
-7.403129e-02 
-6.346889e-03 
-7.630319e-02 
-6.452602e-03 
-7.311769e-02 
-1.839700e-03 
-6.641695e-02 
5.136889e-03 
-5.820970e-02 
1.338907e-02 
-4.777852e-02 
2.461637e-02 
-3.578727e-02 
3.508734e-02 
-2.487136e-02 
4.499028e-02 
-1.552231e-02 
5.127672e-02 
-1.006070e-02 
5.522053e-02 
-6.517417e-03 
5.618759e-02 
-6.275476e-03 
5.402293e-02 
-9.907017e-03 
4.676885e-02 
-1.810715e-02 
3.710547e-02 
-2.703034e-02 
2.736616e-02 
-3.539186e-02 
1.857544e-02 
-4.296776e-02 
1.026583e-02 
-4.974159e-02 
2.940696e-03 
-5.617462e-02 
-4.453489e-03 
-6.191284e-02 
-1.012202e-02 
-6.520923e-02 
-1.249248e-02 
-6.381381e-02 
-9.960957e-03 
-5.912024e-02 
-5.341167e-03 
-5.223940e-02 
1.395792e-03 
-4.328295e-02 
1.083423e-02 
-3.142970e-02 
2.134941e-02 
-2.091551e-02 
2.988936e-02 
-1.212449e-02 
3.592020e-02 
-6.545247e-03 
3.984181e-02 
-1.134769e-03 
4.372145e-02 
2.909961e-03 
4.505833e-02 
3.507126e-03 
4.181536e-02 
-1.264337e-03 
3.371514e-02 
-8.915046e-03 
2.540060e-02 
-1.419320e-02 
2.043634e-02 
-1.786176e-02 
1.398621e-02 
-2.473949e-02 
4.651305e-03 
-3.335752e-02 
-5.000658e-03 
-3.969738e-02 
-9.472842e-03 
-3.993878e-02 
-9.509035e-03 
-3.813327e-02 
-8.801916e-03 
-3.522616e-02 
-5.558836e-03 
-2.819852e-02 
2.668105e-03 
-1.643450e-02 
1.397696e-02 
-4.191704e-03 
2.304621e-02 
4.332152e-03 
2.952439e-02 
1.323567e-02 
3.854975e-02 
2.442800e-02 
4.751883e-02 
3.236114e-02 
4.943700e-02 
3.016628e-02 
4.145348e-02 
2.199883e-02 
3.231169e-02 
1.528949e-02 
2.419784e-02 
7.764536e-03 
1.329697e-02 
-4.213994e-03 
-2.103705e-03 
-1.799741e-02 
-1.495147e-02 
-2.599013e-02 
-2.180511e-02 
-2.971328e-02 
-2.635341e-02 
-3.271294e-02 
-3.134009e-02 
-3.654022e-02 
-3.566480e-02 
-3.612382e-02 
-3.222592e-02 
-2.741369e-02 
-2.403966e-02 
-1.857547e-02 
-1.780316e-02 
-1.114795e-02 
-1.136625e-02 
-1.992783e-03 
-2.413613e-03 
9.481194e-03 
7.456500e-03 
1.980352e-02 
1.405923e-02 
2.516966e-02 
1.579613e-02 
2.811777e-02 
1.827899e-02 
3.299863e-02 
2.061206e-02 
3.430667e-02 
1.749297e-02 
3.080590e-02 
1.162217e-02 
2.633761e-02 
5.581886e-03 
2.193525e-02 
-4.141528e-04 
1.690785e-02 
-8.513810e-03 
8.496738e-03 
-1.937218e-02 
-1.799635e-04 
-2.808153e-02 
-6.069504e-03 
-3.496323e-02 
-1.105953e-02 
-4.108900e-02 
-1.514964e-02 
-4.622493e-02 
-1.766730e-02 
-4.786838e-02 
-1.422447e-02 
-4.257613e-02 
-5.187625e-03 
-3.410062e-02 
5.194678e-03 
-2.473363e-02 
1.678871e-02 
-1.396209e-02 
2.978076e-02 
-1.930785e-03 
4.343681e-02 
9.397527e-03 
5.464388e-02 
1.731394e-02 
6.240872e-02 
2.194579e-02 
6.664181e-02 
2.272572e-02 
6.705329e-02 
1.965007e-02 
6.300536e-02 
1.172700e-02 
5.490604e-02 
1.279120e-03 
4.520254e-02 
-1.049549e-02 
3.483863e-02 
-2.211989e-02 
2.421643e-02 
-3.450572e-02 
1.390837e-02 
-4.495523e-02 
6.230404e-03 
-5.252607e-02 
1.857556e-03 
-5.684185e-02 
-2.693982e-04 
-5.919087e-02 
8.849314e-04 
-5.709700e-02 
6.163076e-03 
-5.156288e-02 
1.467247e-02 
-4.311495e-02 
2.505120e-02 
-3.408361e-02 
3.518870e-02 
-2.540061e-02 
4.533621e-02 
-1.606386e-02 
5.617815e-02 
-7.093593e-03 
6.495698e-02 
-1.733778e-03 
6.911037e-02 
-1.073700e-03 
6.949428e-02 
-2.745411e-03 
6.817028e-02 
-6.826371e-03 
6.339476e-02 
-1.457574e-02 
5.553001e-02 
-2.444260e-02 
4.657296e-02 
-3.450718e-02 
3.762843e-02 
-4.465811e-02 
2.876550e-02 
-5.471545e-02 
1.963375e-02 
-6.461093e-02 
1.188736e-02 
-7.189163e-02 
7.573118e-03 
-7.491316e-02 
7.713851e-03 
-7.526252e-02 
7.755038e-03 
-7.648545e-02 
9.166061e-03 
-7.362587e-02 
1.473173e-02 
-6.807902e-02 
2.248312e-02 
-6.017304e-02 
3.184094e-02 
-5.117611e-02 
4.269535e-02 
-4.082366e-02 
5.324855e-02 
-3.235021e-02 
6.193105e-02 
-2.504842e-02 
6.925478e-02 
-1.976965e-02 
7.414132e-02 
-1.716576e-02 
7.595796e-02 
-1.788706e-02 
7.459220e-02 
-2.146092e-02 
7.036564e-02 
-2.759481e-02 
6.403815e-02 
-3.518286e-02 
5.756534e-02 
-4.120176e-02 
5.317875e-02 
-4.658546e-02 
4.742509e-02 
-5.384315e-02 
4.089840e-02 
-6.008331e-02 
3.672957e-02 
-6.317516e-02 
3.653315e-02 
-6.127267e-02 
4.137898e-02 
-5.607039e-02 
4.656775e-02 
-5.249186e-02 
5.001477e-02 
-4.958011e-02 
5.411490e-02 
-4.460366e-02 
6.136739e-02 
-3.662925e-02 
6.982644e-02 
-2.925353e-02 
7.732534e-02 
-2.212026e-02 
8.431566e-02 
-1.755614e-02 
8.616082e-02 
-1.932423e-02 
8.230491e-02 
-2.497914e-02 
7.627363e-02 
-3.187073e-02 
6.905618e-02 
-4.001888e-02 
6.087350e-02 
-4.869193e-02 
5.160092e-02 
-6.029300e-02 
3.770239e-02 
-7.558580e-02 
2.410035e-02 
-8.581419e-02 
1.795337e-02 
-8.955159e-02 
1.508819e-02 
-9.303966e-02 
1.147033e-02 
-9.572171e-02 
1.172985e-02 
-9.157748e-02 
1.990187e-02 
-8.058519e-02 
3.215084e-02 
-6.860963e-02 
4.305499e-02 
-5.917235e-02 
5.180255e-02 
-4.905558e-02 
6.498278e-02 
-3.288712e-02 
8.172139e-02 
-1.891503e-02 
9.016227e-02 
-1.606745e-02 
8.990784e-02 
-1.591765e-02 
9.113610e-02 
-1.496479e-02 
8.911850e-02 
-2.130754e-02 
7.775636e-02 
-3.598188e-02 
6.223987e-02 
-4.939384e-02 
5.095537e-02 
-5.931824e-02 
4.028435e-02 
-7.071812e-02 
2.817991e-02 
-8.184637e-02 
1.832309e-02 
-8.983317e-02 
1.116097e-02 
-9.484755e-02 
8.966566e-03 
-9.309055e-02 
1.223693e-02 
-8.903432e-02 
1.651024e-02 
-8.312424e-02 
2.424841e-02 
-7.147779e-02 
3.821073e-02 
-5.674933e-02 
5.050902e-02 
-4.607349e-02 
5.975044e-02 
-3.671544e-02 
6.821858e-02 
-2.670368e-02 
8.055882e-02 
-1.646318e-02 
7.431878e-02 
-2.349843e-02 
7.729141e-02 
-2.124203e-02 
8.777252e-02 
-1.843233e-02 
8.271066e-02 
-1.917798e-02 
6.394401e-02 
-2.953455e-02 
5.220185e-02 
-4.147046e-02 
4.562395e-02 
-5.387726e-02 
4.209473e-02 
-5.874226e-02 
3.028002e-02 
-6.930905e-02 
1.870903e-02 
-7.837087e-02 
1.438540e-02 
-8.139390e-02 
1.665948e-02 
-7.860542e-02 
1.156854e-02 
-7.702094e-02 
8.751371e-03 
-7.388242e-02 
1.363334e-02 
-6.597735e-02 
2.903637e-02 
-5.373003e-02 
3.863477e-02 
-4.369366e-02 
4.679299e-02 
-3.151265e-02 
5.882656e-02 
-1.830048e-02 
7.297759e-02 
-8.603109e-03 
7.919980e-02 
-1.500016e-03 
8.159874e-02 
2.081601e-03 
7.996766e-02 
1.692790e-03 
7.925025e-02 
-2.827293e-03 
7.220945e-02 
-1.333901e-02 
5.631819e-02 
-3.033283e-02 
3.733611e-02 
-4.281741e-02 
2.761363e-02 
-5.097312e-02 
1.892196e-02 
-5.965262e-02 
7.556153e-03 
-6.969470e-02 
-2.721156e-03 
-7.228898e-02 
-1.388123e-03 
-6.700009e-02 
5.132351e-03 
-6.088771e-02 
9.727754e-03 
-5.515789e-02 
1.606438e-02 
-4.408205e-02 
2.647557e-02 
-3.124908e-02 
3.923139e-02 
-1.825876e-02 
4.838840e-02 
-1.063073e-02 
5.313490e-02 
-4.294354e-03 
5.697803e-02 
1.340108e-03 
6.156247e-02 
5.067147e-03 
6.045893e-02 
2.757992e-04 
5.125726e-02 
-9.167945e-03 
3.984362e-02 
-1.750162e-02 
3.105719e-02 
-2.562185e-02 
1.933358e-02 
-3.808226e-02 
5.121746e-03 
-5.036740e-02 
-7.187098e-03 
-5.798870e-02 
-1.326986e-02 
-6.041478e-02 
-1.551380e-02 
-5.971429e-02 
-1.409105e-02 
-5.511680e-02 
-8.783803e-03 
-4.542434e-02 
1.383132e-03 
-3.285232e-02 
1.257436e-02 
-1.914587e-02 
2.592697e-02 
-4.669409e-03 
3.807498e-02 
8.655638e-03 
4.991400e-02 
2.166525e-02 
5.950334e-02 
2.910097e-02 
6.021782e-02 
2.630660e-02 
5.359636e-02 
2.057633e-02 
4.486218e-02 
1.032571e-02 
3.031012e-02 
-3.121832e-03 
1.548099e-02 
-1.715597e-02 
-1.197637e-03 
-3.230982e-02 
-1.594985e-02 
-4.201541e-02 
-2.355537e-02 
-4.592629e-02 
-2.930498e-02 
-5.123183e-02 
-3.573280e-02 
-5.372189e-02 
-3.619200e-02 
-4.851655e-02 
-2.788591e-02 
-3.383915e-02 
-1.118423e-02 
-1.386631e-02 
6.589306e-03 
1.979395e-03 
1.593893e-02 
9.100718e-03 
2.002538e-02 
1.504126e-02 
2.618326e-02 
2.567877e-02 
3.718604e-02 
3.655260e-02 
4.091235e-02 
3.453000e-02 
3.050549e-02 
2.081308e-02 
1.365188e-02 
7.561214e-03 
2.776913e-03 
1.283315e-03 
-4.272813e-03 
-5.720618e-03 
-1.587933e-02 
-1.900777e-02 
-3.204384e-02 
-3.230389e-02 
-4.370384e-02 
-3.905114e-02 
-4.945864e-02 
-4.195053e-02 
-5.360885e-02 
-4.413342e-02 
-5.481331e-02 
-3.950604e-02 
-4.755245e-02 
-2.762926e-02 
-3.464942e-02 
-1.203196e-02 
-2.121556e-02 
7.987973e-04 
-1.192809e-02 
1.052484e-02 
-3.614461e-03 
2.120906e-02 
6.637784e-03 
3.288810e-02 
1.546950e-02 
4.189419e-02 
2.326445e-02 
5.206486e-02 
3.157142e-02 
5.945556e-02 
3.416856e-02 
5.937066e-02 
2.790751e-02 
4.946935e-02 
1.272375e-02 
3.401584e-02 
-3.664651e-03 
2.045610e-02 
-1.773578e-02 
7.418491e-03 
-3.306433e-02 
-6.788241e-03 
-4.719150e-02 
-1.664097e-02 
-5.442639e-02 
-1.842654e-02 
-5.451082e-02 
-1.619870e-02 
-5.472447e-02 
-1.720606e-02 
-5.793655e-02 
-1.713085e-02 
-5.353698e-02 
-4.386411e-03 
-3.726172e-02 
1.439774e-02 
-2.049972e-02 
3.123612e-02 
-5.858471e-03 
4.599138e-02 
6.374367e-03 
5.795261e-02 
1.557519e-02 
6.724747e-02 
2.289367e-02 
7.420941e-02 
2.556635e-02 
7.345135e-02 
1.893816e-02 
6.467160e-02 
8.199904e-03 
5.578278e-02 
-1.706755e-03 
4.526187e-02 
-1.613343e-02 
2.984334e-02 
-3.248857e-02 
1.661872e-02 
-4.430153e-02 
7.830471e-03 
-5.271513e-02 
1.338770e-03 
-5.980711e-02 
-4.349885e-03 
-6.546742e-02 
-7.072693e-03 
-6.646483e-02 
-4.353206e-03 
-6.270945e-02 
1.295575e-03 
-5.724372e-02 
9.259400e-03 
-4.820424e-02 
2.065095e-02 
-3.709396e-02 
3.287272e-02 
-2.577870e-02 
4.387132e-02 
-1.848036e-02 
4.857393e-02 
-1.677493e-02 
5.122664e-02 
-1.316290e-02 
5.755991e-02 
-7.082252e-03 
6.274127e-02 
-5.997731e-03 
6.122405e-02 
-1.029529e-02 
5.690756e-02 
-1.557438e-02 
5.198731e-02 
-2.190820e-02 
4.511521e-02 
-3.094603e-02 
3.573055e-02 
-4.105199e-02 
2.708279e-02 
-4.895413e-02 
2.144558e-02 
-5.376025e-02 
1.813462e-02 
-5.706717e-02 
1.628373e-02 
-5.790304e-02 
1.819293e-02 
-5.419005e-02 
2.430443e-02 
-4.748032e-02 
3.206886e-02 
-3.964701e-02 
4.109426e-02 
-3.049388e-02 
5.111401e-02 
-2.038432e-02 
6.225176e-02 
-9.610717e-03 
7.233470e-02 
-2.278606e-03 
7.707172e-02 
2.045396e-05 
7.916219e-02 
1.736999e-03 
8.054736e-02 
8.901975e-04 
7.683891e-02 
-6.691443e-03 
6.695195e-02 
-1.769350e-02 
5.660982e-02 
-2.763312e-02 
4.703324e-02 
-3.848091e-02 
3.428183e-02 
-5.304761e-02 
2.042676e-02 
-6.468581e-02 
1.165852e-02 
-7.145103e-02 
7.055735e-03 
-7.366311e-02 
7.617711e-03 
-7.106582e-02 
1.148808e-02 
-6.672202e-02 
1.645733e-02 
-6.088766e-02 
2.387173e-02 
-5.164379e-02 
3.469592e-02 
-3.996795e-02 
4.604902e-02 
-2.979666e-02 
5.503283e-02 
-2.113993e-02 
6.398955e-02 
-1.200769e-02 
7.186384e-02 
-6.522979e-03 
7.413712e-02 
-6.926656e-03 
7.177827e-02 
-1.016465e-02 
6.778350e-02 
-1.452625e-02 
6.253848e-02 
-2.045512e-02 
5.529083e-02 
-2.862480e-02 
4.584059e-02 
-3.880074e-02 
3.477326e-02 
-4.966719e-02 
2.459492e-02 
-5.814018e-02 
1.632448e-02 
-6.671879e-02 
6.691961e-03 
-7.570074e-02 
-1.126007e-03 
-8.113253e-02 
-4.532161e-03 
-8.156875e-02 
-3.171456e-03 
-7.842176e-02 
2.508565e-04 
-7.338947e-02 
7.183540e-03 
-6.372552e-02 
1.783528e-02 
-5.170923e-02 
2.975091e-02 
-3.952542e-02 
4.112779e-02 
-2.747691e-02 
5.291442e-02 
-1.559454e-02 
6.361196e-02 
-4.334989e-03 
7.474580e-02 
6.974250e-03 
8.339352e-02 
1.275892e-02 
8.486048e-02 
1.192890e-02 
8.163626e-02 
8.328053e-03 
7.644387e-02 
2.461704e-03 
6.817472e-02 
-6.986116e-03 
5.618639e-02 
-1.976150e-02 
4.222191e-02 
-3.248967e-02 
2.961708e-02 
-4.397956e-02 
1.729332e-02 
-5.543768e-02 
5.975285e-03 
-6.420344e-02 
-1.134421e-03 
-6.787589e-02 
-3.015511e-03 
-6.620532e-02 
8.307516e-04 
-5.873047e-02 
9.262388e-03 
-4.889196e-02 
1.828977e-02 
-3.852144e-02 
2.901889e-02 
-2.576623e-02 
4.132364e-02 
-1.320419e-02 
5.106715e-02 
-4.988888e-03 
5.682531e-02 
1.723036e-03 
6.338452e-02 
9.338192e-03 
6.876557e-02 
1.300355e-02 
6.773414e-02 
9.061654e-03 
5.997046e-02 
6.123492e-04 
4.955035e-02 
-9.380838e-03 
3.833935e-02 
-1.944010e-02 
2.753436e-02 
-2.903292e-02 
1.679622e-02 
-3.907464e-02 
5.490506e-03 
-4.912069e-02 
-4.619772e-03 
-5.651904e-02 
-1.110026e-02 
-5.999665e-02 
-1.410924e-02 
-6.040061e-02 
-1.381090e-02 
-5.687367e-02 
-9.487399e-03 
-5.067843e-02 
-4.615607e-03 
-4.492651e-02 
1.250052e-03 
-3.541195e-02 
1.090559e-02 
-2.498295e-02 
1.955352e-02 
-1.578550e-02 
2.682769e-02 
-8.518421e-03 
3.201872e-02 
-3.193005e-03 
3.402440e-02 
-2.665087e-03 
3.117501e-02 
-5.845396e-03 
2.582588e-02 
-1.072155e-02 
1.944015e-02 
-1.626426e-02 
1.209798e-02 
-2.261760e-02 
4.757517e-03 
-2.855952e-02 
-2.588528e-03 
-3.478838e-02 
-9.046779e-03 
-3.858140e-02 
-1.283213e-02 
-4.010973e-02 
-1.489505e-02 
-4.046840e-02 
-1.583829e-02 
-3.860329e-02 
-1.260224e-02 
-3.188924e-02 
-6.046897e-03 
-2.411346e-02 
-2.038212e-04 
-1.783404e-02 
4.514948e-03 
-1.126220e-02 
1.111029e-02 
-2.660856e-03 
1.841894e-02 
5.123998e-03 
2.331309e-02 
9.015125e-03 
2.395806e-02 
9.939545e-03 
2.363344e-02 
1.102392e-02 
2.365315e-02 
1.221879e-02 
2.281763e-02 
1.115521e-02 
1.900200e-02 
7.744361e-03 
1.420720e-02 
4.431479e-03 
1.050582e-02 
3.058377e-03 
8.342073e-03 
1.456323e-03 
4.169406e-03 
-2.394596e-03 
-7.482676e-04 
-4.921144e-03 
-2.736009e-03 
-4.263750e-03 
-2.871232e-03 
-3.733036e-03 
-4.162684e-03 
-3.604441e-03 
-4.163841e-03 
-7.293429e-04 
-7.590750e-04 
5.034255e-03 
4.136644e-03 
1.076913e-02 
8.236304e-03 
1.578816e-02 
1.189793e-02 
2.065643e-02 
1.595703e-02 
2.648263e-02 
2.081715e-02 
3.145956e-02 
2.239220e-02 
3.199932e-02 
2.057877e-02 
3.072842e-02 
1.774791e-02 
2.879671e-02 
1.412973e-02 
2.463457e-02 
6.064673e-03 
1.505037e-02 
-5.974351e-03 
4.180463e-03 
-1.705955e-02 
-4.910151e-03 
-2.691519e-02 
-1.386146e-02 
-3.724292e-02 
-2.318642e-02 
-4.719138e-02 
-3.064643e-02 
-5.308788e-02 
-3.217645e-02 
-5.242847e-02 
-2.774345e-02 
-4.728624e-02 
-2.137856e-02 
-4.227967e-02 
-1.490611e-02 
-3.560450e-02 
-5.506308e-03 
-2.490402e-02 
8.453911e-03 
-1.088561e-02 
2.247361e-02 
1.359542e-04 
3.241330e-02 
7.354131e-03 
3.929932e-02 
1.248444e-02 
4.415213e-02 
1.401746e-02 
4.339668e-02 
9.253577e-03 
3.684489e-02 
-2.135621e-05 
2.774097e-02 
-9.591872e-03 
1.971567e-02 
-1.844239e-02 
1.123839e-02 
-2.829853e-02 
1.588420e-03 
-3.929457e-02 
-8.531822e-03 
-4.879009e-02 
-1.468263e-02 
-5.300594e-02 
-1.595016e-02 
-5.372082e-02 
-1.522397e-02 
-5.279316e-02 
-1.158899e-02 
-4.705994e-02 
-2.414540e-03 
-3.632681e-02 
1.055681e-02 
-2.381479e-02 
2.264280e-02 
-1.383440e-02 
3.257632e-02 
-4.553464e-03 
4.207692e-02 
3.123778e-03 
4.859467e-02 
7.177349e-03 
5.165215e-02 
8.208077e-03 
5.188788e-02 
6.708026e-03 
5.008374e-02 
3.884653e-03 
4.692424e-02 
-1.376584e-03 
4.025259e-02 
-1.036975e-02 
3.040108e-02 
-2.154935e-02 
1.960266e-02 
-3.185644e-02 
1.114603e-02 
-3.936653e-02 
5.024793e-03 
-4.549207e-02 
-8.428145e-04 
-5.187215e-02 
-6.041841e-03 
-5.546583e-02 
-7.222981e-03 
-5.523265e-02 
-4.718179e-03 
-5.048620e-02 
2.708568e-03 
-4.216230e-02 
1.142562e-02 
-3.394018e-02 
1.975784e-02 
-2.579981e-02 
2.861061e-02 
