1 
1.000000e-02 
-1.298000e+00 
-1.320000e+00 
-1.342000e+00 
-1.364000e+00 
-1.385000e+00 
-1.407000e+00 
-1.429000e+00 
-1.450000e+00 
-1.472000e+00 
-1.493000e+00 
-1.515000e+00 
-1.536000e+00 
-1.557000e+00 
-1.578000e+00 
-1.599000e+00 
-1.620000e+00 
-1.641000e+00 
-1.662000e+00 
-1.683000e+00 
-1.704000e+00 
-1.725000e+00 
-1.745000e+00 
-1.766000e+00 
-1.786000e+00 
-1.806000e+00 
-1.826000e+00 
-1.846000e+00 
-1.866000e+00 
-1.885000e+00 
-1.905000e+00 
-1.925000e+00 
-1.944000e+00 
-1.964000e+00 
-1.983000e+00 
-2.002000e+00 
-2.021000e+00 
-2.039000e+00 
-2.058000e+00 
-2.076000e+00 
-2.094000e+00 
-2.112000e+00 
-2.131000e+00 
-2.148000e+00 
-2.166000e+00 
-2.183000e+00 
-2.200000e+00 
-2.217000e+00 
-2.234000e+00 
-2.250000e+00 
-2.266000e+00 
-2.282000e+00 
-2.298000e+00 
-2.314000e+00 
-2.330000e+00 
-2.345000e+00 
-2.360000e+00 
-2.375000e+00 
-2.390000e+00 
-2.405000e+00 
-2.419000e+00 
-2.433000e+00 
-2.447000e+00 
-2.461000e+00 
-2.474000e+00 
-2.487000e+00 
-2.500000e+00 
-2.513000e+00 
-2.525000e+00 
-2.537000e+00 
-2.549000e+00 
-2.560000e+00 
-2.572000e+00 
-2.582000e+00 
-2.593000e+00 
-2.603000e+00 
-2.613000e+00 
-2.623000e+00 
-2.632000e+00 
-2.642000e+00 
-2.651000e+00 
-2.660000e+00 
-2.669000e+00 
-2.677000e+00 
-2.685000e+00 
-2.693000e+00 
-2.700000e+00 
-2.707000e+00 
-2.713000e+00 
-2.720000e+00 
-2.726000e+00 
-2.732000e+00 
-2.737000e+00 
-2.743000e+00 
-2.748000e+00 
-2.752000e+00 
-2.757000e+00 
-2.760000e+00 
-2.764000e+00 
-2.766000e+00 
-2.769000e+00 
-2.771000e+00 
-2.772000e+00 
-2.774000e+00 
-2.775000e+00 
-2.776000e+00 
-2.777000e+00 
-2.777000e+00 
-2.777000e+00 
-2.776000e+00 
-2.775000e+00 
-2.773000e+00 
-2.772000e+00 
-2.770000e+00 
-2.768000e+00 
-2.765000e+00 
-2.763000e+00 
-2.759000e+00 
-2.756000e+00 
-2.751000e+00 
-2.747000e+00 
-2.741000e+00 
-2.735000e+00 
-2.729000e+00 
-2.721000e+00 
-2.714000e+00 
-2.706000e+00 
-2.698000e+00 
-2.690000e+00 
-2.681000e+00 
-2.672000e+00 
-2.662000e+00 
-2.652000e+00 
-2.642000e+00 
-2.632000e+00 
-2.621000e+00 
-2.609000e+00 
-2.597000e+00 
-2.585000e+00 
-2.573000e+00 
-2.561000e+00 
-2.548000e+00 
-2.535000e+00 
-2.522000e+00 
-2.508000e+00 
-2.493000e+00 
-2.477000e+00 
-2.461000e+00 
-2.444000e+00 
-2.428000e+00 
-2.410000e+00 
-2.393000e+00 
-2.375000e+00 
-2.358000e+00 
-2.339000e+00 
-2.320000e+00 
-2.300000e+00 
-2.280000e+00 
-2.259000e+00 
-2.237000e+00 
-2.215000e+00 
-2.192000e+00 
-2.169000e+00 
-2.146000e+00 
-2.124000e+00 
-2.101000e+00 
-2.078000e+00 
-2.055000e+00 
-2.032000e+00 
-2.007000e+00 
-1.982000e+00 
-1.955000e+00 
-1.928000e+00 
-1.901000e+00 
-1.873000e+00 
-1.844000e+00 
-1.815000e+00 
-1.786000e+00 
-1.757000e+00 
-1.727000e+00 
-1.696000e+00 
-1.664000e+00 
-1.630000e+00 
-1.596000e+00 
-1.560000e+00 
-1.524000e+00 
-1.487000e+00 
-1.449000e+00 
-1.412000e+00 
-1.375000e+00 
-1.337000e+00 
-1.299000e+00 
-1.260000e+00 
-1.221000e+00 
-1.180000e+00 
-1.139000e+00 
-1.097000e+00 
-1.055000e+00 
-1.013000e+00 
-9.710000e-01 
-9.300000e-01 
-8.880000e-01 
-8.460000e-01 
-8.030000e-01 
-7.600000e-01 
-7.160000e-01 
-6.710000e-01 
-6.250000e-01 
-5.780000e-01 
-5.310000e-01 
-4.830000e-01 
-4.350000e-01 
-3.870000e-01 
-3.380000e-01 
-2.880000e-01 
-2.370000e-01 
-1.850000e-01 
-1.320000e-01 
-7.900000e-02 
-2.500000e-02 
2.800000e-02 
8.200000e-02 
1.350000e-01 
1.880000e-01 
2.400000e-01 
2.930000e-01 
3.460000e-01 
3.990000e-01 
4.530000e-01 
5.090000e-01 
5.650000e-01 
6.230000e-01 
6.810000e-01 
7.390000e-01 
7.980000e-01 
8.570000e-01 
9.150000e-01 
9.730000e-01 
1.031000e+00 
1.090000e+00 
1.150000e+00 
1.211000e+00 
1.272000e+00 
1.335000e+00 
1.397000e+00 
1.459000e+00 
1.520000e+00 
1.580000e+00 
1.640000e+00 
1.698000e+00 
1.757000e+00 
1.816000e+00 
1.876000e+00 
1.937000e+00 
2 
2.064000e+00 
2.128000e+00 
2.193000e+00 
2.257000e+00 
2.320000e+00 
2.383000e+00 
2.445000e+00 
2.508000e+00 
2.571000e+00 
2.635000e+00 
2.699000e+00 
2.765000e+00 
2.831000e+00 
2.899000e+00 
2.966000e+00 
3.034000e+00 
3.102000e+00 
3.170000e+00 
3.239000e+00 
3.307000e+00 
3.375000e+00 
3.443000e+00 
3.510000e+00 
3.578000e+00 
3.646000e+00 
3.715000e+00 
3.785000e+00 
3.855000e+00 
3.925000e+00 
3.994000e+00 
4.063000e+00 
4.132000e+00 
4.202000e+00 
4.272000e+00 
4.343000e+00 
4.415000e+00 
4.486000e+00 
4.558000e+00 
4.629000e+00 
4.701000e+00 
4.772000e+00 
4.842000e+00 
4.912000e+00 
4.982000e+00 
5.053000e+00 
5.125000e+00 
5.198000e+00 
5.271000e+00 
5.343000e+00 
5.416000e+00 
5.488000e+00 
5.560000e+00 
5.630000e+00 
5.699000e+00 
5.766000e+00 
5.832000e+00 
5.898000e+00 
5.965000e+00 
6.033000e+00 
6.101000e+00 
6.169000e+00 
6.238000e+00 
6.306000e+00 
6.375000e+00 
6.444000e+00 
6.512000e+00 
6.580000e+00 
6.647000e+00 
6.714000e+00 
6.782000e+00 
6.850000e+00 
6.918000e+00 
6.986000e+00 
7.054000e+00 
7.122000e+00 
7.189000e+00 
7.255000e+00 
7.320000e+00 
7.384000e+00 
7.446000e+00 
7.507000e+00 
7.567000e+00 
7.625000e+00 
7.683000e+00 
7.740000e+00 
7.797000e+00 
7.853000e+00 
7.908000e+00 
7.963000e+00 
8.018000e+00 
8.072000e+00 
8.125000e+00 
8.179000e+00 
8.231000e+00 
8.284000e+00 
8.337000e+00 
8.390000e+00 
8.444000e+00 
8.497000e+00 
8.550000e+00 
8.601000e+00 
8.652000e+00 
8.703000e+00 
8.754000e+00 
8.805000e+00 
8.856000e+00 
8.907000e+00 
8.957000e+00 
9.007000e+00 
9.055000e+00 
9.103000e+00 
9.150000e+00 
9.194000e+00 
9.237000e+00 
9.278000e+00 
9.318000e+00 
9.357000e+00 
9.395000e+00 
9.432000e+00 
9.469000e+00 
9.504000e+00 
9.539000e+00 
9.574000e+00 
9.608000e+00 
9.643000e+00 
9.678000e+00 
9.713000e+00 
9.749000e+00 
9.786000e+00 
9.823000e+00 
9.860000e+00 
9.896000e+00 
9.932000e+00 
9.966000e+00 
9.999000e+00 
1.003000e+01 
1.006000e+01 
1.008800e+01 
1.011400e+01 
1.013900e+01 
1.016100e+01 
1.018200e+01 
1.020300e+01 
1.022300e+01 
1.024300e+01 
1.026300e+01 
1.028100e+01 
1.029900e+01 
1.031600e+01 
1.033300e+01 
1.034900e+01 
1.036600e+01 
1.038300e+01 
1.040100e+01 
1.041900e+01 
1.043700e+01 
1.045400e+01 
1.047000e+01 
1.048600e+01 
1.049900e+01 
1.051200e+01 
1.052300e+01 
1.053300e+01 
1.054200e+01 
1.055200e+01 
1.056100e+01 
1.056900e+01 
1.057600e+01 
1.058200e+01 
1.058600e+01 
1.058900e+01 
1.059100e+01 
1.059100e+01 
1.059000e+01 
1.058800e+01 
1.058700e+01 
1.058700e+01 
1.058900e+01 
1.059100e+01 
1.059400e+01 
1.059800e+01 
1.060200e+01 
1.060600e+01 
1.060900e+01 
1.061200e+01 
1.061400e+01 
1.061500e+01 
1.061400e+01 
1.061100e+01 
1.060800e+01 
1.060400e+01 
1.059800e+01 
1.059100e+01 
1.058300e+01 
1.057400e+01 
1.056400e+01 
1.055100e+01 
1.053700e+01 
1.052100e+01 
1.050500e+01 
1.048900e+01 
1.047200e+01 
1.045500e+01 
1.043700e+01 
1.041900e+01 
1.039900e+01 
1.037800e+01 
1.035600e+01 
1.033300e+01 
1.030700e+01 
1.027800e+01 
1.024400e+01 
1.020700e+01 
1.016600e+01 
1.012300e+01 
1.007800e+01 
1.003100e+01 
9.982000e+00 
9.932000e+00 
9.878000e+00 
9.822000e+00 
9.763000e+00 
9.701000e+00 
9.638000e+00 
9.574000e+00 
9.510000e+00 
9.446000e+00 
9.381000e+00 
9.315000e+00 
9.246000e+00 
9.174000e+00 
9.100000e+00 
9.024000e+00 
8.946000e+00 
8.864000e+00 
8.778000e+00 
8.687000e+00 
8.589000e+00 
8.484000e+00 
8.375000e+00 
8.260000e+00 
8.141000e+00 
8.018000e+00 
7.890000e+00 
7.757000e+00 
7.619000e+00 
7.477000e+00 
7.334000e+00 
7.188000e+00 
7.042000e+00 
6.896000e+00 
6.752000e+00 
6.611000e+00 
6.473000e+00 
6.339000e+00 
6.208000e+00 
6.081000e+00 
5.957000e+00 
5.836000e+00 
5.719000e+00 
5.604000e+00 
5.489000e+00 
5.371000e+00 
5.248000e+00 
5.118000e+00 
4.981000e+00 
4.834000e+00 
4.676000e+00 
4.505000e+00 
4.320000e+00 
4.120000e+00 
3.906000e+00 
3.678000e+00 
3.435000e+00 
3.180000e+00 
2.912000e+00 
2.634000e+00 
2.346000e+00 
2.049000e+00 
1.744000e+00 
1.433000e+00 
1.116000e+00 
7.950000e-01 
4.750000e-01 
1.570000e-01 
-1.560000e-01 
-4.630000e-01 
-7.620000e-01 
-1.053000e+00 
-1.337000e+00 
-1.612000e+00 
-1.881000e+00 
-2.145000e+00 
-2.409000e+00 
-2.674000e+00 
-2.945000e+00 
-3.224000e+00 
-3.516000e+00 
-3.821000e+00 
-4.143000e+00 
-4.482000e+00 
-4.839000e+00 
-5.212000e+00 
-5.600000e+00 
-6.002000e+00 
-6.418000e+00 
-6.845000e+00 
-7.285000e+00 
-7.735000e+00 
-8.193000e+00 
-8.655000e+00 
-9.117000e+00 
-9.574000e+00 
-1.002200e+01 
-1.045700e+01 
-1.087700e+01 
-1.127700e+01 
-1.165600e+01 
-1.201400e+01 
-1.234900e+01 
-1.266400e+01 
-1.296300e+01 
-1.325100e+01 
-1.353600e+01 
-1.382400e+01 
-1.411900e+01 
-1.442700e+01 
-1.474800e+01 
-1.508500e+01 
-1.543600e+01 
-1.579800e+01 
-1.616700e+01 
-1.653900e+01 
-1.691300e+01 
-1.728600e+01 
-1.765500e+01 
-1.801800e+01 
-1.837400e+01 
-1.872400e+01 
-1.906600e+01 
-1.939800e+01 
-1.971700e+01 
-2.002100e+01 
-2.030500e+01 
-2.056800e+01 
-2.080800e+01 
-2.102500e+01 
-2.122100e+01 
-2.139400e+01 
-2.154500e+01 
-2.167400e+01 
-2.177800e+01 
-2.185900e+01 
-2.192000e+01 
-2.196300e+01 
-2.199500e+01 
-2.202100e+01 
-2.204900e+01 
-2.208400e+01 
-2.213100e+01 
-2.219100e+01 
-2.226500e+01 
-2.235400e+01 
-2.246000e+01 
-2.258200e+01 
-2.272000e+01 
-2.287200e+01 
-2.303500e+01 
-2.320300e+01 
-2.337500e+01 
-2.354700e+01 
-2.371700e+01 
-2.388400e+01 
-2.404600e+01 
-2.420400e+01 
-2.435400e+01 
-2.449500e+01 
-2.462600e+01 
-2.474500e+01 
-2.485000e+01 
-2.494000e+01 
-2.501300e+01 
-2.506700e+01 
-2.510400e+01 
-2.512600e+01 
-2.513400e+01 
-2.513400e+01 
-2.513000e+01 
-2.512700e+01 
-2.512800e+01 
-2.513600e+01 
-2.515400e+01 
-2.518300e+01 
-2.522500e+01 
-2.528100e+01 
-2.535500e+01 
-2.544600e+01 
-2.555600e+01 
-2.568500e+01 
-2.583000e+01 
-2.599100e+01 
-2.616400e+01 
-2.634600e+01 
-2.653500e+01 
-2.672900e+01 
-2.692700e+01 
-2.712500e+01 
-2.732200e+01 
-2.751300e+01 
-2.769500e+01 
-2.786400e+01 
-2.801500e+01 
-2.814500e+01 
-2.825400e+01 
-2.834100e+01 
-2.840500e+01 
-2.844800e+01 
-2.847200e+01 
-2.848100e+01 
-2.847800e+01 
-2.846600e+01 
-2.844800e+01 
-2.842400e+01 
-2.839400e+01 
-2.836100e+01 
-2.832200e+01 
-2.827900e+01 
-2.823100e+01 
-2.817700e+01 
-2.811400e+01 
-2.804100e+01 
-2.795600e+01 
-2.785900e+01 
-2.775000e+01 
-2.763000e+01 
-2.749900e+01 
-2.735600e+01 
-2.720300e+01 
-2.704100e+01 
-2.686900e+01 
-2.669000e+01 
-2.650400e+01 
-2.631200e+01 
-2.611300e+01 
-2.590500e+01 
-2.568900e+01 
-2.546200e+01 
-2.522400e+01 
-2.497200e+01 
-2.470600e+01 
-2.442600e+01 
-2.412900e+01 
-2.381700e+01 
-2.349000e+01 
-2.314700e+01 
-2.279000e+01 
-2.241800e+01 
-2.203300e+01 
-2.163500e+01 
-2.122600e+01 
-2.080600e+01 
-2.037500e+01 
-1.993100e+01 
-1.947600e+01 
-1.900900e+01 
-1.853100e+01 
-1.804200e+01 
-1.754100e+01 
-1.702900e+01 
-1.650700e+01 
-1.597600e+01 
-1.543400e+01 
-1.488300e+01 
-1.432300e+01 
-1.375400e+01 
-1.317800e+01 
-1.259400e+01 
-1.200400e+01 
-1.140800e+01 
-1.080600e+01 
-1.019600e+01 
-9.580000e+00 
-8.956000e+00 
-8.324000e+00 
-7.685000e+00 
-7.038000e+00 
-6.384000e+00 
-5.723000e+00 
-5.056000e+00 
-4.384000e+00 
-3.706000e+00 
-3.022000e+00 
-2.333000e+00 
-1.639000e+00 
-9.400000e-01 
-2.350000e-01 
4.740000e-01 
1.188000e+00 
1.907000e+00 
2.630000e+00 
3.357000e+00 
4.087000e+00 
4.818000e+00 
5.547000e+00 
6.274000e+00 
6.997000e+00 
7.714000e+00 
8.425000e+00 
9.127000e+00 
9.821000e+00 
1.050500e+01 
1.118000e+01 
1.184400e+01 
1.249600e+01 
1.313600e+01 
1.376200e+01 
1.437100e+01 
1.496100e+01 
1.553000e+01 
1.607600e+01 
1.659800e+01 
1.709400e+01 
1.756400e+01 
1.800700e+01 
1.842400e+01 
1.881400e+01 
1.918000e+01 
1.952200e+01 
1.984300e+01 
2.014300e+01 
2.042600e+01 
2.069200e+01 
2.094400e+01 
2.118300e+01 
2.140800e+01 
2.161900e+01 
2.181700e+01 
2.200200e+01 
2.217100e+01 
2.232700e+01 
2.246800e+01 
2.259800e+01 
2.271600e+01 
2.282300e+01 
2.292100e+01 
2.301000e+01 
2.308800e+01 
2.315700e+01 
2.321500e+01 
2.326000e+01 
2.329200e+01 
2.330900e+01 
2.331000e+01 
2.329700e+01 
2.326900e+01 
2.322700e+01 
2.317200e+01 
2.310700e+01 
2.303000e+01 
2.294400e+01 
2.284700e+01 
2.274100e+01 
2.262500e+01 
2.249700e+01 
2.235800e+01 
2.220700e+01 
2.204500e+01 
2.187100e+01 
2.168700e+01 
2.149300e+01 
2.129100e+01 
2.108000e+01 
2.086000e+01 
2.063200e+01 
2.039500e+01 
2.014900e+01 
1.989300e+01 
1.963000e+01 
1.935900e+01 
1.908200e+01 
1.880000e+01 
1.851600e+01 
1.823000e+01 
1.794400e+01 
1.765800e+01 
1.737400e+01 
1.709300e+01 
1.681600e+01 
1.654400e+01 
1.627800e+01 
1.601900e+01 
1.576800e+01 
1.552600e+01 
1.529300e+01 
1.506900e+01 
1.485400e+01 
1.464700e+01 
1.444800e+01 
1.425600e+01 
1.406900e+01 
1.388700e+01 
1.370900e+01 
1.353300e+01 
1.336000e+01 
1.318900e+01 
1.301900e+01 
1.285100e+01 
1.268500e+01 
1.252100e+01 
1.235900e+01 
1.220100e+01 
1.204400e+01 
1.189100e+01 
1.174100e+01 
1.159300e+01 
1.144900e+01 
1.130600e+01 
1.116300e+01 
1.102000e+01 
1.087500e+01 
1.072900e+01 
1.058000e+01 
1.042900e+01 
1.027600e+01 
1.012300e+01 
9.971000e+00 
9.823000e+00 
9.680000e+00 
9.547000e+00 
9.425000e+00 
9.318000e+00 
9.229000e+00 
9.159000e+00 
9.108000e+00 
9.076000e+00 
9.063000e+00 
9.069000e+00 
9.092000e+00 
9.133000e+00 
9.191000e+00 
9.264000e+00 
9.351000e+00 
9.450000e+00 
9.557000e+00 
9.670000e+00 
9.785000e+00 
9.897000e+00 
1.000300e+01 
1.010200e+01 
1.019000e+01 
1.026700e+01 
1.032900e+01 
1.037500e+01 
1.040600e+01 
1.042100e+01 
1.041900e+01 
1.040100e+01 
1.036800e+01 
1.031900e+01 
1.025600e+01 
1.017900e+01 
1.008800e+01 
9.986000e+00 
9.872000e+00 
9.747000e+00 
9.612000e+00 
9.468000e+00 
9.317000e+00 
9.158000e+00 
8.995000e+00 
8.827000e+00 
8.657000e+00 
8.484000e+00 
8.309000e+00 
8.134000e+00 
7.958000e+00 
7.782000e+00 
7.608000e+00 
7.434000e+00 
7.262000e+00 
7.092000e+00 
6.926000e+00 
6.766000e+00 
6.611000e+00 
6.463000e+00 
6.323000e+00 
6.190000e+00 
6.063000e+00 
5.939000e+00 
5.815000e+00 
5.688000e+00 
5.555000e+00 
5.411000e+00 
5.254000e+00 
5.081000e+00 
4.891000e+00 
4.682000e+00 
4.454000e+00 
4.206000e+00 
3.939000e+00 
3.652000e+00 
3.346000e+00 
3.022000e+00 
2.681000e+00 
2.325000e+00 
1.958000e+00 
1.581000e+00 
1.197000e+00 
8.080000e-01 
4.170000e-01 
2.600000e-02 
-3.630000e-01 
-7.480000e-01 
-1.126000e+00 
-1.497000e+00 
-1.861000e+00 
-2.216000e+00 
-2.564000e+00 
-2.905000e+00 
-3.241000e+00 
-3.573000e+00 
-3.903000e+00 
-4.231000e+00 
-4.559000e+00 
-4.888000e+00 
-5.218000e+00 
-5.549000e+00 
-5.881000e+00 
-6.212000e+00 
-6.542000e+00 
-6.868000e+00 
-7.189000e+00 
-7.503000e+00 
-7.810000e+00 
-8.109000e+00 
-8.398000e+00 
-8.678000e+00 
-8.949000e+00 
-9.210000e+00 
-9.463000e+00 
-9.706000e+00 
-9.940000e+00 
-1.016400e+01 
-1.037900e+01 
-1.058400e+01 
-1.078000e+01 
-1.096600e+01 
-1.114300e+01 
-1.130900e+01 
-1.146600e+01 
-1.161300e+01 
-1.174900e+01 
-1.187500e+01 
-1.199000e+01 
-1.209300e+01 
-1.218300e+01 
-1.226000e+01 
-1.232300e+01 
-1.237200e+01 
-1.240500e+01 
-1.242200e+01 
-1.242500e+01 
-1.241300e+01 
-1.238600e+01 
-1.234300e+01 
-1.228600e+01 
-1.221600e+01 
-1.213300e+01 
-1.203800e+01 
-1.193100e+01 
-1.181100e+01 
-1.167800e+01 
-1.153200e+01 
-1.137300e+01 
-1.120000e+01 
-1.101500e+01 
-1.081500e+01 
-1.060200e+01 
-1.037300e+01 
-1.012900e+01 
-9.869000e+00 
-9.592000e+00 
-9.298000e+00 
-8.988000e+00 
-8.662000e+00 
-8.321000e+00 
-7.967000e+00 
-7.601000e+00 
-7.222000e+00 
-6.834000e+00 
-6.435000e+00 
-6.027000e+00 
-5.610000e+00 
-5.185000e+00 
-4.753000e+00 
-4.313000e+00 
-3.868000e+00 
-3.419000e+00 
-2.966000e+00 
-2.512000e+00 
-2.058000e+00 
-1.606000e+00 
-1.155000e+00 
-7.090000e-01 
-2.670000e-01 
1.700000e-01 
6.000000e-01 
1.023000e+00 
1.439000e+00 
1.846000e+00 
2.243000e+00 
2.628000e+00 
2.999000e+00 
3.355000e+00 
3.696000e+00 
4.020000e+00 
4.328000e+00 
4.621000e+00 
4.901000e+00 
5.168000e+00 
5.426000e+00 
5.675000e+00 
5.917000e+00 
6.154000e+00 
6.386000e+00 
6.616000e+00 
6.844000e+00 
7.070000e+00 
7.296000e+00 
7.522000e+00 
7.751000e+00 
7.981000e+00 
8.215000e+00 
8.452000e+00 
8.693000e+00 
8.938000e+00 
9.185000e+00 
9.435000e+00 
9.685000e+00 
9.936000e+00 
1.018600e+01 
1.043500e+01 
1.068100e+01 
1.092500e+01 
1.116600e+01 
1.140300e+01 
1.163800e+01 
1.186800e+01 
1.209400e+01 
1.231400e+01 
1.252900e+01 
1.273900e+01 
1.294300e+01 
1.313800e+01 
1.332200e+01 
1.349100e+01 
1.364200e+01 
1.377100e+01 
1.387600e+01 
1.395600e+01 
1.401100e+01 
1.404200e+01 
1.405200e+01 
1.404200e+01 
1.401200e+01 
1.396000e+01 
1.388600e+01 
1.379100e+01 
1.367400e+01 
1.353300e+01 
1.336700e+01 
1.317600e+01 
1.296200e+01 
1.272600e+01 
1.246900e+01 
1.219300e+01 
1.190000e+01 
1.159300e+01 
1.127400e+01 
1.094200e+01 
1.059900e+01 
1.024800e+01 
9.891000e+00 
9.531000e+00 
9.172000e+00 
8.814000e+00 
8.461000e+00 
8.114000e+00 
7.776000e+00 
7.449000e+00 
7.135000e+00 
6.836000e+00 
6.552000e+00 
6.284000e+00 
6.033000e+00 
5.799000e+00 
5.582000e+00 
5.381000e+00 
5.196000e+00 
5.026000e+00 
4.869000e+00 
4.725000e+00 
4.592000e+00 
4.470000e+00 
4.356000e+00 
4.249000e+00 
4.147000e+00 
4.048000e+00 
3.951000e+00 
3.854000e+00 
3.757000e+00 
3.659000e+00 
3.559000e+00 
3.456000e+00 
3.350000e+00 
3.241000e+00 
3.129000e+00 
3.013000e+00 
2.895000e+00 
2.774000e+00 
2.650000e+00 
2.525000e+00 
2.399000e+00 
2.273000e+00 
2.148000e+00 
2.024000e+00 
1.903000e+00 
1.785000e+00 
1.671000e+00 
1.561000e+00 
1.456000e+00 
1.357000e+00 
1.262000e+00 
1.173000e+00 
1.091000e+00 
1.015000e+00 
9.450000e-01 
8.830000e-01 
8.280000e-01 
7.800000e-01 
7.410000e-01 
7.100000e-01 
6.880000e-01 
6.740000e-01 
6.710000e-01 
6.790000e-01 
7.000000e-01 
7.320000e-01 
7.780000e-01 
8.370000e-01 
9.070000e-01 
9.880000e-01 
1.079000e+00 
1.178000e+00 
1.282000e+00 
1.392000e+00 
1.506000e+00 
1.622000e+00 
1.740000e+00 
1.859000e+00 
1.976000e+00 
2.092000e+00 
2.206000e+00 
2.316000e+00 
2.420000e+00 
2.520000e+00 
2.613000e+00 
2.699000e+00 
2.778000e+00 
2.850000e+00 
2.914000e+00 
2.969000e+00 
3.016000e+00 
3.055000e+00 
3.084000e+00 
3.105000e+00 
3.117000e+00 
3.121000e+00 
3.116000e+00 
3.102000e+00 
3.081000e+00 
3.053000e+00 
3.019000e+00 
2.978000e+00 
2.933000e+00 
2.883000e+00 
2.830000e+00 
2.774000e+00 
2.716000e+00 
2.658000e+00 
2.599000e+00 
2.541000e+00 
2.484000e+00 
2.429000e+00 
2.377000e+00 
2.329000e+00 
2.283000e+00 
2.242000e+00 
2.206000e+00 
2.175000e+00 
2.150000e+00 
2.132000e+00 
2.120000e+00 
2.115000e+00 
2.116000e+00 
2.122000e+00 
2.135000e+00 
2.151000e+00 
2.171000e+00 
2.192000e+00 
2.212000e+00 
2.230000e+00 
2.242000e+00 
2.248000e+00 
2.244000e+00 
2.229000e+00 
2.201000e+00 
2.158000e+00 
2.100000e+00 
2.025000e+00 
1.933000e+00 
1.824000e+00 
1.698000e+00 
1.557000e+00 
1.398000e+00 
1.223000e+00 
1.031000e+00 
8.240000e-01 
6.030000e-01 
3.680000e-01 
1.230000e-01 
-1.320000e-01 
-3.960000e-01 
-6.660000e-01 
-9.420000e-01 
-1.222000e+00 
-1.505000e+00 
-1.791000e+00 
-2.078000e+00 
-2.365000e+00 
-2.653000e+00 
-2.940000e+00 
-3.226000e+00 
-3.510000e+00 
-3.793000e+00 
-4.074000e+00 
-4.353000e+00 
-4.630000e+00 
-4.904000e+00 
-5.175000e+00 
-5.444000e+00 
-5.709000e+00 
-5.971000e+00 
-6.230000e+00 
-6.487000e+00 
-6.740000e+00 
-6.992000e+00 
-7.240000e+00 
-7.486000e+00 
-7.730000e+00 
-7.971000e+00 
-8.211000e+00 
-8.449000e+00 
-8.685000e+00 
-8.920000e+00 
-9.156000e+00 
-9.392000e+00 
-9.628000e+00 
-9.866000e+00 
-1.010400e+01 
-1.034400e+01 
-1.058400e+01 
-1.082500e+01 
-1.106500e+01 
-1.130500e+01 
-1.154300e+01 
-1.177800e+01 
-1.201000e+01 
-1.223700e+01 
-1.245900e+01 
-1.267400e+01 
-1.288300e+01 
-1.308300e+01 
-1.327700e+01 
-1.346400e+01 
-1.364400e+01 
-1.381700e+01 
-1.398600e+01 
-1.414900e+01 
-1.430700e+01 
-1.446200e+01 
-1.461300e+01 
-1.476200e+01 
-1.490700e+01 
-1.505000e+01 
-1.519100e+01 
-1.533000e+01 
-1.546600e+01 
-1.560000e+01 
-1.573100e+01 
-1.585900e+01 
-1.598300e+01 
-1.610300e+01 
-1.621800e+01 
-1.632700e+01 
-1.643100e+01 
-1.652800e+01 
-1.661800e+01 
-1.670100e+01 
-1.677700e+01 
-1.684400e+01 
-1.690300e+01 
-1.695400e+01 
-1.699600e+01 
-1.703000e+01 
-1.705500e+01 
-1.707100e+01 
-1.707800e+01 
-1.707700e+01 
-1.706800e+01 
-1.705100e+01 
-1.702500e+01 
-1.699100e+01 
-1.694800e+01 
-1.689500e+01 
-1.683300e+01 
-1.676000e+01 
-1.667800e+01 
-1.658400e+01 
-1.648100e+01 
-1.636700e+01 
-1.624400e+01 
-1.611000e+01 
-1.596700e+01 
-1.581500e+01 
-1.565500e+01 
-1.548700e+01 
-1.531100e+01 
-1.513000e+01 
-1.494300e+01 
-1.475200e+01 
-1.455600e+01 
-1.435700e+01 
-1.415500e+01 
-1.395000e+01 
-1.374300e+01 
-1.353300e+01 
-1.332100e+01 
-1.310800e+01 
-1.289200e+01 
-1.267400e+01 
-1.245500e+01 
-1.223500e+01 
-1.201400e+01 
-1.179300e+01 
-1.157200e+01 
-1.135200e+01 
-1.113400e+01 
-1.091600e+01 
-1.069900e+01 
-1.048300e+01 
-1.026800e+01 
-1.005400e+01 
-9.840000e+00 
-9.626000e+00 
-9.413000e+00 
-9.200000e+00 
-8.987000e+00 
-8.774000e+00 
-8.560000e+00 
-8.346000e+00 
-8.130000e+00 
-7.913000e+00 
-7.695000e+00 
-7.474000e+00 
-7.250000e+00 
-7.024000e+00 
-6.796000e+00 
-6.564000e+00 
-6.330000e+00 
-6.094000e+00 
-5.854000e+00 
-5.613000e+00 
-5.370000e+00 
-5.126000e+00 
-4.880000e+00 
-4.635000e+00 
-4.389000e+00 
-4.144000e+00 
-3.900000e+00 
-3.657000e+00 
-3.417000e+00 
-3.179000e+00 
-2.944000e+00 
-2.712000e+00 
-2.483000e+00 
-2.259000e+00 
-2.039000e+00 
-1.824000e+00 
-1.614000e+00 
-1.410000e+00 
-1.212000e+00 
-1.020000e+00 
-8.360000e-01 
-6.600000e-01 
-4.910000e-01 
-3.320000e-01 
-1.820000e-01 
-4.000000e-02 
9.200000e-02 
2.150000e-01 
3.310000e-01 
4.380000e-01 
5.380000e-01 
6.320000e-01 
7.210000e-01 
8.050000e-01 
8.860000e-01 
9.640000e-01 
1.039000e+00 
1.113000e+00 
1.186000e+00 
1.258000e+00 
1.329000e+00 
1.400000e+00 
1.469000e+00 
1.539000e+00 
1.608000e+00 
1.675000e+00 
1.742000e+00 
1.809000e+00 
1.874000e+00 
1.939000e+00 
2.002000e+00 
2.063000e+00 
2.124000e+00 
2.182000e+00 
2.239000e+00 
2.293000e+00 
2.346000e+00 
2.397000e+00 
2.446000e+00 
2.493000e+00 
2.539000e+00 
2.582000e+00 
2.624000e+00 
2.663000e+00 
2.699000e+00 
2.732000e+00 
2.761000e+00 
2.787000e+00 
2.809000e+00 
2.827000e+00 
2.842000e+00 
2.852000e+00 
2.858000e+00 
2.860000e+00 
2.859000e+00 
2.855000e+00 
2.849000e+00 
2.839000e+00 
2.828000e+00 
2.816000e+00 
2.803000e+00 
2.790000e+00 
2.778000e+00 
2.768000e+00 
2.759000e+00 
2.753000e+00 
2.750000e+00 
2.751000e+00 
2.755000e+00 
2.763000e+00 
2.775000e+00 
2.791000e+00 
2.810000e+00 
2.834000e+00 
2.861000e+00 
2.892000e+00 
2.926000e+00 
2.963000e+00 
3.003000e+00 
3.045000e+00 
3.089000e+00 
3.136000e+00 
3.185000e+00 
3.236000e+00 
3.289000e+00 
3.343000e+00 
3.398000e+00 
3.456000e+00 
3.514000e+00 
3.575000e+00 
3.637000e+00 
3.701000e+00 
3.766000e+00 
3.833000e+00 
3.902000e+00 
3.972000e+00 
4.043000e+00 
4.115000e+00 
4.188000e+00 
4.262000e+00 
4.337000e+00 
4.413000e+00 
4.491000e+00 
4.570000e+00 
4.652000e+00 
4.736000e+00 
4.824000e+00 
4.914000e+00 
5.007000e+00 
5.103000e+00 
5.203000e+00 
5.305000e+00 
5.410000e+00 
5.517000e+00 
5.627000e+00 
5.739000e+00 
5.853000e+00 
5.969000e+00 
6.086000e+00 
6.204000e+00 
6.322000e+00 
6.439000e+00 
6.555000e+00 
6.669000e+00 
6.780000e+00 
6.889000e+00 
6.993000e+00 
7.094000e+00 
7.190000e+00 
7.282000e+00 
7.369000e+00 
7.452000e+00 
7.529000e+00 
7.603000e+00 
7.672000e+00 
7.737000e+00 
7.798000e+00 
7.856000e+00 
7.910000e+00 
7.961000e+00 
8.010000e+00 
8.056000e+00 
8.100000e+00 
8.143000e+00 
8.185000e+00 
8.227000e+00 
8.269000e+00 
8.311000e+00 
8.354000e+00 
8.398000e+00 
8.442000e+00 
8.488000e+00 
8.535000e+00 
8.582000e+00 
8.629000e+00 
8.677000e+00 
8.724000e+00 
8.772000e+00 
8.819000e+00 
8.867000e+00 
8.915000e+00 
8.962000e+00 
9.010000e+00 
9.057000e+00 
9.105000e+00 
9.152000e+00 
9.199000e+00 
9.245000e+00 
9.291000e+00 
9.335000e+00 
9.378000e+00 
9.419000e+00 
9.456000e+00 
9.488000e+00 
9.516000e+00 
9.538000e+00 
9.554000e+00 
9.563000e+00 
9.566000e+00 
9.563000e+00 
9.554000e+00 
9.537000e+00 
9.515000e+00 
9.486000e+00 
9.451000e+00 
9.409000e+00 
9.362000e+00 
9.309000e+00 
9.252000e+00 
9.188000e+00 
9.120000e+00 
9.048000e+00 
8.970000e+00 
8.889000e+00 
8.803000e+00 
8.713000e+00 
8.618000e+00 
8.520000e+00 
8.417000e+00 
8.311000e+00 
8.200000e+00 
8.085000e+00 
7.967000e+00 
7.844000e+00 
7.718000e+00 
7.589000e+00 
7.456000e+00 
7.321000e+00 
7.184000e+00 
7.045000e+00 
6.906000e+00 
6.766000e+00 
6.626000e+00 
6.488000e+00 
6.351000e+00 
6.216000e+00 
6.083000e+00 
5.952000e+00 
5.824000e+00 
5.697000e+00 
5.572000e+00 
5.449000e+00 
5.326000e+00 
5.205000e+00 
5.083000e+00 
4.962000e+00 
4.839000e+00 
4.716000e+00 
4.593000e+00 
4.468000e+00 
4.342000e+00 
4.215000e+00 
4.088000e+00 
3.960000e+00 
3.832000e+00 
3.704000e+00 
3.577000e+00 
3.451000e+00 
3.326000e+00 
3.202000e+00 
3.080000e+00 
2.960000e+00 
2.841000e+00 
2.724000e+00 
2.608000e+00 
2.493000e+00 
2.378000e+00 
2.264000e+00 
2.150000e+00 
2.035000e+00 
1.920000e+00 
1.803000e+00 
1.686000e+00 
1.567000e+00 
1.446000e+00 
1.325000e+00 
1.203000e+00 
1.082000e+00 
9.610000e-01 
8.410000e-01 
7.240000e-01 
6.090000e-01 
4.980000e-01 
3.890000e-01 
2.850000e-01 
1.850000e-01 
8.900000e-02 
-2.000000e-03 
-8.900000e-02 
-1.720000e-01 
-2.500000e-01 
-3.250000e-01 
-3.960000e-01 
-4.630000e-01 
-5.270000e-01 
-5.880000e-01 
-6.470000e-01 
-7.050000e-01 
-7.600000e-01 
-8.150000e-01 
-8.680000e-01 
-9.210000e-01 
-9.720000e-01 
-1.022000e+00 
-1.071000e+00 
-1.118000e+00 
-1.163000e+00 
-1.206000e+00 
-1.247000e+00 
-1.286000e+00 
-1.324000e+00 
-1.360000e+00 
-1.394000e+00 
-1.428000e+00 
-1.461000e+00 
-1.494000e+00 
-1.527000e+00 
-1.560000e+00 
-1.593000e+00 
-1.626000e+00 
-1.659000e+00 
-1.693000e+00 
-1.726000e+00 
-1.759000e+00 
-1.791000e+00 
-1.822000e+00 
-1.851000e+00 
-1.879000e+00 
-1.904000e+00 
-1.926000e+00 
-1.945000e+00 
-1.960000e+00 
-1.973000e+00 
-1.982000e+00 
-1.987000e+00 
-1.990000e+00 
-1.989000e+00 
-1.986000e+00 
-1.979000e+00 
-1.971000e+00 
-1.960000e+00 
-1.946000e+00 
-1.931000e+00 
-1.913000e+00 
-1.894000e+00 
-1.872000e+00 
-1.850000e+00 
-1.825000e+00 
-1.799000e+00 
-1.772000e+00 
-1.744000e+00 
-1.714000e+00 
-1.685000e+00 
-1.655000e+00 
-1.625000e+00 
-1.596000e+00 
-1.568000e+00 
-1.541000e+00 
-1.517000e+00 
-1.494000e+00 
-1.474000e+00 
-1.457000e+00 
-1.442000e+00 
-1.430000e+00 
-1.421000e+00 
-1.414000e+00 
-1.410000e+00 
-1.408000e+00 
-1.410000e+00 
-1.413000e+00 
-1.418000e+00 
-1.425000e+00 
-1.434000e+00 
-1.442000e+00 
-1.452000e+00 
-1.461000e+00 
-1.470000e+00 
-1.479000e+00 
-1.486000e+00 
-1.493000e+00 
-1.499000e+00 
-1.504000e+00 
-1.508000e+00 
-1.511000e+00 
-1.514000e+00 
-1.516000e+00 
-1.518000e+00 
-1.520000e+00 
-1.523000e+00 
-1.526000e+00 
-1.530000e+00 
-1.534000e+00 
-1.540000e+00 
-1.548000e+00 
-1.557000e+00 
-1.569000e+00 
-1.584000e+00 
-1.601000e+00 
-1.622000e+00 
-1.646000e+00 
-1.674000e+00 
-1.706000e+00 
-1.742000e+00 
-1.781000e+00 
-1.825000e+00 
-1.872000e+00 
-1.922000e+00 
-1.976000e+00 
-2.032000e+00 
-2.091000e+00 
-2.151000e+00 
-2.214000e+00 
-2.278000e+00 
-2.344000e+00 
-2.410000e+00 
-2.477000e+00 
-2.545000e+00 
-2.612000e+00 
-2.679000e+00 
-2.745000e+00 
-2.810000e+00 
-2.875000e+00 
-2.938000e+00 
-3 
-3.061000e+00 
-3.121000e+00 
-3.179000e+00 
-3.236000e+00 
-3.290000e+00 
-3.342000e+00 
-3.393000e+00 
-3.440000e+00 
-3.485000e+00 
-3.527000e+00 
-3.566000e+00 
-3.603000e+00 
-3.636000e+00 
-3.668000e+00 
-3.696000e+00 
-3.723000e+00 
-3.747000e+00 
-3.770000e+00 
-3.791000e+00 
-3.812000e+00 
-3.831000e+00 
-3.850000e+00 
-3.868000e+00 
-3.886000e+00 
-3.905000e+00 
-3.925000e+00 
-3.945000e+00 
-3.967000e+00 
-3.990000e+00 
-4.014000e+00 
-4.040000e+00 
-4.067000e+00 
-4.096000e+00 
-4.126000e+00 
-4.156000e+00 
-4.186000e+00 
-4.217000e+00 
-4.247000e+00 
-4.277000e+00 
-4.305000e+00 
-4.333000e+00 
-4.359000e+00 
-4.383000e+00 
-4.406000e+00 
-4.426000e+00 
-4.445000e+00 
-4.461000e+00 
-4.474000e+00 
-4.485000e+00 
-4.494000e+00 
-4.501000e+00 
-4.505000e+00 
-4.507000e+00 
-4.506000e+00 
-4.503000e+00 
-4.498000e+00 
-4.491000e+00 
-4.483000e+00 
-4.472000e+00 
-4.460000e+00 
-4.446000e+00 
-4.432000e+00 
-4.417000e+00 
-4.401000e+00 
-4.385000e+00 
-4.370000e+00 
-4.356000e+00 
-4.343000e+00 
-4.331000e+00 
-4.320000e+00 
-4.311000e+00 
-4.303000e+00 
-4.296000e+00 
-4.291000e+00 
-4.286000e+00 
-4.281000e+00 
-4.277000e+00 
-4.273000e+00 
-4.269000e+00 
-4.264000e+00 
-4.259000e+00 
-4.254000e+00 
-4.247000e+00 
-4.239000e+00 
-4.230000e+00 
-4.220000e+00 
-4.207000e+00 
-4.193000e+00 
-4.178000e+00 
-4.160000e+00 
-4.140000e+00 
-4.118000e+00 
-4.094000e+00 
-4.067000e+00 
-4.038000e+00 
-4.007000e+00 
-3.973000e+00 
-3.937000e+00 
-3.899000e+00 
-3.860000e+00 
-3.819000e+00 
-3.776000e+00 
-3.733000e+00 
-3.689000e+00 
-3.644000e+00 
-3.599000e+00 
-3.553000e+00 
-3.508000e+00 
-3.463000e+00 
-3.418000e+00 
-3.375000e+00 
-3.333000e+00 
-3.293000e+00 
-3.254000e+00 
-3.218000e+00 
-3.183000e+00 
-3.151000e+00 
-3.119000e+00 
-3.089000e+00 
-3.060000e+00 
-3.031000e+00 
-3.003000e+00 
-2.974000e+00 
-2.945000e+00 
-2.915000e+00 
-2.885000e+00 
-2.854000e+00 
-2.822000e+00 
-2.789000e+00 
-2.756000e+00 
-2.722000e+00 
-2.687000e+00 
-2.652000e+00 
-2.616000e+00 
-2.579000e+00 
-2.543000e+00 
-2.506000e+00 
-2.469000e+00 
-2.432000e+00 
-2.394000e+00 
-2.355000e+00 
-2.316000e+00 
-2.276000e+00 
-2.235000e+00 
-2.192000e+00 
-2.148000e+00 
-2.103000e+00 
-2.056000e+00 
-2.008000e+00 
-1.958000e+00 
-1.907000e+00 
-1.854000e+00 
-1.799000e+00 
-1.743000e+00 
-1.685000e+00 
-1.625000e+00 
-1.564000e+00 
-1.501000e+00 
-1.437000e+00 
-1.371000e+00 
-1.303000e+00 
-1.233000e+00 
-1.161000e+00 
-1.088000e+00 
-1.013000e+00 
-9.370000e-01 
-8.590000e-01 
-7.800000e-01 
-7.000000e-01 
-6.190000e-01 
-5.380000e-01 
-4.550000e-01 
-3.720000e-01 
-2.880000e-01 
-2.020000e-01 
-1.160000e-01 
-3.000000e-02 
5.800000e-02 
1.460000e-01 
2.350000e-01 
3.240000e-01 
4.130000e-01 
5.030000e-01 
5.940000e-01 
6.840000e-01 
7.760000e-01 
8.670000e-01 
9.590000e-01 
1.052000e+00 
1.145000e+00 
1.239000e+00 
1.334000e+00 
1.429000e+00 
1.526000e+00 
1.624000e+00 
1.723000e+00 
1.823000e+00 
1.924000e+00 
2.026000e+00 
2.130000e+00 
2.234000e+00 
2.340000e+00 
2.447000e+00 
2.554000e+00 
2.662000e+00 
2.771000e+00 
2.880000e+00 
2.988000e+00 
3.096000e+00 
3.204000e+00 
3.311000e+00 
3.416000e+00 
3.520000e+00 
3.621000e+00 
3.721000e+00 
3.819000e+00 
3.914000e+00 
4.008000e+00 
4.099000e+00 
4.187000e+00 
4.273000e+00 
4.357000e+00 
4.438000e+00 
4.516000e+00 
4.591000e+00 
4.662000e+00 
4.731000e+00 
4.796000e+00 
4.858000e+00 
4.916000e+00 
4.970000e+00 
5.020000e+00 
5.066000e+00 
5.108000e+00 
5.147000e+00 
5.182000e+00 
5.214000e+00 
5.243000e+00 
5.269000e+00 
5.293000e+00 
5.315000e+00 
5.335000e+00 
5.354000e+00 
5.371000e+00 
5.387000e+00 
5.402000e+00 
5.415000e+00 
5.428000e+00 
5.440000e+00 
5.450000e+00 
5.459000e+00 
5.467000e+00 
5.473000e+00 
5.478000e+00 
5.481000e+00 
5.483000e+00 
5.482000e+00 
5.480000e+00 
5.475000e+00 
5.468000e+00 
5.458000e+00 
5.446000e+00 
5.430000e+00 
5.412000e+00 
5.390000e+00 
5.365000e+00 
5.335000e+00 
5.302000e+00 
5.266000e+00 
5.225000e+00 
5.181000e+00 
5.132000e+00 
5.079000e+00 
5.022000e+00 
4.961000e+00 
4.895000e+00 
4.826000e+00 
4.753000e+00 
4.677000e+00 
4.599000e+00 
4.518000e+00 
4.436000e+00 
4.353000e+00 
4.268000e+00 
4.183000e+00 
4.098000e+00 
4.013000e+00 
3.928000e+00 
3.845000e+00 
3.762000e+00 
3.680000e+00 
3.599000e+00 
3.520000e+00 
3.443000e+00 
3.367000e+00 
3.293000e+00 
3.221000e+00 
3.151000e+00 
3.081000e+00 
3.014000e+00 
2.947000e+00 
2.882000e+00 
2.818000e+00 
2.754000e+00 
2.691000e+00 
2.628000e+00 
2.566000e+00 
2.503000e+00 
2.441000e+00 
2.378000e+00 
2.316000e+00 
2.253000e+00 
2.189000e+00 
2.126000e+00 
2.062000e+00 
1.999000e+00 
1.935000e+00 
1.871000e+00 
1.807000e+00 
1.744000e+00 
1.680000e+00 
1.617000e+00 
1.554000e+00 
1.492000e+00 
1.431000e+00 
1.370000e+00 
1.311000e+00 
1.253000e+00 
1.196000e+00 
1.141000e+00 
1.088000e+00 
1.038000e+00 
9.900000e-01 
9.460000e-01 
9.040000e-01 
8.660000e-01 
8.320000e-01 
8.030000e-01 
7.770000e-01 
7.560000e-01 
7.400000e-01 
7.290000e-01 
7.220000e-01 
7.190000e-01 
7.210000e-01 
7.260000e-01 
7.340000e-01 
7.460000e-01 
7.590000e-01 
7.750000e-01 
7.930000e-01 
8.120000e-01 
8.320000e-01 
8.520000e-01 
8.730000e-01 
8.930000e-01 
9.120000e-01 
9.300000e-01 
9.470000e-01 
9.620000e-01 
9.750000e-01 
9.850000e-01 
9.920000e-01 
9.970000e-01 
9.980000e-01 
9.970000e-01 
9.920000e-01 
9.850000e-01 
9.740000e-01 
9.610000e-01 
9.450000e-01 
9.270000e-01 
9.080000e-01 
8.860000e-01 
8.620000e-01 
8.380000e-01 
8.120000e-01 
7.850000e-01 
7.580000e-01 
7.300000e-01 
7.020000e-01 
6.740000e-01 
6.460000e-01 
6.180000e-01 
5.910000e-01 
5.650000e-01 
5.400000e-01 
5.150000e-01 
4.920000e-01 
4.690000e-01 
4.470000e-01 
4.260000e-01 
4.060000e-01 
3.870000e-01 
3.690000e-01 
3.530000e-01 
3.370000e-01 
3.230000e-01 
3.090000e-01 
2.960000e-01 
2.820000e-01 
2.690000e-01 
2.550000e-01 
2.410000e-01 
2.240000e-01 
2.060000e-01 
1.850000e-01 
1.610000e-01 
1.330000e-01 
1.020000e-01 
6.600000e-02 
2.500000e-02 
-2.100000e-02 
-7.200000e-02 
-1.290000e-01 
-1.900000e-01 
-2.560000e-01 
-3.270000e-01 
-4.010000e-01 
-4.790000e-01 
-5.590000e-01 
-6.420000e-01 
-7.270000e-01 
-8.140000e-01 
-9.020000e-01 
-9.920000e-01 
-1.082000e+00 
-1.172000e+00 
-1.263000e+00 
-1.354000e+00 
-1.444000e+00 
-1.533000e+00 
-1.622000e+00 
-1.709000e+00 
-1.796000e+00 
-1.880000e+00 
-1.963000e+00 
-2.043000e+00 
-2.122000e+00 
-2.198000e+00 
-2.272000e+00 
-2.343000e+00 
-2.411000e+00 
-2.477000e+00 
-2.540000e+00 
-2.600000e+00 
-2.658000e+00 
-2.713000e+00 
-2.765000e+00 
-2.816000e+00 
-2.864000e+00 
-2.911000e+00 
-2.955000e+00 
-2.998000e+00 
-3.040000e+00 
-3.080000e+00 
-3.119000e+00 
-3.158000e+00 
-3.195000e+00 
-3.231000e+00 
-3.266000e+00 
-3.299000e+00 
-3.332000e+00 
-3.364000e+00 
-3.394000e+00 
-3.423000e+00 
-3.450000e+00 
-3.476000e+00 
-3.501000e+00 
-3.524000e+00 
-3.547000e+00 
-3.568000e+00 
-3.588000e+00 
-3.607000e+00 
-3.625000e+00 
-3.641000e+00 
-3.656000e+00 
-3.669000e+00 
-3.681000e+00 
-3.691000e+00 
-3.698000e+00 
-3.703000e+00 
-3.705000e+00 
-3.705000e+00 
-3.702000e+00 
-3.697000e+00 
-3.688000e+00 
-3.675000e+00 
-3.660000e+00 
-3.640000e+00 
-3.617000e+00 
-3.589000e+00 
-3.556000e+00 
-3.517000e+00 
-3.474000e+00 
-3.425000e+00 
-3.371000e+00 
-3.312000e+00 
-3.248000e+00 
-3.178000e+00 
-3.105000e+00 
-3.027000e+00 
-2.946000e+00 
-2.861000e+00 
-2.773000e+00 
-2.681000e+00 
-2.587000e+00 
-2.491000e+00 
-2.393000e+00 
-2.293000e+00 
-2.192000e+00 
-2.090000e+00 
-1.987000e+00 
-1.884000e+00 
-1.781000e+00 
-1.677000e+00 
-1.573000e+00 
-1.469000e+00 
-1.365000e+00 
-1.261000e+00 
-1.158000e+00 
-1.055000e+00 
-9.520000e-01 
-8.500000e-01 
-7.480000e-01 
-6.470000e-01 
-5.480000e-01 
-4.490000e-01 
-3.520000e-01 
-2.560000e-01 
-1.610000e-01 
-6.900000e-02 
2.200000e-02 
1.110000e-01 
1.980000e-01 
2.840000e-01 
3.680000e-01 
4.500000e-01 
5.300000e-01 
6.100000e-01 
6.880000e-01 
7.660000e-01 
8.430000e-01 
9.190000e-01 
9.950000e-01 
1.071000e+00 
1.146000e+00 
1.221000e+00 
1.295000e+00 
1.369000e+00 
1.442000e+00 
1.514000e+00 
1.584000e+00 
1.653000e+00 
1.719000e+00 
1.784000e+00 
1.845000e+00 
1.903000e+00 
1.958000e+00 
2.009000e+00 
2.055000e+00 
2.097000e+00 
2.135000e+00 
2.167000e+00 
2.194000e+00 
2.216000e+00 
2.233000e+00 
2.244000e+00 
2.250000e+00 
2.251000e+00 
2.247000e+00 
2.238000e+00 
2.225000e+00 
2.207000e+00 
2.184000e+00 
2.158000e+00 
2.127000e+00 
2.092000e+00 
2.054000e+00 
2.012000e+00 
1.967000e+00 
1.919000e+00 
1.867000e+00 
1.813000e+00 
1.756000e+00 
1.697000e+00 
1.636000e+00 
1.574000e+00 
1.510000e+00 
1.445000e+00 
1.378000e+00 
1.312000e+00 
1.244000e+00 
1.176000e+00 
1.108000e+00 
1.040000e+00 
9.710000e-01 
9.020000e-01 
8.330000e-01 
7.630000e-01 
6.920000e-01 
6.200000e-01 
5.480000e-01 
4.740000e-01 
3.990000e-01 
3.240000e-01 
2.470000e-01 
1.700000e-01 
9.200000e-02 
1.300000e-02 
-6.700000e-02 
-1.460000e-01 
-2.260000e-01 
-3.060000e-01 
-3.860000e-01 
-4.650000e-01 
-5.430000e-01 
-6.190000e-01 
-6.950000e-01 
-7.680000e-01 
-8.400000e-01 
-9.100000e-01 
-9.780000e-01 
-1.045000e+00 
-1.109000e+00 
-1.172000e+00 
-1.232000e+00 
-1.291000e+00 
-1.348000e+00 
-1.403000e+00 
-1.456000e+00 
-1.508000e+00 
-1.558000e+00 
-1.606000e+00 
-1.652000e+00 
-1.696000e+00 
-1.739000e+00 
-1.780000e+00 
-1.818000e+00 
-1.854000e+00 
-1.888000e+00 
-1.919000e+00 
-1.948000e+00 
-1.974000e+00 
-1.999000e+00 
-2.021000e+00 
-2.040000e+00 
-2.058000e+00 
-2.074000e+00 
-2.088000e+00 
-2.099000e+00 
-2.109000e+00 
-2.117000e+00 
-2.123000e+00 
-2.128000e+00 
-2.130000e+00 
-2.131000e+00 
-2.129000e+00 
-2.125000e+00 
-2.119000e+00 
-2.111000e+00 
-2.100000e+00 
-2.086000e+00 
-2.069000e+00 
-2.050000e+00 
-2.027000e+00 
-2.001000e+00 
-1.971000e+00 
-1.938000e+00 
-1.902000e+00 
-1.863000e+00 
-1.821000e+00 
-1.778000e+00 
-1.732000e+00 
-1.685000e+00 
-1.636000e+00 
-1.586000e+00 
-1.536000e+00 
-1.485000e+00 
-1.433000e+00 
-1.381000e+00 
-1.328000e+00 
-1.275000e+00 
-1.222000e+00 
-1.168000e+00 
-1.114000e+00 
-1.060000e+00 
-1.006000e+00 
-9.510000e-01 
-8.960000e-01 
-8.400000e-01 
-7.850000e-01 
-7.290000e-01 
-6.720000e-01 
-6.160000e-01 
-5.590000e-01 
-5.030000e-01 
-4.470000e-01 
-3.910000e-01 
-3.350000e-01 
-2.800000e-01 
-2.250000e-01 
-1.710000e-01 
-1.170000e-01 
-6.400000e-02 
-1.100000e-02 
4.200000e-02 
9.400000e-02 
1.470000e-01 
2.000000e-01 
2.540000e-01 
3.080000e-01 
3.630000e-01 
4.190000e-01 
4.750000e-01 
5.330000e-01 
5.900000e-01 
6.480000e-01 
7.060000e-01 
7.640000e-01 
8.220000e-01 
8.790000e-01 
9.350000e-01 
9.900000e-01 
1.043000e+00 
1.095000e+00 
1.144000e+00 
1.190000e+00 
1.234000e+00 
1.275000e+00 
1.312000e+00 
1.345000e+00 
1.375000e+00 
1.400000e+00 
1.420000e+00 
1.437000e+00 
1.449000e+00 
1.456000e+00 
1.459000e+00 
1.459000e+00 
1.455000e+00 
1.448000e+00 
1.437000e+00 
1.424000e+00 
1.408000e+00 
1.390000e+00 
1.370000e+00 
1.349000e+00 
1.326000e+00 
1.303000e+00 
1.278000e+00 
1.253000e+00 
1.229000e+00 
1.204000e+00 
1.179000e+00 
1.155000e+00 
1.132000e+00 
1.109000e+00 
1.088000e+00 
1.067000e+00 
1.047000e+00 
1.028000e+00 
1.009000e+00 
9.920000e-01 
9.750000e-01 
9.580000e-01 
9.420000e-01 
9.260000e-01 
9.110000e-01 
8.960000e-01 
8.810000e-01 
8.650000e-01 
8.500000e-01 
8.340000e-01 
8.170000e-01 
8.000000e-01 
7.820000e-01 
7.630000e-01 
7.430000e-01 
7.230000e-01 
7.020000e-01 
6.800000e-01 
6.580000e-01 
6.350000e-01 
6.110000e-01 
5.860000e-01 
5.610000e-01 
5.350000e-01 
5.090000e-01 
4.820000e-01 
4.550000e-01 
4.280000e-01 
4.010000e-01 
3.730000e-01 
3.470000e-01 
3.210000e-01 
2.950000e-01 
2.710000e-01 
2.490000e-01 
2.280000e-01 
2.090000e-01 
1.920000e-01 
1.780000e-01 
1.660000e-01 
1.580000e-01 
1.520000e-01 
1.500000e-01 
1.500000e-01 
1.530000e-01 
1.600000e-01 
1.690000e-01 
1.810000e-01 
1.950000e-01 
2.110000e-01 
2.290000e-01 
2.490000e-01 
2.690000e-01 
2.910000e-01 
3.120000e-01 
3.340000e-01 
3.550000e-01 
3.760000e-01 
3.950000e-01 
4.140000e-01 
4.310000e-01 
4.470000e-01 
4.620000e-01 
4.750000e-01 
4.860000e-01 
4.960000e-01 
5.050000e-01 
5.130000e-01 
5.200000e-01 
5.270000e-01 
5.320000e-01 
5.370000e-01 
5.410000e-01 
5.450000e-01 
5.490000e-01 
5.530000e-01 
5.560000e-01 
5.600000e-01 
5.630000e-01 
5.670000e-01 
5.720000e-01 
5.780000e-01 
5.840000e-01 
5.900000e-01 
5.980000e-01 
6.060000e-01 
6.150000e-01 
6.250000e-01 
6.350000e-01 
6.460000e-01 
6.560000e-01 
6.670000e-01 
6.780000e-01 
6.890000e-01 
6.990000e-01 
7.090000e-01 
7.190000e-01 
7.270000e-01 
7.340000e-01 
7.400000e-01 
7.450000e-01 
7.470000e-01 
7.470000e-01 
7.450000e-01 
7.400000e-01 
7.310000e-01 
7.200000e-01 
7.050000e-01 
6.850000e-01 
6.630000e-01 
6.360000e-01 
6.050000e-01 
5.700000e-01 
5.310000e-01 
4.880000e-01 
4.410000e-01 
3.910000e-01 
3.380000e-01 
2.820000e-01 
2.240000e-01 
1.640000e-01 
1.010000e-01 
3.700000e-02 
-2.800000e-02 
-9.500000e-02 
-1.620000e-01 
-2.310000e-01 
-3.000000e-01 
-3.690000e-01 
-4.390000e-01 
-5.090000e-01 
-5.780000e-01 
-6.480000e-01 
-7.180000e-01 
-7.880000e-01 
-8.570000e-01 
-9.270000e-01 
-9.960000e-01 
-1.065000e+00 
-1.133000e+00 
-1.202000e+00 
-1.269000e+00 
-1.337000e+00 
-1.404000e+00 
-1.471000e+00 
-1.538000e+00 
-1.604000e+00 
-1.671000e+00 
-1.737000e+00 
-1.803000e+00 
-1.869000e+00 
-1.935000e+00 
-2.001000e+00 
-2.067000e+00 
-2.132000e+00 
-2.197000e+00 
-2.261000e+00 
-2.325000e+00 
-2.388000e+00 
-2.449000e+00 
-2.510000e+00 
-2.569000e+00 
-2.627000e+00 
-2.683000e+00 
-2.737000e+00 
-2.789000e+00 
-2.838000e+00 
-2.885000e+00 
-2.929000e+00 
-2.970000e+00 
-3.009000e+00 
-3.043000e+00 
-3.075000e+00 
-3.102000e+00 
-3.126000e+00 
-3.147000e+00 
-3.163000e+00 
-3.175000e+00 
-3.183000e+00 
-3.187000e+00 
-3.187000e+00 
-3.183000e+00 
-3.175000e+00 
-3.163000e+00 
-3.147000e+00 
-3.128000e+00 
-3.105000e+00 
-3.079000e+00 
-3.050000e+00 
-3.019000e+00 
-2.985000e+00 
-2.950000e+00 
-2.912000e+00 
-2.874000e+00 
-2.834000e+00 
-2.793000e+00 
-2.751000e+00 
-2.710000e+00 
-2.667000e+00 
-2.624000e+00 
-2.581000e+00 
-2.538000e+00 
-2.494000e+00 
-2.449000e+00 
-2.405000e+00 
-2.359000e+00 
-2.313000e+00 
-2.267000e+00 
-2.220000e+00 
-2.172000e+00 
-2.123000e+00 
-2.073000e+00 
-2.022000e+00 
-1.969000e+00 
-1.916000e+00 
-1.860000e+00 
-1.804000e+00 
-1.745000e+00 
-1.685000e+00 
-1.623000e+00 
-1.560000e+00 
-1.495000e+00 
-1.428000e+00 
-1.359000e+00 
-1.288000e+00 
-1.214000e+00 
-1.139000e+00 
-1.062000e+00 
-9.820000e-01 
-9.000000e-01 
-8.160000e-01 
-7.290000e-01 
-6.410000e-01 
-5.500000e-01 
-4.580000e-01 
-3.640000e-01 
-2.690000e-01 
-1.730000e-01 
-7.500000e-02 
2.300000e-02 
1.220000e-01 
2.210000e-01 
3.210000e-01 
4.210000e-01 
5.220000e-01 
6.220000e-01 
7.220000e-01 
8.220000e-01 
9.200000e-01 
1.019000e+00 
1.116000e+00 
1.213000e+00 
1.308000e+00 
1.402000e+00 
1.495000e+00 
1.586000e+00 
1.675000e+00 
1.763000e+00 
1.849000e+00 
1.932000e+00 
2.014000e+00 
2.094000e+00 
2.171000e+00 
2.247000e+00 
2.320000e+00 
2.391000e+00 
2.461000e+00 
2.527000e+00 
2.592000e+00 
2.655000e+00 
2.716000e+00 
2.774000e+00 
2.830000e+00 
2.884000e+00 
2.935000e+00 
2.984000e+00 
3.031000e+00 
3.076000e+00 
3.118000e+00 
3.157000e+00 
3.195000e+00 
3.229000e+00 
3.262000e+00 
3.291000e+00 
3.318000e+00 
3.342000e+00 
3.362000e+00 
3.380000e+00 
3.395000e+00 
3.407000e+00 
3.415000e+00 
3.421000e+00 
3.423000e+00 
3.421000e+00 
3.417000e+00 
3.409000e+00 
3.397000e+00 
3.382000e+00 
3.365000e+00 
3.343000e+00 
3.319000e+00 
3.292000e+00 
3.262000e+00 
3.230000e+00 
3.195000e+00 
3.157000e+00 
3.118000e+00 
3.076000e+00 
3.032000e+00 
2.986000e+00 
2.938000e+00 
2.889000e+00 
2.838000e+00 
2.786000e+00 
2.732000e+00 
2.678000e+00 
2.622000e+00 
2.566000e+00 
2.509000e+00 
2.451000e+00 
2.393000e+00 
2.335000e+00 
2.276000e+00 
2.217000e+00 
2.158000e+00 
2.099000e+00 
2.040000e+00 
1.981000e+00 
1.922000e+00 
1.863000e+00 
1.804000e+00 
1.745000e+00 
1.685000e+00 
1.626000e+00 
1.566000e+00 
1.507000e+00 
1.447000e+00 
1.387000e+00 
1.327000e+00 
1.267000e+00 
1.208000e+00 
1.148000e+00 
1.089000e+00 
1.030000e+00 
9.710000e-01 
9.130000e-01 
8.550000e-01 
7.990000e-01 
7.430000e-01 
6.880000e-01 
6.330000e-01 
5.800000e-01 
5.280000e-01 
4.770000e-01 
4.280000e-01 
3.800000e-01 
3.330000e-01 
2.880000e-01 
2.440000e-01 
2.030000e-01 
1.630000e-01 
1.250000e-01 
8.900000e-02 
5.500000e-02 
2.300000e-02 
-6.000000e-03 
-3.400000e-02 
-5.900000e-02 
-8.200000e-02 
-1.030000e-01 
-1.230000e-01 
-1.400000e-01 
-1.560000e-01 
-1.710000e-01 
-1.840000e-01 
-1.960000e-01 
-2.070000e-01 
-2.180000e-01 
-2.270000e-01 
-2.360000e-01 
-2.450000e-01 
-2.540000e-01 
-2.630000e-01 
-2.710000e-01 
-2.800000e-01 
-2.880000e-01 
-2.960000e-01 
-3.050000e-01 
-3.130000e-01 
-3.210000e-01 
-3.290000e-01 
-3.370000e-01 
-3.450000e-01 
-3.520000e-01 
-3.590000e-01 
-3.660000e-01 
-3.720000e-01 
-3.790000e-01 
-3.840000e-01 
-3.900000e-01 
-3.940000e-01 
-3.990000e-01 
-4.030000e-01 
-4.060000e-01 
-4.090000e-01 
-4.110000e-01 
-4.130000e-01 
-4.130000e-01 
-4.130000e-01 
-4.120000e-01 
-4.100000e-01 
-4.060000e-01 
-4.020000e-01 
-3.960000e-01 
-3.900000e-01 
-3.820000e-01 
-3.730000e-01 
-3.630000e-01 
-3.520000e-01 
-3.400000e-01 
-3.270000e-01 
-3.130000e-01 
-2.990000e-01 
-2.830000e-01 
-2.680000e-01 
-2.510000e-01 
-2.350000e-01 
-2.180000e-01 
-2.020000e-01 
-1.850000e-01 
-1.690000e-01 
-1.540000e-01 
-1.390000e-01 
-1.250000e-01 
-1.120000e-01 
-1.000000e-01 
-8.900000e-02 
-7.900000e-02 
-7.100000e-02 
-6.300000e-02 
-5.700000e-02 
-5.200000e-02 
-4.800000e-02 
-4.500000e-02 
-4.400000e-02 
-4.300000e-02 
-4.300000e-02 
-4.300000e-02 
-4.500000e-02 
-4.600000e-02 
-4.800000e-02 
-5.000000e-02 
-5.200000e-02 
-5.300000e-02 
-5.500000e-02 
-5.600000e-02 
-5.600000e-02 
-5.600000e-02 
-5.500000e-02 
-5.300000e-02 
-5.100000e-02 
-4.800000e-02 
-4.400000e-02 
-3.900000e-02 
-3.400000e-02 
-2.800000e-02 
-2.100000e-02 
-1.400000e-02 
-6.000000e-03 
2.000000e-03 
1.000000e-02 
1.800000e-02 
2.700000e-02 
3.500000e-02 
4.400000e-02 
5.200000e-02 
6.000000e-02 
6.800000e-02 
7.500000e-02 
8.200000e-02 
8.800000e-02 
9.300000e-02 
9.800000e-02 
1.030000e-01 
1.070000e-01 
1.100000e-01 
1.130000e-01 
1.160000e-01 
1.180000e-01 
1.200000e-01 
1.220000e-01 
1.230000e-01 
1.250000e-01 
1.260000e-01 
1.280000e-01 
1.300000e-01 
1.310000e-01 
1.330000e-01 
1.350000e-01 
1.380000e-01 
1.410000e-01 
1.450000e-01 
1.490000e-01 
1.550000e-01 
1.610000e-01 
1.680000e-01 
1.770000e-01 
1.860000e-01 
1.970000e-01 
2.080000e-01 
2.210000e-01 
2.340000e-01 
2.480000e-01 
2.630000e-01 
2.790000e-01 
2.950000e-01 
3.120000e-01 
3.290000e-01 
3.460000e-01 
3.630000e-01 
3.800000e-01 
3.970000e-01 
4.130000e-01 
4.300000e-01 
4.460000e-01 
4.620000e-01 
4.770000e-01 
4.920000e-01 
5.070000e-01 
5.210000e-01 
5.350000e-01 
5.480000e-01 
5.620000e-01 
5.750000e-01 
5.880000e-01 
6.020000e-01 
6.150000e-01 
6.290000e-01 
6.430000e-01 
6.570000e-01 
6.720000e-01 
6.870000e-01 
7.020000e-01 
7.170000e-01 
7.330000e-01 
7.480000e-01 
7.640000e-01 
7.800000e-01 
7.960000e-01 
8.120000e-01 
8.280000e-01 
8.430000e-01 
8.580000e-01 
8.720000e-01 
8.860000e-01 
9.000000e-01 
9.120000e-01 
9.230000e-01 
9.330000e-01 
9.420000e-01 
9.500000e-01 
9.550000e-01 
9.590000e-01 
9.610000e-01 
9.610000e-01 
9.580000e-01 
9.530000e-01 
9.460000e-01 
9.360000e-01 
9.240000e-01 
9.090000e-01 
8.930000e-01 
8.740000e-01 
8.530000e-01 
8.300000e-01 
8.050000e-01 
7.790000e-01 
7.510000e-01 
7.220000e-01 
6.920000e-01 
6.600000e-01 
6.280000e-01 
5.960000e-01 
5.620000e-01 
5.290000e-01 
4.940000e-01 
4.600000e-01 
4.240000e-01 
3.890000e-01 
3.530000e-01 
3.170000e-01 
2.790000e-01 
2.420000e-01 
2.030000e-01 
1.630000e-01 
1.220000e-01 
8.000000e-02 
3.700000e-02 
-7.000000e-03 
-5.200000e-02 
-9.800000e-02 
-1.460000e-01 
-1.940000e-01 
-2.430000e-01 
-2.920000e-01 
-3.430000e-01 
-3.940000e-01 
-4.460000e-01 
-4.990000e-01 
-5.520000e-01 
-6.050000e-01 
-6.590000e-01 
-7.130000e-01 
-7.680000e-01 
-8.220000e-01 
-8.770000e-01 
-9.320000e-01 
-9.870000e-01 
-1.042000e+00 
-1.096000e+00 
-1.150000e+00 
-1.204000e+00 
-1.257000e+00 
-1.309000e+00 
-1.360000e+00 
-1.410000e+00 
-1.459000e+00 
-1.507000e+00 
-1.553000e+00 
-1.599000e+00 
-1.643000e+00 
-1.687000e+00 
-1.729000e+00 
-1.771000e+00 
-1.811000e+00 
-1.850000e+00 
-1.888000e+00 
-1.926000e+00 
-1.962000e+00 
-1.998000e+00 
-2.033000e+00 
-2.067000e+00 
-2.101000e+00 
-2.133000e+00 
-2.165000e+00 
-2.196000e+00 
-2.225000e+00 
-2.254000e+00 
-2.281000e+00 
-2.307000e+00 
-2.332000e+00 
-2.355000e+00 
-2.378000e+00 
-2.399000e+00 
-2.418000e+00 
-2.437000e+00 
-2.455000e+00 
-2.471000e+00 
-2.487000e+00 
-2.501000e+00 
-2.514000e+00 
-2.527000e+00 
-2.538000e+00 
-2.549000e+00 
-2.558000e+00 
-2.567000e+00 
-2.574000e+00 
-2.580000e+00 
-2.586000e+00 
-2.589000e+00 
-2.592000e+00 
-2.593000e+00 
-2.592000e+00 
-2.590000e+00 
-2.586000e+00 
-2.581000e+00 
-2.573000e+00 
-2.564000e+00 
-2.552000e+00 
-2.539000e+00 
-2.524000e+00 
-2.507000e+00 
-2.489000e+00 
-2.469000e+00 
-2.448000e+00 
-2.425000e+00 
-2.401000e+00 
-2.377000e+00 
-2.351000e+00 
-2.324000e+00 
-2.296000e+00 
-2.268000e+00 
-2.239000e+00 
-2.209000e+00 
-2.178000e+00 
-2.146000e+00 
-2.113000e+00 
-2.079000e+00 
-2.044000e+00 
-2.008000e+00 
-1.970000e+00 
-1.932000e+00 
-1.892000e+00 
-1.852000e+00 
-1.810000e+00 
-1.766000e+00 
-1.722000e+00 
-1.676000e+00 
-1.629000e+00 
-1.580000e+00 
-1.530000e+00 
-1.478000e+00 
-1.425000e+00 
-1.370000e+00 
-1.314000e+00 
-1.256000e+00 
-1.197000e+00 
-1.137000e+00 
-1.076000e+00 
-1.013000e+00 
-9.500000e-01 
-8.860000e-01 
-8.220000e-01 
-7.560000e-01 
-6.910000e-01 
-6.250000e-01 
-5.590000e-01 
-4.930000e-01 
-4.280000e-01 
-3.630000e-01 
-2.980000e-01 
-2.340000e-01 
-1.710000e-01 
-1.090000e-01 
-4.700000e-02 
1.300000e-02 
7.200000e-02 
1.290000e-01 
1.860000e-01 
2.410000e-01 
2.960000e-01 
3.490000e-01 
4.010000e-01 
4.510000e-01 
5.010000e-01 
5.490000e-01 
5.960000e-01 
6.420000e-01 
6.870000e-01 
7.310000e-01 
7.730000e-01 
8.140000e-01 
8.540000e-01 
8.930000e-01 
9.300000e-01 
9.670000e-01 
1.002000e+00 
1.037000e+00 
1.070000e+00 
1.103000e+00 
1.135000e+00 
1.166000e+00 
1.196000e+00 
1.225000e+00 
1.254000e+00 
1.281000e+00 
1.308000e+00 
1.334000e+00 
1.359000e+00 
1.382000e+00 
1.405000e+00 
1.427000e+00 
1.447000e+00 
1.467000e+00 
1.485000e+00 
1.501000e+00 
1.517000e+00 
1.530000e+00 
1.542000e+00 
1.552000e+00 
1.561000e+00 
1.567000e+00 
1.572000e+00 
1.576000e+00 
1.577000e+00 
1.577000e+00 
1.575000e+00 
1.572000e+00 
1.567000e+00 
1.561000e+00 
1.554000e+00 
1.546000e+00 
1.537000e+00 
1.528000e+00 
1.518000e+00 
1.508000e+00 
1.497000e+00 
1.487000e+00 
1.477000e+00 
1.467000e+00 
1.457000e+00 
1.449000e+00 
1.440000e+00 
1.432000e+00 
1.425000e+00 
1.419000e+00 
1.413000e+00 
1.408000e+00 
1.404000e+00 
1.400000e+00 
1.396000e+00 
1.393000e+00 
1.390000e+00 
1.388000e+00 
1.385000e+00 
1.382000e+00 
1.379000e+00 
1.376000e+00 
1.372000e+00 
1.368000e+00 
1.363000e+00 
1.358000e+00 
1.353000e+00 
1.347000e+00 
1.339000e+00 
1.332000e+00 
1.323000e+00 
1.314000e+00 
1.304000e+00 
1.293000e+00 
1.282000e+00 
1.270000e+00 
1.257000e+00 
1.244000e+00 
1.231000e+00 
1.217000e+00 
1.203000e+00 
1.189000e+00 
1.175000e+00 
1.161000e+00 
1.148000e+00 
1.135000e+00 
1.123000e+00 
1.111000e+00 
1.100000e+00 
1.090000e+00 
1.081000e+00 
1.072000e+00 
1.065000e+00 
1.059000e+00 
1.053000e+00 
1.048000e+00 
1.044000e+00 
1.040000e+00 
1.036000e+00 
1.033000e+00 
1.031000e+00 
1.028000e+00 
1.025000e+00 
1.023000e+00 
1.020000e+00 
1.017000e+00 
1.014000e+00 
1.010000e+00 
1.006000e+00 
1.002000e+00 
9.970000e-01 
9.920000e-01 
9.860000e-01 
9.790000e-01 
9.720000e-01 
9.640000e-01 
9.560000e-01 
9.460000e-01 
9.360000e-01 
9.250000e-01 
9.130000e-01 
9.000000e-01 
8.870000e-01 
8.730000e-01 
8.580000e-01 
8.430000e-01 
8.260000e-01 
8.100000e-01 
7.930000e-01 
7.750000e-01 
7.570000e-01 
7.390000e-01 
7.200000e-01 
7.020000e-01 
6.830000e-01 
6.640000e-01 
6.450000e-01 
6.270000e-01 
6.080000e-01 
5.900000e-01 
5.710000e-01 
5.530000e-01 
5.350000e-01 
5.170000e-01 
4.990000e-01 
4.820000e-01 
4.640000e-01 
4.470000e-01 
4.290000e-01 
4.120000e-01 
3.940000e-01 
3.760000e-01 
3.580000e-01 
3.400000e-01 
3.220000e-01 
3.030000e-01 
2.840000e-01 
2.640000e-01 
2.440000e-01 
2.230000e-01 
2.010000e-01 
1.790000e-01 
1.550000e-01 
1.310000e-01 
1.070000e-01 
8.100000e-02 
5.500000e-02 
2.800000e-02 
0 
-2.800000e-02 
-5.700000e-02 
-8.600000e-02 
-1.170000e-01 
-1.480000e-01 
-1.790000e-01 
-2.110000e-01 
-2.430000e-01 
-2.760000e-01 
-3.090000e-01 
-3.420000e-01 
-3.740000e-01 
-4.070000e-01 
-4.390000e-01 
-4.700000e-01 
-5.010000e-01 
-5.310000e-01 
-5.610000e-01 
-5.890000e-01 
-6.160000e-01 
-6.420000e-01 
-6.670000e-01 
-6.910000e-01 
-7.130000e-01 
-7.350000e-01 
-7.550000e-01 
-7.740000e-01 
-7.930000e-01 
-8.100000e-01 
-8.270000e-01 
-8.430000e-01 
-8.580000e-01 
-8.720000e-01 
-8.860000e-01 
-9.000000e-01 
-9.130000e-01 
-9.260000e-01 
-9.390000e-01 
-9.510000e-01 
-9.620000e-01 
-9.740000e-01 
-9.850000e-01 
-9.950000e-01 
-1.005000e+00 
-1.015000e+00 
-1.024000e+00 
-1.033000e+00 
-1.041000e+00 
-1.048000e+00 
-1.056000e+00 
-1.062000e+00 
-1.068000e+00 
-1.073000e+00 
-1.078000e+00 
-1.082000e+00 
-1.086000e+00 
-1.089000e+00 
-1.091000e+00 
-1.092000e+00 
-1.092000e+00 
-1.091000e+00 
-1.089000e+00 
-1.086000e+00 
-1.080000e+00 
-1.074000e+00 
-1.065000e+00 
-1.055000e+00 
-1.043000e+00 
-1.029000e+00 
-1.013000e+00 
-9.950000e-01 
-9.760000e-01 
-9.550000e-01 
-9.330000e-01 
-9.100000e-01 
-8.860000e-01 
-8.620000e-01 
-8.370000e-01 
-8.120000e-01 
-7.860000e-01 
-7.610000e-01 
-7.360000e-01 
-7.110000e-01 
-6.870000e-01 
-6.630000e-01 
-6.400000e-01 
-6.170000e-01 
-5.940000e-01 
-5.720000e-01 
-5.500000e-01 
-5.290000e-01 
-5.080000e-01 
-4.880000e-01 
-4.680000e-01 
-4.490000e-01 
-4.310000e-01 
-4.130000e-01 
-3.960000e-01 
-3.800000e-01 
-3.640000e-01 
-3.500000e-01 
-3.360000e-01 
-3.220000e-01 
-3.090000e-01 
-2.970000e-01 
-2.860000e-01 
-2.750000e-01 
-2.650000e-01 
-2.550000e-01 
-2.450000e-01 
-2.360000e-01 
-2.270000e-01 
-2.190000e-01 
-2.110000e-01 
-2.020000e-01 
-1.950000e-01 
-1.870000e-01 
-1.800000e-01 
-1.740000e-01 
-1.680000e-01 
-1.630000e-01 
-1.590000e-01 
-1.570000e-01 
-1.560000e-01 
-1.570000e-01 
-1.600000e-01 
-1.650000e-01 
-1.720000e-01 
-1.820000e-01 
-1.940000e-01 
-2.080000e-01 
-2.260000e-01 
-2.450000e-01 
-2.660000e-01 
-2.900000e-01 
-3.160000e-01 
-3.430000e-01 
-3.720000e-01 
-4.030000e-01 
-4.340000e-01 
-4.670000e-01 
-5.010000e-01 
-5.360000e-01 
-5.710000e-01 
-6.070000e-01 
-6.430000e-01 
-6.800000e-01 
-7.170000e-01 
-7.550000e-01 
-7.930000e-01 
-8.310000e-01 
-8.700000e-01 
-9.080000e-01 
-9.470000e-01 
-9.860000e-01 
-1.026000e+00 
-1.065000e+00 
-1.105000e+00 
-1.144000e+00 
-1.184000e+00 
-1.223000e+00 
-1.263000e+00 
-1.302000e+00 
-1.342000e+00 
-1.381000e+00 
-1.420000e+00 
-1.460000e+00 
-1.499000e+00 
-1.538000e+00 
-1.578000e+00 
-1.618000e+00 
-1.658000e+00 
-1.698000e+00 
-1.738000e+00 
-1.778000e+00 
-1.819000e+00 
-1.860000e+00 
-1.901000e+00 
-1.941000e+00 
-1.982000e+00 
-2.022000e+00 
-2.061000e+00 
-2.099000e+00 
-2.137000e+00 
-2.174000e+00 
-2.210000e+00 
-2.244000e+00 
-2.277000e+00 
-2.309000e+00 
-2.339000e+00 
-2.368000e+00 
-2.396000e+00 
-2.422000e+00 
-2.446000e+00 
-2.468000e+00 
-2.489000e+00 
-2.508000e+00 
-2.524000e+00 
-2.539000e+00 
-2.553000e+00 
-2.564000e+00 
-2.573000e+00 
-2.580000e+00 
-2.585000e+00 
-2.588000e+00 
-2.589000e+00 
-2.588000e+00 
-2.585000e+00 
-2.579000e+00 
-2.572000e+00 
-2.563000e+00 
-2.553000e+00 
-2.540000e+00 
-2.526000e+00 
-2.510000e+00 
-2.492000e+00 
-2.473000e+00 
-2.451000e+00 
-2.428000e+00 
-2.404000e+00 
-2.377000e+00 
-2.349000e+00 
-2.319000e+00 
-2.287000e+00 
-2.253000e+00 
-2.217000e+00 
-2.180000e+00 
-2.141000e+00 
-2.101000e+00 
-2.058000e+00 
-2.014000e+00 
-1.969000e+00 
-1.922000e+00 
-1.874000e+00 
-1.825000e+00 
-1.774000e+00 
-1.722000e+00 
-1.669000e+00 
-1.615000e+00 
-1.559000e+00 
-1.502000e+00 
-1.444000e+00 
-1.384000e+00 
-1.324000e+00 
-1.262000e+00 
-1.198000e+00 
-1.134000e+00 
-1.068000e+00 
-1.001000e+00 
-9.330000e-01 
-8.630000e-01 
-7.930000e-01 
-7.220000e-01 
-6.490000e-01 
-5.760000e-01 
-5.020000e-01 
-4.280000e-01 
-3.530000e-01 
-2.770000e-01 
-2.000000e-01 
-1.230000e-01 
-4.600000e-02 
3.200000e-02 
1.100000e-01 
1.890000e-01 
2.680000e-01 
3.470000e-01 
4.250000e-01 
5.040000e-01 
5.830000e-01 
6.620000e-01 
7.410000e-01 
8.190000e-01 
8.980000e-01 
9.760000e-01 
1.054000e+00 
1.131000e+00 
1.208000e+00 
1.285000e+00 
1.360000e+00 
1.436000e+00 
1.510000e+00 
1.584000e+00 
1.656000e+00 
1.728000e+00 
1.798000e+00 
1.868000e+00 
1.936000e+00 
2.004000e+00 
2.070000e+00 
2.135000e+00 
2.200000e+00 
2.263000e+00 
2.325000e+00 
2.386000e+00 
2.446000e+00 
2.505000e+00 
2.562000e+00 
2.619000e+00 
2.675000e+00 
2.730000e+00 
2.783000e+00 
2.836000e+00 
2.888000e+00 
2.938000e+00 
2.988000e+00 
3.037000e+00 
3.085000e+00 
3.132000e+00 
3.178000e+00 
3.222000e+00 
3.266000e+00 
3.309000e+00 
3.350000e+00 
3.390000e+00 
3.429000e+00 
3.466000e+00 
3.502000e+00 
3.537000e+00 
3.570000e+00 
3.603000e+00 
3.634000e+00 
3.663000e+00 
3.691000e+00 
3.718000e+00 
3.744000e+00 
3.768000e+00 
3.791000e+00 
3.812000e+00 
3.832000e+00 
3.850000e+00 
3.867000e+00 
3.882000e+00 
3.896000e+00 
3.909000e+00 
3.920000e+00 
3.929000e+00 
3.937000e+00 
3.944000e+00 
3.948000e+00 
3.952000e+00 
3.954000e+00 
3.954000e+00 
3.954000e+00 
3.951000e+00 
3.948000e+00 
3.943000e+00 
3.936000e+00 
3.929000e+00 
3.920000e+00 
3.910000e+00 
3.899000e+00 
3.886000e+00 
3.873000e+00 
3.859000e+00 
3.844000e+00 
3.828000e+00 
3.811000e+00 
3.793000e+00 
3.775000e+00 
3.755000e+00 
3.735000e+00 
3.713000e+00 
3.691000e+00 
3.667000e+00 
3.643000e+00 
3.617000e+00 
3.590000e+00 
3.563000e+00 
3.534000e+00 
3.504000e+00 
3.473000e+00 
3.441000e+00 
3.409000e+00 
3.375000e+00 
3.341000e+00 
3.306000e+00 
3.270000e+00 
3.233000e+00 
3.195000e+00 
3.157000e+00 
3.118000e+00 
3.079000e+00 
3.039000e+00 
2.998000e+00 
2.956000e+00 
2.914000e+00 
2.871000e+00 
2.827000e+00 
2.783000e+00 
2.738000e+00 
2.693000e+00 
2.647000e+00 
2.601000e+00 
2.554000e+00 
2.507000e+00 
2.459000e+00 
2.411000e+00 
2.363000e+00 
2.314000e+00 
2.266000e+00 
2.216000e+00 
2.167000e+00 
2.118000e+00 
2.068000e+00 
2.018000e+00 
1.968000e+00 
1.918000e+00 
1.867000e+00 
1.817000e+00 
1.767000e+00 
1.717000e+00 
1.667000e+00 
1.618000e+00 
1.569000e+00 
1.520000e+00 
1.473000e+00 
1.426000e+00 
1.379000e+00 
1.334000e+00 
1.289000e+00 
1.246000e+00 
1.203000e+00 
1.161000e+00 
1.120000e+00 
1.080000e+00 
1.041000e+00 
1.002000e+00 
9.650000e-01 
9.270000e-01 
8.910000e-01 
8.540000e-01 
8.190000e-01 
7.830000e-01 
7.480000e-01 
7.130000e-01 
6.780000e-01 
6.430000e-01 
6.080000e-01 
5.730000e-01 
5.380000e-01 
5.020000e-01 
4.670000e-01 
4.310000e-01 
3.950000e-01 
3.590000e-01 
3.220000e-01 
2.850000e-01 
2.480000e-01 
2.110000e-01 
1.730000e-01 
1.350000e-01 
9.800000e-02 
6.000000e-02 
2.300000e-02 
-1.400000e-02 
-5.100000e-02 
-8.700000e-02 
-1.220000e-01 
-1.560000e-01 
-1.890000e-01 
-2.210000e-01 
-2.510000e-01 
-2.790000e-01 
-3.060000e-01 
-3.300000e-01 
-3.530000e-01 
-3.730000e-01 
-3.920000e-01 
-4.090000e-01 
-4.240000e-01 
-4.370000e-01 
-4.490000e-01 
-4.590000e-01 
-4.680000e-01 
-4.770000e-01 
-4.840000e-01 
-4.910000e-01 
-4.980000e-01 
-5.040000e-01 
-5.100000e-01 
-5.160000e-01 
-5.230000e-01 
-5.290000e-01 
-5.360000e-01 
-5.430000e-01 
-5.510000e-01 
-5.590000e-01 
-5.670000e-01 
-5.760000e-01 
-5.850000e-01 
-5.950000e-01 
-6.050000e-01 
-6.150000e-01 
-6.260000e-01 
-6.370000e-01 
-6.480000e-01 
-6.600000e-01 
-6.720000e-01 
-6.840000e-01 
-6.970000e-01 
-7.090000e-01 
-7.220000e-01 
-7.340000e-01 
-7.460000e-01 
-7.580000e-01 
-7.700000e-01 
-7.820000e-01 
-7.930000e-01 
-8.040000e-01 
-8.140000e-01 
-8.250000e-01 
-8.360000e-01 
-8.460000e-01 
-8.570000e-01 
-8.680000e-01 
-8.800000e-01 
-8.920000e-01 
-9.050000e-01 
-9.180000e-01 
-9.320000e-01 
-9.470000e-01 
-9.630000e-01 
-9.800000e-01 
-9.980000e-01 
-1.017000e+00 
-1.037000e+00 
-1.059000e+00 
-1.081000e+00 
-1.104000e+00 
-1.128000e+00 
-1.153000e+00 
-1.179000e+00 
-1.206000e+00 
-1.233000e+00 
-1.261000e+00 
-1.290000e+00 
-1.319000e+00 
-1.349000e+00 
-1.380000e+00 
-1.411000e+00 
-1.442000e+00 
-1.474000e+00 
-1.505000e+00 
-1.536000e+00 
-1.567000e+00 
-1.598000e+00 
-1.628000e+00 
-1.658000e+00 
-1.688000e+00 
-1.718000e+00 
-1.748000e+00 
-1.777000e+00 
-1.806000e+00 
-1.834000e+00 
-1.863000e+00 
-1.892000e+00 
-1.921000e+00 
-1.951000e+00 
-1.982000e+00 
-2.013000e+00 
-2.045000e+00 
-2.078000e+00 
-2.113000e+00 
-2.148000e+00 
-2.185000e+00 
-2.223000e+00 
-2.263000e+00 
-2.303000e+00 
-2.345000e+00 
-2.388000e+00 
-2.431000e+00 
-2.475000e+00 
-2.519000e+00 
-2.564000e+00 
-2.609000e+00 
-2.655000e+00 
-2.700000e+00 
-2.745000e+00 
-2.791000e+00 
-2.836000e+00 
-2.880000e+00 
-2.925000e+00 
-2.968000e+00 
-3.012000e+00 
-3.054000e+00 
-3.095000e+00 
-3.135000e+00 
-3.174000e+00 
-3.212000e+00 
-3.248000e+00 
-3.282000e+00 
-3.314000e+00 
-3.345000e+00 
-3.374000e+00 
-3.401000e+00 
-3.425000e+00 
-3.448000e+00 
-3.470000e+00 
-3.489000e+00 
-3.506000e+00 
-3.522000e+00 
-3.537000e+00 
-3.549000e+00 
-3.561000e+00 
-3.572000e+00 
-3.581000e+00 
-3.589000e+00 
-3.596000e+00 
-3.602000e+00 
-3.608000e+00 
-3.612000e+00 
-3.615000e+00 
-3.618000e+00 
-3.620000e+00 
-3.620000e+00 
-3.620000e+00 
-3.618000e+00 
-3.616000e+00 
-3.612000e+00 
-3.606000e+00 
-3.600000e+00 
-3.592000e+00 
-3.582000e+00 
-3.571000e+00 
-3.559000e+00 
-3.545000e+00 
-3.530000e+00 
-3.514000e+00 
-3.496000e+00 
-3.477000e+00 
-3.457000e+00 
-3.435000e+00 
-3.411000e+00 
-3.385000e+00 
-3.358000e+00 
-3.329000e+00 
-3.297000e+00 
-3.264000e+00 
-3.229000e+00 
-3.192000e+00 
-3.154000e+00 
-3.114000e+00 
-3.073000e+00 
-3.031000e+00 
-2.988000e+00 
-2.944000e+00 
-2.899000e+00 
-2.853000e+00 
-2.807000e+00 
-2.760000e+00 
-2.713000e+00 
-2.665000e+00 
-2.617000e+00 
-2.568000e+00 
-2.518000e+00 
-2.468000e+00 
-2.416000e+00 
-2.363000e+00 
-2.310000e+00 
-2.255000e+00 
-2.199000e+00 
-2.142000e+00 
-2.085000e+00 
-2.026000e+00 
-1.967000e+00 
-1.907000e+00 
-1.845000e+00 
-1.783000e+00 
-1.720000e+00 
-1.657000e+00 
-1.593000e+00 
-1.528000e+00 
-1.463000e+00 
-1.398000e+00 
-1.332000e+00 
-1.266000e+00 
-1.200000e+00 
-1.134000e+00 
-1.067000e+00 
-1.001000e+00 
-9.360000e-01 
-8.700000e-01 
-8.050000e-01 
-7.400000e-01 
-6.760000e-01 
-6.130000e-01 
-5.500000e-01 
-4.880000e-01 
-4.270000e-01 
-3.670000e-01 
-3.090000e-01 
-2.530000e-01 
-1.980000e-01 
-1.450000e-01 
-9.300000e-02 
-4.300000e-02 
5.000000e-03 
5.200000e-02 
9.700000e-02 
1.420000e-01 
1.850000e-01 
2.280000e-01 
2.690000e-01 
3.100000e-01 
3.500000e-01 
3.890000e-01 
4.270000e-01 
4.640000e-01 
5.000000e-01 
5.360000e-01 
5.700000e-01 
6.040000e-01 
6.360000e-01 
6.680000e-01 
6.980000e-01 
7.280000e-01 
7.560000e-01 
7.830000e-01 
8.090000e-01 
8.340000e-01 
8.580000e-01 
8.800000e-01 
9.010000e-01 
9.200000e-01 
9.380000e-01 
9.540000e-01 
9.680000e-01 
9.810000e-01 
9.920000e-01 
1.001000e+00 
1.008000e+00 
1.013000e+00 
1.016000e+00 
1.017000e+00 
1.016000e+00 
1.013000e+00 
1.008000e+00 
1.002000e+00 
9.940000e-01 
9.850000e-01 
9.740000e-01 
9.610000e-01 
9.470000e-01 
9.320000e-01 
9.160000e-01 
8.990000e-01 
8.800000e-01 
8.610000e-01 
8.410000e-01 
8.210000e-01 
7.990000e-01 
7.780000e-01 
7.550000e-01 
7.330000e-01 
7.100000e-01 
6.870000e-01 
6.630000e-01 
6.400000e-01 
6.160000e-01 
5.920000e-01 
5.690000e-01 
5.450000e-01 
5.210000e-01 
4.970000e-01 
4.730000e-01 
4.490000e-01 
4.250000e-01 
4.010000e-01 
3.770000e-01 
3.530000e-01 
3.300000e-01 
3.070000e-01 
2.850000e-01 
2.630000e-01 
2.420000e-01 
2.220000e-01 
2.030000e-01 
1.840000e-01 
1.670000e-01 
1.500000e-01 
1.350000e-01 
1.210000e-01 
1.080000e-01 
9.600000e-02 
8.500000e-02 
7.600000e-02 
6.700000e-02 
6.000000e-02 
5.300000e-02 
4.800000e-02 
4.300000e-02 
3.900000e-02 
3.600000e-02 
3.400000e-02 
3.300000e-02 
3.200000e-02 
3.200000e-02 
3.400000e-02 
3.600000e-02 
3.900000e-02 
4.400000e-02 
4.900000e-02 
5.600000e-02 
6.500000e-02 
7.500000e-02 
8.600000e-02 
9.800000e-02 
1.120000e-01 
1.260000e-01 
1.420000e-01 
1.590000e-01 
1.770000e-01 
1.960000e-01 
2.150000e-01 
2.360000e-01 
2.580000e-01 
2.810000e-01 
3.050000e-01 
3.300000e-01 
3.570000e-01 
3.860000e-01 
4.160000e-01 
4.470000e-01 
4.810000e-01 
5.160000e-01 
5.540000e-01 
5.920000e-01 
6.330000e-01 
6.750000e-01 
7.180000e-01 
7.620000e-01 
8.070000e-01 
8.530000e-01 
8.990000e-01 
9.450000e-01 
9.920000e-01 
1.038000e+00 
1.085000e+00 
1.131000e+00 
1.178000e+00 
1.224000e+00 
1.270000e+00 
1.315000e+00 
1.361000e+00 
1.406000e+00 
1.451000e+00 
1.496000e+00 
1.541000e+00 
1.586000e+00 
1.630000e+00 
1.674000e+00 
1.718000e+00 
1.761000e+00 
1.803000e+00 
1.845000e+00 
1.886000e+00 
1.926000e+00 
1.965000e+00 
2.003000e+00 
2.040000e+00 
2.075000e+00 
2.110000e+00 
2.143000e+00 
2.175000e+00 
2.207000e+00 
2.237000e+00 
2.267000e+00 
2.297000e+00 
2.326000e+00 
2.354000e+00 
2.382000e+00 
2.410000e+00 
2.437000e+00 
2.464000e+00 
2.490000e+00 
2.516000e+00 
2.542000e+00 
2.567000e+00 
2.591000e+00 
2.614000e+00 
2.637000e+00 
2.659000e+00 
2.680000e+00 
2.699000e+00 
2.718000e+00 
2.735000e+00 
2.751000e+00 
2.765000e+00 
2.777000e+00 
2.788000e+00 
2.798000e+00 
2.805000e+00 
2.812000e+00 
2.816000e+00 
2.820000e+00 
2.822000e+00 
2.822000e+00 
2.821000e+00 
2.818000e+00 
2.813000e+00 
2.806000e+00 
2.798000e+00 
2.788000e+00 
2.776000e+00 
2.763000e+00 
2.748000e+00 
2.731000e+00 
2.713000e+00 
2.694000e+00 
2.673000e+00 
2.651000e+00 
2.628000e+00 
2.604000e+00 
2.579000e+00 
2.554000e+00 
2.527000e+00 
2.500000e+00 
2.472000e+00 
2.444000e+00 
2.415000e+00 
2.386000e+00 
2.356000e+00 
2.326000e+00 
2.296000e+00 
2.265000e+00 
2.234000e+00 
2.203000e+00 
2.172000e+00 
2.140000e+00 
2.109000e+00 
2.078000e+00 
2.047000e+00 
2.015000e+00 
1.984000e+00 
1.952000e+00 
1.920000e+00 
1.887000e+00 
1.855000e+00 
1.822000e+00 
1.789000e+00 
1.757000e+00 
1.725000e+00 
1.694000e+00 
1.662000e+00 
1.631000e+00 
1.599000e+00 
1.568000e+00 
1.536000e+00 
1.503000e+00 
1.470000e+00 
1.437000e+00 
1.403000e+00 
1.369000e+00 
1.335000e+00 
1.301000e+00 
1.267000e+00 
1.233000e+00 
1.199000e+00 
1.165000e+00 
1.130000e+00 
1.096000e+00 
1.062000e+00 
1.028000e+00 
9.950000e-01 
9.610000e-01 
9.290000e-01 
8.970000e-01 
8.660000e-01 
8.350000e-01 
8.060000e-01 
7.780000e-01 
7.510000e-01 
7.250000e-01 
7.010000e-01 
6.780000e-01 
6.560000e-01 
6.360000e-01 
6.170000e-01 
5.990000e-01 
5.810000e-01 
5.650000e-01 
5.500000e-01 
5.350000e-01 
5.200000e-01 
5.060000e-01 
4.930000e-01 
4.790000e-01 
4.650000e-01 
4.520000e-01 
4.390000e-01 
4.250000e-01 
4.120000e-01 
3.980000e-01 
3.840000e-01 
3.700000e-01 
3.560000e-01 
3.410000e-01 
3.260000e-01 
3.110000e-01 
2.950000e-01 
2.800000e-01 
2.640000e-01 
2.480000e-01 
2.330000e-01 
2.170000e-01 
2.010000e-01 
1.840000e-01 
1.690000e-01 
1.530000e-01 
1.370000e-01 
1.220000e-01 
1.060000e-01 
9.100000e-02 
7.500000e-02 
6.000000e-02 
4.500000e-02 
3.000000e-02 
1.500000e-02 
0 
-1.500000e-02 
-3.000000e-02 
-4.400000e-02 
-5.900000e-02 
-7.300000e-02 
-8.800000e-02 
-1.040000e-01 
-1.190000e-01 
-1.350000e-01 
-1.520000e-01 
-1.690000e-01 
-1.860000e-01 
-2.050000e-01 
-2.230000e-01 
-2.430000e-01 
-2.630000e-01 
-2.840000e-01 
-3.060000e-01 
-3.290000e-01 
-3.530000e-01 
-3.780000e-01 
-4.040000e-01 
-4.310000e-01 
-4.580000e-01 
-4.860000e-01 
-5.150000e-01 
-5.440000e-01 
-5.730000e-01 
-6.030000e-01 
-6.330000e-01 
-6.630000e-01 
-6.930000e-01 
-7.240000e-01 
-7.540000e-01 
-7.840000e-01 
-8.150000e-01 
-8.450000e-01 
-8.750000e-01 
-9.050000e-01 
-9.350000e-01 
-9.650000e-01 
-9.930000e-01 
-1.022000e+00 
-1.050000e+00 
-1.078000e+00 
-1.105000e+00 
-1.132000e+00 
-1.159000e+00 
-1.185000e+00 
-1.211000e+00 
-1.236000e+00 
-1.261000e+00 
-1.285000e+00 
-1.308000e+00 
-1.331000e+00 
-1.352000e+00 
-1.373000e+00 
-1.393000e+00 
-1.411000e+00 
-1.429000e+00 
-1.446000e+00 
-1.461000e+00 
-1.476000e+00 
-1.489000e+00 
-1.501000e+00 
-1.511000e+00 
-1.521000e+00 
-1.529000e+00 
-1.536000e+00 
-1.541000e+00 
-1.546000e+00 
-1.549000e+00 
-1.552000e+00 
-1.553000e+00 
-1.554000e+00 
-1.553000e+00 
-1.552000e+00 
-1.550000e+00 
-1.547000e+00 
-1.544000e+00 
-1.540000e+00 
-1.535000e+00 
-1.529000e+00 
-1.523000e+00 
-1.516000e+00 
-1.508000e+00 
-1.499000e+00 
-1.490000e+00 
-1.480000e+00 
-1.469000e+00 
-1.457000e+00 
-1.445000e+00 
-1.431000e+00 
-1.418000e+00 
-1.403000e+00 
-1.389000e+00 
-1.373000e+00 
-1.358000e+00 
-1.342000e+00 
-1.325000e+00 
-1.308000e+00 
-1.290000e+00 
-1.272000e+00 
-1.253000e+00 
-1.233000e+00 
-1.213000e+00 
-1.192000e+00 
-1.170000e+00 
-1.148000e+00 
-1.126000e+00 
-1.103000e+00 
-1.079000e+00 
-1.055000e+00 
-1.031000e+00 
-1.006000e+00 
-9.810000e-01 
-9.550000e-01 
-9.290000e-01 
-9.020000e-01 
-8.760000e-01 
-8.480000e-01 
-8.210000e-01 
-7.930000e-01 
-7.650000e-01 
-7.360000e-01 
-7.070000e-01 
-6.780000e-01 
-6.500000e-01 
-6.210000e-01 
-5.920000e-01 
-5.640000e-01 
-5.360000e-01 
-5.080000e-01 
-4.810000e-01 
-4.550000e-01 
-4.290000e-01 
-4.030000e-01 
-3.790000e-01 
-3.540000e-01 
-3.310000e-01 
-3.090000e-01 
-2.870000e-01 
-2.670000e-01 
-2.480000e-01 
-2.290000e-01 
-2.120000e-01 
-1.970000e-01 
-1.820000e-01 
-1.680000e-01 
-1.550000e-01 
-1.440000e-01 
-1.330000e-01 
-1.230000e-01 
-1.140000e-01 
-1.050000e-01 
-9.800000e-02 
-9.200000e-02 
-8.700000e-02 
-8.300000e-02 
-7.900000e-02 
-7.700000e-02 
-7.600000e-02 
-7.500000e-02 
-7.500000e-02 
-7.600000e-02 
-7.800000e-02 
-8.100000e-02 
-8.400000e-02 
-8.900000e-02 
-9.300000e-02 
-9.900000e-02 
-1.050000e-01 
-1.120000e-01 
-1.200000e-01 
-1.290000e-01 
-1.380000e-01 
-1.490000e-01 
-1.610000e-01 
-1.740000e-01 
-1.880000e-01 
-2.030000e-01 
-2.190000e-01 
-2.370000e-01 
-2.550000e-01 
-2.750000e-01 
-2.950000e-01 
-3.170000e-01 
-3.390000e-01 
-3.620000e-01 
-3.860000e-01 
-4.100000e-01 
-4.350000e-01 
-4.600000e-01 
-4.850000e-01 
-5.100000e-01 
-5.350000e-01 
-5.610000e-01 
-5.860000e-01 
-6.110000e-01 
-6.360000e-01 
-6.610000e-01 
-6.850000e-01 
-7.090000e-01 
-7.330000e-01 
-7.560000e-01 
-7.790000e-01 
-8.010000e-01 
-8.230000e-01 
-8.440000e-01 
-8.640000e-01 
-8.840000e-01 
-9.030000e-01 
-9.220000e-01 
-9.400000e-01 
-9.570000e-01 
-9.740000e-01 
-9.890000e-01 
-1.003000e+00 
-1.017000e+00 
-1.029000e+00 
-1.040000e+00 
-1.051000e+00 
-1.061000e+00 
-1.069000e+00 
-1.078000e+00 
-1.085000e+00 
-1.092000e+00 
-1.099000e+00 
-1.105000e+00 
-1.111000e+00 
-1.117000e+00 
-1.122000e+00 
-1.127000e+00 
-1.132000e+00 
-1.137000e+00 
-1.141000e+00 
-1.145000e+00 
-1.150000e+00 
-1.154000e+00 
-1.158000e+00 
-1.161000e+00 
-1.165000e+00 
-1.168000e+00 
-1.170000e+00 
-1.172000e+00 
-1.174000e+00 
-1.176000e+00 
-1.177000e+00 
-1.178000e+00 
-1.178000e+00 
-1.179000e+00 
-1.178000e+00 
-1.178000e+00 
-1.177000e+00 
-1.176000e+00 
-1.174000e+00 
-1.173000e+00 
-1.170000e+00 
-1.167000e+00 
-1.164000e+00 
-1.160000e+00 
-1.156000e+00 
-1.151000e+00 
-1.145000e+00 
-1.139000e+00 
-1.133000e+00 
-1.127000e+00 
-1.120000e+00 
-1.113000e+00 
-1.106000e+00 
-1.099000e+00 
-1.092000e+00 
-1.085000e+00 
-1.078000e+00 
-1.071000e+00 
-1.064000e+00 
-1.058000e+00 
-1.051000e+00 
-1.044000e+00 
-1.038000e+00 
-1.032000e+00 
-1.025000e+00 
-1.019000e+00 
-1.013000e+00 
-1.007000e+00 
-1 
-9.940000e-01 
-9.870000e-01 
-9.810000e-01 
-9.740000e-01 
-9.680000e-01 
-9.610000e-01 
-9.540000e-01 
-9.470000e-01 
-9.400000e-01 
-9.330000e-01 
-9.260000e-01 
-9.190000e-01 
-9.110000e-01 
-9.040000e-01 
-8.960000e-01 
-8.890000e-01 
-8.810000e-01 
-8.730000e-01 
-8.650000e-01 
-8.560000e-01 
-8.470000e-01 
-8.380000e-01 
-8.280000e-01 
-8.180000e-01 
-8.080000e-01 
-7.980000e-01 
-7.880000e-01 
-7.780000e-01 
-7.670000e-01 
-7.570000e-01 
-7.470000e-01 
-7.380000e-01 
-7.280000e-01 
-7.180000e-01 
-7.090000e-01 
-6.990000e-01 
-6.900000e-01 
-6.810000e-01 
-6.720000e-01 
-6.630000e-01 
-6.540000e-01 
-6.450000e-01 
-6.360000e-01 
-6.270000e-01 
-6.180000e-01 
-6.090000e-01 
-6.010000e-01 
-5.920000e-01 
-5.830000e-01 
-5.740000e-01 
-5.650000e-01 
-5.560000e-01 
-5.470000e-01 
-5.380000e-01 
-5.280000e-01 
-5.190000e-01 
-5.090000e-01 
-5.000000e-01 
-4.900000e-01 
-4.800000e-01 
-4.700000e-01 
-4.600000e-01 
-4.490000e-01 
-4.390000e-01 
-4.280000e-01 
-4.170000e-01 
-4.050000e-01 
-3.940000e-01 
-3.820000e-01 
-3.690000e-01 
-3.560000e-01 
-3.430000e-01 
-3.290000e-01 
-3.150000e-01 
-3.010000e-01 
-2.850000e-01 
-2.690000e-01 
-2.520000e-01 
-2.350000e-01 
-2.170000e-01 
-1.980000e-01 
-1.790000e-01 
-1.590000e-01 
-1.380000e-01 
-1.160000e-01 
-9.300000e-02 
-7.000000e-02 
-4.600000e-02 
-2.100000e-02 
4.000000e-03 
3.000000e-02 
5.600000e-02 
8.300000e-02 
1.110000e-01 
1.400000e-01 
1.700000e-01 
2.010000e-01 
2.330000e-01 
2.650000e-01 
2.990000e-01 
3.330000e-01 
3.680000e-01 
4.030000e-01 
4.380000e-01 
4.750000e-01 
5.110000e-01 
5.480000e-01 
5.850000e-01 
6.230000e-01 
6.610000e-01 
7.000000e-01 
7.390000e-01 
7.790000e-01 
8.190000e-01 
8.590000e-01 
9.000000e-01 
9.410000e-01 
9.830000e-01 
1.025000e+00 
1.066000e+00 
1.109000e+00 
1.151000e+00 
1.194000e+00 
1.237000e+00 
1.280000e+00 
1.322000e+00 
1.365000e+00 
1.408000e+00 
1.450000e+00 
1.492000e+00 
1.534000e+00 
1.575000e+00 
1.616000e+00 
1.656000e+00 
1.695000e+00 
1.734000e+00 
1.772000e+00 
1.809000e+00 
1.845000e+00 
1.881000e+00 
1.915000e+00 
1.948000e+00 
1.981000e+00 
2.012000e+00 
2.043000e+00 
2.072000e+00 
2.100000e+00 
2.127000e+00 
2.152000e+00 
2.177000e+00 
2.200000e+00 
2.222000e+00 
2.243000e+00 
2.263000e+00 
2.282000e+00 
2.300000e+00 
2.317000e+00 
2.333000e+00 
2.349000e+00 
2.363000e+00 
2.377000e+00 
2.390000e+00 
2.403000e+00 
2.414000e+00 
2.425000e+00 
2.435000e+00 
2.444000e+00 
2.452000e+00 
2.460000e+00 
2.466000e+00 
2.472000e+00 
2.476000e+00 
2.480000e+00 
2.482000e+00 
2.484000e+00 
2.484000e+00 
2.483000e+00 
2.481000e+00 
2.478000e+00 
2.474000e+00 
2.469000e+00 
2.463000e+00 
2.455000e+00 
2.447000e+00 
2.437000e+00 
2.427000e+00 
2.415000e+00 
2.403000e+00 
2.390000e+00 
2.376000e+00 
2.361000e+00 
2.345000e+00 
2.329000e+00 
2.312000e+00 
2.295000e+00 
2.276000e+00 
2.257000e+00 
2.238000e+00 
2.218000e+00 
2.198000e+00 
2.177000e+00 
2.156000e+00 
2.135000e+00 
2.112000e+00 
2.090000e+00 
2.067000e+00 
2.043000e+00 
2.019000e+00 
1.995000e+00 
1.970000e+00 
1.945000e+00 
1.919000e+00 
1.893000e+00 
1.866000e+00 
1.840000e+00 
1.813000e+00 
1.786000e+00 
1.759000e+00 
1.732000e+00 
1.705000e+00 
1.678000e+00 
1.650000e+00 
1.623000e+00 
1.595000e+00 
1.567000e+00 
1.540000e+00 
1.512000e+00 
1.483000e+00 
1.455000e+00 
1.426000e+00 
1.398000e+00 
1.368000e+00 
1.339000e+00 
1.309000e+00 
1.279000e+00 
1.249000e+00 
1.218000e+00 
1.187000e+00 
1.156000e+00 
1.125000e+00 
1.093000e+00 
1.061000e+00 
1.029000e+00 
9.970000e-01 
9.650000e-01 
9.330000e-01 
9.000000e-01 
8.680000e-01 
8.360000e-01 
8.030000e-01 
7.710000e-01 
7.390000e-01 
7.060000e-01 
6.740000e-01 
6.410000e-01 
6.090000e-01 
5.760000e-01 
5.430000e-01 
5.100000e-01 
4.770000e-01 
4.450000e-01 
4.130000e-01 
3.810000e-01 
3.490000e-01 
3.180000e-01 
2.870000e-01 
2.560000e-01 
2.260000e-01 
1.960000e-01 
1.670000e-01 
1.380000e-01 
1.090000e-01 
8.100000e-02 
5.400000e-02 
2.700000e-02 
1.000000e-03 
-2.400000e-02 
-4.900000e-02 
-7.400000e-02 
-9.800000e-02 
-1.210000e-01 
-1.440000e-01 
-1.660000e-01 
-1.880000e-01 
-2.090000e-01 
-2.300000e-01 
-2.500000e-01 
-2.700000e-01 
-2.900000e-01 
-3.090000e-01 
-3.270000e-01 
-3.460000e-01 
-3.640000e-01 
-3.820000e-01 
-4.000000e-01 
-4.170000e-01 
-4.350000e-01 
-4.520000e-01 
-4.700000e-01 
-4.870000e-01 
-5.040000e-01 
-5.200000e-01 
-5.360000e-01 
-5.510000e-01 
-5.660000e-01 
-5.810000e-01 
-5.940000e-01 
-6.070000e-01 
-6.200000e-01 
-6.310000e-01 
-6.420000e-01 
-6.520000e-01 
-6.610000e-01 
-6.700000e-01 
-6.770000e-01 
-6.840000e-01 
-6.910000e-01 
-6.960000e-01 
-7.010000e-01 
-7.060000e-01 
-7.100000e-01 
-7.140000e-01 
-7.170000e-01 
-7.200000e-01 
-7.220000e-01 
-7.240000e-01 
-7.250000e-01 
-7.260000e-01 
-7.270000e-01 
-7.270000e-01 
-7.260000e-01 
-7.250000e-01 
-7.240000e-01 
-7.220000e-01 
-7.200000e-01 
-7.180000e-01 
-7.160000e-01 
-7.130000e-01 
-7.100000e-01 
-7.070000e-01 
-7.040000e-01 
-7.000000e-01 
-6.960000e-01 
-6.930000e-01 
-6.890000e-01 
-6.840000e-01 
-6.800000e-01 
-6.750000e-01 
-6.710000e-01 
-6.660000e-01 
-6.610000e-01 
-6.550000e-01 
-6.500000e-01 
-6.440000e-01 
-6.380000e-01 
-6.320000e-01 
-6.260000e-01 
-6.200000e-01 
-6.130000e-01 
-6.070000e-01 
-6.000000e-01 
-5.940000e-01 
-5.880000e-01 
-5.820000e-01 
-5.760000e-01 
-5.700000e-01 
-5.650000e-01 
-5.590000e-01 
-5.540000e-01 
-5.500000e-01 
-5.450000e-01 
-5.410000e-01 
-5.370000e-01 
-5.330000e-01 
-5.290000e-01 
-5.250000e-01 
-5.210000e-01 
-5.170000e-01 
-5.130000e-01 
-5.090000e-01 
-5.050000e-01 
-5.010000e-01 
-4.960000e-01 
-4.920000e-01 
-4.870000e-01 
-4.830000e-01 
-4.780000e-01 
-4.730000e-01 
-4.670000e-01 
-4.620000e-01 
-4.560000e-01 
-4.500000e-01 
-4.440000e-01 
-4.380000e-01 
-4.310000e-01 
-4.250000e-01 
-4.190000e-01 
-4.120000e-01 
-4.060000e-01 
-4.000000e-01 
-3.940000e-01 
-3.890000e-01 
-3.840000e-01 
-3.800000e-01 
-3.760000e-01 
-3.730000e-01 
-3.710000e-01 
-3.690000e-01 
-3.690000e-01 
-3.690000e-01 
-3.700000e-01 
-3.710000e-01 
-3.740000e-01 
-3.760000e-01 
-3.800000e-01 
-3.830000e-01 
-3.870000e-01 
-3.920000e-01 
-3.970000e-01 
-4.020000e-01 
-4.070000e-01 
-4.130000e-01 
-4.190000e-01 
-4.250000e-01 
-4.310000e-01 
-4.380000e-01 
-4.440000e-01 
-4.510000e-01 
-4.580000e-01 
-4.650000e-01 
-4.720000e-01 
-4.790000e-01 
-4.860000e-01 
-4.930000e-01 
-5.010000e-01 
-5.080000e-01 
-5.150000e-01 
-5.220000e-01 
-5.300000e-01 
-5.380000e-01 
-5.460000e-01 
-5.540000e-01 
-5.620000e-01 
-5.710000e-01 
-5.800000e-01 
-5.890000e-01 
-5.990000e-01 
-6.090000e-01 
-6.190000e-01 
-6.290000e-01 
-6.400000e-01 
-6.510000e-01 
-6.630000e-01 
-6.740000e-01 
-6.860000e-01 
-6.980000e-01 
-7.100000e-01 
-7.230000e-01 
-7.350000e-01 
-7.470000e-01 
-7.590000e-01 
-7.710000e-01 
-7.830000e-01 
-7.950000e-01 
-8.070000e-01 
-8.180000e-01 
-8.300000e-01 
-8.410000e-01 
-8.530000e-01 
-8.640000e-01 
-8.760000e-01 
-8.870000e-01 
-8.990000e-01 
-9.100000e-01 
-9.220000e-01 
-9.330000e-01 
-9.450000e-01 
-9.570000e-01 
-9.680000e-01 
-9.800000e-01 
-9.920000e-01 
-1.003000e+00 
-1.015000e+00 
-1.027000e+00 
-1.038000e+00 
-1.049000e+00 
-1.061000e+00 
-1.072000e+00 
-1.083000e+00 
-1.094000e+00 
-1.104000e+00 
-1.115000e+00 
-1.126000e+00 
-1.136000e+00 
-1.146000e+00 
-1.156000e+00 
-1.166000e+00 
-1.176000e+00 
-1.186000e+00 
-1.195000e+00 
-1.204000e+00 
-1.213000e+00 
-1.222000e+00 
-1.230000e+00 
-1.239000e+00 
-1.247000e+00 
-1.255000e+00 
-1.262000e+00 
-1.269000e+00 
-1.275000e+00 
-1.281000e+00 
-1.287000e+00 
-1.292000e+00 
-1.297000e+00 
-1.301000e+00 
-1.304000e+00 
-1.308000e+00 
-1.310000e+00 
-1.313000e+00 
-1.314000e+00 
-1.316000e+00 
-1.316000e+00 
-1.316000e+00 
-1.316000e+00 
-1.314000e+00 
-1.313000e+00 
-1.310000e+00 
-1.308000e+00 
-1.304000e+00 
-1.301000e+00 
-1.297000e+00 
-1.292000e+00 
-1.288000e+00 
-1.283000e+00 
-1.278000e+00 
-1.274000e+00 
-1.269000e+00 
-1.264000e+00 
-1.258000e+00 
-1.253000e+00 
-1.248000e+00 
-1.243000e+00 
-1.237000e+00 
-1.231000e+00 
-1.225000e+00 
-1.219000e+00 
-1.213000e+00 
-1.207000e+00 
-1.200000e+00 
-1.193000e+00 
-1.186000e+00 
-1.178000e+00 
-1.170000e+00 
-1.162000e+00 
-1.153000e+00 
-1.145000e+00 
-1.135000e+00 
-1.126000e+00 
-1.116000e+00 
-1.105000e+00 
-1.095000e+00 
-1.083000e+00 
-1.072000e+00 
-1.059000e+00 
-1.047000e+00 
-1.033000e+00 
-1.020000e+00 
-1.005000e+00 
-9.900000e-01 
-9.750000e-01 
-9.590000e-01 
-9.420000e-01 
-9.250000e-01 
-9.080000e-01 
-8.910000e-01 
-8.740000e-01 
-8.580000e-01 
-8.410000e-01 
-8.240000e-01 
-8.070000e-01 
-7.910000e-01 
-7.740000e-01 
-7.580000e-01 
-7.420000e-01 
-7.260000e-01 
-7.100000e-01 
-6.940000e-01 
-6.790000e-01 
-6.640000e-01 
-6.490000e-01 
-6.350000e-01 
-6.210000e-01 
-6.070000e-01 
-5.940000e-01 
-5.820000e-01 
-5.700000e-01 
-5.590000e-01 
-5.490000e-01 
-5.400000e-01 
-5.310000e-01 
-5.230000e-01 
-5.160000e-01 
-5.100000e-01 
-5.040000e-01 
-4.990000e-01 
-4.950000e-01 
-4.910000e-01 
-4.870000e-01 
-4.840000e-01 
-4.820000e-01 
-4.800000e-01 
-4.780000e-01 
-4.760000e-01 
-4.750000e-01 
-4.740000e-01 
-4.740000e-01 
-4.740000e-01 
-4.740000e-01 
-4.750000e-01 
-4.760000e-01 
-4.780000e-01 
-4.810000e-01 
-4.830000e-01 
-4.870000e-01 
-4.910000e-01 
-4.950000e-01 
-5.000000e-01 
-5.040000e-01 
-5.100000e-01 
-5.150000e-01 
-5.210000e-01 
-5.260000e-01 
-5.320000e-01 
-5.390000e-01 
-5.450000e-01 
-5.520000e-01 
-5.590000e-01 
-5.660000e-01 
-5.730000e-01 
-5.810000e-01 
-5.890000e-01 
-5.970000e-01 
-6.050000e-01 
-6.130000e-01 
-6.210000e-01 
-6.290000e-01 
-6.370000e-01 
-6.440000e-01 
-6.520000e-01 
-6.590000e-01 
-6.650000e-01 
-6.720000e-01 
-6.770000e-01 
-6.820000e-01 
-6.860000e-01 
-6.900000e-01 
-6.920000e-01 
-6.940000e-01 
-6.950000e-01 
-6.950000e-01 
-6.940000e-01 
-6.930000e-01 
-6.900000e-01 
-6.860000e-01 
-6.810000e-01 
-6.750000e-01 
-6.690000e-01 
-6.610000e-01 
-6.510000e-01 
-6.410000e-01 
-6.300000e-01 
-6.180000e-01 
-6.050000e-01 
-5.910000e-01 
-5.760000e-01 
-5.600000e-01 
-5.430000e-01 
-5.260000e-01 
-5.070000e-01 
-4.890000e-01 
-4.690000e-01 
-4.490000e-01 
-4.280000e-01 
-4.070000e-01 
-3.860000e-01 
-3.640000e-01 
-3.420000e-01 
-3.200000e-01 
-2.970000e-01 
-2.740000e-01 
-2.500000e-01 
-2.260000e-01 
-2.020000e-01 
-1.770000e-01 
-1.520000e-01 
-1.270000e-01 
-1.010000e-01 
-7.400000e-02 
-4.700000e-02 
-2.000000e-02 
9.000000e-03 
3.800000e-02 
6.700000e-02 
9.800000e-02 
1.290000e-01 
1.610000e-01 
1.930000e-01 
2.260000e-01 
2.610000e-01 
2.950000e-01 
3.310000e-01 
3.680000e-01 
4.050000e-01 
4.430000e-01 
4.810000e-01 
5.210000e-01 
5.600000e-01 
6.000000e-01 
6.410000e-01 
6.820000e-01 
7.230000e-01 
7.650000e-01 
8.070000e-01 
8.480000e-01 
8.900000e-01 
9.320000e-01 
9.740000e-01 
1.015000e+00 
1.056000e+00 
1.098000e+00 
1.138000e+00 
1.179000e+00 
1.219000e+00 
1.259000e+00 
1.298000e+00 
1.336000e+00 
1.374000e+00 
1.412000e+00 
1.449000e+00 
1.485000e+00 
1.520000e+00 
1.555000e+00 
1.589000e+00 
1.623000e+00 
1.655000e+00 
1.688000e+00 
1.719000e+00 
1.750000e+00 
1.780000e+00 
1.809000e+00 
1.837000e+00 
1.865000e+00 
1.893000e+00 
1.919000e+00 
1.945000e+00 
1.970000e+00 
1.995000e+00 
2.019000e+00 
2.042000e+00 
2.065000e+00 
2.086000e+00 
2.107000e+00 
2.128000e+00 
2.147000e+00 
2.165000e+00 
2.183000e+00 
2.199000e+00 
2.215000e+00 
2.230000e+00 
2.243000e+00 
2.256000e+00 
2.267000e+00 
2.277000e+00 
2.286000e+00 
2.294000e+00 
2.300000e+00 
2.306000e+00 
2.309000e+00 
2.312000e+00 
2.313000e+00 
2.314000e+00 
2.313000e+00 
2.312000e+00 
2.310000e+00 
2.307000e+00 
2.303000e+00 
2.299000e+00 
2.295000e+00 
2.290000e+00 
2.284000e+00 
2.279000e+00 
2.273000e+00 
2.267000e+00 
2.260000e+00 
2.254000e+00 
2.247000e+00 
2.239000e+00 
2.231000e+00 
2.223000e+00 
2.214000e+00 
2.205000e+00 
2.196000e+00 
2.186000e+00 
2.175000e+00 
2.164000e+00 
2.153000e+00 
2.141000e+00 
2.128000e+00 
2.115000e+00 
2.101000e+00 
2.087000e+00 
2.072000e+00 
2.056000e+00 
2.040000e+00 
2.024000e+00 
2.006000e+00 
1.988000e+00 
1.969000e+00 
1.950000e+00 
1.929000e+00 
1.908000e+00 
1.886000e+00 
1.863000e+00 
1.840000e+00 
1.815000e+00 
1.790000e+00 
1.764000e+00 
1.738000e+00 
1.711000e+00 
1.684000e+00 
1.656000e+00 
1.628000e+00 
1.600000e+00 
1.572000e+00 
1.544000e+00 
1.516000e+00 
1.488000e+00 
1.461000e+00 
1.433000e+00 
1.406000e+00 
1.379000e+00 
1.352000e+00 
1.326000e+00 
1.299000e+00 
1.273000e+00 
1.246000e+00 
1.220000e+00 
1.194000e+00 
1.168000e+00 
1.141000e+00 
1.115000e+00 
1.090000e+00 
1.064000e+00 
1.039000e+00 
1.013000e+00 
9.880000e-01 
9.640000e-01 
9.390000e-01 
9.140000e-01 
8.900000e-01 
8.660000e-01 
8.420000e-01 
8.180000e-01 
7.940000e-01 
7.700000e-01 
7.460000e-01 
7.220000e-01 
6.970000e-01 
6.730000e-01 
6.480000e-01 
6.240000e-01 
5.990000e-01 
5.750000e-01 
5.500000e-01 
5.250000e-01 
5.010000e-01 
4.770000e-01 
4.520000e-01 
4.280000e-01 
4.030000e-01 
3.790000e-01 
3.550000e-01 
3.310000e-01 
3.080000e-01 
2.840000e-01 
2.610000e-01 
2.380000e-01 
2.160000e-01 
1.940000e-01 
1.720000e-01 
1.510000e-01 
1.310000e-01 
1.110000e-01 
9.100000e-02 
7.200000e-02 
5.400000e-02 
3.600000e-02 
1.800000e-02 
2.000000e-03 
-1.500000e-02 
-3.100000e-02 
-4.600000e-02 
-6.100000e-02 
-7.600000e-02 
-9.100000e-02 
-1.060000e-01 
-1.200000e-01 
-1.350000e-01 
-1.500000e-01 
-1.640000e-01 
-1.790000e-01 
-1.940000e-01 
-2.090000e-01 
-2.240000e-01 
-2.400000e-01 
-2.550000e-01 
-2.700000e-01 
-2.860000e-01 
-3.010000e-01 
-3.160000e-01 
-3.320000e-01 
-3.470000e-01 
-3.620000e-01 
-3.770000e-01 
-3.910000e-01 
-4.060000e-01 
-4.210000e-01 
-4.350000e-01 
-4.490000e-01 
-4.620000e-01 
-4.760000e-01 
-4.880000e-01 
-5.010000e-01 
-5.130000e-01 
-5.250000e-01 
-5.360000e-01 
-5.470000e-01 
-5.580000e-01 
-5.690000e-01 
-5.790000e-01 
-5.890000e-01 
-5.990000e-01 
-6.080000e-01 
-6.180000e-01 
-6.270000e-01 
-6.360000e-01 
-6.460000e-01 
-6.550000e-01 
-6.640000e-01 
-6.730000e-01 
