0 1.0979e-006
0 4.42709e-006
0 7.70028e-006
0 7.50753e-006
0 2.93043e-006
0 -5.87486e-006
0 -1.89423e-005
0 -3.63209e-005
0 -5.80686e-005
0 -8.42468e-005
0 -0.000114924
0 -0.000150177
0 -0.000190098
0 -0.000234783
0 -0.000284324
0 -0.000338807
0 -0.000398315
0 -0.000462926
0 -0.00053273
0 -0.000607824
0 -0.000688309
0 -0.000774268
0 -0.000865753
0 -0.000962776
0 -0.00106532
0 -0.00117338
0 -0.00128695
0 -0.00140609
0 -0.0015309
0 -0.00166153
0 -0.00179821
0 -0.00194115
0 -0.00209059
0 -0.00224673
0 -0.00240976
0 -0.00257986
0 -0.00275718
0 -0.00294176
0 -0.0031336
0 -0.00333261
0 -0.00353865
0 -0.00375158
0 -0.00397119
0 -0.00419732
0 -0.00442977
0 -0.00466839
0 -0.00491305
0 -0.00516365
0 -0.00542014
0 -0.00568251
0 -0.00595084
0 -0.0062252
0 -0.00650561
0 -0.00679203
0 -0.00708433
0 -0.0073823
0 -0.0076857
0 -0.00799417
0 -0.00830737
0 -0.00862501
0 -0.00894698
0 -0.00927335
0 -0.00960426
0 -0.0099398
0 -0.0102799
0 -0.0106244
0 -0.0109726
0 -0.0113238
0 -0.0116771
0 -0.0120316
0 -0.0123865
0 -0.012741
0 -0.013095
0 -0.0134483
0 -0.0138013
0 -0.0141543
0 -0.0145075
0 -0.0148611
0 -0.0152148
0 -0.0155684
0 -0.0159217
0 -0.0162745
0 -0.0166266
0 -0.0169781
0 -0.017329
0 -0.0176795
0 -0.0180301
0 -0.0183812
0 -0.0187332
0 -0.0190864
0 -0.0194408
0 -0.0197964
0 -0.0201533
0 -0.0205116
0 -0.0208716
0 -0.021233
0 -0.0215957
0 -0.0219594
0 -0.0223236
0 -0.0226882
0 -0.0230534
0 -0.0234198
0 -0.0237884
0 -0.0241601
0 -0.0245358
0 -0.0249166
0 -0.0253036
0 -0.0256981
0 -0.0261021
0 -0.0265172
0 -0.0269443
0 -0.0273838
0 -0.0278348
0 -0.0282961
0 -0.0287663
0 -0.029244
0 -0.029728
0 -0.0302175
0 -0.0307119
0 -0.0312102
0 -0.0317117
0 -0.0322152
0 -0.03272
0 -0.0332256
0 -0.0337319
0 -0.034239
0 -0.0347474
0 -0.035257
0 -0.0357681
0 -0.0362806
0 -0.0367945
0 -0.0373098
0 -0.0378265
0 -0.0383447
0 -0.0388643
0 -0.0393848
0 -0.0399051
0 -0.0404235
0 -0.0409375
0 -0.0414444
0 -0.0419416
0 -0.0424272
0 -0.0429003
0 -0.0433605
0 -0.0438078
0 -0.0442424
0 -0.0446641
0 -0.0450727
0 -0.0454677
0 -0.0458486
0 -0.0462148
0 -0.0465653
0 -0.046899
0 -0.0472147
0 -0.0475117
0 -0.0477899
0 -0.0480497
0 -0.0482925
0 -0.04852
0 -0.0487348
0 -0.04894
0 -0.0491392
0 -0.0493359
0 -0.0495325
0 -0.0497304
0 -0.0499297
0 -0.05013
0 -0.0503302
0 -0.05053
0 -0.0507297
0 -0.0509309
0 -0.0511361
0 -0.0513489
0 -0.0515727
0 -0.0518114
0 -0.0520682
0 -0.0523457
0 -0.0526452
0 -0.0529675
0 -0.0533128
0 -0.0536822
0 -0.0540777
0 -0.0545024
0 -0.0549593
0 -0.055451
0 -0.0559784
0 -0.0565421
0 -0.0571417
0 -0.0577771
0 -0.0584485
0 -0.0591563
0 -0.059901
0 -0.0606832
0 -0.0615029
0 -0.0623591
0 -0.0632498
0 -0.0641722
0 -0.0651228
0 -0.0660985
0 -0.0670961
0 -0.0681122
0 -0.0691431
0 -0.0701843
0 -0.0712304
0 -0.0722752
0 -0.0733118
0 -0.074334
0 -0.075337
0 -0.0763174
0 -0.0772727
0 -0.0782005
0 -0.0790975
0 -0.0799599
0 -0.0807837
0 -0.0815659
0 -0.0823048
0 -0.083
0 -0.0836518
0 -0.0842604
0 -0.084826
0 -0.0853486
0 -0.085829
0 -0.0862695
0 -0.0866741
0 -0.0870485
0 -0.087399
0 -0.0877321
0 -0.0880544
0 -0.0883727
0 -0.0886937
0 -0.0890238
0 -0.0893678
0 -0.0897288
0 -0.0901081
0 -0.0905063
0 -0.0909246
0 -0.0913658
0 -0.0918333
0 -0.0923295
0 -0.0928542
0 -0.0934049
0 -0.0939777
0 -0.0945693
0 -0.0951778
0 -0.0958032
0 -0.0964464
0 -0.0971085
0 -0.0977902
0 -0.0984909
0 -0.0992081
0 -0.0999363
0 -0.100667
0 -0.101387
0 -0.102084
0 -0.102743
0 -0.103351
0 -0.103894
0 -0.104364
0 -0.104753
0 -0.105055
0 -0.105265
0 -0.105377
0 -0.105386
0 -0.105284
0 -0.105066
0 -0.104723
0 -0.104252
0 -0.10365
0 -0.102918
0 -0.102056
0 -0.101066
0 -0.0999489
0 -0.098709
0 -0.0973519
0 -0.095886
0 -0.0943215
0 -0.0926684
0 -0.0909356
0 -0.0891309
0 -0.0872618
0 -0.0853372
0 -0.083368
0 -0.0813674
0 -0.0793488
0 -0.0773241
0 -0.0753021
0 -0.0732876
0 -0.0712822
0 -0.0692856
0 -0.067298
0 -0.0653214
0 -0.0633605
0 -0.0614216
0 -0.0595115
0 -0.0576364
0 -0.0558024
0 -0.0540151
0 -0.0522794
0 -0.0506007
0 -0.0489849
0 -0.0474391
0 -0.0459709
0 -0.0445883
0 -0.0432985
0 -0.0421066
0 -0.0410159
0 -0.0400279
0 -0.0391452
0 -0.038372
0 -0.0377141
0 -0.0371772
0 -0.0367648
0 -0.0364765
0 -0.0363076
0 -0.0362509
0 -0.0362974
0 -0.0364384
0 -0.0366662
0 -0.0369736
0 -0.0373538
0 -0.0378007
0 -0.0383082
0 -0.0388705
0 -0.0394807
0 -0.0401303
0 -0.0408095
0 -0.041509
0 -0.0422216
0 -0.042944
0 -0.0436772
0 -0.0444262
0 -0.0451978
0 -0.0459981
0 -0.0468305
0 -0.047696
0 -0.0485941
0 -0.0495243
0 -0.0504867
0 -0.051482
0 -0.0525112
0 -0.053575
0 -0.0546734
0 -0.055805
0 -0.0569668
0 -0.0581536
0 -0.059359
0 -0.0605763
0 -0.0617992
0 -0.0630212
0 -0.0642364
0 -0.06544
0 -0.0666286
0 -0.0678008
0 -0.0689561
0 -0.0700951
0 -0.0712181
0 -0.0723253
0 -0.0734163
0 -0.0744911
0 -0.0755508
0 -0.076599
0 -0.0776429
0 -0.0786928
0 -0.07976
0 -0.0808546
0 -0.0819831
0 -0.0831481
0 -0.0843503
0 -0.0855908
0 -0.0868729
0 -0.0882026
0 -0.0895866
0 -0.0910297
0 -0.0925328
0 -0.0940924
0 -0.0957015
0 -0.0973527
0 -0.0990416
0 -0.100769
0 -0.102539
0 -0.10436
0 -0.106238
0 -0.108173
0 -0.110159
0 -0.112185
0 -0.114237
0 -0.116299
0 -0.118357
0 -0.120399
0 -0.122414
0 -0.124395
0 -0.126334
0 -0.128227
0 -0.13007
0 -0.131862
0 -0.133606
0 -0.135304
0 -0.136965
0 -0.138594
0 -0.140204
0 -0.141803
0 -0.143403
0 -0.145009
0 -0.146621
0 -0.148235
0 -0.149844
0 -0.151442
0 -0.153026
0 -0.1546
0 -0.156171
0 -0.157747
0 -0.159333
0 -0.160932
0 -0.162541
0 -0.164155
0 -0.165773
0 -0.167395
0 -0.169022
0 -0.170658
0 -0.172305
0 -0.173964
0 -0.175633
0 -0.177305
0 -0.178971
0 -0.180618
0 -0.182234
0 -0.183814
0 -0.185356
0 -0.186865
0 -0.188348
0 -0.189807
0 -0.191235
0 -0.192619
0 -0.193941
0 -0.195183
0 -0.196334
0 -0.197389
0 -0.198354
0 -0.199235
0 -0.200042
0 -0.20078
0 -0.201452
0 -0.202057
0 -0.202597
0 -0.203076
0 -0.203502
0 -0.203886
0 -0.204238
0 -0.20457
0 -0.204895
0 -0.205221
0 -0.205553
0 -0.205893
0 -0.206242
0 -0.206598
0 -0.206961
0 -0.207331
0 -0.207707
0 -0.20809
0 -0.20848
0 -0.208877
0 -0.209283
0 -0.209695
0 -0.210114
0 -0.21054
0 -0.210973
0 -0.211412
0 -0.211858
0 -0.212307
0 -0.212757
0 -0.2132
0 -0.213631
0 -0.214047
0 -0.214451
0 -0.214846
0 -0.215241
0 -0.215639
0 -0.21604
0 -0.216439
0 -0.216828
0 -0.2172
0 -0.21755
0 -0.217878
0 -0.218184
0 -0.218473
0 -0.21875
0 -0.21902
0 -0.219288
0 -0.219561
0 -0.219844
0 -0.220143
0 -0.220466
0 -0.220825
0 -0.221231
0 -0.221694
0 -0.222225
0 -0.222833
0 -0.223528
0 -0.22432
0 -0.225214
0 -0.226217
0 -0.227328
0 -0.228547
0 -0.229868
0 -0.231286
0 -0.232794
0 -0.234385
0 -0.236056
0 -0.237805
0 -0.239632
0 -0.241533
0 -0.243503
0 -0.245534
0 -0.247617
0 -0.249745
0 -0.251916
0 -0.254128
0 -0.256382
0 -0.258676
0 -0.261003
0 -0.263356
0 -0.265722
0 -0.268088
0 -0.270442
0 -0.27277
0 -0.27506
0 -0.277302
0 -0.279484
0 -0.2816
0 -0.283643
0 -0.285606
0 -0.287483
0 -0.289262
0 -0.29093
0 -0.29247
0 -0.293868
0 -0.295109
0 -0.296188
0 -0.297102
0 -0.297853
0 -0.298444
0 -0.298877
0 -0.299148
0 -0.29925
0 -0.29917
0 -0.298896
0 -0.298421
0 -0.29774
0 -0.296854
0 -0.295768
0 -0.294485
0 -0.293013
0 -0.291356
0 -0.289521
0 -0.287514
0 -0.285339
0 -0.283003
0 -0.280512
0 -0.277873
0 -0.275098
0 -0.2722
0 -0.269196
0 -0.266106
0 -0.262949
0 -0.259748
0 -0.256527
0 -0.253308
0 -0.250108
0 -0.246942
0 -0.243821
0 -0.240755
0 -0.237753
0 -0.234828
0 -0.231993
0 -0.229263
0 -0.22665
0 -0.224168
0 -0.221824
0 -0.219626
0 -0.217578
0 -0.215683
0 -0.213944
0 -0.212366
0 -0.21095
0 -0.209703
0 -0.208629
0 -0.207735
0 -0.207024
0 -0.206494
0 -0.206141
0 -0.205958
0 -0.205938
0 -0.206076
0 -0.206366
0 -0.206801
0 -0.20737
0 -0.208061
0 -0.208855
0 -0.209733
0 -0.210673
0 -0.21166
0 -0.212676
0 -0.213713
0 -0.214762
0 -0.215819
0 -0.216882
0 -0.21795
0 -0.219028
0 -0.220123
0 -0.221243
0 -0.222396
0 -0.223589
0 -0.224825
0 -0.226106
0 -0.227433
0 -0.228807
0 -0.230232
0 -0.231712
0 -0.233253
0 -0.234858
0 -0.23653
0 -0.238273
0 -0.240093
0 -0.241996
0 -0.243985
0 -0.246065
0 -0.248236
0 -0.250498
0 -0.25285
0 -0.255292
0 -0.257824
0 -0.260446
0 -0.263158
0 -0.265961
0 -0.268855
0 -0.271841
0 -0.274917
0 -0.278084
0 -0.281341
0 -0.284689
0 -0.288128
0 -0.291657
0 -0.295277
0 -0.298985
0 -0.302777
0 -0.306644
0 -0.310573
0 -0.314549
0 -0.318558
0 -0.322584
0 -0.326612
0 -0.330629
0 -0.334622
0 -0.338582
0 -0.3425
0 -0.34637
0 -0.350186
0 -0.353942
0 -0.357633
0 -0.361258
0 -0.364815
0 -0.368307
0 -0.371743
0 -0.375134
0 -0.378495
0 -0.381841
0 -0.385186
0 -0.38854
0 -0.391907
0 -0.395286
0 -0.398676
0 -0.402076
0 -0.405484
0 -0.408903
0 -0.412331
0 -0.415769
0 -0.419211
0 -0.422655
0 -0.426093
0 -0.429521
0 -0.432938
0 -0.436345
0 -0.439748
0 -0.443155
0 -0.446571
0 -0.450006
0 -0.453464
0 -0.456953
0 -0.460474
0 -0.464032
0 -0.46763
0 -0.471273
0 -0.474968
0 -0.478722
0 -0.482542
0 -0.486436
0 -0.490406
0 -0.494451
0 -0.498566
0 -0.50274
0 -0.506961
0 -0.511213
0 -0.515478
0 -0.519736
0 -0.523963
0 -0.528139
0 -0.532239
0 -0.536244
0 -0.540134
0 -0.543892
0 -0.547502
0 -0.550954
0 -0.554236
0 -0.557342
0 -0.560266
0 -0.563005
0 -0.565551
0 -0.567903
0 -0.570059
0 -0.572023
0 -0.573798
0 -0.575391
0 -0.576807
0 -0.578047
0 -0.579112
0 -0.580003
0 -0.580723
0 -0.581276
0 -0.581666
0 -0.581901
0 -0.581992
0 -0.581951
0 -0.58179
0 -0.581524
0 -0.581165
0 -0.580726
0 -0.580219
0 -0.57966
0 -0.57907
0 -0.578471
0 -0.577896
0 -0.577379
0 -0.57696
0 -0.57668
0 -0.57658
0 -0.576701
0 -0.577083
0 -0.577762
0 -0.578777
0 -0.580164
0 -0.581957
0 -0.584192
0 -0.586898
0 -0.590108
0 -0.593848
0 -0.598146
0 -0.603024
0 -0.608501
0 -0.614589
0 -0.621294
0 -0.628615
0 -0.636551
0 -0.645097
0 -0.654246
0 -0.663987
0 -0.674307
0 -0.685183
0 -0.696588
0 -0.708488
0 -0.720847
0 -0.73362
0 -0.746762
0 -0.760227
0 -0.773967
0 -0.787937
0 -0.802096
0 -0.8164
0 -0.830812
0 -0.845291
0 -0.8598
0 -0.874303
0 -0.888762
0 -0.903139
0 -0.917395
0 -0.931485
0 -0.945368
0 -0.958999
0 -0.972337
0 -0.985343
0 -0.997982
0 -1.01022
0 -1.02203
0 -1.03339
0 -1.04426
0 -1.05461
0 -1.06442
0 -1.07366
0 -1.0823
0 -1.09033
0 -1.09771
0 -1.10445
0 -1.11051
0 -1.1159
0 -1.12061
0 -1.12461
0 -1.12791
0 -1.1305
0 -1.13238
0 -1.13353
0 -1.13397
0 -1.1337
0 -1.13272
0 -1.13105
0 -1.12868
0 -1.12562
0 -1.12187
0 -1.11744
0 -1.11233
0 -1.10658
0 -1.10019
0 -1.0932
0 -1.08565
0 -1.07757
0 -1.069
0 -1.05997
0 -1.05053
0 -1.04069
0 -1.03049
0 -1.01995
0 -1.0091
0 -0.997955
0 -0.986542
0 -0.974877
0 -0.962971
0 -0.950834
0 -0.938475
0 -0.925905
0 -0.913133
0 -0.900172
0 -0.887032
0 -0.87372
0 -0.860244
0 -0.846609
0 -0.832818
0 -0.818873
0 -0.804775
0 -0.790522
0 -0.776115
0 -0.761548
0 -0.746817
0 -0.731916
0 -0.71684
0 -0.701584
0 -0.686145
0 -0.670518
0 -0.654704
0 -0.638704
0 -0.622523
0 -0.606168
0 -0.589647
0 -0.572969
0 -0.55614
0 -0.539165
0 -0.522047
0 -0.504786
0 -0.487384
0 -0.469839
0 -0.45215
0 -0.434319
0 -0.416348
0 -0.398244
0 -0.380014
0 -0.361667
0 -0.343213
0 -0.324663
0 -0.30603
0 -0.287332
0 -0.268587
0 -0.249814
0 -0.231032
0 -0.212259
0 -0.193514
0 -0.174813
0 -0.156173
0 -0.137611
0 -0.119142
0 -0.100782
0 -0.0825472
0 -0.0644543
0 -0.0465185
0 -0.0287501
0 -0.0111554
0 0.00626283
0 0.0235057
0 0.0405776
0 0.0574833
0 0.074227
0 0.090812
0 0.10724
0 0.123515
0 0.139644
0 0.155636
0 0.171507
0 0.187274
0 0.202957
0 0.218576
0 0.234146
0 0.24968
0 0.265183
0 0.280663
0 0.296125
0 0.311579
0 0.327039
0 0.342522
0 0.35805
0 0.373645
0 0.38933
0 0.405132
0 0.421076
0 0.43719
0 0.4535
0 0.47003
0 0.486804
0 0.503844
0 0.52117
0 0.538806
0 0.556773
0 0.575095
0 0.593793
0 0.612886
0 0.632392
0 0.652324
0 0.672693
0 0.693511
0 0.714786
0 0.73653
0 0.758751
0 0.781454
0 0.804639
0 0.828307
0 0.852456
0 0.877083
0 0.902184
0 0.927754
0 0.953785
0 0.980267
0 1.00718
0 1.03452
0 1.06225
0 1.09036
0 1.11883
0 1.14764
0 1.17678
0 1.20623
0 1.23596
0 1.26596
0 1.29622
0 1.32669
0 1.35738
0 1.38824
0 1.41926
0 1.4504
0 1.48163
0 1.51292
0 1.54423
0 1.57554
0 1.60682
0 1.63804
0 1.66915
0 1.70015
0 1.73099
0 1.76166
0 1.79213
0 1.82239
0 1.85241
0 1.88217
0 1.91165
0 1.94083
0 1.96968
0 1.99818
0 2.02629
0 2.05398
0 2.08122
0 2.10798
0 2.13423
0 2.15993
0 2.18506
0 2.20959
0 2.2335
0 2.25677
0 2.2794
0 2.30136
0 2.32264
0 2.34325
0 2.36317
0 2.3824
0 2.40095
0 2.41884
0 2.43608
0 2.4527
0 2.46873
0 2.4842
0 2.49912
0 2.51353
0 2.52744
0 2.54086
0 2.55382
0 2.56632
0 2.57837
0 2.58999
0 2.60119
0 2.61199
0 2.62243
0 2.63255
0 2.64238
0 2.65196
0 2.66135
0 2.67058
0 2.67969
0 2.68873
0 2.69775
0 2.70678
0 2.71588
0 2.72508
0 2.7344
0 2.74388
0 2.75354
0 2.76339
0 2.77344
0 2.78372
0 2.79422
0 2.80494
0 2.8159
0 2.8271
0 2.83852
0 2.85018
0 2.86206
0 2.87416
0 2.88645
0 2.89893
0 2.91156
0 2.92431
0 2.93716
0 2.95005
0 2.96295
0 2.9758
0 2.98857
0 3.0012
0 3.01368
0 3.02596
0 3.03802
0 3.04981
0 3.0613
0 3.07248
0 3.08331
0 3.09378
0 3.10388
0 3.1136
0 3.12295
0 3.13192
0 3.14052
0 3.14875
0 3.15663
0 3.16415
0 3.17133
0 3.17818
0 3.1847
0 3.19092
0 3.19684
0 3.20248
0 3.20783
0 3.2129
0 3.21769
0 3.22219
0 3.22638
0 3.23026
0 3.2338
0 3.237
0 3.23982
0 3.24224
0 3.24425
0 3.2458
0 3.24686
0 3.24741
0 3.24742
0 3.24685
0 3.24569
0 3.24392
0 3.24153
0 3.23851
0 3.23486
0 3.23056
0 3.22561
0 3.22003
0 3.2138
0 3.20696
0 3.19952
0 3.19149
0 3.18292
0 3.17384
0 3.16429
0 3.1543
0 3.14393
0 3.13319
0 3.12213
0 3.11078
0 3.09917
0 3.08733
0 3.0753
0 3.06311
0 3.05079
0 3.03837
0 3.0259
0 3.0134
0 3.0009
0 2.98842
0 2.97596
0 2.96351
0 2.95107
0 2.9386
0 2.92608
0 2.91344
0 2.90066
0 2.88769
0 2.87448
0 2.86098
0 2.84715
0 2.83295
0 2.81834
0 2.80328
0 2.78773
0 2.77165
0 2.75501
0 2.73778
0 2.71992
0 2.70142
0 2.68225
0 2.66241
0 2.64186
0 2.62061
0 2.59865
0 2.57596
0 2.55255
0 2.52842
0 2.50357
0 2.47805
0 2.45186
0 2.42506
0 2.3977
0 2.36985
0 2.34156
0 2.31291
0 2.28398
0 2.25483
0 2.22552
0 2.19611
0 2.16663
0 2.13714
0 2.10766
0 2.07824
0 2.04893
0 2.01975
0 1.99075
0 1.96196
0 1.93339
0 1.90507
0 1.877
0 1.84919
0 1.82163
0 1.7943
0 1.76721
0 1.74035
0 1.7137
0 1.68726
0 1.66101
0 1.63493
0 1.60901
0 1.58321
0 1.5575
0 1.53185
0 1.50622
0 1.48056
0 1.45483
0 1.42901
0 1.40305
0 1.37692
0 1.35061
0 1.3241
0 1.29736
0 1.27039
0 1.24318
0 1.21572
0 1.18801
0 1.16006
0 1.13186
0 1.10343
0 1.07477
0 1.04589
0 1.0168
0 0.987481
0 0.957952
0 0.928207
0 0.898245
0 0.868063
0 0.837664
0 0.807049
0 0.776229
0 0.745217
0 0.714033
0 0.682698
0 0.651236
0 0.619673
0 0.588031
0 0.556334
0 0.524604
0 0.492854
0 0.461094
0 0.429329
0 0.397561
0 0.365787
0 0.334002
0 0.302205
0 0.270398
0 0.238586
0 0.206779
0 0.174992
0 0.143243
0 0.111555
0 0.0799532
0 0.0484691
0 0.0171342
0 -0.0140175
0 -0.0449493
0 -0.0756226
0 -0.105997
0 -0.136033
0 -0.165694
0 -0.194947
0 -0.223763
0 -0.252111
0 -0.279962
0 -0.307281
0 -0.334035
0 -0.360188
0 -0.385705
0 -0.410549
0 -0.434683
0 -0.458071
0 -0.480677
0 -0.502461
0 -0.523388
0 -0.543424
0 -0.562535
0 -0.580696
0 -0.597883
0 -0.614079
0 -0.629272
0 -0.643457
0 -0.656636
0 -0.66882
0 -0.680035
0 -0.690318
0 -0.699724
0 -0.708323
0 -0.716196
0 -0.723434
0 -0.730128
0 -0.736368
0 -0.742244
0 -0.747837
0 -0.753225
0 -0.75848
0 -0.763668
0 -0.768847
0 -0.774071
0 -0.779393
0 -0.784864
0 -0.790537
0 -0.796461
0 -0.802685
0 -0.809252
0 -0.816203
0 -0.823569
0 -0.831378
0 -0.83965
0 -0.848401
0 -0.857643
0 -0.867388
0 -0.877644
0 -0.888417
0 -0.899707
0 -0.911507
0 -0.923807
0 -0.93659
0 -0.94984
0 -0.963537
0 -0.977663
0 -0.992198
0 -1.00712
0 -1.02242
0 -1.03807
0 -1.05407
0 -1.0704
0 -1.08704
0 -1.10398
0 -1.1212
0 -1.13867
0 -1.15636
0 -1.17422
0 -1.19223
0 -1.21032
0 -1.22847
0 -1.24663
0 -1.26477
0 -1.28285
0 -1.30088
0 -1.31883
0 -1.33674
0 -1.35461
0 -1.37248
0 -1.39039
0 -1.40838
0 -1.42647
0 -1.44468
0 -1.46302
0 -1.48149
0 -1.50008
0 -1.51876
0 -1.53752
0 -1.55635
0 -1.57522
0 -1.59411
0 -1.61299
0 -1.63183
0 -1.6506
0 -1.66925
0 -1.68775
0 -1.70606
0 -1.72414
0 -1.74195
0 -1.75943
0 -1.77653
0 -1.79321
0 -1.80939
0 -1.82504
0 -1.84008
0 -1.85447
0 -1.86815
0 -1.88109
0 -1.89324
0 -1.90458
0 -1.91508
0 -1.92471
0 -1.93346
0 -1.94132
0 -1.94828
0 -1.95436
0 -1.95955
0 -1.96387
0 -1.96736
0 -1.97001
0 -1.97188
0 -1.97298
0 -1.97334
0 -1.97301
0 -1.97202
0 -1.97041
0 -1.9682
0 -1.96544
0 -1.96216
0 -1.95839
0 -1.95417
0 -1.94955
0 -1.94456
0 -1.93927
0 -1.93372
0 -1.92799
0 -1.92212
0 -1.91618
0 -1.9102
0 -1.90425
0 -1.89835
0 -1.89256
0 -1.88691
0 -1.88145
0 -1.87622
0 -1.87125
0 -1.86658
0 -1.86225
0 -1.85829
0 -1.85475
0 -1.85164
0 -1.84901
0 -1.84686
0 -1.84524
0 -1.84414
0 -1.84356
0 -1.84351
0 -1.84398
0 -1.84494
0 -1.84638
0 -1.84827
0 -1.85057
0 -1.85326
0 -1.8563
0 -1.85968
0 -1.86335
0 -1.86731
0 -1.87154
0 -1.87602
0 -1.88072
0 -1.88563
0 -1.89073
0 -1.89599
0 -1.90141
0 -1.90696
0 -1.91261
0 -1.91835
0 -1.92415
0 -1.92999
0 -1.93586
0 -1.94173
0 -1.9476
0 -1.95344
0 -1.95925
0 -1.96503
0 -1.97078
0 -1.97649
0 -1.98218
0 -1.98783
0 -1.99345
0 -1.99902
0 -2.00454
0 -2.00998
0 -2.01533
0 -2.02057
0 -2.02568
0 -2.03067
0 -2.03553
0 -2.04029
0 -2.04497
0 -2.04958
0 -2.05416
0 -2.05873
0 -2.06332
0 -2.06795
0 -2.07263
0 -2.0774
0 -2.08228
0 -2.08728
0 -2.09242
0 -2.09773
0 -2.10322
0 -2.10891
0 -2.1148
0 -2.12089
0 -2.12719
0 -2.13368
0 -2.14035
0 -2.14716
0 -2.15411
0 -2.16115
0 -2.16826
0 -2.17543
0 -2.18263
0 -2.18983
0 -2.197
0 -2.20411
0 -2.21111
0 -2.21798
0 -2.22467
0 -2.23113
0 -2.23735
0 -2.24327
0 -2.24888
0 -2.25414
0 -2.25902
0 -2.2635
0 -2.26756
0 -2.27115
0 -2.27429
0 -2.27694
0 -2.27912
0 -2.28083
0 -2.2821
0 -2.28295
0 -2.28342
0 -2.28354
0 -2.28337
0 -2.28293
0 -2.28226
0 -2.28141
0 -2.2804
0 -2.27927
0 -2.27803
0 -2.27669
0 -2.27527
0 -2.27377
0 -2.27221
0 -2.27059
0 -2.26892
0 -2.26718
0 -2.26537
0 -2.26349
0 -2.26151
0 -2.2594
0 -2.25716
0 -2.25474
0 -2.25214
0 -2.24932
0 -2.24627
0 -2.24296
0 -2.23936
0 -2.23545
0 -2.23119
0 -2.22657
0 -2.22156
0 -2.21616
0 -2.21034
0 -2.20412
0 -2.19749
0 -2.19046
0 -2.18301
0 -2.17516
0 -2.16691
0 -2.15826
0 -2.1492
0 -2.13974
0 -2.12989
0 -2.11962
0 -2.10896
0 -2.09789
0 -2.08642
0 -2.07453
0 -2.06221
0 -2.04946
0 -2.03628
0 -2.02266
0 -2.00862
0 -1.99416
0 -1.9793
0 -1.96404
0 -1.94842
0 -1.93244
0 -1.91613
0 -1.8995
0 -1.88258
0 -1.86541
0 -1.84799
0 -1.83036
0 -1.81254
0 -1.79454
0 -1.77638
0 -1.75807
0 -1.73964
0 -1.72111
0 -1.7025
0 -1.68384
0 -1.66514
0 -1.64643
0 -1.62773
0 -1.60906
0 -1.59046
0 -1.57195
0 -1.55354
0 -1.53525
0 -1.5171
0 -1.4991
0 -1.48126
0 -1.4636
0 -1.4461
0 -1.42877
0 -1.41161
0 -1.39461
0 -1.37777
0 -1.36107
0 -1.3445
0 -1.32803
0 -1.31164
0 -1.29532
0 -1.27903
0 -1.26276
0 -1.2465
0 -1.23022
0 -1.21392
0 -1.1976
0 -1.18124
0 -1.16483
0 -1.14837
0 -1.13185
0 -1.11525
0 -1.09857
0 -1.08179
0 -1.06488
0 -1.04782
0 -1.03059
0 -1.01314
0 -0.995449
0 -0.977482
0 -0.959206
0 -0.940594
0 -0.921618
0 -0.902257
0 -0.882488
0 -0.862294
0 -0.841662
0 -0.820582
0 -0.799053
0 -0.777079
0 -0.754668
0 -0.731829
0 -0.708569
0 -0.684891
0 -0.660795
0 -0.636277
0 -0.611333
0 -0.585957
0 -0.560144
0 -0.533886
0 -0.50718
0 -0.48002
0 -0.452404
0 -0.424332
0 -0.395807
0 -0.366835
0 -0.337423
0 -0.307586
0 -0.277341
0 -0.246714
0 -0.215736
0 -0.184449
0 -0.152897
0 -0.121126
0 -0.0891799
0 -0.0571021
0 -0.0249313
0 0.00729587
0 0.0395446
0 0.0717814
0 0.103975
0 0.136097
0 0.168122
0 0.200034
0 0.231823
0 0.263488
0 0.295034
0 0.326471
0 0.35781
0 0.38906
0 0.42023
0 0.451329
0 0.482365
0 0.513344
0 0.544276
0 0.575173
0 0.606047
0 0.636915
0 0.667791
0 0.698688
0 0.729616
0 0.760579
0 0.791582
0 0.822621
0 0.853694
0 0.884791
0 0.915906
0 0.947024
0 0.978129
0 1.0092
0 1.04021
0 1.07115
0 1.10198
0 1.13268
0 1.16323
0 1.19361
0 1.2238
0 1.25377
0 1.28351
0 1.313
0 1.34223
0 1.37117
0 1.39981
0 1.42813
0 1.45612
0 1.48376
0 1.51104
0 1.53795
0 1.56447
0 1.59059
0 1.61631
0 1.64162
0 1.66651
0 1.69097
0 1.715
0 1.7386
0 1.76178
0 1.78453
0 1.80686
0 1.82878
0 1.85031
0 1.87145
0 1.89222
0 1.91262
0 1.93268
0 1.95241
0 1.97182
0 1.99092
0 2.00973
0 2.02824
0 2.04648
0 2.06443
0 2.08212
0 2.09955
0 2.11674
0 2.13369
0 2.15044
0 2.16701
0 2.18343
0 2.19972
0 2.21594
0 2.23211
0 2.24829
0 2.2645
0 2.28079
0 2.29718
0 2.31372
0 2.33041
0 2.34728
0 2.36431
0 2.3815
0 2.39883
0 2.41628
0 2.43383
0 2.45143
0 2.46908
0 2.48673
0 2.50435
0 2.52189
0 2.53931
0 2.55656
0 2.57359
0 2.59036
0 2.60683
0 2.62296
0 2.6387
0 2.65403
0 2.66891
0 2.68331
0 2.69721
0 2.71059
0 2.72341
0 2.73567
0 2.74734
0 2.75842
0 2.7689
0 2.77877
0 2.78804
0 2.79671
0 2.8048
0 2.81232
0 2.81929
0 2.82573
0 2.83167
0 2.83712
0 2.84211
0 2.84668
0 2.85083
0 2.8546
0 2.858
0 2.86104
0 2.86375
0 2.86613
0 2.8682
0 2.86996
0 2.87144
0 2.87264
0 2.87358
0 2.87427
0 2.87473
0 2.87496
0 2.87497
0 2.87479
0 2.87441
0 2.87384
0 2.87308
0 2.87214
0 2.87102
0 2.86971
0 2.86821
0 2.8665
0 2.86458
0 2.86242
0 2.86001
0 2.85731
0 2.85431
0 2.85098
0 2.8473
0 2.84325
0 2.83882
0 2.834
0 2.82878
0 2.82313
0 2.81707
0 2.81057
0 2.80365
0 2.7963
0 2.78853
0 2.78035
0 2.77176
0 2.76277
0 2.75339
0 2.74362
0 2.73347
0 2.72295
0 2.71207
0 2.70085
0 2.68928
0 2.67738
0 2.66514
0 2.65257
0 2.63967
0 2.62643
0 2.61286
0 2.59895
0 2.5847
0 2.5701
0 2.55515
0 2.53985
0 2.52419
0 2.50816
0 2.49177
0 2.47501
0 2.45788
0 2.44036
0 2.42247
0 2.40419
0 2.38554
0 2.36651
0 2.34713
0 2.32739
0 2.30732
0 2.28693
0 2.26627
0 2.24534
0 2.22417
0 2.20278
0 2.18121
0 2.15948
0 2.1376
0 2.11562
0 2.09355
0 2.07141
0 2.04924
0 2.02705
0 2.00487
0 1.98272
0 1.96063
0 1.93862
0 1.9167
0 1.89488
0 1.87318
0 1.85161
0 1.83017
0 1.80886
0 1.78769
0 1.76665
0 1.74575
0 1.725
0 1.70438
0 1.6839
0 1.66355
0 1.64335
0 1.62329
0 1.60337
0 1.58359
0 1.56396
0 1.54445
0 1.52508
0 1.50584
0 1.4867
0 1.46767
0 1.44873
0 1.42985
0 1.41103
0 1.39224
0 1.37346
0 1.35466
0 1.33583
0 1.31692
0 1.29793
0 1.27882
0 1.25957
0 1.24017
0 1.2206
0 1.20084
0 1.18088
0 1.1607
0 1.14029
0 1.11963
0 1.09872
0 1.07754
0 1.05609
0 1.03435
0 1.01233
0 0.990023
0 0.96742
0 0.944523
0 0.921333
0 0.897847
0 0.874061
0 0.84997
0 0.825567
0 0.800848
0 0.775812
0 0.75046
0 0.724797
0 0.69883
0 0.672563
0 0.646002
0 0.619154
0 0.592023
0 0.564609
0 0.536913
0 0.508938
0 0.480689
0 0.452169
0 0.423385
0 0.394344
0 0.365055
0 0.335533
0 0.305793
0 0.275851
0 0.245728
0 0.215451
0 0.185052
0 0.154567
0 0.124035
0 0.0934933
0 0.0629726
0 0.0325015
0 0.00210311
0 -0.0281989
0 -0.0583765
0 -0.0883995
0 -0.118236
0 -0.147853
0 -0.177217
0 -0.206295
0 -0.235059
0 -0.263485
0 -0.291549
0 -0.319232
0 -0.346515
0 -0.373386
0 -0.399833
0 -0.425852
0 -0.45144
0 -0.476597
0 -0.501326
0 -0.525629
0 -0.54951
0 -0.572969
0 -0.596009
0 -0.61863
0 -0.640827
0 -0.662595
0 -0.683923
0 -0.704801
0 -0.725217
0 -0.745159
0 -0.764613
0 -0.783565
0 -0.801999
0 -0.819903
0 -0.837264
0 -0.85407
0 -0.870306
0 -0.885961
0 -0.901019
0 -0.915466
0 -0.929288
0 -0.942477
0 -0.955022
0 -0.966916
0 -0.978151
0 -0.988718
0 -0.998609
0 -1.00781
0 -1.01633
0 -1.02414
0 -1.03127
0 -1.0377
0 -1.04345
0 -1.04853
0 -1.05295
0 -1.05671
0 -1.05984
0 -1.06234
0 -1.06423
0 -1.06554
0 -1.06626
0 -1.06643
0 -1.06605
0 -1.06512
0 -1.06366
0 -1.06167
0 -1.05915
0 -1.05609
0 -1.05249
0 -1.04836
0 -1.0437
0 -1.03852
0 -1.03282
0 -1.02662
0 -1.01994
0 -1.01279
0 -1.0052
0 -0.997195
0 -0.988794
0 -0.980026
0 -0.970918
0 -0.961499
0 -0.951801
0 -0.941856
0 -0.931697
0 -0.921352
0 -0.910852
0 -0.900222
0 -0.889492
0 -0.878691
0 -0.867856
0 -0.857019
0 -0.846214
0 -0.835472
0 -0.824817
0 -0.814273
0 -0.803859
0 -0.793596
0 -0.783503
0 -0.773602
0 -0.763918
0 -0.754474
0 -0.745292
0 -0.736392
0 -0.727791
0 -0.719503
0 -0.711541
0 -0.703912
0 -0.696625
0 -0.689684
0 -0.683087
0 -0.676833
0 -0.670916
0 -0.665327
0 -0.660057
0 -0.655097
0 -0.650441
0 -0.646081
0 -0.642015
0 -0.638242
0 -0.634764
0 -0.631588
0 -0.628718
0 -0.62616
0 -0.623915
0 -0.621986
0 -0.620374
0 -0.619084
0 -0.61812
0 -0.617487
0 -0.61719
0 -0.61723
0 -0.617602
0 -0.618295
0 -0.619297
0 -0.620594
0 -0.622164
0 -0.623986
0 -0.626036
0 -0.628287
0 -0.630715
0 -0.633294
0 -0.636004
0 -0.638825
0 -0.641747
0 -0.644761
0 -0.647859
0 -0.651035
0 -0.654286
0 -0.65761
0 -0.661006
0 -0.664471
0 -0.668003
0 -0.671602
0 -0.675266
0 -0.678992
0 -0.68278
0 -0.686632
0 -0.690548
0 -0.694528
0 -0.698574
0 -0.702683
0 -0.706853
0 -0.711081
0 -0.715362
0 -0.719692
0 -0.724063
0 -0.72847
0 -0.732907
0 -0.737374
0 -0.74187
0 -0.746394
0 -0.750947
0 -0.755533
0 -0.760156
0 -0.764825
0 -0.769555
0 -0.774357
0 -0.779246
0 -0.784233
0 -0.789334
0 -0.794563
0 -0.799935
0 -0.805465
0 -0.811171
0 -0.817069
0 -0.823172
0 -0.829495
0 -0.836054
0 -0.842862
0 -0.849937
0 -0.857292
0 -0.864939
0 -0.87289
0 -0.881152
0 -0.889733
0 -0.89864
0 -0.907882
0 -0.917468
0 -0.927409
0 -0.937718
0 -0.948407
0 -0.959486
0 -0.970964
0 -0.982845
0 -0.995132
0 -1.00783
0 -1.02095
0 -1.0345
0 -1.04847
0 -1.06288
0 -1.07772
0 -1.09302
0 -1.10875
0 -1.12494
0 -1.14157
0 -1.15866
0 -1.17619
0 -1.19417
0 -1.21259
0 -1.23146
0 -1.25078
0 -1.27053
0 -1.29073
0 -1.31136
0 -1.33244
0 -1.35397
0 -1.37595
0 -1.39838
0 -1.42125
0 -1.44458
0 -1.46836
0 -1.49259
0 -1.51726
0 -1.54236
0 -1.56786
0 -1.59376
0 -1.62001
0 -1.6466
0 -1.6735
0 -1.70069
0 -1.72814
0 -1.75583
0 -1.78374
0 -1.81183
0 -1.84009
0 -1.86848
0 -1.89698
0 -1.92557
0 -1.9542
0 -1.98286
0 -2.01152
0 -2.04014
0 -2.0687
0 -2.09715
0 -2.12546
0 -2.15359
0 -2.18149
0 -2.20912
0 -2.23643
0 -2.26338
0 -2.28992
0 -2.31602
0 -2.34163
0 -2.36671
0 -2.39121
0 -2.41509
0 -2.43831
0 -2.46086
0 -2.4827
0 -2.50382
0 -2.52419
0 -2.54381
0 -2.56266
0 -2.58073
0 -2.59801
0 -2.61449
0 -2.63018
0 -2.64508
0 -2.65919
0 -2.67251
0 -2.68506
0 -2.69685
0 -2.70791
0 -2.71824
0 -2.72788
0 -2.73684
0 -2.74515
0 -2.75282
0 -2.75989
0 -2.76636
0 -2.77227
0 -2.77764
0 -2.78249
0 -2.78683
0 -2.79069
0 -2.79409
0 -2.79706
0 -2.79962
0 -2.80179
0 -2.8036
0 -2.80507
0 -2.80621
0 -2.80706
0 -2.80762
0 -2.80792
0 -2.808
0 -2.80785
0 -2.80752
0 -2.80701
0 -2.80634
0 -2.80554
0 -2.80463
0 -2.80361
0 -2.80251
0 -2.80135
0 -2.80014
0 -2.7989
0 -2.79766
0 -2.79642
0 -2.79522
0 -2.79408
0 -2.79303
0 -2.79208
0 -2.79126
0 -2.7906
0 -2.79013
0 -2.78987
0 -2.78983
0 -2.79003
0 -2.79047
0 -2.79115
0 -2.79205
0 -2.79317
0 -2.7945
0 -2.79601
0 -2.79769
0 -2.79951
0 -2.80147
0 -2.80354
0 -2.80571
0 -2.80796
0 -2.81028
0 -2.81265
0 -2.81505
0 -2.81748
0 -2.81992
0 -2.82235
0 -2.82477
0 -2.82717
0 -2.82953
0 -2.83184
0 -2.83408
0 -2.83625
0 -2.83835
0 -2.84037
0 -2.8423
0 -2.84414
0 -2.8459
0 -2.84757
0 -2.84916
0 -2.85065
0 -2.85206
0 -2.85339
0 -2.85464
0 -2.8558
0 -2.85688
0 -2.85788
0 -2.85882
0 -2.85969
0 -2.8605
0 -2.86126
0 -2.86197
0 -2.86264
0 -2.86327
0 -2.86387
0 -2.86443
0 -2.86497
0 -2.86551
0 -2.86604
0 -2.8666
0 -2.86719
0 -2.86782
0 -2.8685
0 -2.86924
0 -2.87004
0 -2.87092
0 -2.87187
0 -2.8729
0 -2.87401
0 -2.87522
0 -2.87654
0 -2.87797
0 -2.87951
0 -2.88117
0 -2.88295
0 -2.88484
0 -2.88684
0 -2.88893
0 -2.89113
0 -2.89341
0 -2.89577
0 -2.89819
0 -2.90067
0 -2.90318
0 -2.90571
0 -2.90825
0 -2.91078
0 -2.91329
0 -2.91576
0 -2.91817
0 -2.9205
0 -2.92272
0 -2.92482
0 -2.92676
0 -2.92852
0 -2.93007
0 -2.9314
0 -2.93248
0 -2.93328
0 -2.93379
0 -2.93397
0 -2.93383
0 -2.93333
0 -2.93247
0 -2.93123
0 -2.9296
0 -2.92757
0 -2.92512
0 -2.92224
0 -2.91893
0 -2.91517
0 -2.91097
0 -2.90631
0 -2.9012
0 -2.89564
0 -2.88963
0 -2.88318
0 -2.8763
0 -2.86899
0 -2.86127
0 -2.85316
0 -2.84468
0 -2.83585
0 -2.82671
0 -2.81729
0 -2.8076
0 -2.79768
0 -2.78755
0 -2.77723
0 -2.76674
0 -2.75608
0 -2.74527
0 -2.7343
0 -2.7232
0 -2.71195
0 -2.70056
0 -2.68905
0 -2.67741
0 -2.66564
0 -2.65375
0 -2.64173
0 -2.62957
0 -2.61727
0 -2.60481
0 -2.59219
0 -2.57941
0 -2.56646
0 -2.55335
0 -2.54008
0 -2.52664
0 -2.51304
0 -2.49927
0 -2.48535
0 -2.47127
0 -2.45704
0 -2.44267
0 -2.42817
0 -2.41354
0 -2.3988
0 -2.38396
0 -2.36903
0 -2.35402
0 -2.33894
0 -2.32381
0 -2.30863
0 -2.29342
0 -2.27817
0 -2.2629
0 -2.24761
0 -2.23228
0 -2.21693
0 -2.20155
0 -2.18612
0 -2.17064
0 -2.15511
0 -2.13951
0 -2.12386
0 -2.10814
0 -2.09237
0 -2.07655
0 -2.06068
0 -2.04477
0 -2.02883
0 -2.01285
0 -1.99686
0 -1.98085
0 -1.96484
0 -1.94884
0 -1.93284
0 -1.91687
0 -1.90093
0 -1.88504
0 -1.86922
0 -1.85346
0 -1.83779
0 -1.82221
0 -1.80674
0 -1.79139
0 -1.77618
0 -1.76111
0 -1.7462
0 -1.73146
0 -1.71689
0 -1.7025
0 -1.6883
0 -1.6743
0 -1.66051
0 -1.64693
0 -1.63356
0 -1.62042
0 -1.6075
0 -1.59481
0 -1.58235
0 -1.57014
0 -1.55816
0 -1.54644
0 -1.53496
0 -1.52372
0 -1.51272
0 -1.50195
0 -1.49141
0 -1.4811
0 -1.471
0 -1.46113
0 -1.45148
0 -1.44205
0 -1.43285
0 -1.42389
0 -1.41517
0 -1.40669
0 -1.39847
0 -1.39049
0 -1.38278
0 -1.37532
0 -1.36813
0 -1.3612
0 -1.35456
0 -1.3482
0 -1.34212
0 -1.33634
0 -1.33086
0 -1.32569
0 -1.32083
0 -1.31628
0 -1.31203
0 -1.3081
0 -1.30448
0 -1.30119
0 -1.29823
0 -1.29562
0 -1.29337
0 -1.2915
0 -1.29
0 -1.28889
0 -1.28817
0 -1.28785
0 -1.28793
0 -1.2884
0 -1.28927
0 -1.29053
0 -1.29216
0 -1.29415
0 -1.29649
0 -1.29918
0 -1.30219
0 -1.30552
0 -1.30914
0 -1.31306
0 -1.31724
0 -1.32168
0 -1.32636
0 -1.33124
0 -1.33632
0 -1.34156
0 -1.34693
0 -1.35243
0 -1.35802
0 -1.36369
0 -1.36941
0 -1.37517
0 -1.38095
0 -1.38672
0 -1.39248
0 -1.39819
0 -1.40384
0 -1.40942
0 -1.41491
0 -1.42029
0 -1.42554
0 -1.43065
0 -1.43561
0 -1.44039
0 -1.44501
0 -1.44943
0 -1.45367
0 -1.4577
0 -1.46153
0 -1.46514
0 -1.46853
0 -1.4717
0 -1.47463
0 -1.47734
0 -1.47981
0 -1.48206
0 -1.48409
0 -1.4859
0 -1.48752
0 -1.48894
0 -1.49019
0 -1.49126
0 -1.49217
0 -1.49293
0 -1.49353
0 -1.494
0 -1.49434
0 -1.49456
0 -1.49466
0 -1.49465
0 -1.49452
0 -1.49429
0 -1.49394
0 -1.49349
0 -1.49293
0 -1.49226
0 -1.49149
0 -1.49059
0 -1.48959
0 -1.48845
0 -1.48719
0 -1.48579
0 -1.48424
0 -1.48253
0 -1.48066
0 -1.47861
0 -1.47637
0 -1.47393
0 -1.47129
0 -1.46843
0 -1.46535
0 -1.46205
0 -1.45852
0 -1.45475
0 -1.45073
0 -1.44646
0 -1.44193
0 -1.43714
0 -1.43207
0 -1.42674
0 -1.42115
0 -1.4153
0 -1.40921
0 -1.40288
0 -1.39631
0 -1.38951
0 -1.38251
0 -1.37531
0 -1.36795
0 -1.36045
0 -1.35283
0 -1.3451
0 -1.33729
0 -1.3294
0 -1.32145
0 -1.31344
0 -1.30538
0 -1.29729
0 -1.28916
0 -1.28099
0 -1.2728
0 -1.26456
0 -1.25629
0 -1.24796
0 -1.23957
0 -1.23109
0 -1.22251
0 -1.21379
0 -1.20492
0 -1.19587
0 -1.18662
0 -1.17714
0 -1.16742
0 -1.15744
0 -1.14717
0 -1.1366
0 -1.12571
0 -1.11448
0 -1.10288
0 -1.09089
0 -1.0785
0 -1.06569
0 -1.05244
0 -1.03873
0 -1.02456
0 -1.0099
0 -0.994756
0 -0.979105
0 -0.962941
0 -0.946254
0 -0.929037
0 -0.911285
0 -0.892999
0 -0.874179
0 -0.85483
0 -0.834957
0 -0.81457
0 -0.793684
0 -0.77232
0 -0.750499
0 -0.728248
0 -0.705594
0 -0.682564
0 -0.659183
0 -0.635475
0 -0.611464
0 -0.587174
0 -0.562629
0 -0.537851
0 -0.512864
0 -0.487688
0 -0.462344
0 -0.43685
0 -0.411221
0 -0.385477
0 -0.35963
0 -0.333691
0 -0.307665
0 -0.281557
0 -0.25537
0 -0.229105
0 -0.202767
0 -0.176355
0 -0.149872
0 -0.123317
0 -0.0966886
0 -0.0699843
0 -0.0432022
0 -0.0163433
0 0.0105907
0 0.0375992
0 0.0646809
0 0.0918344
0 0.11906
0 0.146358
0 0.173731
0 0.201182
0 0.228712
0 0.256316
0 0.283993
0 0.311733
0 0.339525
0 0.367358
0 0.395224
0 0.423114
0 0.45102
0 0.478934
0 0.50685
0 0.534762
0 0.562663
0 0.590547
0 0.618409
0 0.646249
0 0.674067
0 0.701863
0 0.729637
0 0.757387
0 0.785114
0 0.812817
0 0.840494
0 0.868145
0 0.895768
0 0.923369
0 0.950949
0 0.978517
0 1.00608
0 1.03363
0 1.06119
0 1.08875
0 1.11632
0 1.14391
0 1.17152
0 1.19917
0 1.22687
0 1.25462
0 1.28243
0 1.31031
0 1.33828
0 1.36635
0 1.39452
0 1.42282
0 1.45124
0 1.47979
0 1.50848
0 1.53733
0 1.56632
0 1.59548
0 1.6248
0 1.65428
0 1.68392
0 1.71372
0 1.74365
0 1.77372
0 1.80391
0 1.83422
0 1.86464
0 1.89515
0 1.92576
0 1.95644
0 1.98719
0 2.018
0 2.04886
0 2.07976
0 2.11068
0 2.14162
0 2.17257
0 2.20351
0 2.23443
0 2.26532
0 2.29616
0 2.32695
0 2.35766
0 2.38829
0 2.41884
0 2.44928
0 2.47961
0 2.50982
0 2.5399
0 2.56985
0 2.59966
0 2.62932
0 2.65884
0 2.68822
0 2.71748
0 2.74661
0 2.77564
0 2.80458
0 2.83345
0 2.86226
0 2.89105
0 2.91985
0 2.94868
0 2.97758
0 3.00658
0 3.03572
0 3.06501
0 3.09451
0 3.12422
0 3.15417
0 3.18439
0 3.21489
0 3.24568
0 3.27679
0 3.30823
0 3.34001
0 3.37214
0 3.40463
0 3.43749
0 3.4707
0 3.50425
0 3.53814
0 3.57235
0 3.60685
0 3.64162
0 3.67664
0 3.71187
0 3.74729
0 3.78287
0 3.81859
0 3.8544
0 3.89028
0 3.92619
0 3.9621
0 3.99798
0 4.0338
0 4.06952
0 4.10512
0 4.14057
0 4.17582
0 4.21085
0 4.24563
0 4.28012
0 4.31431
0 4.34816
0 4.38167
0 4.4148
0 4.44754
0 4.47989
0 4.51184
0 4.54338
0 4.57451
0 4.60524
0 4.63556
0 4.66549
0 4.69503
0 4.72418
0 4.75296
0 4.78138
0 4.80945
0 4.83716
0 4.86454
0 4.89159
0 4.91831
0 4.9447
0 4.97078
0 4.99652
0 5.02193
0 5.04702
0 5.07176
0 5.09616
0 5.12022
0 5.14391
0 5.16724
0 5.1902
0 5.21277
0 5.23496
0 5.25675
0 5.27814
0 5.29913
0 5.31971
0 5.33986
0 5.3596
0 5.37891
0 5.39781
0 5.41627
0 5.43432
0 5.45195
0 5.46917
0 5.48599
0 5.50242
0 5.51847
0 5.53416
0 5.54949
0 5.56449
0 5.57916
0 5.59352
0 5.60758
0 5.62135
0 5.63483
0 5.64803
0 5.66095
0 5.67361
0 5.68601
0 5.69816
0 5.71006
0 5.72173
0 5.73318
0 5.7444
0 5.75542
0 5.76621
0 5.77679
0 5.78715
0 5.79728
0 5.8072
0 5.8169
0 5.82638
0 5.83563
0 5.84466
0 5.85345
0 5.86202
0 5.87035
0 5.87846
0 5.88634
0 5.894
0 5.90144
0 5.90866
0 5.91567
0 5.92247
0 5.92906
0 5.93545
0 5.94164
0 5.94764
0 5.95345
0 5.95909
0 5.96456
0 5.96988
0 5.97506
0 5.98012
0 5.98507
0 5.98991
0 5.99466
0 5.99933
0 6.00395
0 6.00852
0 6.01308
0 6.01764
0 6.02221
0 6.02681
0 6.03144
0 6.03612
0 6.04086
0 6.04566
0 6.05054
0 6.0555
0 6.06054
0 6.06567
0 6.07091
0 6.07625
0 6.08169
0 6.08723
0 6.09287
0 6.09859
0 6.10439
0 6.11023
0 6.11611
0 6.12199
0 6.12784
0 6.13361
0 6.13929
0 6.14482
0 6.15018
0 6.15533
0 6.16025
0 6.16491
0 6.16927
0 6.1733
0 6.17698
0 6.18027
0 6.18315
0 6.18558
0 6.18755
0 6.18902
0 6.18998
0 6.19039
0 6.19024
0 6.18952
0 6.18821
0 6.1863
0 6.18379
0 6.18068
0 6.17698
0 6.17268
0 6.1678
0 6.16235
0 6.15634
0 6.1498
0 6.14275
0 6.13521
0 6.12723
0 6.11882
0 6.11004
0 6.10091
0 6.09147
0 6.08177
0 6.07183
0 6.0617
0 6.05143
0 6.04104
0 6.03059
0 6.02009
0 6.00958
0 5.99909
0 5.98865
0 5.9783
0 5.96807
0 5.95799
0 5.94806
0 5.93832
0 5.92877
0 5.91941
0 5.91027
0 5.90132
0 5.89258
0 5.88404
0 5.87567
0 5.86746
0 5.85939
0 5.85142
0 5.84355
0 5.83574
0 5.82797
0 5.82021
0 5.81245
0 5.80468
0 5.79687
0 5.78901
0 5.7811
0 5.77313
0 5.76509
0 5.75697
0 5.74878
0 5.74049
0 5.73212
0 5.72365
0 5.71511
0 5.70648
0 5.69778
0 5.689
0 5.68015
0 5.67121
0 5.66221
0 5.65312
0 5.64396
0 5.63471
0 5.62538
0 5.61595
0 5.60643
0 5.5968
0 5.58707
0 5.57723
0 5.56727
0 5.55721
0 5.54703
0 5.53673
0 5.52631
0 5.51576
0 5.50508
0 5.49425
0 5.48326
0 5.47211
0 5.46078
0 5.44927
0 5.43756
0 5.42566
0 5.41356
0 5.40126
0 5.38875
0 5.37603
0 5.3631
0 5.34994
0 5.33657
0 5.32296
0 5.30913
0 5.29508
0 5.2808
0 5.2663
0 5.25158
0 5.23664
0 5.22148
0 5.20613
0 5.19057
0 5.17485
0 5.15897
0 5.14296
0 5.12684
0 5.11063
0 5.09435
0 5.07802
0 5.06166
0 5.04528
0 5.02891
0 5.01254
0 4.9962
0 4.9799
0 4.96365
0 4.94747
0 4.93137
0 4.91536
0 4.89945
0 4.88364
0 4.86794
0 4.85236
0 4.83691
0 4.82158
0 4.8064
0 4.79137
0 4.7765
0 4.76178
0 4.74724
0 4.73286
0 4.71864
0 4.7046
0 4.69072
0 4.677
0 4.66343
0 4.65002
0 4.63675
0 4.6236
0 4.61059
0 4.59768
0 4.58487
0 4.57216
0 4.55952
0 4.54695
0 4.53444
0 4.52199
0 4.50959
0 4.49723
0 4.48491
0 4.47262
0 4.46035
0 4.44809
0 4.43583
0 4.42357
0 4.4113
0 4.39901
0 4.3867
0 4.37438
0 4.36203
0 4.34964
0 4.33722
0 4.32474
0 4.31219
0 4.29956
0 4.28684
0 4.27401
0 4.26106
0 4.24798
0 4.23476
0 4.22138
0 4.20782
0 4.19406
0 4.1801
0 4.16591
0 4.15149
0 4.13683
0 4.12192
0 4.10675
0 4.09131
0 4.07559
0 4.05957
0 4.04327
0 4.02666
0 4.00976
0 3.99257
0 3.9751
0 3.95734
0 3.9393
0 3.921
0 3.90242
0 3.88356
0 3.86443
0 3.84502
0 3.82533
0 3.80534
0 3.78507
0 3.7645
0 3.74364
0 3.72249
0 3.70105
0 3.67932
0 3.65731
0 3.63503
0 3.61248
0 3.58968
0 3.56663
0 3.54335
0 3.51984
0 3.49613
0 3.47221
0 3.44812
0 3.42387
0 3.39946
0 3.37493
0 3.35028
0 3.32553
0 3.30071
0 3.27582
0 3.25088
0 3.2259
0 3.2009
0 3.17588
0 3.15086
0 3.12585
0 3.10087
0 3.07593
0 3.05106
0 3.02627
0 3.00157
0 2.97697
0 2.95249
0 2.92813
0 2.90392
0 2.87985
0 2.85593
0 2.83216
0 2.80855
0 2.7851
0 2.76181
0 2.73865
0 2.71564
0 2.69274
0 2.66994
0 2.64723
0 2.62459
0 2.60202
0 2.57948
0 2.55696
0 2.53444
0 2.51189
0 2.48928
0 2.46658
0 2.44377
0 2.42083
0 2.39773
0 2.37444
0 2.35095
0 2.32725
0 2.30331
0 2.27912
0 2.25467
0 2.22996
0 2.20497
0 2.17971
0 2.15416
0 2.12833
0 2.1022
0 2.07578
0 2.04907
0 2.02206
0 1.99476
0 1.96717
0 1.93928
0 1.91109
0 1.88259
0 1.85377
0 1.82463
0 1.79517
0 1.76537
0 1.73522
0 1.70473
0 1.67388
0 1.64267
0 1.61108
0 1.57912
0 1.54677
0 1.51404
0 1.48092
0 1.44741
0 1.4135
0 1.37918
0 1.34445
0 1.3093
0 1.27373
0 1.23772
0 1.20128
0 1.1644
0 1.12707
0 1.08929
0 1.05106
0 1.01238
0 0.973258
0 0.933689
0 0.893677
0 0.853224
0 0.812331
0 0.771003
0 0.729246
0 0.68707
0 0.644487
0 0.601512
0 0.558158
0 0.514443
0 0.470382
0 0.425996
0 0.381306
0 0.336337
0 0.291113
0 0.24566
0 0.2
0 0.154152
0 0.108132
0 0.0619546
0 0.0156358
0 -0.030809
0 -0.0773652
0 -0.124019
0 -0.170757
0 -0.217567
0 -0.264438
0 -0.31136
0 -0.358319
0 -0.405304
0 -0.452306
0 -0.499312
0 -0.546313
0 -0.5933
0 -0.640264
0 -0.6872
0 -0.734101
0 -0.780967
0 -0.827799
0 -0.8746
0 -0.92137
0 -0.968109
0 -1.01481
0 -1.06149
0 -1.10812
0 -1.15473
0 -1.20131
0 -1.24788
0 -1.29443
0 -1.34096
0 -1.38749
0 -1.43402
0 -1.48054
0 -1.52708
0 -1.57363
0 -1.62022
0 -1.66683
0 -1.71349
0 -1.76019
0 -1.80692
0 -1.85369
0 -1.90049
0 -1.94731
0 -1.99414
0 -2.04098
0 -2.08784
0 -2.13471
0 -2.18158
0 -2.22845
0 -2.27531
0 -2.32215
0 -2.36897
0 -2.41576
0 -2.46253
0 -2.50928
0 -2.556
0 -2.6027
0 -2.64937
0 -2.69601
0 -2.74261
0 -2.78917
0 -2.83568
0 -2.88213
0 -2.92852
0 -2.97485
0 -3.0211
0 -3.06729
0 -3.1134
0 -3.15943
0 -3.20538
0 -3.25124
0 -3.29702
0 -3.34271
0 -3.38834
0 -3.43389
0 -3.47937
0 -3.5248
0 -3.57016
0 -3.61548
0 -3.66074
0 -3.70594
0 -3.75109
0 -3.79618
0 -3.84121
0 -3.88616
0 -3.93103
0 -3.97581
0 -4.02048
0 -4.06505
0 -4.10949
0 -4.15381
0 -4.19799
0 -4.24203
0 -4.28592
0 -4.32967
0 -4.37326
0 -4.41671
0 -4.46
0 -4.50314
0 -4.54613
0 -4.58896
0 -4.63165
0 -4.67419
0 -4.7166
0 -4.75887
0 -4.80102
0 -4.84304
0 -4.88495
0 -4.92674
0 -4.96842
0 -5.00999
0 -5.05144
0 -5.09278
0 -5.13401
0 -5.17512
0 -5.21611
0 -5.25699
0 -5.29775
0 -5.3384
0 -5.37893
0 -5.41934
0 -5.45962
0 -5.49975
0 -5.53974
0 -5.57956
0 -5.61922
0 -5.65871
0 -5.69803
0 -5.73715
0 -5.77609
0 -5.81482
0 -5.85335
0 -5.89167
0 -5.92977
0 -5.96766
0 -6.00533
0 -6.04277
0 -6.07999
0 -6.11696
0 -6.1537
0 -6.19018
0 -6.22642
0 -6.26242
0 -6.29817
0 -6.33367
0 -6.36892
0 -6.40391
0 -6.43865
0 -6.47313
0 -6.50736
0 -6.54133
0 -6.57505
0 -6.60852
0 -6.64174
0 -6.67473
0 -6.70749
0 -6.74002
0 -6.77233
0 -6.80443
0 -6.83631
0 -6.86799
0 -6.89946
0 -6.93072
0 -6.96177
0 -6.99261
0 -7.02323
0 -7.05362
0 -7.08379
0 -7.11373
0 -7.14342
0 -7.17288
0 -7.2021
0 -7.23109
0 -7.25983
0 -7.28835
0 -7.31665
0 -7.34472
0 -7.37258
0 -7.40023
0 -7.42768
0 -7.45494
0 -7.48201
0 -7.5089
0 -7.53561
0 -7.56216
0 -7.58855
0 -7.61479
0 -7.64088
0 -7.66683
0 -7.69263
0 -7.71828
0 -7.74378
0 -7.76914
0 -7.79435
0 -7.81941
0 -7.84432
0 -7.86908
0 -7.89369
0 -7.91814
0 -7.94243
0 -7.96654
0 -7.99047
0 -8.01421
0 -8.03774
0 -8.06106
0 -8.08416
0 -8.10703
0 -8.12966
0 -8.15204
0 -8.17419
0 -8.19608
0 -8.21774
0 -8.23915
0 -8.26032
0 -8.28125
0 -8.30196
0 -8.32244
0 -8.3427
0 -8.36275
0 -8.38259
0 -8.40222
0 -8.42166
0 -8.4409
0 -8.45995
0 -8.47882
0 -8.49751
0 -8.51602
0 -8.53437
0 -8.55256
0 -8.5706
0 -8.58849
0 -8.60625
0 -8.62389
0 -8.6414
0 -8.6588
0 -8.67609
0 -8.69329
0 -8.71039
0 -8.72741
0 -8.74433
0 -8.76117
0 -8.77791
0 -8.79456
0 -8.81112
0 -8.82758
0 -8.84392
0 -8.86015
0 -8.87624
0 -8.8922
0 -8.908
0 -8.92363
0 -8.93908
0 -8.95433
0 -8.96937
0 -8.98419
0 -8.99878
0 -9.01311
0 -9.02719
0 -9.041
0 -9.05454
0 -9.0678
0 -9.08077
0 -9.09343
0 -9.1058
0 -9.11784
0 -9.12957
0 -9.14096
0 -9.152
0 -9.1627
0 -9.17304
0 -9.18301
0 -9.19261
0 -9.20184
0 -9.21069
0 -9.21916
0 -9.22724
0 -9.23496
0 -9.2423
0 -9.24928
0 -9.25589
0 -9.26214
0 -9.26803
0 -9.27356
0 -9.27873
0 -9.28356
0 -9.28803
0 -9.29215
0 -9.29591
0 -9.29932
0 -9.30236
0 -9.30503
0 -9.30732
0 -9.30924
0 -9.31076
0 -9.31187
0 -9.31257
0 -9.31285
0 -9.31271
0 -9.31215
0 -9.31116
0 -9.30974
0 -9.30789
0 -9.3056
0 -9.30286
0 -9.29969
0 -9.29609
0 -9.29207
0 -9.28765
0 -9.28284
0 -9.27764
0 -9.27207
0 -9.26612
0 -9.25982
0 -9.25315
0 -9.24613
0 -9.23876
0 -9.23104
0 -9.22299
0 -9.21462
0 -9.20593
0 -9.19694
0 -9.18766
0 -9.17808
0 -9.16823
0 -9.15812
0 -9.14775
0 -9.13715
0 -9.12632
0 -9.11528
0 -9.10403
0 -9.09259
0 -9.08096
0 -9.06913
0 -9.05712
0 -9.04492
0 -9.03254
0 -9.01997
0 -9.00722
0 -8.99428
0 -8.98115
0 -8.96783
0 -8.95432
0 -8.94061
0 -8.9267
0 -8.91258
0 -8.89824
0 -8.88369
0 -8.8689
0 -8.85386
0 -8.83858
0 -8.82304
0 -8.80722
0 -8.79114
0 -8.77477
0 -8.75811
0 -8.74117
0 -8.72395
0 -8.70644
0 -8.68865
0 -8.67059
0 -8.65226
0 -8.63366
0 -8.6148
0 -8.59568
0 -8.5763
0 -8.55667
0 -8.53679
0 -8.51665
0 -8.49625
0 -8.47559
0 -8.45465
0 -8.43345
0 -8.41197
0 -8.39022
0 -8.3682
0 -8.3459
0 -8.32333
0 -8.30049
0 -8.27739
0 -8.25401
0 -8.23036
0 -8.20645
0 -8.18228
0 -8.15786
0 -8.13319
0 -8.10829
0 -8.08315
0 -8.05781
0 -8.03225
0 -8.0065
0 -7.98055
0 -7.95442
0 -7.92812
0 -7.90165
0 -7.87502
0 -7.84825
0 -7.82136
0 -7.79434
0 -7.76723
0 -7.74001
0 -7.71271
0 -7.68531
0 -7.65783
0 -7.63028
0 -7.60264
0 -7.57495
0 -7.54719
0 -7.51937
0 -7.4915
0 -7.46357
0 -7.43557
0 -7.40753
0 -7.37942
0 -7.35126
0 -7.32304
0 -7.29477
0 -7.26644
0 -7.23805
0 -7.20959
0 -7.18106
0 -7.15244
0 -7.12374
0 -7.09493
0 -7.06602
0 -7.03699
0 -7.00785
0 -6.97859
0 -6.94921
0 -6.9197
0 -6.89006
0 -6.86029
0 -6.83037
0 -6.80031
0 -6.7701
0 -6.73973
0 -6.70919
0 -6.67847
0 -6.64758
0 -6.61649
0 -6.58521
0 -6.55372
0 -6.52202
0 -6.49009
0 -6.45793
0 -6.42553
0 -6.39288
0 -6.35999
0 -6.32684
0 -6.29344
0 -6.25978
0 -6.22585
0 -6.19165
0 -6.15717
0 -6.12241
0 -6.08736
0 -6.05201
0 -6.01637
0 -5.98041
0 -5.94415
0 -5.90758
0 -5.8707
0 -5.83351
0 -5.79601
0 -5.75821
0 -5.7201
0 -5.68169
0 -5.64297
0 -5.60395
0 -5.56463
0 -5.525
0 -5.48508
0 -5.44486
0 -5.40434
0 -5.36352
0 -5.32241
0 -5.28101
0 -5.23931
0 -5.19732
0 -5.15505
0 -5.11251
0 -5.0697
0 -5.02664
0 -4.98334
0 -4.9398
0 -4.89605
0 -4.85209
0 -4.80792
0 -4.76356
0 -4.719
0 -4.67427
0 -4.62934
0 -4.58423
0 -4.53892
0 -4.4934
0 -4.44766
0 -4.40169
0 -4.35551
0 -4.3091
0 -4.26247
0 -4.21562
0 -4.16855
0 -4.12124
0 -4.0737
0 -4.02592
0 -3.97792
0 -3.92969
0 -3.88125
0 -3.83261
0 -3.78376
0 -3.73471
0 -3.68547
0 -3.63603
0 -3.58642
0 -3.53662
0 -3.48666
0 -3.43654
0 -3.38627
0 -3.33585
0 -3.28529
0 -3.23459
0 -3.18375
0 -3.13279
0 -3.0817
0 -3.03048
0 -2.97915
0 -2.92772
0 -2.87618
0 -2.82455
0 -2.77282
0 -2.721
0 -2.66908
0 -2.61708
0 -2.56498
0 -2.51278
0 -2.46051
0 -2.40814
0 -2.3557
0 -2.30316
0 -2.25055
0 -2.19786
0 -2.14508
0 -2.09224
0 -2.03932
0 -1.98633
0 -1.93329
0 -1.88021
0 -1.82708
0 -1.77391
0 -1.7207
0 -1.66745
0 -1.61415
0 -1.56081
0 -1.50741
0 -1.45395
0 -1.40043
0 -1.34683
0 -1.29316
0 -1.2394
0 -1.18555
0 -1.1316
0 -1.07756
0 -1.02341
0 -0.96916
0 -0.914803
0 -0.860336
0 -0.805756
0 -0.751058
0 -0.696242
0 -0.641309
0 -0.586262
0 -0.531106
0 -0.475848
0 -0.420496
0 -0.36506
0 -0.309545
0 -0.253958
0 -0.198304
0 -0.142591
0 -0.0868274
0 -0.0310202
0 0.0248227
0 0.080694
0 0.136587
0 0.192494
0 0.248409
0 0.304323
0 0.360228
0 0.416119
0 0.471987
0 0.527828
0 0.583635
0 0.6394
0 0.695116
0 0.750778
0 0.80638
0 0.861916
0 0.917378
0 0.97276
0 1.02805
0 1.08324
0 1.13833
0 1.19329
0 1.24814
0 1.30286
0 1.35745
0 1.41189
0 1.4662
0 1.52035
0 1.57434
0 1.62818
0 1.68187
0 1.7354
0 1.78878
0 1.84201
0 1.8951
0 1.94805
0 2.00086
0 2.05354
0 2.1061
0 2.15853
0 2.21084
0 2.26306
0 2.31518
0 2.36721
0 2.41917
0 2.47105
0 2.52285
0 2.57458
0 2.62625
0 2.67785
0 2.72938
0 2.78084
0 2.83222
0 2.88353
0 2.93474
0 2.98586
0 3.03688
0 3.08779
0 3.1386
0 3.18929
0 3.23988
0 3.29035
0 3.34071
0 3.39094
0 3.44104
0 3.49099
0 3.5408
0 3.59046
0 3.63997
0 3.68933
0 3.73853
0 3.78755
0 3.83639
0 3.88505
0 3.93352
0 3.98179
0 4.02986
0 4.07771
0 4.12534
0 4.17274
0 4.2199
0 4.26681
0 4.31347
0 4.35987
0 4.40601
0 4.45187
0 4.49745
0 4.54275
0 4.58777
0 4.6325
0 4.67693
0 4.72106
0 4.7649
0 4.80844
0 4.85168
0 4.89464
0 4.9373
0 4.97968
0 5.02177
0 5.06357
0 5.10509
0 5.14632
0 5.18729
0 5.22798
0 5.26841
0 5.30857
0 5.34846
0 5.38809
0 5.42745
0 5.46656
0 5.50541
0 5.54402
0 5.58237
0 5.62047
0 5.65831
0 5.69588
0 5.73318
0 5.77019
0 5.80693
0 5.84338
0 5.87955
0 5.91545
0 5.95108
0 5.98645
0 6.02156
0 6.05641
0 6.091
0 6.12533
0 6.1594
0 6.1932
0 6.22674
0 6.26001
0 6.29302
0 6.32574
0 6.35818
0 6.39032
0 6.42215
0 6.45365
0 6.48481
0 6.51563
0 6.54609
0 6.57619
0 6.60592
0 6.63528
0 6.66426
0 6.69284
0 6.72103
0 6.74881
0 6.77618
0 6.80314
0 6.8297
0 6.85584
0 6.88158
0 6.9069
0 6.93183
0 6.95636
0 6.98049
0 7.00426
0 7.02765
0 7.0507
0 7.07341
0 7.0958
0 7.11789
0 7.13968
0 7.16119
0 7.18243
0 7.20341
0 7.22415
0 7.24465
0 7.26493
0 7.285
0 7.30485
0 7.3245
0 7.34395
0 7.36318
0 7.38222
0 7.40106
0 7.4197
0 7.43814
0 7.4564
0 7.47448
0 7.49237
0 7.51008
0 7.5276
0 7.54493
0 7.56206
0 7.579
0 7.59572
0 7.61223
0 7.62853
0 7.64461
0 7.66048
0 7.67614
0 7.69158
0 7.70682
0 7.72186
0 7.7367
0 7.75135
0 7.76581
0 7.78008
0 7.79416
0 7.80806
0 7.82178
0 7.83533
0 7.84872
0 7.86194
0 7.87501
0 7.88793
0 7.90072
0 7.91336
0 7.92589
0 7.93828
0 7.95057
0 7.96273
0 7.97477
0 7.98668
0 7.99845
0 8.01008
0 8.02156
0 8.03289
0 8.04408
0 8.05512
0 8.06601
0 8.07676
0 8.08735
0 8.0978
0 8.1081
0 8.11824
0 8.12822
0 8.13803
0 8.14767
0 8.15713
0 8.16642
0 8.17554
0 8.18451
0 8.19332
0 8.20198
0 8.2105
0 8.21886
0 8.22708
0 8.23516
0 8.24311
0 8.25095
0 8.25868
0 8.26631
0 8.27385
0 8.28129
0 8.28865
0 8.29593
0 8.30314
0 8.31028
0 8.31736
0 8.32439
0 8.33137
0 8.33831
0 8.34521
0 8.35207
0 8.3589
0 8.3657
0 8.37249
0 8.37925
0 8.386
0 8.39272
0 8.39942
0 8.40611
0 8.41276
0 8.4194
0 8.426
0 8.43257
0 8.43909
0 8.44556
0 8.45198
0 8.45832
0 8.4646
0 8.47079
0 8.4769
0 8.48292
0 8.48883
0 8.49463
0 8.50032
0 8.50587
0 8.5113
0 8.51658
0 8.52172
0 8.52672
0 8.53156
0 8.53624
0 8.54078
0 8.54516
0 8.5494
0 8.55348
0 8.55741
0 8.56119
0 8.56482
0 8.56829
0 8.57163
0 8.57482
0 8.57788
0 8.58082
0 8.58363
0 8.58631
0 8.58887
0 8.59131
0 8.59361
0 8.59578
0 8.59783
0 8.59974
0 8.60152
0 8.60315
0 8.60462
0 8.60595
0 8.60711
0 8.60812
0 8.60897
0 8.60965
0 8.61017
0 8.61052
0 8.61068
0 8.61065
0 8.61043
0 8.61001
0 8.60938
0 8.60855
0 8.6075
0 8.60624
0 8.60478
0 8.6031
0 8.60122
0 8.59913
0 8.59683
0 8.59433
0 8.59164
0 8.58876
0 8.5857
0 8.58247
0 8.57908
0 8.57553
0 8.57182
0 8.56796
0 8.56396
0 8.55983
0 8.55557
0 8.55119
0 8.5467
0 8.54211
0 8.53743
0 8.53267
0 8.52782
0 8.5229
0 8.51791
0 8.51286
0 8.50776
0 8.50261
0 8.49742
0 8.49219
0 8.48691
0 8.48157
0 8.47618
0 8.47073
0 8.4652
0 8.4596
0 8.45392
0 8.44815
0 8.44229
0 8.43633
0 8.43025
0 8.42405
0 8.41772
0 8.41125
0 8.40462
0 8.39784
0 8.39089
0 8.38374
0 8.37641
0 8.36886
0 8.36109
0 8.3531
0 8.34488
0 8.33642
0 8.32771
0 8.31875
0 8.30955
0 8.3001
0 8.2904
0 8.28046
0 8.27027
0 8.25984
0 8.24916
0 8.23824
0 8.22707
0 8.21567
0 8.20403
0 8.19217
0 8.18008
0 8.16778
0 8.15527
0 8.14254
0 8.12959
0 8.11645
0 8.1031
0 8.08955
0 8.07582
0 8.0619
0 8.04779
0 8.03349
0 8.019
0 8.00431
0 7.98944
0 7.97437
0 7.95912
0 7.94368
0 7.92806
0 7.91226
0 7.89627
0 7.88011
0 7.86376
0 7.84723
0 7.83052
0 7.81362
0 7.79654
0 7.77928
0 7.76184
0 7.74422
0 7.72643
0 7.70846
0 7.69032
0 7.67201
0 7.65353
0 7.63488
0 7.61606
0 7.59707
0 7.57791
0 7.5586
0 7.53914
0 7.51953
0 7.49978
0 7.4799
0 7.45987
0 7.4397
0 7.4194
0 7.39898
0 7.37844
0 7.35778
0 7.33702
0 7.31616
0 7.2952
0 7.27415
0 7.25301
0 7.23179
0 7.21048
0 7.18908
0 7.16758
0 7.14598
0 7.12427
0 7.10245
0 7.08051
0 7.05845
0 7.03626
0 7.01394
0 6.99147
0 6.96885
0 6.94608
0 6.92313
0 6.90001
0 6.87671
0 6.85322
0 6.82952
0 6.80562
0 6.78151
0 6.75716
0 6.73258
0 6.70775
0 6.68266
0 6.65731
0 6.63168
0 6.60577
0 6.57958
0 6.5531
0 6.52632
0 6.49923
0 6.47184
0 6.44413
0 6.4161
0 6.38774
0 6.35906
0 6.33004
0 6.30069
0 6.271
0 6.24097
0 6.21058
0 6.17985
0 6.14877
0 6.11733
0 6.08554
0 6.05339
0 6.02087
0 5.98798
0 5.95472
0 5.9211
0 5.8871
0 5.85274
0 5.81802
0 5.78293
0 5.74748
0 5.71167
0 5.6755
0 5.63899
0 5.60213
0 5.56494
0 5.52743
0 5.4896
0 5.45147
0 5.41306
0 5.37436
0 5.33539
0 5.29616
0 5.25667
0 5.21693
0 5.17695
0 5.13673
0 5.0963
0 5.05565
0 5.0148
0 4.97377
0 4.93255
0 4.89116
0 4.8496
0 4.80789
0 4.76603
0 4.72403
0 4.68191
0 4.63966
0 4.59728
0 4.5548
0 4.51221
0 4.46952
0 4.42673
0 4.38385
0 4.34087
0 4.29781
0 4.25467
0 4.21145
0 4.16816
0 4.12481
0 4.0814
0 4.03794
0 3.99443
0 3.95087
0 3.90727
0 3.86364
0 3.81998
0 3.77629
0 3.73258
0 3.68884
0 3.64507
0 3.60128
0 3.55745
0 3.5136
0 3.46971
0 3.42579
0 3.38182
0 3.33781
0 3.29376
0 3.24966
0 3.20552
0 3.16133
0 3.11708
0 3.07276
0 3.02837
0 2.9839
0 2.93934
0 2.8947
0 2.84998
0 2.80517
0 2.76026
0 2.71526
0 2.67016
0 2.62496
0 2.57967
0 2.53429
0 2.48881
0 2.44325
0 2.39759
0 2.35184
0 2.30599
0 2.26004
0 2.21398
0 2.16781
0 2.12153
0 2.07515
0 2.02865
0 1.98205
0 1.93534
0 1.88853
0 1.84161
0 1.7946
0 1.74748
0 1.70026
0 1.65294
0 1.60553
0 1.55803
0 1.51044
0 1.46277
0 1.41503
0 1.36722
0 1.31935
0 1.27142
0 1.22344
0 1.17542
0 1.12737
0 1.07929
0 1.03121
0 0.983129
0 0.935056
0 0.887
0 0.838968
0 0.790965
0 0.742991
0 0.695049
0 0.647141
0 0.599272
0 0.551449
0 0.503679
0 0.45597
0 0.408323
0 0.360742
0 0.313226
0 0.265778
0 0.218399
0 0.171095
0 0.123869
0 0.0767261
0 0.0296669
0 -0.0173088
0 -0.0642033
0 -0.11102
0 -0.157764
0 -0.204437
0 -0.251045
0 -0.297591
0 -0.344078
0 -0.390504
0 -0.436864
0 -0.483153
0 -0.529365
0 -0.575496
0 -0.621543
0 -0.667508
0 -0.71339
0 -0.759188
0 -0.804902
0 -0.85053
0 -0.89607
0 -0.941522
0 -0.986887
0 -1.03217
0 -1.07738
0 -1.12252
0 -1.1676
0 -1.21263
0 -1.25761
0 -1.30256
0 -1.34749
0 -1.39239
0 -1.4373
0 -1.4822
0 -1.52713
0 -1.57207
0 -1.61705
0 -1.66206
0 -1.70711
0 -1.7522
0 -1.79733
0 -1.8425
0 -1.88772
0 -1.93297
0 -1.97825
0 -2.02357
0 -2.06893
0 -2.11431
0 -2.15973
0 -2.20518
0 -2.25065
0 -2.29615
0 -2.34169
0 -2.38724
0 -2.43283
0 -2.47845
0 -2.52411
0 -2.5698
0 -2.61552
0 -2.66128
0 -2.70707
0 -2.75288
0 -2.79871
0 -2.84456
0 -2.89042
0 -2.93627
0 -2.98212
0 -3.02795
0 -3.07376
0 -3.11952
0 -3.16525
0 -3.21092
0 -3.25654
0 -3.30209
0 -3.34756
0 -3.39296
0 -3.43827
0 -3.4835
0 -3.52865
0 -3.57371
0 -3.61867
0 -3.66353
0 -3.70828
0 -3.75294
0 -3.7975
0 -3.84197
0 -3.88636
0 -3.93068
0 -3.97493
0 -4.01912
0 -4.06323
0 -4.10728
0 -4.15126
0 -4.19517
0 -4.23901
0 -4.28277
0 -4.32646
0 -4.37008
0 -4.41362
0 -4.45708
0 -4.50047
0 -4.54378
0 -4.58701
0 -4.63015
0 -4.67322
0 -4.7162
0 -4.75909
0 -4.8019
0 -4.84462
0 -4.88725
0 -4.9298
0 -4.97225
0 -5.01461
0 -5.05688
0 -5.09905
0 -5.14112
0 -5.18308
0 -5.22494
0 -5.26667
0 -5.30829
0 -5.34978
0 -5.39115
0 -5.43238
0 -5.47349
0 -5.51446
0 -5.55529
0 -5.59598
0 -5.63651
0 -5.67688
0 -5.71709
0 -5.75714
0 -5.79703
0 -5.83674
0 -5.87628
0 -5.91564
0 -5.95482
0 -5.9938
0 -6.03259
0 -6.07119
0 -6.1096
0 -6.14781
0 -6.18582
0 -6.22362
0 -6.26121
0 -6.29858
0 -6.33573
0 -6.37264
0 -6.40932
0 -6.44576
0 -6.48196
0 -6.5179
0 -6.55359
0 -6.58901
0 -6.62418
0 -6.65908
0 -6.69373
0 -6.72812
0 -6.76225
0 -6.79614
0 -6.82978
0 -6.86317
0 -6.89631
0 -6.92921
0 -6.96185
0 -6.99424
0 -7.02636
0 -7.05823
0 -7.08983
0 -7.12116
0 -7.15222
0 -7.183
0 -7.21352
0 -7.24376
0 -7.27373
0 -7.30342
0 -7.33284
0 -7.36199
0 -7.39086
0 -7.41945
0 -7.44777
0 -7.47581
0 -7.50358
0 -7.53108
0 -7.55831
0 -7.58529
0 -7.61203
0 -7.63854
0 -7.66484
0 -7.69094
0 -7.71684
0 -7.74256
0 -7.76811
0 -7.79349
0 -7.8187
0 -7.84377
0 -7.86869
0 -7.89348
0 -7.91814
0 -7.94268
0 -7.9671
0 -7.99141
0 -8.01562
0 -8.03972
0 -8.06373
0 -8.08764
0 -8.11147
0 -8.13521
0 -8.15888
0 -8.18246
0 -8.20596
0 -8.22938
0 -8.25271
0 -8.27594
0 -8.29907
0 -8.3221
0 -8.34502
0 -8.36783
0 -8.39052
0 -8.41308
0 -8.43551
0 -8.45779
0 -8.47991
0 -8.50187
0 -8.52365
0 -8.54524
0 -8.56664
0 -8.58783
0 -8.6088
0 -8.62956
0 -8.6501
0 -8.6704
0 -8.69049
0 -8.71034
0 -8.72997
0 -8.74936
0 -8.76852
0 -8.78745
0 -8.80613
0 -8.82458
0 -8.84278
0 -8.86074
0 -8.87846
0 -8.89594
0 -8.91316
0 -8.93014
0 -8.94686
0 -8.96333
0 -8.97953
0 -8.99547
0 -9.01115
0 -9.02655
0 -9.04169
0 -9.05655
0 -9.07114
0 -9.08546
0 -9.0995
0 -9.11326
0 -9.12675
0 -9.13997
0 -9.15289
0 -9.16553
0 -9.17788
0 -9.18994
0 -9.2017
0 -9.21315
0 -9.22431
0 -9.23515
0 -9.24568
0 -9.2559
0 -9.2658
0 -9.27538
0 -9.28464
0 -9.29357
0 -9.30217
0 -9.31042
0 -9.31834
0 -9.32592
0 -9.33317
0 -9.34009
0 -9.34669
0 -9.35298
0 -9.35896
0 -9.36463
0 -9.37002
0 -9.37512
0 -9.37994
0 -9.3845
0 -9.3888
0 -9.39284
0 -9.39664
0 -9.40019
0 -9.40349
0 -9.40655
0 -9.40938
0 -9.41197
0 -9.41434
0 -9.41648
0 -9.41839
0 -9.42007
0 -9.42152
0 -9.42275
0 -9.42374
0 -9.4245
0 -9.42503
0 -9.42532
0 -9.42537
0 -9.42518
0 -9.42475
0 -9.42407
0 -9.42314
0 -9.42193
0 -9.42044
0 -9.41865
0 -9.41656
0 -9.41415
0 -9.41143
0 -9.40837
0 -9.40498
0 -9.40126
0 -9.39718
0 -9.39275
0 -9.38797
0 -9.38283
0 -9.37733
0 -9.37147
0 -9.36524
0 -9.35864
0 -9.35166
0 -9.34432
0 -9.33659
0 -9.32848
0 -9.31999
0 -9.31111
0 -9.30185
0 -9.2922
0 -9.28215
0 -9.27171
0 -9.26088
0 -9.24966
0 -9.23806
0 -9.22606
0 -9.21368
0 -9.20092
0 -9.18779
0 -9.17427
0 -9.16038
0 -9.14611
0 -9.13147
0 -9.11644
0 -9.10103
0 -9.08524
0 -9.06908
0 -9.05254
0 -9.03564
0 -9.01836
0 -9.00071
0 -8.9827
0 -8.96433
0 -8.9456
0 -8.92653
0 -8.90711
0 -8.88736
0 -8.86727
0 -8.84686
0 -8.82613
0 -8.80508
0 -8.78373
0 -8.76207
0 -8.74013
0 -8.71789
0 -8.69537
0 -8.67257
0 -8.6495
0 -8.62616
0 -8.60256
0 -8.5787
0 -8.5546
0 -8.53025
0 -8.50565
0 -8.4808
0 -8.4557
0 -8.43035
0 -8.40475
0 -8.3789
0 -8.35281
0 -8.32648
0 -8.29992
0 -8.27314
0 -8.24614
0 -8.21892
0 -8.19149
0 -8.16386
0 -8.13601
0 -8.10797
0 -8.07971
0 -8.05126
0 -8.02261
0 -7.99377
0 -7.96474
0 -7.93553
0 -7.90613
0 -7.87655
0 -7.84679
0 -7.81685
0 -7.78675
0 -7.75646
0 -7.72601
0 -7.69539
0 -7.6646
0 -7.63362
0 -7.60247
0 -7.57114
0 -7.53962
0 -7.50793
0 -7.47604
0 -7.44398
0 -7.41173
0 -7.37931
0 -7.34671
0 -7.31392
0 -7.28095
0 -7.2478
0 -7.21447
0 -7.18095
0 -7.14726
0 -7.11339
0 -7.07934
0 -7.04512
0 -7.01072
0 -6.97614
0 -6.94139
0 -6.90647
0 -6.87138
0 -6.83612
0 -6.80069
0 -6.76509
0 -6.72932
0 -6.69339
0 -6.65729
0 -6.62103
0 -6.5846
0 -6.54801
0 -6.51126
0 -6.47434
0 -6.43727
0 -6.40003
0 -6.36264
0 -6.32508
0 -6.28736
0 -6.24947
0 -6.21141
0 -6.17318
0 -6.13479
0 -6.09624
0 -6.05752
0 -6.01864
0 -5.9796
0 -5.9404
0 -5.90103
0 -5.86151
0 -5.82184
0 -5.78201
0 -5.74203
0 -5.70192
0 -5.66166
0 -5.62127
0 -5.58075
0 -5.5401
0 -5.49934
0 -5.45846
0 -5.41748
0 -5.37641
0 -5.33525
0 -5.294
0 -5.25268
0 -5.21129
0 -5.16984
0 -5.12832
0 -5.08674
0 -5.04511
0 -5.00343
0 -4.96169
0 -4.91991
0 -4.8781
0 -4.83624
0 -4.79435
0 -4.75244
0 -4.7105
0 -4.66853
0 -4.62654
0 -4.58452
0 -4.54249
0 -4.50043
0 -4.45836
0 -4.41627
0 -4.37416
0 -4.33204
0 -4.28991
0 -4.24777
0 -4.20563
0 -4.16349
0 -4.12135
0 -4.07923
0 -4.03712
0 -3.99503
0 -3.95298
0 -3.91096
0 -3.86898
0 -3.82703
0 -3.78512
0 -3.74325
0 -3.70142
0 -3.65963
0 -3.61788
0 -3.57618
0 -3.53453
0 -3.49293
0 -3.45139
0 -3.40991
0 -3.3685
0 -3.32715
0 -3.28586
0 -3.24464
0 -3.20349
0 -3.1624
0 -3.12138
0 -3.08042
0 -3.03951
0 -2.99867
0 -2.95788
0 -2.91716
0 -2.8765
0 -2.8359
0 -2.79536
0 -2.75489
0 -2.71448
0 -2.67414
0 -2.63387
0 -2.59366
0 -2.55351
0 -2.51343
0 -2.47342
0 -2.43347
0 -2.39358
0 -2.35375
0 -2.31398
0 -2.27426
0 -2.23461
0 -2.195
0 -2.15544
0 -2.11593
0 -2.07647
0 -2.03705
0 -1.99767
0 -1.95832
0 -1.91901
0 -1.87973
0 -1.84047
0 -1.80123
0 -1.76201
0 -1.7228
0 -1.68359
0 -1.6444
0 -1.6052
0 -1.56599
0 -1.52677
0 -1.48753
0 -1.44825
0 -1.40894
0 -1.36959
0 -1.3302
0 -1.29077
0 -1.25129
0 -1.21175
0 -1.17216
0 -1.13249
0 -1.09275
0 -1.05292
0 -1.013
0 -0.972991
0 -0.93288
0 -0.892666
0 -0.852345
0 -0.811912
0 -0.771362
0 -0.730692
0 -0.689903
0 -0.649
0 -0.607988
0 -0.566877
0 -0.525672
0 -0.484377
0 -0.442992
0 -0.401519
0 -0.359956
0 -0.318306
0 -0.276572
0 -0.234758
0 -0.19287
0 -0.150915
0 -0.108898
0 -0.0668233
0 -0.0246954
0 0.0174813
0 0.0597014
0 0.101958
0 0.144243
0 0.186551
0 0.228876
0 0.271214
0 0.313558
0 0.355905
0 0.398251
0 0.440597
0 0.482941
0 0.525283
0 0.567617
0 0.609936
0 0.652227
0 0.69448
0 0.736687
0 0.778843
0 0.820948
0 0.863
0 0.904996
0 0.946931
0 0.988798
0 1.03059
0 1.0723
0 1.11392
0 1.15546
0 1.1969
0 1.23824
0 1.27947
0 1.3206
0 1.3616
0 1.40248
0 1.44323
0 1.48384
0 1.52431
0 1.56464
0 1.60481
0 1.64483
0 1.68469
0 1.72438
0 1.76391
0 1.80327
0 1.84247
0 1.88149
0 1.92034
0 1.95903
0 1.99755
0 2.03591
0 2.07411
0 2.11215
0 2.15004
0 2.18778
0 2.22537
0 2.26282
0 2.30013
0 2.33731
0 2.37435
0 2.41126
0 2.44805
0 2.48472
0 2.52127
0 2.55771
0 2.59405
0 2.63027
0 2.6664
0 2.70242
0 2.73833
0 2.77414
0 2.80983
0 2.8454
0 2.88084
0 2.91614
0 2.95132
0 2.98637
0 3.02128
0 3.05605
0 3.09069
0 3.12517
0 3.15949
0 3.19365
0 3.22765
0 3.26147
0 3.29512
0 3.32859
0 3.36189
0 3.395
0 3.42794
0 3.4607
0 3.49327
0 3.52565
0 3.55785
0 3.58986
0 3.62169
0 3.65333
0 3.68479
0 3.71608
0 3.74719
0 3.77813
0 3.80891
0 3.8395
0 3.86993
0 3.90017
0 3.93025
0 3.96014
0 3.98986
0 4.0194
0 4.04876
0 4.07795
0 4.10695
0 4.13578
0 4.16442
0 4.19287
0 4.22114
0 4.24921
0 4.27707
0 4.30472
0 4.33216
0 4.35939
0 4.3864
0 4.4132
0 4.43979
0 4.46617
0 4.49233
0 4.51827
0 4.544
0 4.56951
0 4.5948
0 4.61988
0 4.64473
0 4.66937
0 4.69379
0 4.71799
0 4.74197
0 4.76574
0 4.7893
0 4.81265
0 4.8358
0 4.85876
0 4.88152
0 4.90409
0 4.92647
0 4.94866
0 4.97068
0 4.99252
0 5.01418
0 5.03568
0 5.057
0 5.07816
0 5.09916
0 5.12
0 5.14068
0 5.16121
0 5.18159
0 5.20183
0 5.22192
0 5.24187
0 5.26169
0 5.28137
0 5.30093
0 5.32035
0 5.33964
0 5.3588
0 5.37781
0 5.39668
0 5.41541
0 5.43398
0 5.45241
0 5.47068
0 5.48879
0 5.50675
0 5.52454
0 5.54216
0 5.55963
0 5.57693
0 5.59409
0 5.61109
0 5.62795
0 5.64467
0 5.66126
0 5.6777
0 5.69401
0 5.71018
0 5.72622
0 5.74212
0 5.75791
0 5.77358
0 5.78913
0 5.80457
0 5.81991
0 5.83514
0 5.85027
0 5.86531
0 5.88026
0 5.89512
0 5.9099
0 5.9246
0 5.93922
0 5.95377
0 5.96825
0 5.98267
0 5.99702
0 6.01131
0 6.02554
0 6.03971
0 6.05384
0 6.06792
0 6.08196
0 6.09596
0 6.10992
0 6.12384
0 6.13771
0 6.15154
0 6.16533
0 6.17907
0 6.19277
0 6.20643
0 6.22004
0 6.23361
0 6.24713
0 6.2606
0 6.27402
0 6.28738
0 6.30067
0 6.3139
0 6.32706
0 6.34014
0 6.35314
0 6.36607
0 6.37891
0 6.39167
0 6.40433
0 6.41688
0 6.42934
0 6.44169
0 6.45394
0 6.46608
0 6.47811
0 6.49005
0 6.50187
0 6.5136
0 6.52521
0 6.53672
0 6.54812
0 6.55941
0 6.57059
0 6.58166
0 6.59263
0 6.60348
0 6.61423
0 6.62486
0 6.63539
0 6.6458
0 6.6561
0 6.66629
0 6.67637
0 6.68634
0 6.69621
0 6.70597
0 6.71563
0 6.72519
0 6.73464
0 6.74399
0 6.75324
0 6.76238
0 6.77142
0 6.78035
0 6.78917
0 6.7979
0 6.80652
0 6.81504
0 6.82345
0 6.83176
0 6.83996
0 6.84806
0 6.85606
0 6.86395
0 6.87175
0 6.87946
0 6.88707
0 6.89457
0 6.90198
0 6.90927
0 6.91645
0 6.92352
0 6.93047
0 6.93729
0 6.944
0 6.95058
0 6.95705
0 6.96339
0 6.96961
0 6.97571
0 6.98169
0 6.98755
0 6.99328
0 6.9989
0 7.00439
0 7.00976
0 7.01502
0 7.02015
0 7.02516
0 7.03005
0 7.03482
0 7.03949
0 7.04404
0 7.0485
0 7.05286
0 7.05712
0 7.06129
0 7.06537
0 7.06935
0 7.07324
0 7.07703
0 7.08073
0 7.08434
0 7.08785
0 7.09127
0 7.09459
0 7.09782
0 7.10096
0 7.10399
0 7.10692
0 7.10973
0 7.11243
0 7.11502
0 7.11748
0 7.11983
0 7.12205
0 7.12416
0 7.12615
0 7.12801
0 7.12976
0 7.13139
0 7.1329
0 7.1343
0 7.13557
0 7.13674
0 7.1378
0 7.13875
0 7.1396
0 7.14035
0 7.14099
0 7.14155
0 7.142
0 7.14237
0 7.14264
0 7.14281
0 7.14289
0 7.14287
0 7.14275
0 7.14253
0 7.14219
0 7.14173
0 7.14115
0 7.14045
0 7.13962
0 7.13865
0 7.13755
0 7.1363
0 7.1349
0 7.13336
0 7.13165
0 7.12979
0 7.12776
0 7.12556
0 7.12319
0 7.12065
0 7.11792
0 7.11502
0 7.11193
0 7.10865
0 7.10517
0 7.1015
0 7.09762
0 7.09355
0 7.08927
0 7.0848
0 7.08013
0 7.07526
0 7.07017
0 7.06487
0 7.05935
0 7.0536
0 7.04763
0 7.04145
0 7.03505
0 7.02845
0 7.02163
0 7.01462
0 7.0074
0 6.99999
0 6.99239
0 6.98459
0 6.9766
0 6.96843
0 6.96006
0 6.95151
0 6.94278
0 6.93388
0 6.92479
0 6.91553
0 6.90609
0 6.89647
0 6.88668
0 6.87671
0 6.86657
0 6.85627
0 6.84581
0 6.83519
0 6.82441
0 6.81346
0 6.80235
0 6.79107
0 6.77962
0 6.76801
0 6.75622
0 6.74425
0 6.73211
0 6.7198
0 6.70731
0 6.69465
0 6.6818
0 6.66878
0 6.65558
0 6.64219
0 6.62862
0 6.61485
0 6.6009
0 6.58676
0 6.57243
0 6.5579
0 6.54317
0 6.52824
0 6.5131
0 6.49776
0 6.4822
0 6.46644
0 6.45046
0 6.43428
0 6.41788
0 6.40129
0 6.38448
0 6.36749
0 6.35029
0 6.33291
0 6.31533
0 6.29757
0 6.27962
0 6.26149
0 6.24318
0 6.22469
0 6.20602
0 6.18717
0 6.16814
0 6.14894
0 6.12957
0 6.11001
0 6.09028
0 6.07038
0 6.0503
0 6.03004
0 6.00961
0 5.98901
0 5.96823
0 5.94728
0 5.92614
0 5.90482
0 5.8833
0 5.86159
0 5.83967
0 5.81756
0 5.79526
0 5.77276
0 5.75006
0 5.72718
0 5.70412
0 5.68089
0 5.65748
0 5.63391
0 5.61018
0 5.5863
0 5.56225
0 5.53806
0 5.51373
0 5.48926
0 5.46465
0 5.43991
0 5.41504
0 5.39003
0 5.3649
0 5.33963
0 5.31425
0 5.28874
0 5.26312
0 5.23738
0 5.21152
0 5.18554
0 5.15944
0 5.13322
0 5.10688
0 5.08042
0 5.05382
0 5.0271
0 5.00025
0 4.97328
0 4.94619
0 4.91899
0 4.89169
0 4.86429
0 4.83679
0 4.8092
0 4.7815
0 4.75371
0 4.72582
0 4.69783
0 4.66974
0 4.64156
0 4.61328
0 4.58491
0 4.55644
0 4.52787
0 4.49919
0 4.47039
0 4.44147
0 4.41243
0 4.38325
0 4.35394
0 4.32449
0 4.29489
0 4.26516
0 4.23528
0 4.20525
0 4.17507
0 4.14473
0 4.11424
0 4.08359
0 4.05277
0 4.02179
0 3.99064
0 3.95933
0 3.92786
0 3.89623
0 3.86444
0 3.83249
0 3.80039
0 3.76812
0 3.7357
0 3.70312
0 3.67038
0 3.63748
0 3.60442
0 3.57119
0 3.53781
0 3.50426
0 3.47057
0 3.43672
0 3.40272
0 3.36858
0 3.33429
0 3.29986
0 3.26528
0 3.23056
0 3.19571
0 3.16072
0 3.12561
0 3.09037
0 3.05501
0 3.01953
0 2.98391
0 2.94818
0 2.91233
0 2.87636
0 2.84027
0 2.80407
0 2.76776
0 2.73134
0 2.69481
0 2.65819
0 2.62146
0 2.58463
0 2.54771
0 2.51068
0 2.47357
0 2.43636
0 2.39906
0 2.36169
0 2.32425
0 2.28674
0 2.24917
0 2.21154
0 2.17387
0 2.13615
0 2.09839
0 2.06061
0 2.02281
0 1.985
0 1.94718
0 1.90936
0 1.87154
0 1.83372
0 1.79591
0 1.7581
0 1.7203
0 1.68251
0 1.64476
0 1.60704
0 1.56936
0 1.53172
0 1.49413
0 1.45659
0 1.41909
0 1.38165
0 1.34427
0 1.30694
0 1.26968
0 1.23248
0 1.19534
0 1.15826
0 1.12125
0 1.0843
0 1.04742
0 1.0106
0 0.973843
0 0.937141
0 0.90049
0 0.863887
0 0.827329
0 0.790817
0 0.754351
0 0.717932
0 0.681559
0 0.645228
0 0.608936
0 0.572676
0 0.536445
0 0.500239
0 0.464057
0 0.427895
0 0.39175
0 0.355618
0 0.319495
0 0.283379
0 0.24727
0 0.211167
0 0.175069
0 0.13897
0 0.102865
0 0.0667488
0 0.0306185
0 -0.00552666
0 -0.0416855
0 -0.077856
0 -0.114036
0 -0.150226
0 -0.186425
0 -0.222636
0 -0.258863
0 -0.295105
0 -0.331364
0 -0.367637
0 -0.40392
0 -0.440209
0 -0.4765
0 -0.512793
0 -0.549085
0 -0.585376
0 -0.621665
0 -0.657953
0 -0.694237
0 -0.730517
0 -0.766791
0 -0.803058
0 -0.839317
0 -0.875567
0 -0.911805
0 -0.948028
0 -0.984234
0 -1.02042
0 -1.05659
0 -1.09274
0 -1.12887
0 -1.16499
0 -1.20109
0 -1.23717
0 -1.27324
0 -1.30928
0 -1.3453
0 -1.38129
0 -1.41724
0 -1.45316
0 -1.48904
0 -1.52488
0 -1.56068
0 -1.59644
0 -1.63216
0 -1.66784
0 -1.70348
0 -1.73907
0 -1.77463
0 -1.81014
0 -1.84562
0 -1.88107
0 -1.91648
0 -1.95186
0 -1.98721
0 -2.02252
0 -2.05779
0 -2.09303
0 -2.12823
0 -2.16339
0 -2.19851
0 -2.2336
0 -2.26865
0 -2.30367
0 -2.33867
0 -2.37365
0 -2.40861
0 -2.44356
0 -2.47849
0 -2.51342
0 -2.54834
0 -2.58327
0 -2.6182
0 -2.65314
0 -2.68808
0 -2.72304
0 -2.758
0 -2.79299
0 -2.828
0 -2.86304
0 -2.8981
0 -2.93318
0 -2.96829
0 -3.00344
0 -3.03862
0 -3.07384
0 -3.1091
0 -3.1444
0 -3.17973
0 -3.21509
0 -3.25047
0 -3.28587
0 -3.32128
0 -3.35669
0 -3.39211
0 -3.42753
0 -3.46293
0 -3.49833
0 -3.5337
0 -3.56904
0 -3.60435
0 -3.63961
0 -3.67484
0 -3.71001
0 -3.74512
0 -3.78018
0 -3.81516
0 -3.85008
0 -3.88491
0 -3.91965
0 -3.95431
0 -3.98887
0 -4.02333
0 -4.05769
0 -4.09193
0 -4.12607
0 -4.16008
0 -4.19398
0 -4.22776
0 -4.26142
0 -4.29496
0 -4.32838
0 -4.36166
0 -4.39481
0 -4.42782
0 -4.46068
0 -4.49339
0 -4.52594
0 -4.55835
0 -4.59059
0 -4.62269
0 -4.65463
0 -4.68642
0 -4.71804
0 -4.74951
0 -4.78081
0 -4.81195
0 -4.84293
0 -4.87375
0 -4.90441
0 -4.93491
0 -4.96525
0 -4.99543
0 -5.02544
0 -5.05529
0 -5.08497
0 -5.1145
0 -5.14386
0 -5.17308
0 -5.20214
0 -5.23106
0 -5.25984
0 -5.28848
0 -5.31697
0 -5.34532
0 -5.37353
0 -5.40159
0 -5.42951
0 -5.45728
0 -5.4849
0 -5.51238
0 -5.5397
0 -5.56688
0 -5.59391
0 -5.62078
0 -5.64751
0 -5.67409
0 -5.70052
0 -5.7268
0 -5.75295
0 -5.77897
0 -5.80486
0 -5.83062
0 -5.85626
0 -5.88177
0 -5.90717
0 -5.93244
0 -5.95759
0 -5.98263
0 -6.00756
0 -6.03237
0 -6.05708
0 -6.08168
0 -6.10616
0 -6.13053
0 -6.15479
0 -6.17893
0 -6.20295
0 -6.22685
0 -6.2506
0 -6.27422
0 -6.29769
0 -6.32101
0 -6.34418
0 -6.36721
0 -6.39007
0 -6.41277
0 -6.4353
0 -6.45765
0 -6.47981
0 -6.50179
0 -6.52358
0 -6.54518
0 -6.56657
0 -6.58775
0 -6.60874
0 -6.62951
0 -6.65008
0 -6.67043
0 -6.69056
0 -6.71046
0 -6.73014
0 -6.74958
0 -6.76879
0 -6.78776
0 -6.80648
0 -6.82495
0 -6.84317
0 -6.86112
0 -6.87881
0 -6.89623
0 -6.9134
0 -6.9303
0 -6.94693
0 -6.9633
0 -6.97939
0 -6.9952
0 -7.01073
0 -7.02598
0 -7.04095
0 -7.05566
0 -7.0701
0 -7.08428
0 -7.09819
0 -7.11183
0 -7.1252
0 -7.1383
0 -7.15113
0 -7.16368
0 -7.17597
0 -7.188
0 -7.19976
0 -7.21127
0 -7.22253
0 -7.23354
0 -7.24432
0 -7.25486
0 -7.26517
0 -7.27525
0 -7.28512
0 -7.29477
0 -7.30421
0 -7.31345
0 -7.3225
0 -7.33134
0 -7.33999
0 -7.34845
0 -7.35671
0 -7.3648
0 -7.3727
0 -7.38044
0 -7.388
0 -7.39538
0 -7.40259
0 -7.40962
0 -7.41647
0 -7.42315
0 -7.42964
0 -7.43596
0 -7.4421
0 -7.44806
0 -7.45384
0 -7.45944
0 -7.46486
0 -7.4701
0 -7.47515
0 -7.48003
0 -7.48472
0 -7.48923
0 -7.49355
0 -7.49769
0 -7.50165
0 -7.50542
0 -7.50901
0 -7.51241
0 -7.51562
0 -7.51865
0 -7.5215
0 -7.52415
0 -7.52662
0 -7.52891
0 -7.531
0 -7.53291
0 -7.53464
0 -7.53618
0 -7.53754
0 -7.53872
0 -7.53973
0 -7.54058
0 -7.54126
0 -7.54179
0 -7.54215
0 -7.54235
0 -7.54239
0 -7.54226
0 -7.54198
0 -7.54153
0 -7.54092
0 -7.54015
0 -7.53921
0 -7.53812
0 -7.53686
0 -7.53545
0 -7.53387
0 -7.53213
0 -7.53024
0 -7.52818
0 -7.52596
0 -7.52358
0 -7.52104
0 -7.51834
0 -7.51548
0 -7.51246
0 -7.50927
0 -7.50592
0 -7.50239
0 -7.49867
0 -7.49478
0 -7.4907
0 -7.48643
0 -7.48198
0 -7.47735
0 -7.47253
0 -7.46753
0 -7.46235
0 -7.45698
0 -7.45142
0 -7.44567
0 -7.43971
0 -7.43355
0 -7.42717
0 -7.42059
0 -7.4138
0 -7.40679
0 -7.39957
0 -7.39213
0 -7.38447
0 -7.37658
0 -7.36846
0 -7.36011
0 -7.35154
0 -7.34275
0 -7.33374
0 -7.32451
0 -7.31505
0 -7.30538
0 -7.29547
0 -7.28533
0 -7.27498
0 -7.2644
0 -7.25361
0 -7.24261
0 -7.23141
0 -7.22001
0 -7.20841
0 -7.19661
0 -7.18461
0 -7.17241
0 -7.16001
0 -7.14741
0 -7.13461
0 -7.12161
0 -7.10841
0 -7.09502
0 -7.08142
0 -7.06762
0 -7.05362
0 -7.03943
0 -7.02503
0 -7.01044
0 -6.99565
0 -6.98065
0 -6.96546
0 -6.95007
0 -6.93448
0 -6.91869
0 -6.90271
0 -6.88652
0 -6.87014
0 -6.85356
0 -6.83678
0 -6.8198
0 -6.80263
0 -6.78527
0 -6.7677
0 -6.74994
0 -6.73199
0 -6.71385
0 -6.69552
0 -6.67701
0 -6.65831
0 -6.63944
0 -6.6204
0 -6.60118
0 -6.58179
0 -6.56224
0 -6.54252
0 -6.52263
0 -6.50259
0 -6.48238
0 -6.46202
0 -6.4415
0 -6.42082
0 -6.39999
0 -6.379
0 -6.35785
0 -6.33656
0 -6.31511
0 -6.2935
0 -6.27176
0 -6.24987
0 -6.22784
0 -6.20568
0 -6.18339
0 -6.16096
0 -6.1384
0 -6.11571
0 -6.09288
0 -6.06993
0 -6.04686
0 -6.02367
0 -6.00036
0 -5.97694
0 -5.95341
0 -5.92975
0 -5.90598
0 -5.88209
0 -5.85809
0 -5.83398
0 -5.80975
0 -5.78541
0 -5.76097
0 -5.73644
0 -5.71181
0 -5.68709
0 -5.6623
0 -5.63742
0 -5.61246
0 -5.58741
0 -5.56228
0 -5.53707
0 -5.51179
0 -5.48643
0 -5.46099
0 -5.43547
0 -5.40988
0 -5.38421
0 -5.35846
0 -5.33263
0 -5.30673
0 -5.28076
0 -5.25471
0 -5.22859
0 -5.20239
0 -5.17612
0 -5.14978
0 -5.12337
0 -5.09689
0 -5.07035
0 -5.04373
0 -5.01704
0 -4.99029
0 -4.96347
0 -4.93659
0 -4.90964
0 -4.88263
0 -4.85555
0 -4.82842
0 -4.80123
0 -4.77398
0 -4.74668
0 -4.71931
0 -4.69189
0 -4.66441
0 -4.63687
0 -4.60926
0 -4.58159
0 -4.55385
0 -4.52604
0 -4.49814
0 -4.47017
0 -4.44211
0 -4.41396
0 -4.38572
0 -4.35738
0 -4.32894
0 -4.30039
0 -4.27173
0 -4.24295
0 -4.21405
0 -4.18502
0 -4.15585
0 -4.12655
0 -4.0971
0 -4.06749
0 -4.03774
0 -4.00783
0 -3.97775
0 -3.94751
0 -3.91709
0 -3.88651
0 -3.85575
0 -3.82483
0 -3.79375
0 -3.7625
0 -3.73108
0 -3.6995
0 -3.66776
0 -3.63586
0 -3.60379
0 -3.57157
0 -3.53918
0 -3.50664
0 -3.47394
0 -3.44108
0 -3.40807
0 -3.3749
0 -3.34159
0 -3.30812
0 -3.2745
0 -3.24075
0 -3.20686
0 -3.17284
0 -3.13868
0 -3.10439
0 -3.06997
0 -3.03541
0 -3.00072
0 -2.96589
0 -2.93092
0 -2.89582
0 -2.86058
0 -2.8252
0 -2.78969
0 -2.75404
0 -2.71827
0 -2.68237
0 -2.64634
0 -2.61019
0 -2.57393
0 -2.53755
0 -2.50107
0 -2.46449
0 -2.4278
0 -2.391
0 -2.35411
0 -2.31711
0 -2.28001
0 -2.24281
0 -2.20552
0 -2.16815
0 -2.1307
0 -2.09318
0 -2.05559
0 -2.01793
0 -1.9802
0 -1.9424
0 -1.90454
0 -1.8666
0 -1.82859
0 -1.79051
0 -1.75236
0 -1.71412
0 -1.67581
0 -1.63742
0 -1.59895
0 -1.5604
0 -1.52176
0 -1.48304
0 -1.44423
0 -1.40535
0 -1.36639
0 -1.32735
0 -1.28825
0 -1.24908
0 -1.20986
0 -1.17059
0 -1.13127
0 -1.09191
0 -1.0525
0 -1.01305
0 -0.973554
0 -0.934016
0 -0.894435
0 -0.854815
0 -0.815155
0 -0.775458
0 -0.735723
0 -0.69595
0 -0.656142
0 -0.616299
0 -0.576422
0 -0.536512
0 -0.49657
0 -0.456597
0 -0.416595
0 -0.376565
0 -0.336507
0 -0.296423
0 -0.256313
0 -0.21618
0 -0.176023
0 -0.135845
0 -0.0956459
0 -0.0554239
0 -0.0151761
0 0.0251016
0 0.0654125
0 0.105757
0 0.146135
0 0.186541
0 0.22697
0 0.267418
0 0.307882
0 0.348366
0 0.388873
0 0.429406
0 0.469963
0 0.510538
0 0.551122
0 0.59171
0 0.632296
0 0.672879
0 0.71346
0 0.754039
0 0.794618
0 0.835194
0 0.875767
0 0.916334
0 0.956892
0 0.997437
0 1.03796
0 1.07846
0 1.11893
0 1.15936
0 1.19975
0 1.24009
0 1.2804
0 1.32067
0 1.3609
0 1.40108
0 1.44121
0 1.48129
0 1.52131
0 1.56129
0 1.60122
0 1.64111
0 1.68095
0 1.72073
0 1.76047
0 1.80016
0 1.83979
0 1.87937
0 1.91889
0 1.95835
0 1.99774
0 2.03706
0 2.0763
0 2.11546
0 2.15454
0 2.19352
0 2.23242
0 2.27123
0 2.30995
0 2.34858
0 2.38712
0 2.42557
0 2.46393
0 2.50219
0 2.54035
0 2.57842
0 2.61639
0 2.65427
0 2.69205
0 2.72972
0 2.7673
0 2.80478
0 2.84215
0 2.87943
0 2.9166
0 2.95367
0 2.99065
0 3.02752
0 3.0643
0 3.10098
0 3.13756
0 3.17406
0 3.21045
0 3.24674
0 3.28293
0 3.31901
0 3.35497
0 3.39082
0 3.42656
0 3.46217
0 3.49767
0 3.53305
0 3.56831
0 3.60345
0 3.63847
0 3.67337
0 3.70814
0 3.74279
0 3.77731
0 3.8117
0 3.84595
0 3.88007
0 3.91404
0 3.94787
0 3.98156
0 4.0151
0 4.0485
0 4.08175
0 4.11487
0 4.14786
0 4.18071
0 4.21342
0 4.246
0 4.27843
0 4.31072
0 4.34287
0 4.37488
0 4.40675
0 4.43848
0 4.47006
0 4.5015
0 4.53279
0 4.56394
0 4.59494
0 4.62579
0 4.6565
0 4.68705
0 4.71746
0 4.74772
0 4.77782
0 4.80778
0 4.83758
0 4.86723
0 4.89673
0 4.92607
0 4.95526
0 4.98429
0 5.01316
0 5.04188
0 5.07045
0 5.09886
0 5.12712
0 5.15524
0 5.18321
0 5.21104
0 5.23873
0 5.26629
0 5.2937
0 5.32099
0 5.34813
0 5.37513
0 5.402
0 5.42873
0 5.45531
0 5.48176
0 5.50806
0 5.53422
0 5.56024
0 5.58611
0 5.61184
0 5.63742
0 5.66286
0 5.68815
0 5.71328
0 5.73824
0 5.76304
0 5.78766
0 5.8121
0 5.83637
0 5.86046
0 5.88437
0 5.90811
0 5.93167
0 5.95505
0 5.97826
0 6.00128
0 6.02412
0 6.04677
0 6.06922
0 6.09148
0 6.11353
0 6.13536
0 6.15699
0 6.17841
0 6.19961
0 6.22061
0 6.24139
0 6.26197
0 6.28233
0 6.30247
0 6.3224
0 6.34213
0 6.36164
0 6.38094
0 6.40004
0 6.41895
0 6.43766
0 6.45619
0 6.47453
0 6.49267
0 6.51062
0 6.52839
0 6.54595
0 6.56333
0 6.58051
0 6.5975
0 6.6143
0 6.6309
0 6.64732
0 6.66356
0 6.67962
0 6.6955
0 6.71122
0 6.72677
0 6.74213
0 6.7573
0 6.77228
0 6.78707
0 6.80166
0 6.81606
0 6.83029
0 6.84433
0 6.85819
0 6.87187
0 6.88538
0 6.89871
0 6.91187
0 6.92485
0 6.93766
0 6.9503
0 6.96276
0 6.97504
0 6.98715
0 6.99908
0 7.01083
0 7.02241
0 7.03381
0 7.04504
0 7.0561
0 7.06699
0 7.07772
0 7.0883
0 7.09873
0 7.109
0 7.11912
0 7.12908
0 7.13888
0 7.14852
0 7.15801
0 7.16734
0 7.17651
0 7.18553
0 7.19439
0 7.2031
0 7.21166
0 7.22006
0 7.22831
0 7.2364
0 7.24434
0 7.25212
0 7.25975
0 7.26722
0 7.27451
0 7.28164
0 7.28858
0 7.29534
0 7.30192
0 7.30831
0 7.31452
0 7.32055
0 7.3264
0 7.33206
0 7.33754
0 7.34284
0 7.34795
0 7.35289
0 7.35763
0 7.3622
0 7.36658
0 7.37077
0 7.37478
0 7.37861
0 7.38224
0 7.38568
0 7.38893
0 7.39198
0 7.39483
0 7.39748
0 7.39992
0 7.40217
0 7.40422
0 7.40609
0 7.40776
0 7.40923
0 7.41052
0 7.41161
0 7.4125
0 7.41321
0 7.41373
0 7.41407
0 7.41423
0 7.41421
0 7.414
0 7.41361
0 7.41304
0 7.41228
0 7.41135
0 7.41024
0 7.40897
0 7.40755
0 7.40596
0 7.40422
0 7.40233
0 7.40028
0 7.39807
0 7.39571
0 7.39319
0 7.39052
0 7.38769
0 7.3847
0 7.38157
0 7.37827
0 7.37483
0 7.37122
0 7.36746
0 7.36352
0 7.35941
0 7.35512
0 7.35065
0 7.346
0 7.34116
0 7.33615
0 7.33096
0 7.32558
0 7.32
0 7.31423
0 7.30825
0 7.30206
0 7.29567
0 7.28908
0 7.28228
0 7.27528
0 7.26807
0 7.26066
0 7.25304
0 7.2452
0 7.23714
0 7.22885
0 7.22032
0 7.21157
0 7.2026
0 7.19339
0 7.18395
0 7.17427
0 7.16435
0 7.15418
0 7.14375
0 7.13306
0 7.12213
0 7.11094
0 7.0995
0 7.08781
0 7.07587
0 7.06367
0 7.05123
0 7.03854
0 7.0256
0 7.01242
0 6.99901
0 6.98536
0 6.9715
0 6.95742
0 6.94312
0 6.92859
0 6.91385
0 6.89889
0 6.8837
0 6.86829
0 6.85267
0 6.83683
0 6.82077
0 6.8045
0 6.788
0 6.77129
0 6.75437
0 6.73723
0 6.71987
0 6.7023
0 6.68452
0 6.66652
0 6.64831
0 6.62989
0 6.61126
0 6.59243
0 6.5734
0 6.55417
0 6.53475
0 6.51514
0 6.49533
0 6.47535
0 6.45518
0 6.43483
0 6.4143
0 6.39358
0 6.37269
0 6.35162
0 6.33036
0 6.30894
0 6.28734
0 6.26559
0 6.24368
0 6.22162
0 6.19942
0 6.17707
0 6.15457
0 6.13192
0 6.10913
0 6.08618
0 6.0631
0 6.03986
0 6.01649
0 5.99297
0 5.96931
0 5.9455
0 5.92155
0 5.89747
0 5.87325
0 5.84891
0 5.82445
0 5.79988
0 5.77519
0 5.7504
0 5.7255
0 5.70048
0 5.67535
0 5.6501
0 5.62472
0 5.59923
0 5.57363
0 5.54791
0 5.52209
0 5.49617
0 5.47015
0 5.44402
0 5.41779
0 5.39145
0 5.36501
0 5.33848
0 5.31184
0 5.2851
0 5.25826
0 5.23133
0 5.20429
0 5.17716
0 5.14993
0 5.12261
0 5.09519
0 5.06767
0 5.04006
0 5.01236
0 4.98456
0 4.95667
0 4.9287
0 4.90063
0 4.87247
0 4.84422
0 4.81588
0 4.78745
0 4.75894
0 4.73035
0 4.70166
0 4.67289
0 4.64404
0 4.61511
0 4.58609
0 4.55699
0 4.5278
0 4.49854
0 4.46919
0 4.43977
0 4.41026
0 4.38068
0 4.35102
0 4.32128
0 4.29146
0 4.26157
0 4.2316
0 4.20156
0 4.17144
0 4.14125
0 4.11099
0 4.08066
0 4.05026
0 4.01978
0 3.98924
0 3.95863
0 3.92796
0 3.89721
0 3.86641
0 3.83553
0 3.80459
0 3.77358
0 3.7425
0 3.71136
0 3.68014
0 3.64885
0 3.61749
0 3.58605
0 3.55455
0 3.52297
0 3.49134
0 3.45965
0 3.4279
0 3.3961
0 3.36425
0 3.33235
0 3.30039
0 3.26837
0 3.23631
0 3.2042
0 3.17203
0 3.13982
0 3.10756
0 3.07525
0 3.04289
0 3.01049
0 2.97804
0 2.94555
0 2.91301
0 2.88042
0 2.8478
0 2.81513
0 2.78241
0 2.74966
0 2.71685
0 2.68399
0 2.65106
0 2.61808
0 2.58502
0 2.5519
0 2.51872
0 2.48548
0 2.45217
0 2.41881
0 2.38538
0 2.35189
0 2.31833
0 2.2847
0 2.25098
0 2.21718
0 2.1833
0 2.14933
0 2.11526
0 2.0811
0 2.04684
0 2.01247
0 1.978
0 1.94342
0 1.90873
0 1.87395
0 1.83906
0 1.80407
0 1.76897
0 1.73376
0 1.69843
0 1.66299
0 1.62744
0 1.59176
0 1.55598
0 1.52009
0 1.4841
0 1.44802
0 1.41184
0 1.37557
0 1.33921
0 1.30276
0 1.26623
0 1.2296
0 1.19289
0 1.1561
0 1.11922
0 1.08225
0 1.04521
0 1.00808
0 0.970868
0 0.933579
0 0.89621
0 0.858764
0 0.82124
0 0.783642
0 0.745972
0 0.708237
0 0.670444
0 0.6326
0 0.59471
0 0.556778
0 0.518804
0 0.480788
0 0.44273
0 0.40463
0 0.36649
0 0.32831
0 0.290093
0 0.25184
0 0.213552
0 0.175228
0 0.13687
0 0.0984806
0 0.0600632
0 0.0216243
0 -0.0168282
0 -0.0552874
0 -0.0937496
0 -0.132215
0 -0.170688
0 -0.209172
0 -0.247667
0 -0.28617
0 -0.324675
0 -0.363176
0 -0.40167
0 -0.440154
0 -0.478628
0 -0.517094
0 -0.55555
0 -0.593996
0 -0.63243
0 -0.670851
0 -0.709256
0 -0.747646
0 -0.786018
0 -0.824373
0 -0.862711
0 -0.901032
0 -0.939341
0 -0.977642
0 -1.01594
0 -1.05423
0 -1.09252
0 -1.13079
0 -1.16903
0 -1.20725
0 -1.24543
0 -1.28358
0 -1.3217
0 -1.35978
0 -1.39783
0 -1.43585
0 -1.47384
0 -1.51178
0 -1.54969
0 -1.58755
0 -1.62538
0 -1.66316
0 -1.7009
0 -1.73858
0 -1.7762
0 -1.81376
0 -1.85125
0 -1.88866
0 -1.926
0 -1.96327
0 -2.00046
0 -2.03758
0 -2.07462
0 -2.11159
0 -2.14848
0 -2.18529
0 -2.22202
0 -2.25867
0 -2.29524
0 -2.33173
0 -2.36814
0 -2.40444
0 -2.44065
0 -2.47675
0 -2.51273
0 -2.54861
0 -2.58437
0 -2.62003
0 -2.65558
0 -2.69101
0 -2.72634
0 -2.76155
0 -2.79665
0 -2.83164
0 -2.86651
0 -2.90127
0 -2.93592
0 -2.97044
0 -3.00485
0 -3.03912
0 -3.07326
0 -3.10725
0 -3.1411
0 -3.1748
0 -3.20836
0 -3.24178
0 -3.27506
0 -3.30819
0 -3.34117
0 -3.37401
0 -3.4067
0 -3.43924
0 -3.47164
0 -3.50388
0 -3.53598
0 -3.56793
0 -3.59973
0 -3.63137
0 -3.66286
0 -3.69419
0 -3.72536
0 -3.75637
0 -3.78723
0 -3.81792
0 -3.84847
0 -3.87887
0 -3.90913
0 -3.93925
0 -3.96924
0 -3.99909
0 -4.02882
0 -4.05841
0 -4.08786
0 -4.11718
0 -4.14636
0 -4.1754
0 -4.20431
0 -4.23308
0 -4.26171
0 -4.2902
0 -4.31855
0 -4.34675
0 -4.37482
0 -4.40275
0 -4.43052
0 -4.45814
0 -4.48561
0 -4.5129
0 -4.54002
0 -4.56697
0 -4.59374
0 -4.62033
0 -4.64673
0 -4.67293
0 -4.69894
0 -4.72474
0 -4.75034
0 -4.77573
0 -4.80091
0 -4.82588
0 -4.85063
0 -4.87517
0 -4.89947
0 -4.92353
0 -4.94736
0 -4.97095
0 -4.9943
0 -5.01742
0 -5.0403
0 -5.06295
0 -5.08535
0 -5.10752
0 -5.12944
0 -5.15112
0 -5.17257
0 -5.19377
0 -5.21473
0 -5.23545
0 -5.25592
0 -5.27615
0 -5.29614
0 -5.31588
0 -5.33538
0 -5.35464
0 -5.37364
0 -5.39241
0 -5.41092
0 -5.4292
0 -5.44723
0 -5.46503
0 -5.4826
0 -5.49995
0 -5.51708
0 -5.53399
0 -5.55068
0 -5.56714
0 -5.58339
0 -5.59941
0 -5.61523
0 -5.63084
0 -5.64626
0 -5.66147
0 -5.67649
0 -5.69131
0 -5.70594
0 -5.72035
0 -5.73457
0 -5.74858
0 -5.76238
0 -5.77598
0 -5.78938
0 -5.80257
0 -5.81556
0 -5.82834
0 -5.84092
0 -5.8533
0 -5.86546
0 -5.87743
0 -5.88918
0 -5.90074
0 -5.91208
0 -5.92323
0 -5.93418
0 -5.94494
0 -5.95551
0 -5.96591
0 -5.97612
0 -5.98616
0 -5.99601
0 -6.00569
0 -6.01518
0 -6.02449
0 -6.03362
0 -6.04256
0 -6.05133
0 -6.05991
0 -6.06832
0 -6.07654
0 -6.08458
0 -6.09244
0 -6.10011
0 -6.10761
0 -6.11492
0 -6.12206
0 -6.12904
0 -6.13584
0 -6.14247
0 -6.14893
0 -6.15521
0 -6.1613
0 -6.16722
0 -6.17295
0 -6.1785
0 -6.18386
0 -6.18905
0 -6.19406
0 -6.19889
0 -6.20354
0 -6.20801
0 -6.2123
0 -6.21641
0 -6.22034
0 -6.2241
0 -6.22768
0 -6.23109
0 -6.23434
0 -6.23744
0 -6.24039
0 -6.24318
0 -6.24583
0 -6.24832
0 -6.25066
0 -6.25285
0 -6.25489
0 -6.25677
0 -6.2585
0 -6.26009
0 -6.26153
0 -6.26284
0 -6.26401
0 -6.26505
0 -6.26597
0 -6.26677
0 -6.26744
0 -6.26798
0 -6.26841
0 -6.2687
0 -6.26887
0 -6.26892
0 -6.26884
0 -6.26864
0 -6.26831
0 -6.26787
0 -6.2673
0 -6.2666
0 -6.26579
0 -6.26487
0 -6.26383
0 -6.26268
0 -6.26144
0 -6.26009
0 -6.25865
0 -6.25711
0 -6.25548
0 -6.25375
0 -6.25192
0 -6.25
0 -6.24797
0 -6.24585
0 -6.24364
0 -6.24132
0 -6.23891
0 -6.2364
0 -6.2338
0 -6.2311
0 -6.2283
0 -6.2254
0 -6.2224
0 -6.21929
0 -6.21607
0 -6.21274
0 -6.20929
0 -6.20574
0 -6.20209
0 -6.19833
0 -6.19445
0 -6.19046
0 -6.18635
0 -6.18211
0 -6.17776
0 -6.17328
0 -6.16868
0 -6.16396
0 -6.15912
0 -6.15416
0 -6.14907
0 -6.14384
0 -6.13847
0 -6.13297
0 -6.12731
0 -6.12152
0 -6.11559
0 -6.10952
0 -6.10333
0 -6.09702
0 -6.09059
0 -6.08404
0 -6.07737
0 -6.07056
0 -6.06363
0 -6.05657
0 -6.04939
0 -6.04208
0 -6.03467
0 -6.02714
0 -6.01951
0 -6.01175
0 -6.00389
0 -5.99591
0 -5.98782
0 -5.97962
0 -5.97131
0 -5.9629
0 -5.95437
0 -5.94575
0 -5.93704
0 -5.92824
0 -5.91936
0 -5.91039
0 -5.90134
0 -5.89221
0 -5.88299
0 -5.87369
0 -5.86431
0 -5.85485
0 -5.84531
0 -5.83568
0 -5.82598
0 -5.8162
0 -5.80635
0 -5.79642
0 -5.78643
0 -5.77636
0 -5.76622
0 -5.75601
0 -5.74573
0 -5.73538
0 -5.72497
0 -5.71449
0 -5.70395
0 -5.69334
0 -5.68265
0 -5.67189
0 -5.66106
0 -5.65015
0 -5.63916
0 -5.62809
0 -5.61696
0 -5.60574
0 -5.59445
0 -5.58307
0 -5.5716
0 -5.56005
0 -5.5484
0 -5.53665
0 -5.52481
0 -5.51287
0 -5.50083
0 -5.48869
0 -5.47644
0 -5.46409
0 -5.45162
0 -5.43905
0 -5.42636
0 -5.41356
0 -5.40064
0 -5.3876
0 -5.37445
0 -5.36118
0 -5.34779
0 -5.33429
0 -5.32067
0 -5.30694
0 -5.2931
0 -5.27915
0 -5.26509
0 -5.25092
0 -5.23664
0 -5.22225
0 -5.20774
0 -5.19313
0 -5.1784
0 -5.16356
0 -5.14862
0 -5.13357
0 -5.11842
0 -5.10317
0 -5.08781
0 -5.07236
0 -5.0568
0 -5.04115
0 -5.02539
0 -5.00954
0 -4.9936
0 -4.97757
0 -4.96144
0 -4.94522
0 -4.92891
0 -4.9125
0 -4.89599
0 -4.87939
0 -4.86269
0 -4.8459
0 -4.82902
0 -4.81205
0 -4.795
0 -4.77787
0 -4.76065
0 -4.74335
0 -4.72598
0 -4.70853
0 -4.69101
0 -4.67342
0 -4.65576
0 -4.63803
0 -4.62023
0 -4.60236
0 -4.58441
0 -4.56639
0 -4.54829
0 -4.53011
0 -4.51186
0 -4.49352
0 -4.47511
0 -4.45662
0 -4.43806
0 -4.41942
0 -4.40071
0 -4.38192
0 -4.36305
0 -4.34411
0 -4.32509
0 -4.306
0 -4.28682
0 -4.26756
0 -4.24822
0 -4.22879
0 -4.20928
0 -4.18969
0 -4.17
0 -4.15023
0 -4.13037
0 -4.11043
0 -4.0904
0 -4.07028
0 -4.05007
0 -4.02979
0 -4.00941
0 -3.98896
0 -3.96842
0 -3.94779
0 -3.92709
0 -3.90629
0 -3.88542
0 -3.86445
0 -3.8434
0 -3.82225
0 -3.80103
0 -3.77971
0 -3.75831
0 -3.73682
0 -3.71523
0 -3.69356
0 -3.67179
0 -3.64993
0 -3.62798
0 -3.60593
0 -3.58379
0 -3.56155
0 -3.53923
0 -3.51681
0 -3.4943
0 -3.4717
0 -3.44901
0 -3.42623
0 -3.40336
0 -3.3804
0 -3.35736
0 -3.33423
0 -3.31101
0 -3.28771
0 -3.26433
0 -3.24086
0 -3.21733
0 -3.19371
0 -3.17003
0 -3.14627
0 -3.12245
0 -3.09857
0 -3.07462
0 -3.0506
0 -3.02652
0 -3.00238
0 -2.97818
0 -2.95393
0 -2.92961
0 -2.90525
0 -2.88082
0 -2.85633
0 -2.83178
0 -2.80717
0 -2.7825
0 -2.75777
0 -2.73298
0 -2.70813
0 -2.68323
0 -2.65827
0 -2.63325
0 -2.60817
0 -2.58303
0 -2.55782
0 -2.53254
0 -2.50718
0 -2.48176
0 -2.45627
0 -2.43071
0 -2.40507
0 -2.37935
0 -2.35356
0 -2.32768
0 -2.30172
0 -2.27568
0 -2.24956
0 -2.22335
0 -2.19705
0 -2.17066
0 -2.14419
0 -2.11762
0 -2.09096
0 -2.06421
0 -2.03736
0 -2.01041
0 -1.98337
0 -1.95624
0 -1.929
0 -1.90168
0 -1.87426
0 -1.84675
0 -1.81915
0 -1.79147
0 -1.76369
0 -1.73583
0 -1.70789
0 -1.67986
0 -1.65175
0 -1.62356
0 -1.59529
0 -1.56694
0 -1.53851
0 -1.51001
0 -1.48144
0 -1.4528
0 -1.4241
0 -1.39534
0 -1.36653
0 -1.33766
0 -1.30873
0 -1.27975
0 -1.25072
0 -1.22163
0 -1.1925
0 -1.16332
0 -1.13409
0 -1.10483
0 -1.07553
0 -1.04619
0 -1.01681
0 -0.987385
0 -0.957921
0 -0.928416
0 -0.898869
0 -0.869285
0 -0.839666
0 -0.810015
0 -0.780336
0 -0.75063
0 -0.720897
0 -0.69114
0 -0.661359
0 -0.631557
0 -0.601735
0 -0.571896
0 -0.54204
0 -0.512169
0 -0.482284
0 -0.452384
0 -0.422471
0 -0.392546
0 -0.362612
0 -0.332672
0 -0.302728
0 -0.272783
0 -0.242842
0 -0.212905
0 -0.182974
0 -0.153048
0 -0.123129
0 -0.0932171
0 -0.0633128
0 -0.033417
0 -0.00353066
0 0.0263454
0 0.0562105
0 0.0860638
0 0.115905
0 0.145733
0 0.175547
0 0.205346
0 0.235131
0 0.264899
0 0.294649
0 0.32438
0 0.354091
0 0.383781
0 0.41345
0 0.443097
0 0.472721
0 0.502322
0 0.531899
0 0.561451
0 0.590979
0 0.620481
0 0.649956
0 0.679405
0 0.708826
0 0.738218
0 0.76758
0 0.796911
0 0.826211
0 0.855476
0 0.884707
0 0.913901
0 0.943059
0 0.972179
0 1.00126
0 1.0303
0 1.0593
0 1.08825
0 1.11716
0 1.14602
0 1.17484
0 1.20361
0 1.23234
0 1.26102
0 1.28965
0 1.31824
0 1.34677
0 1.37526
0 1.40369
0 1.43208
0 1.46042
0 1.4887
0 1.51693
0 1.54511
0 1.57324
0 1.60131
0 1.62934
0 1.6573
0 1.68522
0 1.71309
0 1.74091
0 1.76867
0 1.79639
0 1.82406
0 1.85167
0 1.87923
0 1.90674
0 1.93419
0 1.9616
0 1.98895
0 2.01626
0 2.04351
0 2.07071
0 2.09786
0 2.12496
0 2.152
0 2.17899
0 2.20592
0 2.23279
0 2.25961
0 2.28637
0 2.31307
0 2.33971
0 2.36629
0 2.3928
0 2.41926
0 2.44565
0 2.47198
0 2.49825
0 2.52444
0 2.55057
0 2.57664
0 2.60263
0 2.62855
0 2.65441
0 2.68018
0 2.70589
0 2.73152
0 2.75708
0 2.78257
0 2.80799
0 2.83333
0 2.8586
0 2.88379
0 2.90891
0 2.93395
0 2.95891
0 2.9838
0 3.00861
0 3.03333
0 3.05798
0 3.08255
0 3.10704
0 3.13144
0 3.15576
0 3.18
0 3.20415
0 3.22822
0 3.25221
0 3.27611
0 3.29993
0 3.32366
0 3.3473
0 3.37086
0 3.39433
0 3.41771
0 3.441
0 3.4642
0 3.48731
0 3.51032
0 3.53325
0 3.55608
0 3.57881
0 3.60145
0 3.624
0 3.64645
0 3.6688
0 3.69105
0 3.7132
0 3.73526
0 3.75721
0 3.77907
0 3.80082
0 3.82247
0 3.84403
0 3.86547
0 3.88682
0 3.90806
0 3.9292
0 3.95023
0 3.97116
0 3.99198
0 4.0127
0 4.03331
0 4.05381
0 4.0742
0 4.09449
0 4.11466
0 4.13473
0 4.15468
0 4.17453
0 4.19427
0 4.21389
0 4.2334
0 4.2528
0 4.27208
0 4.29125
0 4.31031
0 4.32925
0 4.34808
0 4.36679
0 4.38539
0 4.40386
0 4.42222
0 4.44046
0 4.45858
0 4.47659
0 4.49447
0 4.51223
0 4.52987
0 4.54739
0 4.56479
0 4.58207
0 4.59923
0 4.61626
0 4.63317
0 4.64995
0 4.66661
0 4.68315
0 4.69956
0 4.71585
0 4.73201
0 4.74804
0 4.76395
0 4.77973
0 4.79539
0 4.81092
0 4.82632
0 4.84159
0 4.85674
0 4.87176
0 4.88665
0 4.90142
0 4.91606
0 4.93056
0 4.94494
0 4.95919
0 4.97331
0 4.9873
0 5.00116
0 5.01489
0 5.02849
0 5.04196
0 5.0553
0 5.06851
0 5.08158
0 5.09452
0 5.10733
0 5.12001
0 5.13256
0 5.14497
0 5.15725
0 5.1694
0 5.18142
0 5.1933
0 5.20504
0 5.21665
0 5.22813
0 5.23948
0 5.25068
0 5.26176
0 5.2727
0 5.2835
0 5.29417
0 5.3047
0 5.3151
0 5.32535
0 5.33548
0 5.34546
0 5.35531
0 5.36502
0 5.3746
0 5.38403
0 5.39333
0 5.40249
0 5.41152
0 5.4204
0 5.42915
0 5.43776
0 5.44623
0 5.45456
0 5.46275
0 5.4708
0 5.47871
0 5.48649
0 5.49412
0 5.50162
0 5.50897
0 5.51619
0 5.52326
0 5.5302
0 5.53699
0 5.54365
0 5.55016
0 5.55654
0 5.56277
0 5.56886
0 5.57481
0 5.58063
0 5.5863
0 5.59183
0 5.59721
0 5.60246
0 5.60757
0 5.61253
0 5.61736
0 5.62204
0 5.62658
0 5.63098
0 5.63523
0 5.63935
0 5.64333
0 5.64716
0 5.65085
0 5.6544
0 5.65781
0 5.66107
0 5.6642
0 5.66718
0 5.67002
0 5.67272
0 5.67528
0 5.67769
0 5.67997
0 5.6821
0 5.68409
0 5.68594
0 5.68765
0 5.68921
0 5.69064
0 5.69192
0 5.69306
0 5.69406
0 5.69491
0 5.69563
0 5.6962
0 5.69663
0 5.69693
0 5.69707
0 5.69708
0 5.69695
0 5.69668
0 5.69626
0 5.6957
0 5.69501
0 5.69417
0 5.69319
0 5.69207
0 5.69081
0 5.6894
0 5.68786
0 5.68618
0 5.68436
0 5.68239
0 5.68029
0 5.67805
0 5.67566
0 5.67314
0 5.67047
0 5.66767
0 5.66473
0 5.66165
0 5.65843
0 5.65506
0 5.65156
0 5.64793
0 5.64415
0 5.64023
0 5.63618
0 5.63198
0 5.62765
0 5.62318
0 5.61858
0 5.61383
0 5.60895
0 5.60393
0 5.59877
0 5.59347
0 5.58804
0 5.58247
0 5.57677
0 5.57093
0 5.56495
0 5.55883
0 5.55258
0 5.54619
0 5.53967
0 5.533
0 5.5262
0 5.51927
0 5.51219
0 5.50499
0 5.49764
0 5.49016
