0 0.175665
0 0.00567612
0 -0.195976
0 -0.168275
0 -0.168969
0 -0.170296
0 -0.172376
0 -0.174755
0 -0.177151
0 -0.179837
0 -0.182938
0 -0.186609
0 -0.190621
0 -0.194312
0 -0.197733
0 -0.201029
0 -0.204084
0 -0.207488
0 -0.211616
0 -0.21578
0 -0.219312
0 -0.221492
0 -0.22185
0 -0.220951
0 -0.220096
0 -0.220276
0 -0.22207
0 -0.226123
0 -0.232574
0 -0.241267
0 -0.250974
0 -0.260025
0 -0.268088
0 -0.275814
0 -0.283245
0 -0.289154
0 -0.291869
0 -0.290766
0 -0.287084
0 -0.281913
0 -0.275374
0 -0.267886
0 -0.260134
0 -0.252678
0 -0.246512
0 -0.241608
0 -0.237112
0 -0.234415
0 -0.235033
0 -0.238118
0 -0.241667
0 -0.243133
0 -0.241024
0 -0.235587
0 -0.227771
0 -0.21769
0 -0.203894
0 -0.187799
0 -0.175557
0 -0.171612
0 -0.175055
0 -0.181912
0 -0.18717
0 -0.185895
0 -0.174801
0 -0.152866
0 -0.121396
0 -0.0845948
0 -0.0471457
0 -0.0126728
0 0.0144762
0 0.0289736
0 0.0278245
0 0.0148636
0 -0.00129543
0 -0.0122572
0 -0.0138821
0 -0.00758288
0 0.00294123
0 0.0135635
0 0.0215974
0 0.0265485
0 0.0281038
0 0.0247166
0 0.0147716
0 -0.00144884
0 -0.0206109
0 -0.0372611
0 -0.0475501
0 -0.0504226
0 -0.0490412
0 -0.0502961
0 -0.0573273
0 -0.0644699
0 -0.0636858
0 -0.0530457
0 -0.0366838
0 -0.0209573
0 -0.0123734
0 -0.0186889
0 -0.0443258
0 -0.0844909
0 -0.127284
0 -0.164148
0 -0.198581
0 -0.241575
0 -0.301825
0 -0.376511
0 -0.448938
0 -0.495502
0 -0.500588
0 -0.468292
0 -0.41474
0 -0.354159
0 -0.296071
0 -0.2492
0 -0.217952
0 -0.194175
0 -0.164322
0 -0.124101
0 -0.0806321
0 -0.0460365
0 -0.0281135
0 -0.026233
0 -0.0346907
0 -0.0460004
0 -0.0542435
0 -0.0577065
0 -0.0576998
0 -0.0564196
0 -0.0558504
0 -0.0568171
0 -0.0592754
0 -0.058441
0 -0.0427033
0 -0.00135925
0 0.0706732
0 0.171547
0 0.287527
0 0.394572
0 0.471308
0 0.510304
0 0.51886
0 0.513402
0 0.508844
0 0.512546
0 0.52511
0 0.541764
0 0.560144
0 0.586178
0 0.625244
0 0.673572
0 0.721898
0 0.75616
0 0.76247
0 0.738189
0 0.688775
0 0.616177
0 0.51659
0 0.387381
0 0.237789
0 0.0946686
0 -0.0109587
0 -0.0640733
0 -0.0683787
0 -0.0372735
0 0.00393677
0 0.0280259
0 0.0159054
0 -0.0470866
0 -0.156942
0 -0.294724
0 -0.445352
0 -0.597048
0 -0.734096
0 -0.836874
0 -0.893858
0 -0.910935
0 -0.915192
0 -0.947698
0 -1.03558
0 -1.16682
0 -1.30024
0 -1.39819
0 -1.44514
0 -1.45035
0 -1.43751
0 -1.42905
0 -1.43578
0 -1.4556
0 -1.47963
0 -1.49962
0 -1.50702
0 -1.47779
0 -1.39143
0 -1.26475
0 -1.13055
0 -1.00304
0 -0.876738
0 -0.743726
0 -0.597547
0 -0.424276
0 -0.208731
0 0.0511053
0 0.332544
0 0.588893
0 0.784405
0 0.915982
0 1.00389
0 1.09162
0 1.21941
0 1.3863
0 1.55369
0 1.67952
0 1.74442
0 1.75579
0 1.73888
0 1.72057
0 1.7181
0 1.72527
0 1.70569
0 1.61825
0 1.44957
0 1.21817
0 0.956928
0 0.692781
0 0.432278
0 0.164705
0 -0.112987
0 -0.375295
0 -0.580076
0 -0.699601
0 -0.739981
0 -0.746326
0 -0.786737
0 -0.903512
0 -1.0644
0 -1.17811
0 -1.17268
0 -1.04959
0 -0.875669
0 -0.731407
0 -0.66092
0 -0.664394
0 -0.711242
0 -0.763043
0 -0.793633
0 -0.779472
0 -0.687331
0 -0.479055
0 -0.124215
0 0.370333
0 0.945865
0 1.53079
0 2.08422
0 2.57283
0 2.9649
0 3.26049
0 3.48442
0 3.68063
0 3.89308
0 4.13693
0 4.40799
0 4.69624
0 4.96928
0 5.16937
0 5.25021
0 5.22966
0 5.17816
0 5.1368
0 5.08143
0 4.95529
0 4.71578
0 4.36641
0 3.94741
0 3.52695
0 3.16948
0 2.87541
0 2.59202
0 2.2487
0 1.80008
0 1.26537
0 0.706247
0 0.205828
0 -0.150276
0 -0.334715
0 -0.381837
0 -0.352388
0 -0.333259
0 -0.410119
0 -0.610559
0 -0.881094
0 -1.15245
0 -1.40699
0 -1.64878
0 -1.86965
0 -2.06644
0 -2.26939
0 -2.51003
0 -2.78654
0 -3.09993
0 -3.43395
0 -3.73232
0 -3.94452
0 -4.05789
0 -4.10732
0 -4.18401
0 -4.36048
0 -4.61291
0 -4.86358
0 -5.02181
0 -5.00833
0 -4.81124
0 -4.49444
0 -4.12806
0 -3.77126
0 -3.46037
0 -3.18212
0 -2.91304
0 -2.65495
0 -2.42471
0 -2.20286
0 -1.93704
0 -1.59196
0 -1.18155
0 -0.783625
0 -0.487376
0 -0.345282
0 -0.389877
0 -0.609327
0 -0.913779
0 -1.17846
0 -1.31549
0 -1.33469
0 -1.30428
0 -1.27712
0 -1.28014
0 -1.31422
0 -1.35803
0 -1.3889
0 -1.39461
0 -1.35398
0 -1.22961
0 -1.01125
0 -0.742792
0 -0.475595
0 -0.220888
0 0.0357348
0 0.282004
0 0.48425
0 0.617193
0 0.67317
0 0.675847
0 0.655102
0 0.634475
0 0.630729
0 0.644325
0 0.660159
0 0.632572
0 0.497044
0 0.206873
0 -0.225394
0 -0.711191
0 -1.13277
0 -1.39665
0 -1.48788
0 -1.48277
0 -1.49983
0 -1.63585
0 -1.89362
0 -2.18864
0 -2.40837
0 -2.45499
0 -2.29431
0 -1.98533
0 -1.65475
0 -1.44775
0 -1.46918
0 -1.71448
0 -2.06227
0 -2.32015
0 -2.33892
0 -2.09487
0 -1.6345
0 -1.04158
0 -0.412951
0 0.173331
0 0.682096
0 1.10109
0 1.41212
0 1.65069
0 1.86003
0 2.01631
0 2.06447
0 1.98539
0 1.80984
0 1.55908
0 1.23359
0 0.828519
0 0.375789
0 -0.0350025
0 -0.296824
0 -0.320322
0 -0.113985
0 0.210917
0 0.499686
0 0.602682
0 0.45838
0 0.134492
0 -0.222666
0 -0.473
0 -0.533945
0 -0.413824
0 -0.226174
0 -0.106782
0 -0.111306
0 -0.219475
0 -0.35971
0 -0.469219
0 -0.50709
0 -0.424121
0 -0.182796
0 0.233056
0 0.763681
0 1.26422
0 1.56483
0 1.56065
0 1.30412
0 0.998269
0 0.893343
0 1.14044
0 1.72456
0 2.49721
0 3.23929
0 3.74437
0 3.89269
0 3.69666
0 3.31402
0 2.94218
0 2.70582
0 2.64644
0 2.67291
0 2.63909
0 2.47021
0 2.14891
0 1.7268
0 1.25702
0 0.758999
0 0.290721
0 -0.069408
0 -0.280559
0 -0.358919
0 -0.350655
0 -0.303223
0 -0.261187
0 -0.249904
0 -0.257271
0 -0.273113
0 -0.29386
0 -0.303013
0 -0.297296
0 -0.288644
0 -0.279273
0 -0.271994
0 -0.269121
0 -0.267724
0 -0.256961
0 -0.186941
0 -0.0137359
0 0.246375
0 0.506006
0 0.643305
0 0.574412
0 0.32063
0 0.015323
0 -0.189519
0 -0.185457
0 0.0542185
0 0.412025
0 0.720554
0 0.901343
0 0.934904
0 0.857071
0 0.714739
0 0.511598
0 0.270395
0 0.031907
0 -0.173037
0 -0.370624
0 -0.61822
0 -0.964301
0 -1.41618
0 -1.88478
0 -2.30906
0 -2.7048
0 -3.08982
0 -3.48232
0 -3.86208
0 -4.1656
0 -4.34672
0 -4.39371
0 -4.3204
0 -4.1343
0 -3.85692
0 -3.56025
0 -3.32064
0 -3.1815
0 -3.1361
0 -3.11314
0 -3.00682
0 -2.7738
0 -2.43908
0 -2.06767
0 -1.77925
0 -1.65004
0 -1.66041
0 -1.69916
0 -1.62486
0 -1.39169
0 -1.02248
0 -0.552634
0 -0.0300694
0 0.510816
0 1.04356
0 1.53595
0 1.96771
0 2.34969
0 2.68407
0 2.94862
0 3.16412
0 3.43224
0 3.8519
0 4.42874
0 5.10122
0 5.75765
0 6.27301
0 6.57903
0 6.64966
0 6.53485
0 6.36286
0 6.27385
0 6.40073
0 6.76206
0 7.26651
0 7.76971
0 8.12237
0 8.27848
0 8.23304
0 8.04077
0 7.82108
0 7.60429
0 7.3795
0 7.14568
0 6.89085
0 6.65773
0 6.46036
0 6.24996
0 5.94211
0 5.48434
0 4.91606
0 4.25387
0 3.50991
0 2.67036
0 1.74231
0 0.80209
0 -0.0829868
0 -0.836335
0 -1.39412
0 -1.80562
0 -2.17756
0 -2.57066
0 -3.04457
0 -3.60426
0 -4.18564
0 -4.73799
0 -5.22627
0 -5.58628
0 -5.82393
0 -6.00387
0 -6.14493
0 -6.26694
0 -6.38323
0 -6.51566
0 -6.69864
0 -6.95149
0 -7.21313
0 -7.36573
0 -7.31184
0 -7.07165
0 -6.78812
0 -6.52001
0 -6.29689
0 -6.10486
0 -5.83797
0 -5.43396
0 -4.87129
0 -4.16393
0 -3.3433
0 -2.50617
0 -1.77792
0 -1.18552
0 -0.755732
0 -0.478643
0 -0.288748
0 -0.193577
0 -0.20599
0 -0.354139
0 -0.640122
0 -0.999867
0 -1.35623
0 -1.62803
0 -1.76801
0 -1.79316
0 -1.80426
0 -1.88153
0 -2.02422
0 -2.21713
0 -2.4269
0 -2.56921
0 -2.67561
0 -2.84098
0 -3.0552
0 -3.30279
0 -3.51642
0 -3.62315
0 -3.66216
0 -3.65931
0 -3.60438
0 -3.56487
0 -3.5865
0 -3.6094
0 -3.6219
0 -3.63588
0 -3.64873
0 -3.64663
0 -3.62969
0 -3.62679
0 -3.61972
0 -3.61961
0 -3.62663
0 -3.63677
0 -3.63372
0 -3.56305
0 -3.38163
0 -3.03614
0 -2.52576
0 -1.9084
0 -1.26907
0 -0.668993
0 -0.0936267
0 0.456762
0 0.95492
0 1.38194
0 1.67968
0 1.91817
0 2.18435
0 2.40535
0 2.5851
0 2.70985
0 2.72342
0 2.62332
0 2.32852
0 1.83052
0 1.21701
0 0.558377
0 -0.0229383
0 -0.402432
0 -0.535534
0 -0.514744
0 -0.442227
0 -0.377441
0 -0.358664
0 -0.373912
0 -0.418196
0 -0.381962
0 -0.22872
0 -0.0309726
0 0.214449
0 0.423898
0 0.505725
0 0.419753
0 0.166772
0 -0.126041
0 -0.40596
0 -0.71704
0 -0.995197
0 -1.18743
0 -1.3462
0 -1.45991
0 -1.57119
0 -1.78094
0 -2.05686
0 -2.36377
0 -2.68706
0 -2.97044
0 -3.0976
0 -3.02721
0 -2.81576
0 -2.42874
0 -1.89389
0 -1.27469
0 -0.558763
0 0.283495
0 1.21165
0 2.09457
0 2.98223
0 3.86168
0 4.62872
0 5.30847
0 5.90071
0 6.40848
0 6.79043
0 7.05672
0 7.26845
0 7.44711
0 7.6625
0 7.84476
0 7.85221
0 7.74626
0 7.53792
0 7.25927
0 7.06782
0 7.00423
0 7.0023
0 6.9723
0 6.8666
0 6.7185
0 6.52291
0 6.20545
0 5.80309
0 5.31539
0 4.76244
0 4.21084
0 3.69214
0 3.24549
0 2.71514
0 2.09028
0 1.36218
0 0.356433
0 -0.865246
0 -2.28859
0 -3.89724
0 -5.56599
0 -7.22878
0 -8.85219
0 -10.4172
0 -11.9157
0 -13.4221
0 -14.9071
0 -16.2892
0 -17.637
0 -18.9241
0 -20.1079
0 -21.2565
0 -22.3316
0 -23.2807
0 -24.0267
0 -24.4933
0 -24.7033
0 -24.7159
0 -24.6029
0 -24.3986
0 -24.1507
0 -23.7698
0 -23.1635
0 -22.3385
0 -21.2231
0 -19.8812
0 -18.348
0 -16.609
0 -14.7898
0 -12.8912
0 -10.9883
0 -9.20893
0 -7.49832
0 -5.84271
0 -4.24089
0 -2.69189
0 -1.21067
0 0.265311
0 1.73192
0 3.23037
0 4.86975
0 6.58003
0 8.31553
0 10.0721
0 11.7525
0 13.3304
0 14.7428
0 15.9719
0 17.1435
0 18.2737
0 19.3986
0 20.5734
0 21.7701
0 22.9067
0 23.9021
0 24.7582
0 25.5189
0 26.1782
0 26.6814
0 27.0844
0 27.4715
0 27.8468
0 28.2255
0 28.5381
0 28.7164
0 28.7658
0 28.6492
0 28.4022
0 28.1542
0 27.9621
0 27.7677
0 27.6335
0 27.5474
0 27.3193
0 26.9155
0 26.2603
0 25.2847
0 24.0823
0 22.6537
0 21.1091
0 19.5993
0 18.093
0 16.7333
0 15.6401
0 14.6217
0 13.5744
0 12.528
0 11.5628
0 10.7211
0 10.0281
0 9.58591
0 9.26012
0 8.87802
0 8.4887
0 8.05223
0 7.54957
0 7.16514
0 6.84887
0 6.5475
0 6.33148
0 6.21012
0 6.17683
0 6.12613
0 6.12663
0 6.20903
0 6.34215
0 6.56717
0 6.79559
0 7.00572
0 7.20083
0 7.35376
0 7.49481
0 7.55315
0 7.46378
0 7.27665
0 6.95943
0 6.59671
0 6.31349
0 6.02117
0 5.80808
0 5.70942
0 5.66915
0 5.66911
0 5.70653
0 5.78625
0 5.71891
0 5.57859
0 5.39157
0 5.02879
0 4.67378
0 4.32473
0 3.85862
0 3.31778
0 2.64657
0 1.88633
0 1.12522
0 0.338552
0 -0.381685
0 -1.0729
0 -1.79484
0 -2.45013
0 -3.11842
0 -3.75893
0 -4.31693
0 -4.97912
0 -5.71534
0 -6.33775
0 -6.74227
0 -6.9674
0 -7.11017
0 -7.05396
0 -6.83108
0 -6.64307
0 -6.47327
0 -6.32617
0 -6.28292
0 -6.16473
0 -5.88864
0 -5.51183
0 -4.89608
0 -4.15083
0 -3.38317
0 -2.54689
0 -1.83992
0 -1.42723
0 -1.21208
0 -0.980064
0 -0.704713
0 -0.372706
0 0.180255
0 0.929153
0 1.7593
0 2.65805
0 3.61372
0 4.62851
0 5.71693
0 6.78682
0 7.83451
0 8.83222
0 9.77092
0 10.6613
0 11.4515
0 12.3409
0 13.2862
0 14.1708
0 15.0646
0 15.8623
0 16.5206
0 17.0658
0 17.5249
0 17.9113
0 18.3208
0 18.7582
0 19.1144
0 19.3058
0 19.3201
0 19.3165
0 19.2652
0 19.1163
0 18.9856
0 18.7768
0 18.4778
0 18.0543
0 17.407
0 16.7135
0 15.9348
0 15.1529
0 14.4363
0 13.6983
0 12.9817
0 12.2557
0 11.5467
0 10.7767
0 9.95329
0 9.11299
0 8.21823
0 7.22791
0 6.10283
0 4.94023
0 3.66841
0 2.33269
0 1.09919
0 -0.133684
0 -1.38656
0 -2.60093
0 -3.85561
0 -5.01845
0 -5.98527
0 -6.96388
0 -7.88652
0 -8.66248
0 -9.48723
0 -10.3452
0 -11.2002
0 -12.0785
0 -13.0293
0 -14.1649
0 -15.4159
0 -16.7042
0 -18.0135
0 -19.3377
0 -20.6101
0 -21.7889
0 -22.9143
0 -23.9501
0 -24.8016
0 -25.4648
0 -26.081
0 -26.596
0 -26.9415
0 -27.3305
0 -27.5497
0 -27.4503
0 -27.2229
0 -26.7077
0 -25.848
0 -24.8238
0 -23.7061
0 -22.5675
0 -21.5384
0 -20.6759
0 -19.961
0 -19.2938
0 -18.6966
0 -18.2683
0 -17.8864
0 -17.4651
0 -16.8658
0 -15.8622
0 -14.586
0 -13.0861
0 -11.4071
0 -9.72792
0 -8.06889
0 -6.32362
0 -4.58885
0 -2.86005
0 -0.959944
0 0.86231
0 2.50308
0 3.9591
0 5.17576
0 6.21714
0 7.10451
0 7.80462
0 8.33261
0 8.72539
0 8.98903
0 9.19976
0 9.27567
0 9.29895
0 9.39609
0 9.31551
0 8.98085
0 8.59499
0 8.06082
0 7.21213
0 6.24376
0 5.11861
0 3.65721
0 1.95393
0 0.116854
0 -1.76025
0 -3.51021
0 -5.11824
0 -6.54615
0 -7.78776
0 -9.12298
0 -10.5534
0 -11.7925
0 -12.8948
0 -13.8252
0 -14.4528
0 -14.9007
0 -15.1227
0 -15.133
0 -15.0309
0 -14.8216
0 -14.6105
0 -14.3931
0 -14.1024
0 -13.7754
0 -13.3635
0 -12.8761
0 -12.3061
0 -11.7151
0 -11.3789
0 -11.2604
0 -11.1597
0 -11.3061
0 -11.7174
0 -12.1247
0 -12.6549
0 -13.3128
0 -13.9816
0 -14.7942
0 -15.7812
0 -16.9224
0 -18.1147
0 -19.3432
0 -20.6572
0 -21.831
0 -22.8845
0 -23.801
0 -24.4078
0 -24.8535
0 -25.2339
0 -25.524
0 -25.7219
0 -25.8148
0 -25.7544
0 -25.433
0 -24.9043
0 -24.2238
0 -23.2136
0 -21.9009
0 -20.4328
0 -18.8223
0 -17.2336
0 -15.7436
0 -14.2843
0 -12.9198
0 -11.6925
0 -10.4324
0 -9.09326
0 -7.78844
0 -6.46534
0 -5.11005
0 -3.70103
0 -2.28604
0 -0.999182
0 0.0804835
0 0.759071
0 0.992541
0 0.821079
0 0.167905
0 -0.957903
0 -2.42043
0 -4.03735
0 -5.86482
0 -7.7851
0 -9.60482
0 -11.4761
0 -13.2113
0 -14.8081
0 -16.4878
0 -18.0557
0 -19.5463
0 -21.0926
0 -22.5353
0 -23.7955
0 -24.9078
0 -25.8528
0 -26.6468
0 -27.3122
0 -27.8496
0 -28.2823
0 -28.6374
0 -28.9097
0 -29.0068
0 -28.9071
0 -28.4922
0 -27.5826
0 -26.3288
0 -24.7091
0 -22.5256
0 -19.9477
0 -17.2225
0 -14.3267
0 -11.4147
0 -8.69595
0 -6.20539
0 -4.1372
0 -2.46239
0 -0.862261
0 0.793876
0 2.43
0 4.04396
0 5.61593
0 7.08885
0 8.32927
0 9.23991
0 9.8684
0 10.1939
0 10.2206
0 9.99204
0 9.62165
0 9.33144
0 9.05277
0 8.63852
0 8.24431
0 7.76169
0 7.02723
0 6.11266
0 5.01969
0 3.75009
0 2.2696
0 0.678736
0 -0.972614
0 -2.63848
0 -4.10527
0 -5.41216
0 -6.58234
0 -7.51596
0 -8.29877
0 -8.94971
0 -9.31828
0 -9.6402
0 -9.89645
0 -9.92519
0 -9.92529
0 -9.74554
0 -9.42807
0 -9.11177
0 -8.81832
0 -8.69953
0 -8.63679
0 -8.56119
0 -8.60075
0 -8.72338
0 -8.78049
0 -8.7638
0 -8.64084
0 -8.28556
0 -7.72244
0 -6.93355
0 -6.01907
0 -5.0921
0 -4.08294
0 -3.10572
0 -2.16451
0 -1.3081
0 -0.719098
0 -0.340233
0 -0.153691
0 -0.116624
0 -0.214183
0 -0.425846
0 -0.556134
0 -0.451679
0 -0.225027
0 0.158408
0 0.772625
0 1.47496
0 2.35616
0 3.44982
0 4.68443
0 5.95188
0 7.29649
0 8.77683
0 10.324
0 11.9318
0 13.5819
0 15.0873
0 16.313
0 17.505
0 18.675
0 19.8828
0 21.2524
0 22.6097
0 23.9821
0 25.4689
0 26.9473
0 28.3634
0 29.8066
0 31.3432
0 32.8672
0 34.2617
0 35.6993
0 37.0354
0 38.0767
0 38.97
0 39.7071
0 40.1722
0 40.4135
0 40.3612
0 39.8703
0 38.9487
0 37.4282
0 35.2292
0 32.4284
0 29.0933
0 25.4494
0 21.7252
0 18.0925
0 14.5809
0 11.221
0 8.13758
0 5.26866
0 2.62025
0 0.304824
0 -1.8234
0 -3.92985
0 -5.96455
0 -8.02499
0 -10.1141
0 -12.0424
0 -13.7887
0 -15.3673
0 -16.721
0 -17.7743
0 -18.5581
0 -19.1762
0 -19.6754
0 -20.1112
0 -20.5024
0 -20.7151
0 -20.7219
0 -20.5086
0 -20.0018
0 -19.3734
0 -18.6714
0 -17.8925
0 -17.1342
0 -16.3677
0 -15.6098
0 -14.8565
0 -14.2045
0 -13.7257
0 -13.2357
0 -12.7034
0 -12.0634
0 -11.1202
0 -10.0045
0 -8.69697
0 -7.15874
0 -5.54216
0 -3.82712
0 -2.058
0 -0.38549
0 1.05211
0 2.12773
0 2.7059
0 2.75994
0 2.28075
0 1.32059
0 0.0106029
0 -1.53375
0 -3.06581
0 -4.29921
0 -5.06768
0 -5.30931
0 -5.11933
0 -4.64912
0 -3.9399
0 -3.18593
0 -2.52599
0 -1.77984
0 -0.846373
0 0.264381
0 1.53243
0 2.99252
0 4.54225
0 6.01722
0 7.59846
0 9.27637
0 10.9992
0 12.9245
0 14.9962
0 17.153
0 19.4172
0 21.7967
0 24.1305
0 26.2454
0 28.1449
0 29.8646
0 31.3935
0 32.6892
0 33.8007
0 34.705
0 35.3181
0 35.6779
0 35.8229
0 35.6772
0 35.2868
0 34.7065
0 33.8752
0 32.9495
0 31.8474
0 30.5473
0 29.2751
0 27.9047
0 26.4016
0 24.9791
0 23.6559
0 22.2335
0 20.8322
0 19.5194
0 18.0297
0 16.3432
0 14.4676
0 12.318
0 10.013
0 7.64352
0 5.27115
0 3.03667
0 1.0774
0 -0.675182
0 -2.411
0 -4.17525
0 -5.87596
0 -7.45036
0 -9.00709
0 -10.5619
0 -12.0599
0 -13.5318
0 -15.0158
0 -16.3994
0 -17.6738
0 -18.8498
0 -19.8416
0 -20.6384
0 -21.0948
0 -21.2037
0 -21.0476
0 -20.6232
0 -19.959
0 -19.0418
0 -17.9352
0 -16.7445
0 -15.4424
0 -14.1461
0 -13.0692
0 -12.1729
0 -11.3816
0 -10.6046
0 -9.83829
0 -9.13082
0 -8.38893
0 -7.53807
0 -6.72411
0 -5.98091
0 -5.13305
0 -4.28866
0 -3.43002
0 -2.5256
0 -1.72796
0 -0.940047
0 -0.15372
0 0.465341
0 0.891602
0 1.20073
0 1.32393
0 1.2876
0 1.25616
0 1.2499
0 1.27589
0 1.36433
0 1.65525
0 2.24724
0 2.99777
0 3.76778
0 4.50473
0 5.01698
0 5.14491
0 4.90108
0 4.32153
0 3.46847
0 2.4508
0 1.36686
0 0.331556
0 -0.652997
0 -1.60273
0 -2.45097
0 -3.29089
0 -4.14937
0 -5.01875
0 -5.89861
0 -6.62328
0 -7.23485
0 -7.81772
0 -8.16662
0 -8.28994
0 -8.25571
0 -7.80581
0 -7.00533
0 -6.09709
0 -5.00014
0 -3.91528
0 -3.02534
0 -2.10248
0 -1.15581
0 -0.141579
0 1.11981
0 2.49421
0 4.00446
0 5.63123
0 7.235
0 8.76727
0 10.1514
0 11.4967
0 12.7793
0 13.9469
0 15.0636
0 16.1265
0 17.1833
0 18.1504
0 18.8067
0 19.1449
0 19.1737
0 18.7305
0 17.882
0 16.7344
0 15.3052
0 13.7397
0 12.1218
0 10.4951
0 8.92795
0 7.4445
0 6.13177
0 5.11641
0 4.31117
0 3.68788
0 3.29156
0 2.93364
0 2.59928
0 2.37306
0 2.26965
0 2.3445
0 2.59765
0 3.16185
0 3.92925
0 4.76515
0 5.78191
0 6.72334
0 7.56025
0 8.46138
0 9.38804
0 10.3751
0 11.4674
0 12.6218
0 13.7252
0 14.7318
0 15.47
0 15.9741
0 16.2774
0 16.3627
0 16.3837
0 16.351
0 16.2827
0 16.1629
0 16.0894
0 16.0827
0 16.076
0 16.0529
0 16.0638
0 16.0968
0 16.0731
0 16.1274
0 16.306
0 16.5956
0 16.9888
0 17.3403
0 17.4948
0 17.4047
0 17.1218
0 16.6728
0 16.1047
0 15.4878
0 14.8881
0 14.3012
0 13.5148
0 12.5364
0 11.5203
0 10.4439
0 9.40692
0 8.51705
0 7.78844
0 7.17022
0 6.46894
0 5.72298
0 4.96249
0 4.03065
0 3.11007
0 2.26041
0 1.37865
0 0.527382
0 -0.447508
0 -1.51423
0 -2.49017
0 -3.42267
0 -4.25326
0 -4.92918
0 -5.51803
0 -6.07521
0 -6.53382
0 -6.73727
0 -6.79627
0 -6.84485
0 -6.79306
0 -6.58631
0 -6.21731
0 -5.73225
0 -5.09958
0 -4.25898
0 -3.31
0 -2.37636
0 -1.49532
0 -0.682488
0 -0.0401242
0 0.446253
0 0.806776
0 1.11286
0 1.45546
0 1.75581
0 2.12283
0 2.52538
0 2.90824
0 3.41477
0 4.05905
0 4.89941
0 5.94084
0 7.10311
0 8.40421
0 9.78518
0 11.0893
0 12.3453
0 13.5286
0 14.5267
0 15.4606
0 16.3239
0 17.0317
0 17.6048
0 17.9834
0 18.0381
0 17.796
0 17.4975
0 17.1256
0 16.7681
0 16.6922
0 16.7328
0 16.8107
0 17.06
0 17.2825
0 17.4728
0 17.7629
0 18.0049
0 18.1412
0 18.2311
0 18.2989
0 18.1659
0 17.9097
0 17.6096
0 17.0701
0 16.3713
0 15.4084
0 14.0617
0 12.4382
0 10.6128
0 8.75939
0 6.94163
0 5.24824
0 3.69393
0 2.23711
0 0.857751
0 -0.510546
0 -1.74538
0 -2.90791
0 -3.93105
0 -4.62698
0 -5.00936
0 -5.02863
0 -4.7777
0 -4.37598
0 -3.92914
0 -3.5392
0 -3.17483
0 -2.84078
0 -2.54632
0 -2.26094
0 -1.91061
0 -1.45426
0 -0.899761
0 -0.258607
0 0.349266
0 0.860557
0 1.27565
0 1.48137
0 1.56024
0 1.55865
0 1.31218
0 1.03363
0 0.718613
0 0.177506
0 -0.494205
0 -1.32725
0 -2.25205
0 -3.207
0 -4.21378
0 -5.141
0 -5.99132
0 -6.87265
0 -7.70881
0 -8.53377
0 -9.35321
0 -10.0078
0 -10.6341
0 -11.3512
0 -12.0328
0 -12.6981
0 -13.3181
0 -13.9119
0 -14.494
0 -14.9701
0 -15.4912
0 -15.8729
0 -16.1349
0 -16.5133
0 -16.8339
0 -17.0526
0 -17.1418
0 -17.206
0 -17.2298
0 -17.0001
0 -16.6669
0 -16.3714
0 -15.9297
0 -15.4237
0 -14.9765
0 -14.4061
0 -13.8401
0 -13.3334
0 -12.7449
0 -12.2235
0 -11.8693
0 -11.5561
0 -11.297
0 -11.0678
0 -10.7544
0 -10.3646
0 -9.84999
0 -9.15915
0 -8.32644
0 -7.30996
0 -6.1101
0 -4.80084
0 -3.2918
0 -1.66329
0 -0.0662742
0 1.55854
0 3.13823
0 4.47751
0 5.57128
0 6.40792
0 6.86352
0 6.83856
0 6.42517
0 5.73539
0 4.76928
0 3.74476
0 2.63668
0 1.45596
0 0.25544
0 -1.25887
0 -2.99373
0 -4.82856
0 -6.82389
0 -8.7399
0 -10.4498
0 -12.1216
0 -13.8002
0 -15.2765
0 -16.5979
0 -17.9349
0 -19.1236
0 -20.1814
0 -21.1414
0 -21.9518
0 -22.6758
0 -23.3457
0 -23.8569
0 -24.1743
0 -24.3042
0 -24.1714
0 -23.8796
0 -23.3994
0 -22.7454
0 -21.9923
0 -21.1226
0 -20.2652
0 -19.359
0 -18.2834
0 -17.2595
0 -16.3356
0 -15.4667
0 -14.7698
0 -14.1283
0 -13.4837
0 -12.9903
0 -12.5788
0 -12.0486
0 -11.4953
0 -11.0887
0 -10.5395
0 -9.86204
0 -9.45965
0 -9.0117
0 -8.49078
0 -8.13563
0 -7.77671
0 -7.4945
0 -7.33579
0 -7.30368
0 -7.39637
0 -7.49151
0 -7.66255
0 -8.06851
0 -8.62001
0 -9.36971
0 -10.2883
0 -11.2228
0 -12.262
0 -13.2435
0 -13.9315
0 -14.5882
0 -15.2963
0 -15.8008
0 -16.228
0 -16.7122
0 -17.0473
0 -17.029
0 -17.0916
0 -17.1949
0 -16.8592
0 -16.4869
0 -16.2557
0 -16.0139
0 -15.7678
0 -15.5258
0 -15.1576
0 -14.7181
0 -14.3635
0 -13.9033
0 -13.5583
0 -13.4306
0 -13.3975
0 -13.3802
0 -13.3325
0 -13.4093
0 -13.3432
0 -13.4043
0 -13.649
0 -13.777
0 -14.0605
0 -14.2691
0 -14.438
0 -14.4972
0 -14.5046
0 -14.8144
0 -14.9927
0 -15.0817
0 -15.3174
0 -15.385
0 -15.1271
0 -14.8586
0 -14.5743
0 -14.0635
0 -13.3409
0 -12.3978
0 -11.4672
0 -10.5419
0 -9.51594
0 -8.51811
0 -7.5971
0 -6.6105
0 -5.51482
0 -4.4091
0 -3.41944
0 -2.54775
0 -1.60665
0 -0.573261
0 0.392032
0 1.31904
0 2.29126
0 3.08749
0 3.75277
0 4.21925
0 4.65579
0 5.10551
0 5.29128
0 5.38466
0 5.37691
0 5.46186
0 5.60762
0 5.53788
0 5.50944
0 5.59777
0 5.5617
0 5.62878
0 5.62874
0 5.50425
0 5.70342
0 5.73358
0 5.43195
0 5.2391
0 4.99612
0 4.61811
0 4.08744
0 3.38272
0 2.78574
0 2.19127
0 1.40283
0 0.396045
0 -0.625913
0 -1.61993
0 -2.69562
0 -3.73558
0 -4.70502
0 -5.42098
0 -6.1184
0 -6.8547
0 -7.43516
0 -8.12027
0 -8.79475
0 -9.31511
0 -9.84317
0 -10.2266
0 -10.6002
0 -11.03
0 -11.1537
0 -11.4477
0 -11.8014
0 -11.6971
0 -11.6711
0 -11.7704
0 -11.7883
0 -11.9562
0 -12.2703
0 -12.4581
0 -12.6229
0 -12.7878
0 -12.6627
0 -12.4197
0 -12.1574
0 -11.9951
0 -11.816
0 -11.4309
0 -11.2554
0 -11.3213
0 -11.341
0 -11.1626
0 -10.9622
0 -10.8235
0 -10.5893
0 -10.3508
0 -9.91426
0 -9.33587
0 -8.76266
0 -8.0915
0 -7.29764
0 -6.19983
0 -4.95817
0 -3.49899
0 -1.77784
0 -0.389653
0 0.871214
0 2.08794
0 2.87607
0 3.79233
0 4.97012
0 6.15818
0 7.46815
0 8.7579
0 10.1225
0 11.4874
0 12.5932
0 13.5737
0 14.4652
0 15.2911
0 16.0205
0 16.5382
0 16.9362
0 17.2479
0 17.2518
0 17.2001
0 17.1811
0 16.9928
0 16.899
0 16.8833
0 16.7365
0 16.7103
0 16.9518
0 17.1461
0 17.5111
0 18.0632
0 18.4631
0 18.928
0 19.5245
0 20.0876
0 20.6862
0 21.2473
0 21.7083
0 22.2421
0 22.7155
0 23.2607
0 23.9046
0 24.4516
0 24.9795
0 25.3988
0 25.7354
0 26.0452
0 26.359
0 26.6798
0 27.0644
0 27.4701
0 27.7289
0 27.8559
0 27.7993
0 27.5974
0 27.3072
0 26.9264
0 26.5279
0 26.0977
0 25.5477
0 24.9541
0 24.3541
0 23.6216
0 22.9423
0 22.4617
0 21.9958
0 21.6114
0 21.3445
0 21.2163
0 21.311
0 21.413
0 21.4643
0 21.4603
0 21.2539
0 20.9383
0 20.5831
0 20.0441
0 19.3981
0 18.611
0 17.6543
0 16.7684
0 15.8045
0 14.6762
0 13.5915
0 12.4635
0 11.2148
0 9.85349
0 8.52403
0 7.40197
0 6.25452
0 5.1455
0 4.07074
0 2.81902
0 1.45088
0 0.00887997
0 -1.31553
0 -2.54333
0 -3.56813
0 -4.36168
0 -5.2771
0 -6.05833
0 -6.69786
0 -7.68132
0 -8.73406
0 -9.59703
0 -10.4847
0 -11.326
0 -11.9653
0 -12.553
0 -13.0472
0 -13.3839
0 -13.7041
0 -13.8457
0 -13.8237
0 -13.7208
0 -13.5142
0 -13.1623
0 -12.7116
0 -12.4012
0 -12.1464
0 -11.8453
0 -11.6885
0 -11.6864
0 -11.7981
0 -12.0295
0 -12.3098
0 -12.4885
0 -12.5287
0 -12.5905
0 -12.717
0 -12.8437
0 -13.028
0 -13.2752
0 -13.4552
0 -13.5417
0 -13.3232
0 -12.8707
0 -12.4198
0 -11.8027
0 -10.969
0 -10.0937
0 -9.13095
0 -8.06705
0 -7.02052
0 -6.05345
0 -5.15924
0 -4.41304
0 -3.97742
0 -3.69439
0 -3.34812
0 -3.07353
0 -2.99147
0 -2.9387
0 -2.85596
0 -2.75014
0 -2.72859
0 -2.65143
0 -2.56057
0 -2.5372
0 -2.43374
0 -2.53572
0 -2.60426
0 -2.56448
0 -2.60776
0 -2.57921
0 -2.46118
0 -2.26006
0 -2.15309
0 -2.02208
0 -1.63415
0 -1.328
0 -1.28322
0 -1.13874
0 -1.12523
0 -1.19423
0 -1.08231
0 -1.25408
0 -1.51904
0 -1.79172
0 -2.3574
0 -2.98379
0 -3.43011
0 -3.92383
0 -4.52905
0 -5.15595
0 -5.70097
0 -6.27047
0 -7.08574
0 -7.70073
0 -8.18727
0 -8.81357
0 -9.39313
0 -10.0048
0 -10.6672
0 -11.2233
0 -11.6873
0 -12.1722
0 -12.5108
0 -12.6957
0 -13.0639
0 -13.3967
0 -13.706
0 -14.2143
0 -14.6945
0 -15.2137
0 -15.6964
0 -15.9481
0 -16.1035
0 -16.2759
0 -16.4814
0 -16.7634
0 -17.0085
0 -17.1717
0 -17.4022
0 -17.5669
0 -17.7412
0 -17.906
0 -17.9412
0 -17.9726
0 -17.9016
0 -17.9151
0 -17.9488
0 -17.8381
0 -17.859
0 -17.7575
0 -17.5301
0 -17.6173
0 -17.7002
0 -17.7111
0 -17.881
0 -18.0285
0 -18.0137
0 -17.93
0 -18.0576
0 -18.1341
0 -17.933
0 -17.682
0 -17.2552
0 -16.4936
0 -15.4405
0 -14.4116
0 -13.4573
0 -12.3538
0 -11.4034
0 -10.5706
0 -9.61151
0 -8.63543
0 -7.59548
0 -6.49418
0 -5.45256
0 -4.32997
0 -3.17186
0 -2.11044
0 -1.05219
0 0.0800816
0 1.32604
0 2.65526
0 4.0927
0 5.66706
0 7.30823
0 9.05181
0 10.9283
0 12.7535
0 14.4554
0 16.1542
0 17.8208
0 19.5424
0 21.3423
0 23.123
0 24.8856
0 26.2256
0 27.2747
0 28.2128
0 28.8998
0 29.6374
0 30.3157
0 30.8318
0 31.3333
0 31.6339
0 31.7836
0 31.8129
0 31.6879
0 31.5893
0 31.3783
0 31.0106
0 30.373
0 29.5564
0 28.7783
0 27.8752
0 27.0167
0 26.1925
0 25.3102
0 24.5089
0 23.5202
0 22.4952
0 21.6527
0 20.8847
0 20.2019
0 19.3834
0 18.396
0 17.3368
0 16.2993
0 15.3569
0 14.5223
0 13.7198
0 12.8936
0 12.0755
0 11.2278
0 10.308
0 9.36483
0 8.49727
0 7.80596
0 6.96443
0 6.06997
0 5.42266
0 4.65913
0 3.98888
0 3.33867
0 2.59209
0 1.91669
0 1.10924
0 0.253724
0 -0.481762
0 -1.29162
0 -2.34707
0 -3.32024
0 -4.29099
0 -5.35642
0 -6.40688
0 -7.47758
0 -8.34368
0 -9.04339
0 -9.57676
0 -9.69632
0 -9.45189
0 -9.17992
0 -8.80213
0 -8.12859
0 -7.42616
0 -6.70729
0 -5.84503
0 -5.19412
0 -4.62674
0 -3.90212
0 -3.31793
0 -2.68534
0 -1.95274
0 -1.39852
0 -0.953736
0 -0.438899
0 0.100499
0 0.53654
0 1.01588
0 1.56637
0 2.03981
0 2.5372
0 2.85432
0 3.06034
0 3.32389
0 3.33699
0 3.43418
0 3.53265
0 3.45738
0 3.51081
0 3.48382
0 3.39391
0 3.34528
0 3.3165
0 3.33537
0 3.24862
0 3.10695
0 2.90695
0 2.56045
0 2.26509
0 2.03983
0 1.80936
0 1.69514
0 1.64992
0 1.44666
0 1.24083
0 0.957754
0 0.389941
0 -0.220884
0 -0.810629
0 -1.26929
0 -1.64601
0 -2.031
0 -2.34381
0 -2.63102
0 -2.84008
0 -3.03206
0 -3.19814
0 -3.3822
0 -3.77349
0 -4.16234
0 -4.50506
0 -4.75371
0 -4.74837
0 -4.66469
0 -4.50387
0 -4.27723
0 -4.03162
0 -3.81099
0 -3.58705
0 -3.14089
0 -2.617
0 -2.04154
0 -1.39202
0 -0.826066
0 -0.265336
0 0.295725
0 0.892704
0 1.50153
0 2.29207
0 3.26699
0 4.20169
0 5.1792
0 6.12133
0 7.15859
0 8.23961
0 9.16398
0 10.0792
0 10.9929
0 11.8617
0 12.6963
0 13.4298
0 14.0119
0 14.5696
0 15.1616
0 15.6423
0 16.0739
0 16.6171
0 17.0906
0 17.5264
0 17.8649
0 18.018
0 18.1078
0 18.0595
0 17.9455
0 17.8602
0 17.7036
0 17.4287
0 17.0593
0 16.4712
0 15.7304
0 14.8662
0 13.8124
0 12.6014
0 11.414
0 10.3706
0 9.31557
0 8.35216
0 7.57109
0 6.92056
0 6.47965
0 6.21491
0 5.95117
0 5.80355
0 5.69064
0 5.36296
0 5.15744
0 5.10303
0 4.99428
0 4.98617
0 5.18522
0 5.47396
0 5.78193
0 6.16538
0 6.44487
0 6.55896
0 6.60191
0 6.59471
0 6.58125
0 6.54439
0 6.53618
0 6.52154
0 6.39996
0 6.24275
0 5.99908
0 5.63358
0 5.32153
0 4.96694
0 4.48035
0 4.07394
0 3.65085
0 3.13717
0 2.62935
0 2.18346
0 1.81657
0 1.45435
0 1.24811
0 1.09901
0 0.908814
0 0.932907
0 1.13515
0 1.37445
0 1.70861
0 2.10227
0 2.31829
0 2.38606
0 2.38425
0 2.32867
0 2.27439
0 2.10761
0 1.90178
0 1.67954
0 1.41418
0 1.10244
0 0.771528
0 0.498971
0 0.225182
0 -0.0740154
0 -0.479998
0 -0.951412
0 -1.39232
0 -1.94223
0 -2.50114
0 -2.84242
0 -3.26994
0 -3.81981
0 -4.2978
0 -4.87254
0 -5.41227
0 -5.88198
0 -6.28218
0 -6.60619
0 -7.01046
0 -7.30932
0 -7.56596
0 -7.9421
0 -8.27005
0 -8.45806
0 -8.65037
0 -8.87594
0 -8.97179
0 -9.14836
0 -9.43326
0 -9.58894
0 -9.76433
0 -9.8539
0 -9.80422
0 -9.75088
0 -9.53888
0 -9.29786
0 -9.14861
0 -8.97945
0 -8.79726
0 -8.73887
0 -8.84098
0 -8.95553
0 -9.13298
0 -9.46028
0 -9.7372
0 -9.8906
0 -9.98398
0 -10.0198
0 -10.1867
0 -10.4317
0 -10.5737
0 -10.812
0 -11.1075
0 -11.2585
0 -11.5132
0 -11.8312
0 -12.0424
0 -12.3154
0 -12.4426
0 -12.3736
0 -12.3227
0 -12.3415
0 -12.5644
0 -12.9563
0 -13.4484
0 -14.0172
0 -14.4584
0 -14.8013
0 -15.1626
0 -15.4436
0 -15.7076
0 -15.975
0 -16.0704
0 -15.965
0 -15.7495
0 -15.375
0 -14.9746
0 -14.573
0 -14.0636
0 -13.6074
0 -13.0943
0 -12.5498
0 -12.0532
0 -11.5058
0 -10.8886
0 -10.2024
0 -9.42913
0 -8.49891
0 -7.50814
0 -6.53776
0 -5.54064
0 -4.62625
0 -3.90134
0 -3.1047
0 -2.22329
0 -1.46677
0 -0.684295
0 0.132088
0 0.927981
0 1.63941
0 2.24721
0 2.98379
0 3.71292
0 4.36215
0 5.06549
0 5.70889
0 6.22396
0 6.68991
0 7.08308
0 7.37432
0 7.69678
0 8.0322
0 8.32418
0 8.58307
0 8.81895
0 9.07924
0 9.22445
0 9.23643
0 9.23367
0 9.07545
0 8.8343
0 8.45394
0 8.00582
0 7.70539
0 7.22948
0 6.75795
0 6.54254
0 6.27163
0 5.86946
0 5.47096
0 5.16357
0 4.93651
0 4.70503
0 4.48647
0 4.40603
0 4.40959
0 4.35411
0 4.31947
0 4.31749
0 4.34701
0 4.39768
0 4.48452
0 4.68182
0 4.8963
0 5.20693
0 5.54649
0 5.90322
0 6.36696
0 6.72628
0 7.07488
0 7.49716
0 7.86553
0 8.25788
0 8.61541
0 8.7804
0 8.99521
0 9.29187
0 9.43326
0 9.71548
0 10.1869
0 10.5033
0 10.6922
0 10.8055
0 10.6655
0 10.4055
0 10.1468
0 9.86116
0 9.70857
0 9.49494
0 9.03464
0 8.40654
0 7.64544
0 6.6514
0 5.61574
0 4.79184
0 4.08888
0 3.46762
0 2.96286
0 2.60577
0 2.2741
0 1.83805
0 1.56515
0 1.44725
0 1.23021
0 1.2303
0 1.46563
0 1.69951
0 1.9718
0 2.55742
0 3.41885
0 4.23971
0 5.21948
0 6.23235
0 7.16953
0 8.1199
0 8.88001
0 9.81491
0 10.6729
0 11.2373
0 12.0386
0 12.93
0 13.7773
0 14.5338
0 15.377
0 16.2849
0 16.9043
0 17.5475
0 18.2736
0 18.7146
0 19.1443
0 19.7505
0 20.1929
0 20.4929
0 20.9313
0 21.3068
0 21.3745
0 21.3895
0 21.3806
0 21.2084
0 20.9561
0 20.6166
0 20.0467
0 19.1543
0 18.2368
0 17.3032
0 16.094
0 14.9569
0 14.0631
0 13.1473
0 12.0676
0 11.1224
0 10.2522
0 9.2801
0 8.36109
0 7.52146
0 6.72433
0 5.99016
0 5.37572
0 4.64089
0 3.99877
0 3.66208
0 3.44493
0 3.29531
0 3.17649
0 3.07846
0 2.95807
0 2.88006
0 2.9002
0 2.86
0 2.87956
0 3.06058
0 3.15926
0 3.07701
0 2.96885
0 3.00552
0 2.93986
0 2.82464
0 2.90218
0 2.88021
0 2.95698
0 3.19394
0 3.1627
0 3.01007
0 2.88588
0 2.62406
0 2.06678
0 1.61393
0 1.32854
0 0.906039
0 0.638404
0 0.37425
0 0.033875
0 -0.164346
0 -0.415373
0 -0.750309
0 -0.851053
0 -0.917146
0 -0.917187
0 -0.804019
0 -0.929035
0 -0.95756
0 -0.887721
0 -0.963985
0 -1.05169
0 -1.06454
0 -1.11494
0 -0.960408
0 -0.742629
0 -0.613157
0 -0.262762
0 -0.127472
0 -0.0549985
0 0.223815
0 0.442729
0 0.702256
0 0.997187
0 1.39021
0 1.81626
0 2.13492
0 2.42976
0 2.90558
0 3.45703
0 3.9093
0 4.36798
0 4.70373
0 5.08143
0 5.3978
0 5.59152
0 5.89922
0 6.20838
0 6.42349
0 6.50375
0 6.6029
0 6.44246
0 6.06076
0 5.75199
0 5.26011
0 4.89594
0 4.69365
0 4.30708
0 3.90276
0 3.60678
0 3.21944
0 2.73471
0 2.30473
0 1.92692
0 1.46695
0 1.03893
0 0.749045
0 0.267676
0 -0.23619
0 -0.687646
0 -1.28671
0 -1.86794
0 -2.41841
0 -2.85078
0 -3.1205
0 -3.63744
0 -4.16334
0 -4.40492
0 -4.77268
0 -5.10255
0 -5.36613
0 -5.72607
0 -5.85799
0 -5.73177
0 -5.54331
0 -5.24527
0 -4.80057
0 -4.17317
0 -3.47826
0 -2.97827
0 -2.14752
0 -0.981114
0 0.113198
0 1.43089
0 2.7396
0 4.01216
0 5.42448
0 6.53505
0 7.72162
0 8.92817
0 9.65981
0 10.4812
0 11.3677
0 11.9056
0 12.3963
0 13.1879
0 13.8735
0 14.1451
0 14.3546
0 14.5046
0 14.2477
0 13.864
0 13.4481
0 12.7633
0 11.9097
0 10.8393
0 9.6695
0 8.64385
0 7.59298
0 6.38613
0 5.22117
0 4.04497
0 2.68006
0 1.33907
0 -0.000656356
0 -1.30438
0 -2.48599
0 -3.70901
0 -4.95535
0 -6.33656
0 -7.63808
0 -8.82552
0 -10.1668
0 -11.3616
0 -12.3205
0 -13.2935
0 -14.1195
0 -14.8759
0 -15.5558
0 -15.9181
0 -16.124
0 -16.2393
0 -16.289
0 -16.1914
0 -16.1031
0 -15.9647
0 -15.5677
0 -15.3383
0 -15.0831
0 -14.4993
0 -14.0701
0 -13.782
0 -13.5441
0 -13.3451
0 -13.0731
0 -12.975
0 -12.9291
0 -13.0127
0 -13.215
0 -13.3076
0 -13.4154
0 -13.6852
0 -14.0525
0 -14.3102
0 -14.5734
0 -14.8849
0 -15.2833
0 -15.5775
0 -15.7465
0 -16.0348
0 -16.211
0 -16.433
0 -16.7387
0 -16.8614
0 -16.9269
0 -16.9424
0 -16.899
0 -16.8445
0 -16.6866
0 -16.4437
0 -16.089
0 -15.6463
0 -15.1636
0 -14.6335
0 -14.0225
0 -13.3993
0 -12.9212
0 -12.5011
0 -12.1203
0 -11.7205
0 -11.3985
0 -11.1947
0 -10.9312
0 -10.7084
0 -10.4586
0 -10.123
0 -9.74172
0 -9.30638
0 -8.84836
0 -8.6152
0 -8.70309
0 -8.6933
0 -8.68835
0 -8.82275
0 -8.82083
0 -8.75949
0 -8.77903
0 -8.80821
0 -8.92618
0 -9.11938
0 -9.2232
0 -9.29784
0 -9.27401
0 -9.12516
0 -8.99994
0 -8.83024
0 -8.73101
0 -8.70474
0 -8.54012
0 -8.46453
0 -8.28222
0 -8.03533
0 -7.98781
0 -7.74656
0 -7.44672
0 -7.09534
0 -6.6074
0 -6.03572
0 -5.40334
0 -4.97292
0 -4.56658
0 -4.15792
0 -3.70401
0 -3.08411
0 -2.34325
0 -1.54687
0 -0.78133
0 0.0211864
0 0.603922
0 1.00555
0 1.48505
0 1.96994
0 2.30351
0 2.61146
0 2.93162
0 3.1327
0 3.44434
0 3.75273
0 3.94534
0 4.17343
0 4.23844
0 4.08616
0 3.8549
0 3.37613
0 2.85174
0 2.26502
0 1.27316
0 0.0754834
0 -1.281
0 -2.76187
0 -4.22939
0 -5.62753
0 -6.91343
0 -8.18142
0 -9.39097
0 -10.5794
0 -11.8107
0 -13.0444
0 -14.3023
0 -15.4604
0 -16.5787
0 -17.7026
0 -18.704
0 -19.7403
0 -20.7365
0 -21.6441
0 -22.5243
0 -23.1757
0 -23.5727
0 -23.7958
0 -24.0101
0 -24.0651
0 -23.8733
0 -23.7283
0 -23.445
0 -22.8915
0 -22.2344
0 -21.416
0 -20.4275
0 -19.3438
0 -18.1066
0 -16.6778
0 -15.2922
0 -13.8502
0 -12.2243
0 -10.7631
0 -9.30998
0 -7.55288
0 -5.86338
0 -4.39783
0 -2.93218
0 -1.60984
0 -0.468465
0 0.783533
0 2.21765
0 3.568
0 4.74935
0 5.74547
0 6.55786
0 7.20232
0 7.74902
0 8.08739
0 8.14242
0 8.24971
0 8.18537
0 7.75613
0 7.15325
0 6.45834
0 5.5268
0 4.40394
0 3.42697
0 2.52084
0 1.58753
0 0.720817
0 -0.117584
0 -0.846224
0 -1.39036
0 -1.87071
0 -2.14682
0 -2.42924
0 -2.78599
0 -3.06115
0 -3.34654
0 -3.44287
0 -3.55992
0 -3.60092
0 -3.33057
0 -3.12485
0 -3.11961
0 -3.08624
0 -2.98543
0 -3.02977
0 -3.06187
0 -3.06664
0 -3.20086
0 -3.21894
0 -3.44905
0 -3.79589
0 -3.89748
0 -4.13276
0 -4.29077
0 -4.34435
0 -4.44174
0 -4.50497
0 -4.57006
0 -4.6665
0 -4.82265
0 -5.11306
0 -5.45111
0 -5.77748
0 -6.31356
0 -6.75082
0 -7.02645
0 -7.35137
0 -7.63957
0 -7.84615
0 -7.97109
0 -8.08477
0 -8.25844
0 -8.47726
0 -8.59597
0 -8.78107
0 -9.00426
0 -9.04699
0 -9.04195
0 -8.95915
0 -8.88077
0 -8.92373
0 -8.93432
0 -8.75536
0 -8.54298
0 -8.272
0 -7.70591
0 -7.02046
0 -6.19773
0 -5.25451
0 -4.41309
0 -3.56857
0 -2.70286
0 -1.94431
0 -1.23791
0 -0.654364
0 -0.103276
0 0.550946
0 1.06773
0 1.52515
0 2.10155
0 2.65516
0 3.19849
0 3.65
0 3.97239
0 4.25901
0 4.44094
0 4.60256
0 4.91859
0 5.32642
0 5.69352
0 6.06181
0 6.25614
0 6.41841
0 6.65578
0 6.73788
0 6.7235
0 6.67727
0 6.61846
0 6.43214
0 6.22876
0 6.00297
0 5.64541
0 5.33196
0 4.94401
0 4.43934
0 4.01708
0 3.56906
0 3.09078
0 2.73859
0 2.47034
0 2.28832
0 2.05468
0 1.75217
0 1.47579
0 1.14155
0 0.760871
0 0.415587
0 0.137887
0 -0.161894
0 -0.450803
0 -0.633137
0 -0.714554
0 -0.757827
0 -1.00473
0 -1.33615
0 -1.60215
0 -2.15794
0 -2.73731
0 -3.19214
0 -3.77177
0 -4.24352
0 -4.72023
0 -5.26724
0 -5.7691
0 -6.41136
0 -7.14199
0 -7.73722
0 -8.31466
0 -8.93427
0 -9.35939
0 -9.65657
0 -10.0286
0 -10.4277
0 -10.8123
0 -11.2373
0 -11.6115
0 -11.8439
0 -11.9229
0 -11.8164
0 -11.6283
0 -11.4253
0 -11.2638
0 -11.1026
0 -10.8951
0 -10.8389
0 -10.8995
0 -11.0417
0 -11.276
0 -11.4527
0 -11.551
0 -11.6323
0 -11.6689
0 -11.6488
0 -11.6787
0 -11.6429
0 -11.4699
0 -11.2644
0 -10.9894
0 -10.6389
0 -10.1893
0 -9.77514
0 -9.42321
0 -8.97331
0 -8.42813
0 -7.80168
0 -7.18976
0 -6.57263
0 -5.92864
0 -5.28066
0 -4.5767
0 -3.89188
0 -3.18814
0 -2.44679
0 -1.91794
0 -1.55356
0 -1.11067
0 -0.632081
0 -0.114757
0 0.495602
0 1.15557
0 1.82963
0 2.51172
0 3.14324
0 3.66185
0 4.16529
0 4.70794
0 5.19301
0 5.56987
0 5.77143
0 5.9086
0 6.19194
0 6.33533
0 6.34804
0 6.24902
0 5.8259
0 5.3804
0 4.7888
0 4.06352
0 3.50606
0 2.93173
0 2.34678
0 1.67498
0 0.835685
0 -0.151419
0 -1.28457
0 -2.34148
0 -3.39016
0 -4.43712
0 -5.43961
0 -6.43202
0 -7.28464
0 -8.12391
0 -8.84296
0 -9.36418
0 -9.91247
0 -10.3973
0 -10.6692
0 -10.8247
0 -11.1267
0 -11.3693
0 -11.5121
0 -11.6671
0 -11.7435
0 -11.8648
0 -11.7878
0 -11.602
0 -11.6276
0 -11.8555
0 -12.1141
0 -12.3014
0 -12.6204
0 -12.8984
0 -13.1359
0 -13.4215
0 -13.6784
0 -13.9986
0 -14.3037
0 -14.6199
0 -14.7973
0 -15.0175
0 -15.3632
0 -15.4177
0 -15.5018
0 -15.7715
0 -16.024
0 -16.2665
0 -16.44
0 -16.6886
0 -17.0185
0 -17.216
0 -17.4548
0 -17.7434
0 -17.8729
0 -18.0184
0 -18.0255
0 -17.9032
0 -17.8626
0 -17.7733
0 -17.7251
0 -17.7036
0 -17.5669
0 -17.4279
0 -17.2242
0 -16.762
0 -16.2713
0 -15.7493
0 -15.1184
0 -14.476
0 -13.8249
0 -13.0841
0 -12.1602
0 -11.1596
0 -10.1846
0 -9.18598
0 -8.19591
0 -7.48314
0 -6.91687
0 -6.28582
0 -5.64973
0 -5.02942
0 -4.44523
0 -3.91034
0 -3.36005
0 -2.83607
0 -2.47265
0 -2.02656
0 -1.47842
0 -1.06986
0 -0.62591
0 -0.181467
0 0.200786
0 0.589796
0 0.897737
0 1.19406
0 1.39924
0 1.43531
0 1.36542
0 1.24816
0 1.20158
0 1.24368
0 1.30875
0 1.39113
0 1.43476
0 1.24375
0 0.902279
0 0.720328
0 0.641637
0 0.502505
0 0.348739
0 0.193767
0 -0.0762759
0 -0.431951
0 -0.755459
0 -1.06961
0 -1.35544
0 -1.63708
0 -1.75052
0 -1.60868
0 -1.38869
0 -1.00795
0 -0.707733
0 -0.627702
0 -0.496278
0 -0.483018
0 -0.464609
0 -0.202572
0 0.1013
0 0.441193
0 0.772698
0 0.898029
0 0.924633
0 0.968814
0 0.95675
0 0.94209
0 1.01127
0 1.11771
0 1.22082
0 1.45946
0 1.74082
0 1.95777
0 2.23705
0 2.50286
0 2.63635
0 2.68741
0 2.83724
0 3.06379
0 3.22644
0 3.3609
0 3.44243
0 3.3811
0 3.21778
0 3.01876
0 2.84809
0 2.62902
0 2.39128
0 2.29504
0 2.1173
0 2.09132
0 2.21889
0 2.20283
0 2.36256
0 2.6077
0 2.90022
0 3.2588
0 3.61815
0 4.11659
0 4.51598
0 4.80814
0 5.12169
0 5.40446
0 5.7068
0 5.87004
0 5.93824
0 5.97576
0 6.01174
0 6.10595
0 6.09919
0 6.13027
0 6.12819
0 5.9482
0 5.72962
0 5.49139
0 5.2813
0 5.08114
0 4.8771
0 4.7146
0 4.54411
0 4.44712
0 4.48939
0 4.50645
0 4.54803
0 4.63808
0 4.66986
0 4.69738
0 4.64745
0 4.52537
0 4.50426
0 4.65661
0 4.91778
0 5.27634
0 5.69371
0 6.06228
0 6.32171
0 6.56007
0 6.8258
0 7.0902
0 7.42691
0 7.71905
0 7.96873
0 8.27342
0 8.50128
0 8.57526
0 8.61218
0 8.71816
0 8.90722
0 9.25938
0 9.55643
0 9.71482
0 9.8736
0 9.86649
0 9.83391
0 9.85252
0 9.92296
0 10.0151
0 10.141
0 10.3087
0 10.3107
0 10.2942
0 10.1682
0 10.0307
0 9.97873
0 9.7822
0 9.54948
0 9.2909
0 9.00997
0 8.71837
0 8.49576
0 8.42117
0 8.37802
0 8.31471
0 8.34304
0 8.46366
0 8.5643
0 8.68112
0 8.83203
0 9.11321
0 9.38258
0 9.45321
0 9.57046
0 9.66678
0 9.50203
0 9.33769
0 9.22008
0 8.93126
0 8.80481
0 8.68274
0 8.2743
0 8.02526
0 7.79806
0 7.48059
0 7.21498
0 6.88455
0 6.61467
0 6.41566
0 6.11904
0 5.83777
0 5.79555
0 5.81621
0 5.80182
0 5.95722
0 5.99233
0 5.93913
0 5.96826
0 5.8918
0 5.9435
0 6.11006
0 6.26155
0 6.4844
0 6.94734
0 7.38203
0 7.67693
0 8.14892
0 8.59266
0 8.9385
0 9.24017
0 9.46575
0 9.63717
0 9.85607
0 9.92436
0 9.75677
0 9.67895
0 9.59378
0 9.41915
0 9.18155
0 8.98249
0 8.82298
0 8.54446
0 8.32374
0 8.15386
0 7.95145
0 7.80373
0 7.63488
0 7.3752
0 7.18343
0 6.95647
0 6.5829
0 6.32164
0 6.08424
0 5.73034
0 5.41971
0 5.10648
0 4.7649
0 4.50034
0 4.18893
0 3.94952
0 3.76125
0 3.55518
0 3.54217
0 3.54247
0 3.55167
0 3.6776
0 3.82796
0 4.09809
0 4.40787
0 4.70539
0 5.13323
0 5.65506
0 6.20982
0 6.7324
0 7.29612
0 7.90662
0 8.39779
0 8.91857
0 9.43974
0 9.91476
0 10.3092
0 10.6106
0 11.0007
0 11.2952
0 11.564
0 11.9223
0 12.2783
0 12.5622
0 12.9184
0 13.3987
0 13.7106
0 14.045
0 14.3918
0 14.6041
0 14.8184
0 14.9971
0 15.1354
0 15.2317
0 15.251
0 15.0098
0 14.7264
0 14.6912
0 14.5977
0 14.4908
0 14.4682
0 14.3694
0 14.2173
0 14.0352
0 13.9918
0 14.0367
0 14.1654
0 14.4532
0 14.6309
0 14.7284
0 14.9655
0 15.3256
0 15.7336
0 16.2202
0 16.615
0 16.7389
0 16.8192
0 16.8898
0 16.9799
0 17.2481
0 17.4941
0 17.6364
0 17.6898
0 17.5401
0 17.1143
0 16.6476
0 16.166
0 15.677
0 15.3584
0 15.0247
0 14.736
0 14.5134
0 14.345
0 14.3191
0 14.0915
0 13.7143
0 13.3885
0 12.9544
0 12.5031
0 12.1084
0 11.8136
0 11.5053
0 11.1082
0 10.6455
0 10.0463
0 9.51634
0 8.99642
0 8.41448
0 8.08576
0 7.93047
0 7.67184
0 7.56688
0 7.60921
0 7.4255
0 7.28879
0 7.37214
0 7.39455
0 7.46915
0 7.61827
0 7.63513
0 7.6817
0 7.82211
0 8.04478
0 8.32922
0 8.61731
0 8.96863
0 9.25196
0 9.66133
0 10.1294
0 10.3929
0 10.7038
0 11.0564
0 11.3022
0 11.3924
0 11.4405
0 11.4747
0 11.3524
0 11.1284
0 10.9379
0 10.8141
0 10.6843
0 10.4826
0 10.3488
0 10.2388
0 10.1214
0 10.1594
0 10.2733
0 10.3698
0 10.5086
0 10.7575
0 10.9069
0 10.9438
0 10.9769
0 10.9219
0 10.8976
0 10.8582
0 10.7841
0 10.7828
0 10.7774
0 10.7369
0 10.6252
0 10.4493
0 10.1527
0 9.7903
0 9.45095
0 9.02821
0 8.68314
0 8.35855
0 7.90298
0 7.58578
0 7.3519
0 7.0463
0 6.68881
0 6.22879
0 5.70117
0 5.13495
0 4.61188
0 4.16854
0 3.79751
0 3.62675
0 3.60954
0 3.44035
0 3.16834
0 2.91357
0 2.57223
0 2.38286
0 2.35485
0 2.33443
0 2.33847
0 2.34553
0 2.33864
0 2.25951
0 2.23138
0 2.20725
0 2.19585
0 2.27467
0 2.38679
0 2.6275
0 2.92527
0 3.32228
0 3.74169
0 4.03565
0 4.31092
0 4.478
0 4.62841
0 4.78526
0 4.866
0 4.97974
0 5.16908
0 5.44156
0 5.61136
0 5.81777
0 6.14444
0 6.38784
0 6.68816
0 6.9822
0 7.27029
0 7.61877
0 7.87441
0 8.13863
0 8.55693
0 8.98776
0 9.3722
0 9.68071
0 9.83468
0 9.95304
0 10.0392
0 10.1996
0 10.4218
0 10.6284
0 10.8902
0 11.102
0 11.3371
0 11.5683
0 11.7765
0 12.0417
0 12.2463
0 12.3595
0 12.4174
0 12.4473
0 12.361
0 12.2868
0 12.2608
0 12.2018
0 12.1864
0 12.1135
0 12.1191
0 12.1171
0 12.0194
0 11.992
0 11.943
0 11.9076
0 11.8832
0 11.8159
0 11.7717
0 11.7145
0 11.5893
0 11.3643
0 10.9829
0 10.538
0 10.1075
0 9.63341
0 9.14834
0 8.8186
0 8.52516
0 8.13975
0 7.80538
0 7.52564
0 7.35238
0 7.3392
0 7.53432
0 7.995
0 8.46073
0 8.77838
0 8.9566
0 8.92389
0 8.82806
0 8.76438
0 8.84199
0 9.05454
0 9.24818
0 9.39915
0 9.44993
0 9.27251
0 8.84181
0 8.44436
0 8.25296
0 8.09928
0 7.99368
0 7.86579
0 7.58051
0 7.31059
0 7.01204
0 6.70482
0 6.41368
0 6.15675
0 5.90568
0 5.59289
0 5.46965
0 5.39769
0 5.26287
0 5.15401
0 4.89997
0 4.56462
0 4.2293
0 3.96845
0 3.84081
0 3.76741
0 3.76538
0 3.77081
0 3.75223
0 3.702
0 3.59132
0 3.4702
0 3.4266
0 3.39289
0 3.31479
0 3.29383
0 3.24655
0 3.14219
0 3.03759
0 2.87814
0 2.57941
0 2.15984
0 1.88946
0 1.74175
0 1.59573
0 1.58956
0 1.62109
0 1.7116
0 1.94562
0 2.17009
0 2.34122
0 2.6427
0 2.982
0 3.1426
0 3.37861
0 3.64501
0 3.80386
0 3.99641
0 4.05467
0 4.10169
0 4.29029
0 4.39067
0 4.55219
0 4.73796
0 4.73494
0 4.67171
0 4.59519
0 4.41799
0 4.08824
0 3.70122
0 3.38997
0 3.1313
0 2.90985
0 2.68391
0 2.33886
0 2.0424
0 1.74986
0 1.40699
0 1.146
0 0.860281
0 0.57953
0 0.287362
0 -0.0253005
0 -0.316813
0 -0.643083
0 -0.87437
0 -1.06698
0 -1.38488
0 -1.69971
0 -1.92898
0 -2.15343
0 -2.41404
0 -2.66382
0 -2.90539
0 -3.21274
0 -3.60549
0 -4.00231
0 -4.353
0 -4.64033
0 -4.85028
0 -5.04242
0 -5.31748
0 -5.61588
0 -5.85469
0 -6.06886
0 -6.1644
0 -6.1948
0 -6.20648
0 -6.18017
0 -6.13522
0 -5.94053
0 -5.73085
0 -5.55638
0 -5.38578
0 -5.30048
0 -5.16375
0 -4.92549
0 -4.54968
0 -4.06936
0 -3.71056
0 -3.48693
0 -3.21889
0 -3.01219
0 -2.93781
0 -2.7761
0 -2.66296
0 -2.72783
0 -2.76507
0 -2.85113
0 -2.99386
0 -3.15721
0 -3.50248
0 -3.85597
0 -4.09499
0 -4.24049
0 -4.34128
0 -4.36466
0 -4.32497
0 -4.45112
0 -4.67486
0 -5.00908
0 -5.39447
0 -5.66472
0 -5.86846
0 -5.98314
0 -5.99099
0 -6.09688
0 -6.46835
0 -6.8451
0 -7.16552
0 -7.43496
0 -7.61271
0 -7.90078
0 -8.24224
0 -8.54945
0 -8.86755
0 -9.22678
0 -9.60271
0 -9.87413
0 -10.0698
0 -10.3596
0 -10.6933
0 -10.9218
0 -11.1463
0 -11.2664
0 -11.344
0 -11.6129
0 -11.8157
0 -11.9464
0 -12.0336
0 -11.905
0 -11.7005
0 -11.577
0 -11.5121
0 -11.5363
0 -11.5972
0 -11.5183
0 -11.3753
0 -11.1846
0 -10.8838
0 -10.7294
0 -10.7342
0 -10.7226
0 -10.7229
0 -10.6763
0 -10.5038
0 -10.2466
0 -10.0577
0 -9.99993
0 -9.97149
0 -10.0941
0 -10.4331
0 -10.7409
0 -11.0388
0 -11.251
0 -11.3235
0 -11.3371
0 -11.1778
0 -10.9196
0 -10.7066
0 -10.4938
0 -10.316
0 -10.3107
0 -10.3605
0 -10.441
0 -10.543
0 -10.552
0 -10.544
0 -10.6144
0 -10.8102
0 -11.0951
0 -11.4326
0 -11.8965
0 -12.514
0 -13.0905
0 -13.543
0 -13.9437
0 -14.2091
0 -14.3828
0 -14.6289
0 -14.9715
0 -15.3095
0 -15.6769
0 -16.033
0 -16.2175
0 -16.3507
0 -16.4325
0 -16.3482
0 -16.3352
0 -16.3821
0 -16.2952
0 -16.1658
0 -15.9443
0 -15.5672
0 -15.1241
0 -14.575
0 -13.9419
0 -13.4085
0 -12.8562
0 -12.2674
0 -11.7703
0 -11.2486
0 -10.7526
0 -10.2801
0 -9.78568
0 -9.34885
0 -8.92948
0 -8.56546
0 -8.36272
0 -8.28832
0 -8.22837
0 -8.1557
0 -8.09892
0 -8.01402
0 -7.87383
0 -7.68624
0 -7.48854
0 -7.41368
0 -7.36982
0 -7.28271
0 -7.40071
0 -7.58897
0 -7.80084
0 -8.12277
0 -8.3554
0 -8.55127
0 -8.6302
0 -8.55326
0 -8.52866
0 -8.5341
0 -8.45728
0 -8.29251
0 -8.05967
0 -7.83752
0 -7.6623
0 -7.56512
0 -7.5748
0 -7.5025
0 -7.36108
0 -7.15574
0 -6.85536
0 -6.59674
0 -6.40262
0 -6.18066
0 -5.87953
0 -5.65293
0 -5.35525
0 -5.05256
0 -4.87046
0 -4.68902
0 -4.69689
0 -4.8633
0 -5.1814
0 -5.54731
0 -5.77306
0 -5.899
0 -5.92466
0 -5.9214
0 -5.90077
0 -5.84035
0 -5.8468
0 -5.92009
0 -5.97381
0 -6.03113
0 -6.18825
0 -6.46538
0 -6.76552
0 -6.98692
0 -7.07883
0 -6.9544
0 -6.59851
0 -6.28495
0 -6.09965
0 -5.97298
0 -5.97094
0 -6.01697
0 -5.91035
0 -5.57707
0 -5.11596
0 -4.61368
0 -4.17903
0 -3.89316
0 -3.76308
0 -3.64304
0 -3.46919
0 -3.27091
0 -2.92779
0 -2.61367
0 -2.343
0 -2.05277
0 -1.89869
0 -1.7876
0 -1.64735
0 -1.46318
0 -1.21585
0 -0.992556
0 -0.841973
0 -0.73367
0 -0.753203
0 -0.835737
0 -0.8432
0 -0.876267
0 -0.920765
0 -1.00788
0 -1.18332
0 -1.4038
0 -1.70111
0 -2.05183
0 -2.37341
0 -2.65849
0 -2.93521
0 -3.17967
0 -3.42368
0 -3.71759
0 -4.05726
0 -4.45242
0 -4.81905
0 -5.0442
0 -5.30407
0 -5.58479
0 -5.78322
0 -5.98104
0 -6.08248
0 -6.09127
0 -6.07938
0 -6.06041
0 -6.04056
0 -6.0269
0 -6.07503
0 -6.10566
0 -6.08793
0 -5.99311
0 -5.79655
0 -5.52721
0 -5.25209
0 -5.07114
0 -4.95303
0 -4.99186
0 -5.10049
0 -5.09492
0 -5.08979
0 -5.12414
0 -5.16641
0 -5.3038
0 -5.52318
0 -5.80624
0 -6.12208
0 -6.25522
0 -6.28311
0 -6.31128
0 -6.2996
0 -6.40162
0 -6.68912
0 -7.03544
0 -7.28517
0 -7.56753
0 -7.83735
0 -7.99633
0 -8.21657
0 -8.37258
0 -8.40664
0 -8.40215
0 -8.37722
0 -8.37064
0 -8.36291
0 -8.32144
0 -8.22968
0 -8.08999
0 -7.79596
0 -7.454
0 -7.17871
0 -6.85945
0 -6.56571
0 -6.33052
0 -6.14213
0 -5.95231
0 -5.7602
0 -5.50105
0 -5.07557
0 -4.66651
0 -4.30449
0 -3.97769
0 -3.71221
0 -3.44922
0 -3.2172
0 -2.96529
0 -2.68983
0 -2.41816
0 -2.10783
0 -1.84447
0 -1.69579
0 -1.70087
0 -1.8073
0 -2.01723
0 -2.37619
0 -2.67059
0 -2.82172
0 -2.94438
0 -3.14902
0 -3.44075
0 -3.76404
0 -4.1203
0 -4.52092
0 -4.93018
0 -5.26037
0 -5.59265
0 -6.00435
0 -6.43261
0 -6.90413
0 -7.42945
0 -7.90508
0 -8.31261
0 -8.70669
0 -9.07056
0 -9.36304
0 -9.61851
0 -9.82658
0 -9.89971
0 -9.88704
0 -9.8721
0 -9.85176
0 -9.82285
0 -9.80567
0 -9.82332
0 -9.83055
0 -9.79804
0 -9.75198
0 -9.59703
0 -9.29014
0 -8.99265
0 -8.77329
0 -8.63511
0 -8.64948
0 -8.66247
0 -8.49709
0 -8.25603
0 -7.99255
0 -7.70809
0 -7.55214
0 -7.53911
0 -7.57449
0 -7.62339
0 -7.6562
0 -7.67241
0 -7.62982
0 -7.55779
0 -7.53648
0 -7.48009
0 -7.38223
0 -7.26727
0 -7.17908
0 -7.20403
0 -7.24823
0 -7.32075
0 -7.38654
0 -7.35488
0 -7.30654
0 -7.25608
0 -7.15687
0 -7.08989
0 -7.07607
0 -6.95755
0 -6.80858
0 -6.78683
0 -6.78347
0 -6.82348
0 -6.92468
0 -6.86724
0 -6.61297
0 -6.25113
0 -5.9411
0 -5.74625
0 -5.6056
0 -5.60222
0 -5.64577
0 -5.55428
0 -5.33489
0 -5.03173
0 -4.66916
0 -4.41828
0 -4.30407
0 -4.09431
0 -3.8383
0 -3.67835
0 -3.50221
0 -3.37775
0 -3.44766
0 -3.58719
0 -3.80583
0 -4.12787
0 -4.35347
0 -4.49508
0 -4.69197
0 -4.91546
0 -5.12325
0 -5.37025
0 -5.70895
0 -6.05514
0 -6.37702
0 -6.6906
0 -7.0025
0 -7.33052
0 -7.63306
0 -7.94392
0 -8.31328
0 -8.65849
0 -9.06941
0 -9.53109
0 -9.92452
0 -10.3326
0 -10.6636
0 -10.9186
0 -11.1517
0 -11.4081
0 -11.6872
0 -11.9128
0 -12.1463
0 -12.3908
0 -12.6391
0 -12.8505
0 -12.9979
0 -13.1142
0 -13.2271
0 -13.3963
0 -13.6358
0 -13.8392
0 -13.9354
0 -13.9783
0 -14.017
0 -14.0489
0 -14.1716
0 -14.4496
0 -14.6837
0 -14.7879
0 -14.8177
0 -14.7981
0 -14.7107
0 -14.5885
0 -14.5555
0 -14.5444
0 -14.5228
0 -14.4535
0 -14.2443
0 -13.9771
0 -13.656
0 -13.3019
0 -12.9661
0 -12.5458
0 -12.0435
0 -11.5805
0 -11.1517
0 -10.7949
0 -10.5588
0 -10.3318
0 -10.0553
0 -9.71377
0 -9.29865
0 -8.85289
0 -8.40992
0 -7.97458
0 -7.59537
0 -7.2628
0 -6.94971
0 -6.6311
0 -6.22963
0 -5.82321
0 -5.48122
0 -5.22314
0 -4.99639
0 -4.76013
0 -4.551
0 -4.27913
0 -4.00225
0 -3.83208
0 -3.74391
0 -3.69234
0 -3.55396
0 -3.28696
0 -2.97981
0 -2.67724
0 -2.46449
0 -2.37871
0 -2.25748
0 -2.06132
0 -1.80926
0 -1.49409
0 -1.27509
0 -1.15753
0 -1.08422
0 -1.09925
0 -1.10118
0 -1.04287
0 -1.01276
0 -1.08576
0 -1.24354
0 -1.40313
0 -1.57776
0 -1.69127
0 -1.68237
0 -1.6397
0 -1.66858
0 -1.8068
0 -2.02906
0 -2.39055
0 -2.75402
0 -3.0012
0 -3.18217
0 -3.28736
0 -3.33717
0 -3.40306
0 -3.56575
0 -3.72799
0 -3.85789
0 -3.92625
0 -3.86325
0 -3.80565
0 -3.72903
0 -3.63161
0 -3.60233
0 -3.62898
0 -3.7093
0 -3.89606
0 -4.15538
0 -4.30007
0 -4.39733
0 -4.4621
0 -4.38547
0 -4.30809
0 -4.2596
0 -4.18348
0 -4.14016
0 -4.12291
0 -4.0972
0 -4.07492
0 -4.01844
0 -3.92687
0 -3.80451
0 -3.65186
0 -3.45329
0 -3.1605
0 -2.91886
0 -2.77013
0 -2.54809
0 -2.30236
0 -2.02874
0 -1.6218
0 -1.19674
0 -0.813659
0 -0.421931
0 -0.0115633
0 0.364795
0 0.720932
0 1.00987
0 1.1494
0 1.20385
0 1.2253
0 1.33822
0 1.56292
0 1.83079
0 2.13703
0 2.42215
0 2.56407
0 2.59428
0 2.6487
0 2.66221
0 2.75463
0 2.99393
0 3.15923
0 3.29723
0 3.39621
0 3.35856
0 3.25569
0 3.1052
0 2.94991
0 2.79716
0 2.62281
0 2.44152
0 2.33765
0 2.40423
0 2.60619
0 2.86245
0 3.09865
0 3.28787
0 3.33727
0 3.29453
0 3.32338
0 3.33541
0 3.3494
0 3.44791
0 3.53927
0 3.55832
0 3.48839
0 3.31691
0 3.02045
0 2.69146
0 2.38327
0 2.06184
0 1.75573
0 1.44075
0 1.05966
0 0.638513
0 0.193185
0 -0.233618
0 -0.606623
0 -0.935325
0 -1.18234
0 -1.40306
0 -1.59774
0 -1.67919
0 -1.67695
0 -1.65742
0 -1.57912
0 -1.4719
0 -1.417
0 -1.36593
0 -1.33437
0 -1.30083
0 -1.24149
0 -1.21925
0 -1.15905
0 -1.08601
0 -1.07373
0 -1.08677
0 -1.16509
0 -1.29769
0 -1.4078
0 -1.45
0 -1.41601
0 -1.34065
0 -1.19307
0 -0.987532
0 -0.797693
0 -0.586041
0 -0.352093
0 -0.0552203
0 0.336365
0 0.714279
0 1.0559
0 1.40744
0 1.73495
0 2.03759
0 2.37822
0 2.71033
0 2.99297
0 3.15787
0 3.21646
0 3.29959
0 3.4017
0 3.57907
0 3.85335
0 4.07005
0 4.16951
0 4.10571
0 3.83926
0 3.50802
0 3.17827
0 2.88204
0 2.69863
0 2.63579
0 2.64938
0 2.72879
0 2.82829
0 2.85074
0 2.87193
0 2.92954
0 2.93794
0 2.92047
0 2.99289
0 3.08226
0 3.10799
0 3.15418
0 3.20341
0 3.25892
0 3.31186
0 3.33888
0 3.39496
0 3.46154
0 3.49817
0 3.52844
0 3.58185
0 3.63588
0 3.68406
0 3.743
0 3.84094
0 4.00017
0 4.20072
0 4.44159
0 4.67637
0 4.85927
0 5.00367
0 5.0949
0 5.1246
0 5.17453
0 5.34077
0 5.6064
0 5.87208
0 6.11777
0 6.3457
0 6.46585
0 6.51203
0 6.59963
0 6.77057
0 6.99456
0 7.2175
0 7.42448
0 7.59955
0 7.70594
0 7.71689
0 7.73149
0 7.82849
0 7.9768
0 8.23361
0 8.55068
0 8.80979
0 9.02958
0 9.1844
0 9.33593
0 9.59175
0 9.87134
0 10.0902
0 10.2767
0 10.4226
0 10.4557
0 10.4364
0 10.3695
0 10.2415
0 10.14
0 10.0071
0 9.89865
0 9.87
0 9.87504
0 9.94866
0 10.071
0 10.2311
0 10.3752
0 10.49
0 10.6517
0 10.7991
0 10.8614
0 10.8748
0 10.8966
0 10.9226
0 10.9143
0 10.9333
0 10.9633
0 10.9758
0 11.0187
0 11.0374
0 11.0409
0 11.0631
0 11.0405
0 10.8925
0 10.58
0 10.1333
0 9.60165
0 9.03783
0 8.51749
0 8.07583
0 7.68891
0 7.35918
0 7.049
0 6.72149
0 6.39536
0 6.05065
0 5.68849
0 5.36208
0 5.11276
0 4.90146
0 4.66614
0 4.41913
0 4.21579
0 4.07676
0 3.91763
0 3.69936
0 3.49082
0 3.29896
0 3.14801
0 3.13057
0 3.24142
0 3.43243
0 3.64299
0 3.815
0 3.98749
0 4.14381
0 4.29671
0 4.49226
0 4.70833
0 5.02751
0 5.42079
0 5.81889
0 6.28845
0 6.72412
0 7.10171
0 7.5124
0 7.87245
0 8.19653
0 8.55154
0 8.82831
0 8.96726
0 9.02089
0 9.03634
0 9.0578
0 9.12469
0 9.25912
0 9.38826
0 9.47376
0 9.5547
0 9.61618
0 9.66756
0 9.69463
0 9.70771
0 9.77314
0 9.86483
0 9.98324
0 10.1778
0 10.3389
0 10.4292
0 10.5523
0 10.6466
0 10.7236
0 10.8236
0 10.8933
0 10.9378
0 10.9747
0 10.9692
0 10.9497
0 11.0388
0 11.2006
0 11.338
0 11.4663
0 11.6279
0 11.7743
0 11.8951
0 12.0576
0 12.2252
0 12.3513
0 12.4594
0 12.5375
0 12.6056
0 12.7517
0 12.9745
0 13.1997
0 13.3944
0 13.54
0 13.5668
0 13.4991
0 13.3682
0 13.0912
0 12.7741
0 12.5378
0 12.317
0 12.081
0 11.7898
0 11.4148
0 10.9992
0 10.5953
0 10.2978
0 10.1319
0 10.0188
0 9.90838
0 9.78503
0 9.62494
0 9.43731
0 9.26322
0 9.13298
0 9.09129
0 9.11355
0 9.14302
0 9.17663
0 9.19298
0 9.20556
0 9.26378
0 9.37414
0 9.4844
0 9.52193
0 9.54032
0 9.65326
0 9.90341
0 10.3087
0 10.8358
0 11.3717
0 11.8359
0 12.2301
0 12.5406
0 12.8253
0 13.1049
0 13.37
0 13.6392
0 13.8717
0 14.0862
0 14.213
0 14.2916
0 14.4241
0 14.5393
0 14.6567
0 14.792
0 14.9271
0 15.0495
0 15.145
0 15.2282
0 15.2982
0 15.3853
0 15.5002
0 15.6241
0 15.6927
0 15.7012
0 15.6788
0 15.6142
0 15.5371
0 15.4495
0 15.3405
0 15.2445
0 15.1506
0 15.0667
0 15.0441
0 15.0659
0 15.1487
0 15.2362
0 15.2504
0 15.1818
0 15.0333
0 14.9168
0 14.8643
0 14.8089
0 14.7528
0 14.6401
0 14.4177
0 14.1331
0 13.8773
0 13.6764
0 13.5068
0 13.3353
0 13.098
0 12.8266
0 12.5418
0 12.2582
0 11.9993
0 11.7398
0 11.5106
0 11.342
0 11.1871
0 10.9743
0 10.6988
0 10.4172
0 10.1553
0 9.96643
0 9.90454
0 9.90391
0 9.92279
0 10.0016
0 10.0966
0 10.0583
0 9.90785
0 9.71891
0 9.47509
0 9.20911
0 8.9637
0 8.76209
0 8.56729
0 8.42073
0 8.33263
0 8.26524
0 8.23111
0 8.16116
0 8.0287
0 7.85166
0 7.67256
0 7.54132
0 7.43252
0 7.32989
0 7.25994
0 7.16946
0 7.04191
0 6.94901
0 6.86956
0 6.80264
0 6.81093
0 6.90492
0 7.05413
0 7.18722
0 7.2837
0 7.33471
0 7.3278
0 7.32703
0 7.29406
0 7.23086
0 7.18349
0 7.19234
0 7.24502
0 7.26637
0 7.31485
0 7.32495
0 7.24276
0 7.17645
0 7.13319
0 7.07455
0 7.02701
0 7.00099
0 6.96586
0 6.93507
0 6.91187
0 6.84861
0 6.79863
0 6.79468
0 6.75517
0 6.69895
0 6.65731
0 6.62758
0 6.59541
0 6.55036
0 6.51258
0 6.4782
0 6.44923
0 6.401
0 6.38904
0 6.43882
0 6.5045
0 6.60823
0 6.68367
0 6.70657
0 6.69006
0 6.62766
0 6.57202
0 6.5233
0 6.49221
0 6.46523
0 6.44903
0 6.41758
0 6.33442
0 6.23119
0 6.04935
0 5.84291
0 5.69237
0 5.57079
0 5.44187
0 5.24056
0 4.99126
0 4.7194
0 4.42889
0 4.12825
0 3.80892
0 3.50502
0 3.26326
0 3.07664
0 2.85876
0 2.61799
0 2.42205
0 2.29204
0 2.21066
0 2.11391
0 1.98147
0 1.83049
0 1.64189
0 1.43383
0 1.23897
0 1.0948
0 1.05705
0 1.04704
0 0.9902
0 0.923434
0 0.857197
0 0.76047
0 0.690944
0 0.658609
0 0.609327
0 0.574809
0 0.506671
0 0.342345
0 0.14039
0 -0.0280013
0 -0.216439
0 -0.428174
0 -0.66516
0 -0.989635
0 -1.25939
0 -1.38932
0 -1.43721
0 -1.44905
0 -1.46787
0 -1.52026
0 -1.61115
0 -1.67995
0 -1.76748
0 -1.87578
0 -1.95359
0 -2.0905
0 -2.278
0 -2.43686
0 -2.54966
0 -2.61643
0 -2.64769
0 -2.66448
0 -2.65187
0 -2.60797
0 -2.54877
0 -2.44206
0 -2.35627
0 -2.34697
0 -2.36352
0 -2.42153
0 -2.48518
0 -2.50864
0 -2.56018
0 -2.60106
0 -2.58073
0 -2.6136
0 -2.64613
0 -2.6134
0 -2.61785
0 -2.61823
0 -2.57404
0 -2.52327
0 -2.48685
0 -2.43016
0 -2.34987
0 -2.28148
0 -2.20444
0 -2.09541
0 -1.97559
0 -1.89302
0 -1.79586
0 -1.67898
0 -1.60761
0 -1.51403
0 -1.32827
0 -1.14013
0 -0.976039
0 -0.783491
0 -0.623202
0 -0.499212
0 -0.378496
0 -0.203273
0 0.0283672
0 0.293665
0 0.642236
0 0.971017
0 1.23687
0 1.43084
0 1.52188
0 1.6015
0 1.72211
0 1.90149
0 2.15889
0 2.45764
0 2.7786
0 3.10923
0 3.38625
0 3.60111
0 3.7835
0 3.95567
0 4.12236
0 4.28665
0 4.48356
0 4.67898
0 4.81111
0 4.82129
0 4.6288
0 4.3163
0 3.97839
0 3.71116
0 3.58479
0 3.54838
0 3.58688
0 3.56811
0 3.50346
0 3.40674
0 3.18807
0 2.93991
0 2.69715
0 2.48043
0 2.29292
0 2.12831
0 1.96512
0 1.75035
0 1.471
0 1.13068
0 0.874893
0 0.710275
0 0.498156
0 0.282329
0 0.0741377
0 -0.0725645
0 -0.043844
0 -0.0128376
0 -0.0728028
0 -0.234778
0 -0.610356
0 -1.10333
0 -1.55318
0 -1.89369
0 -2.05769
0 -2.07232
0 -2.09281
0 -2.19749
0 -2.41277
0 -2.71402
0 -3.04838
0 -3.30046
0 -3.43894
0 -3.57728
0 -3.73494
0 -3.93383
0 -4.23923
0 -4.54053
0 -4.77265
0 -5.0161
0 -5.18083
0 -5.3694
0 -5.66769
0 -5.91184
0 -6.09406
0 -6.22502
0 -6.33645
0 -6.48667
0 -6.64182
0 -6.75817
0 -6.84155
0 -6.84586
0 -6.74825
0 -6.62762
0 -6.54185
0 -6.48416
0 -6.41683
0 -6.35036
0 -6.18253
0 -5.95547
0 -5.80818
0 -5.67261
0 -5.57704
0 -5.48713
0 -5.31565
0 -5.15186
0 -5.00531
0 -4.7917
0 -4.59021
0 -4.47019
0 -4.35196
0 -4.22101
0 -4.11587
0 -4.08938
0 -4.19027
0 -4.37293
0 -4.62841
0 -4.94379
0 -5.15064
0 -5.2353
0 -5.25745
0 -5.25021
0 -5.2904
0 -5.43995
0 -5.71306
0 -6.00689
0 -6.326
0 -6.60327
0 -6.73029
0 -6.80879
0 -6.91733
0 -7.03
0 -7.08157
0 -7.14514
0 -7.24828
0 -7.28914
0 -7.35764
0 -7.42883
0 -7.43449
0 -7.48167
0 -7.4962
0 -7.37164
0 -7.19966
0 -7.01931
0 -6.8604
0 -6.81922
0 -6.86931
0 -6.9234
0 -6.97033
0 -7.04192
0 -7.06454
0 -7.05127
0 -7.07493
0 -7.0888
0 -7.11066
0 -7.15859
0 -7.18541
0 -7.21993
0 -7.26893
0 -7.39223
0 -7.62872
0 -7.88904
0 -8.20976
0 -8.44632
0 -8.50816
0 -8.5382
0 -8.527
0 -8.50057
0 -8.5051
0 -8.53686
0 -8.60381
0 -8.645
0 -8.66799
0 -8.69361
0 -8.69589
0 -8.71388
0 -8.72038
0 -8.76977
0 -8.79817
0 -8.74659
0 -8.6949
0 -8.56623
0 -8.37741
0 -8.20118
0 -8.08115
0 -7.93731
0 -7.7643
0 -7.64566
0 -7.5059
0 -7.35567
0 -7.20459
0 -7.0528
0 -6.97099
0 -6.89072
0 -6.77025
0 -6.61342
0 -6.46657
0 -6.35377
0 -6.21835
0 -6.09196
0 -5.96816
0 -5.85025
0 -5.73108
0 -5.56111
0 -5.41797
0 -5.29995
0 -5.20527
0 -5.23597
0 -5.28642
0 -5.40639
0 -5.60897
0 -5.75412
0 -5.84976
0 -5.93796
0 -6.05051
0 -6.15198
0 -6.31138
0 -6.43725
0 -6.48959
0 -6.56401
0 -6.53048
0 -6.38759
0 -6.18137
0 -5.91514
0 -5.67036
0 -5.51107
0 -5.49106
0 -5.54489
0 -5.53269
0 -5.50195
0 -5.42105
0 -5.17151
0 -4.90214
0 -4.68754
0 -4.50748
0 -4.41386
0 -4.32121
0 -4.15418
0 -3.94907
0 -3.76897
0 -3.60441
0 -3.45671
0 -3.33329
0 -3.20238
0 -3.06728
0 -2.88831
0 -2.73679
0 -2.64905
0 -2.57733
0 -2.50588
0 -2.38082
0 -2.18847
0 -1.93521
0 -1.73422
0 -1.64093
0 -1.59351
0 -1.61927
0 -1.67636
0 -1.73047
0 -1.74905
0 -1.75383
0 -1.75823
0 -1.72692
0 -1.74969
0 -1.77923
0 -1.78781
0 -1.84651
0 -1.9613
0 -2.13545
0 -2.33061
0 -2.52389
0 -2.73494
0 -2.88675
0 -2.97597
0 -3.05883
0 -3.15941
0 -3.33608
0 -3.52603
0 -3.79193
0 -4.03304
0 -4.14468
0 -4.2428
0 -4.19128
0 -4.12906
0 -4.18311
0 -4.19086
0 -4.19315
0 -4.24689
0 -4.29321
0 -4.30151
0 -4.29771
0 -4.31834
0 -4.34465
0 -4.35541
0 -4.35894
0 -4.37721
0 -4.41459
0 -4.43443
0 -4.45439
0 -4.46553
0 -4.46441
0 -4.42054
0 -4.34602
0 -4.29182
0 -4.21798
0 -4.16391
0 -4.16188
0 -4.15158
0 -4.12447
0 -4.13029
0 -4.15948
0 -4.16022
0 -4.16096
0 -4.21942
0 -4.20171
0 -4.13597
0 -4.13938
0 -4.09283
0 -4.11803
0 -4.22814
0 -4.24658
0 -4.20193
0 -4.10016
0 -3.96223
0 -3.83384
0 -3.79762
0 -3.87998
0 -3.99629
0 -4.16831
0 -4.36272
0 -4.49936
0 -4.63499
0 -4.76498
0 -4.82816
0 -4.85067
0 -4.8616
0 -4.8579
0 -4.85152
0 -4.84115
0 -4.8304
0 -4.84093
0 -4.86322
0 -4.85382
0 -4.82932
0 -4.84728
0 -4.84196
0 -4.82158
0 -4.83621
0 -4.83818
0 -4.79226
0 -4.68271
0 -4.49193
0 -4.25517
0 -4.04508
0 -3.84334
0 -3.72828
0 -3.72993
0 -3.75026
0 -3.7843
0 -3.80138
0 -3.80576
0 -3.78118
0 -3.73893
0 -3.72903
0 -3.70253
0 -3.7148
0 -3.78884
0 -3.88377
0 -4.02135
0 -4.2353
0 -4.44597
0 -4.5843
0 -4.71104
0 -4.79558
0 -4.78985
0 -4.75774
0 -4.76584
0 -4.75891
0 -4.74202
0 -4.76733
0 -4.80331
0 -4.79765
0 -4.72281
0 -4.60578
0 -4.46077
0 -4.31713
0 -4.22937
0 -4.1495
0 -4.03292
0 -3.92932
0 -3.85169
0 -3.79117
0 -3.75736
0 -3.75879
0 -3.79105
0 -3.83425
0 -3.88885
0 -4.02556
0 -4.25783
0 -4.4848
0 -4.68821
0 -4.87215
0 -4.99903
0 -5.14922
0 -5.36037
0 -5.57311
0 -5.77326
0 -5.92817
0 -6.05642
0 -6.2048
0 -6.38765
0 -6.60947
0 -6.79046
0 -6.90456
0 -7.00417
0 -7.09972
0 -7.2266
0 -7.41858
0 -7.65897
0 -7.85031
0 -7.95543
0 -8.00882
0 -7.98141
0 -7.92229
0 -7.90219
0 -7.95021
0 -8.13494
0 -8.43196
0 -8.70495
0 -8.88075
0 -8.93992
0 -8.84588
0 -8.67739
0 -8.53285
0 -8.37877
0 -8.22677
0 -8.10668
0 -7.97745
0 -7.8312
0 -7.73572
0 -7.69295
0 -7.66206
0 -7.62232
0 -7.51695
0 -7.34257
0 -7.1901
0 -7.08074
0 -7.00936
0 -7.08159
0 -7.2244
0 -7.23773
0 -7.11243
0 -6.89279
0 -6.63684
0 -6.47935
0 -6.43599
0 -6.44318
0 -6.48339
0 -6.54664
0 -6.58644
0 -6.62326
0 -6.72579
0 -6.83409
0 -6.93176
0 -7.01224
0 -7.02689
0 -6.98857
0 -6.97093
0 -6.98842
0 -7.04112
0 -7.16852
0 -7.31126
0 -7.43792
0 -7.51835
0 -7.52583
0 -7.51679
0 -7.56907
0 -7.66719
0 -7.80126
0 -7.96017
0 -8.08671
0 -8.2354
0 -8.36548
0 -8.41339
0 -8.43476
0 -8.43852
0 -8.40094
0 -8.33426
0 -8.21065
0 -8.05963
0 -7.93018
0 -7.79418
0 -7.67711
0 -7.57208
0 -7.46797
0 -7.39101
0 -7.33819
0 -7.27189
0 -7.19092
0 -7.15038
0 -7.11822
0 -7.06203
0 -7.0328
0 -7.0508
0 -7.06849
0 -7.03497
0 -6.99374
0 -6.98796
0 -6.98514
0 -6.96217
0 -6.957
0 -6.99207
0 -7.09109
0 -7.27258
0 -7.50243
0 -7.71139
0 -7.84695
0 -7.94557
0 -7.93695
0 -7.85151
0 -7.82144
0 -7.72283
0 -7.49744
0 -7.23778
0 -6.96433
0 -6.73054
0 -6.56705
0 -6.43601
0 -6.3435
0 -6.18163
0 -5.92099
0 -5.6903
0 -5.49918
0 -5.38146
0 -5.36083
0 -5.36479
0 -5.3245
0 -5.22678
0 -5.06853
0 -4.88996
0 -4.777
0 -4.71977
0 -4.70389
0 -4.71552
0 -4.73946
0 -4.7715
0 -4.79796
0 -4.89028
0 -5.03217
0 -5.13368
0 -5.15896
0 -5.08531
0 -4.9294
0 -4.66001
0 -4.35567
0 -4.12487
0 -3.96283
0 -3.91412
0 -3.92779
0 -3.93678
0 -3.96115
0 -3.95191
0 -3.89168
0 -3.8324
0 -3.79882
0 -3.78661
0 -3.80859
0 -3.89409
0 -4.09609
0 -4.37529
0 -4.62538
0 -4.85208
0 -5.07218
0 -5.27068
0 -5.42285
0 -5.57081
0 -5.68174
0 -5.72736
0 -5.79456
0 -5.88005
0 -6.02732
0 -6.20214
0 -6.3561
0 -6.48074
0 -6.54083
0 -6.58284
0 -6.55752
0 -6.49649
0 -6.46721
0 -6.40999
0 -6.36652
0 -6.36865
0 -6.34342
0 -6.30507
0 -6.28565
0 -6.28191
0 -6.35422
0 -6.46277
0 -6.51936
0 -6.52131
0 -6.44395
0 -6.30677
0 -6.15084
0 -5.99923
0 -5.90945
0 -5.87325
0 -5.85476
0 -5.82519
0 -5.75088
0 -5.60978
0 -5.41353
0 -5.23163
0 -5.08073
0 -5.00687
0 -4.99769
0 -4.9761
0 -4.9586
0 -4.92336
0 -4.83461
0 -4.71653
0 -4.62635
0 -4.54304
0 -4.42511
0 -4.31363
0 -4.19959
0 -4.07211
0 -4.01104
0 -3.99575
0 -3.93933
0 -3.90472
0 -3.84458
0 -3.64316
0 -3.37788
0 -3.10836
0 -2.85919
0 -2.6545
0 -2.47942
0 -2.26722
0 -1.98305
0 -1.68412
0 -1.3859
0 -1.07298
0 -0.74393
0 -0.469291
0 -0.279885
0 -0.103321
0 0.0300795
0 0.0947376
0 0.135154
0 0.17991
0 0.34218
0 0.674335
0 1.07074
0 1.43398
0 1.68616
0 1.794
0 1.82157
0 1.84625
0 1.94874
0 2.13392
0 2.28562
0 2.40114
0 2.47904
0 2.49598
0 2.51121
0 2.50267
0 2.51638
0 2.58419
0 2.60755
0 2.55047
0 2.44237
0 2.28182
0 2.05213
0 1.86996
0 1.80413
0 1.80468
0 1.85081
0 1.88763
0 1.86815
0 1.74248
0 1.51148
0 1.29597
0 1.1302
0 1.00577
0 0.944978
0 0.833723
0 0.670316
0 0.520264
0 0.349355
0 0.25781
0 0.255692
0 0.277341
0 0.216722
0 -0.0108974
0 -0.253297
0 -0.459642
0 -0.599033
0 -0.616226
0 -0.555443
0 -0.458537
0 -0.379223
0 -0.354566
0 -0.382712
0 -0.463391
0 -0.610099
0 -0.696699
0 -0.654519
0 -0.55854
0 -0.417927
0 -0.24493
0 -0.0886351
0 -0.0198236
0 0.00831042
0 0.0559539
0 0.0685895
0 0.067515
0 0.127696
0 0.190776
0 0.210894
0 0.268194
0 0.323469
0 0.366865
0 0.467129
0 0.594922
0 0.725664
0 0.803339
0 0.778111
0 0.697735
0 0.624869
0 0.599139
0 0.626124
0 0.690022
0 0.761296
0 0.861794
0 1.01271
0 1.206
0 1.37307
0 1.48129
0 1.56022
0 1.57532
0 1.55215
0 1.58119
0 1.62756
0 1.64407
0 1.67651
0 1.69659
0 1.67132
0 1.56252
0 1.4252
0 1.32881
0 1.29912
0 1.31557
0 1.33476
0 1.4215
0 1.49199
0 1.48637
0 1.49903
0 1.54344
0 1.55294
0 1.46414
0 1.32528
0 1.17593
0 0.971767
0 0.782769
0 0.686735
0 0.628512
0 0.534474
0 0.3127
0 0.0598443
0 -0.0986239
0 -0.209209
0 -0.234943
0 -0.259565
0 -0.374724
0 -0.578738
0 -0.787008
0 -0.912406
0 -1.00097
0 -1.00129
0 -0.993829
0 -1.08843
0 -1.25704
0 -1.45595
0 -1.61111
0 -1.6591
0 -1.57604
0 -1.36656
0 -1.07834
0 -0.817417
0 -0.618873
0 -0.452671
0 -0.275155
0 -0.119205
0 0.0682035
0 0.333756
0 0.60873
0 0.868617
0 1.11471
0 1.38193
0 1.62287
0 1.8392
0 2.04799
0 2.21378
0 2.41542
0 2.68813
0 2.97493
0 3.22009
0 3.44962
0 3.64722
0 3.78636
0 3.98226
0 4.18818
0 4.40156
0 4.58069
0 4.65836
0 4.72761
0 4.73143
0 4.74359
0 4.83822
0 4.99021
0 5.20171
0 5.43098
0 5.67664
0 5.88865
0 6.03634
0 6.12356
0 6.14817
0 6.14296
0 6.14701
0 6.19041
0 6.25351
0 6.33893
0 6.41326
0 6.47627
0 6.50657
0 6.4409
0 6.40234
0 6.41167
0 6.42597
0 6.44932
0 6.48201
0 6.52412
0 6.55025
0 6.55058
0 6.50081
0 6.35608
0 6.11336
0 5.90857
0 5.76375
0 5.65003
0 5.62335
0 5.66782
0 5.73939
0 5.79725
0 5.83739
0 5.84203
0 5.83539
0 5.86846
0 5.91383
0 5.94739
0 5.96045
0 5.98331
0 6.01262
0 6.03651
0 6.03183
0 5.91062
0 5.70546
0 5.46658
0 5.25645
0 5.12864
0 5.05872
0 5.02637
0 4.95372
0 4.86249
0 4.79364
0 4.7235
0 4.61882
0 4.48668
0 4.41544
0 4.398
0 4.38781
0 4.4136
0 4.49272
0 4.55193
0 4.64039
0 4.85873
0 5.14519
0 5.42932
0 5.66563
0 5.82162
0 5.88726
0 5.94598
0 6.08415
0 6.28656
0 6.55405
0 6.86058
0 7.13476
0 7.32671
0 7.48399
0 7.67009
0 7.85805
0 8.03147
0 8.15993
0 8.23452
0 8.29781
0 8.38203
0 8.5296
0 8.75465
0 9.01659
0 9.23815
0 9.37764
0 9.45405
0 9.54139
0 9.74135
0 10.0264
0 10.2772
0 10.4806
0 10.5865
0 10.5727
0 10.5362
0 10.5249
0 10.5653
0 10.7089
0 10.9949
0 11.2392
0 11.3152
0 11.2117
0 10.944
0 10.7343
0 10.6194
0 10.5728
0 10.6455
0 10.7474
0 10.8105
0 10.8545
0 10.8693
0 10.8176
0 10.7614
0 10.6548
0 10.4107
0 10.1707
0 9.97641
0 9.79742
0 9.62709
0 9.40484
0 9.19951
0 9.00334
0 8.75993
0 8.5217
0 8.28371
0 8.07903
0 7.96675
0 7.92644
0 7.87542
0 7.74163
0 7.5334
0 7.28247
0 7.05683
0 6.94323
0 6.93975
0 6.98573
0 7.05619
0 7.11774
0 7.1291
0 7.13074
0 7.13484
0 7.12476
0 7.14122
0 7.15763
0 7.18908
0 7.23759
0 7.23833
0 7.24404
0 7.28254
0 7.29023
0 7.2857
0 7.3175
0 7.34136
0 7.35354
0 7.37353
0 7.39462
0 7.40844
0 7.40684
0 7.42191
0 7.44341
0 7.44729
0 7.45998
0 7.46378
0 7.46666
0 7.49605
0 7.49782
0 7.44387
0 7.34742
0 7.21554
0 7.03657
0 6.83315
0 6.65503
0 6.5017
0 6.42262
0 6.43241
0 6.45585
0 6.47958
0 6.50464
0 6.50004
0 6.47081
0 6.45918
0 6.45824
0 6.44594
0 6.43617
0 6.44374
0 6.44539
0 6.43645
0 6.44091
0 6.43127
0 6.41412
0 6.425
0 6.41851
0 6.39295
0 6.39079
0 6.41049
0 6.45102
0 6.55277
0 6.75975
0 7.00672
0 7.21838
0 7.37406
0 7.45228
0 7.44315
0 7.38044
0 7.32869
0 7.30872
0 7.28952
0 7.32439
0 7.42264
0 7.58147
0 7.86029
0 8.11622
0 8.2794
0 8.38929
0 8.4045
0 8.38673
0 8.4408
0 8.57481
0 8.7473
0 8.9627
0 9.14652
0 9.2117
0 9.17597
0 9.0169
0 8.7822
0 8.64668
0 8.70967
0 8.88691
0 9.06379
0 9.17795
0 9.16076
0 8.99889
0 8.74029
0 8.47465
0 8.26016
0 8.09518
0 8.01309
0 7.99363
0 8.0008
0 8.01237
0 8.00651
0 8.00794
0 7.99954
0 7.97731
0 7.96453
0 7.96077
0 7.9676
0 7.98379
0 7.99737
0 7.98728
0 7.96345
0 7.97322
0 7.97806
0 7.96166
0 7.9624
0 7.96813
0 7.96353
0 7.95293
0 7.93617
0 7.92374
0 7.93778
0 7.9209
0 7.90674
0 7.917
0 7.88569
0 7.85913
0 7.83079
0 7.81274
0 7.80081
0 7.73866
0 7.66837
0 7.54516
0 7.35419
0 7.17444
0 7.03282
0 6.94444
0 6.8859
0 6.83232
0 6.75594
0 6.63881
0 6.53225
0 6.41597
0 6.32931
0 6.32645
0 6.30722
0 6.28007
0 6.27408
0 6.23732
0 6.19435
0 6.15312
0 6.09688
0 6.02094
0 5.89507
0 5.70467
0 5.47842
0 5.29949
0 5.21725
0 5.28583
0 5.41327
0 5.41453
0 5.29429
0 5.07158
0 4.83051
0 4.66521
0 4.59081
0 4.61307
0 4.65103
0 4.66727
0 4.67998
0 4.65518
0 4.5924
0 4.55036
0 4.49566
0 4.37956
0 4.16856
0 3.87142
0 3.61013
0 3.41433
0 3.30287
0 3.30566
0 3.31821
0 3.3187
0 3.31328
0 3.21793
0 3.1107
0 3.05124
0 3.02874
0 3.06551
0 3.10524
0 3.1192
0 3.11713
0 3.07861
0 3.01383
0 2.97642
0 2.96114
0 2.93978
0 2.91194
0 2.89087
0 2.86398
0 2.83267
0 2.7877
0 2.74303
0 2.72528
0 2.69506
0 2.68421
0 2.68245
0 2.64366
0 2.61403
0 2.55604
0 2.4362
0 2.35741
0 2.3107
0 2.27661
0 2.28475
0 2.32074
0 2.36743
0 2.38893
0 2.4022
0 2.4498
0 2.57196
0 2.7857
0 3.03876
0 3.21281
0 3.30121
0 3.38306
0 3.47478
0 3.65027
0 3.88615
0 4.07524
0 4.27751
0 4.5311
0 4.75921
0 4.95156
0 5.1695
0 5.40005
0 5.6113
0 5.79718
0 5.96687
0 6.14742
0 6.34061
0 6.54156
0 6.72916
0 6.82605
0 6.81316
0 6.7633
0 6.68727
0 6.62668
0 6.58276
0 6.54974
0 6.55695
0 6.5365
0 6.47802
0 6.4447
0 6.41535
0 6.36914
0 6.32569
0 6.29148
0 6.26009
0 6.22218
0 6.19833
0 6.1062
0 5.96049
0 5.81012
0 5.61641
0 5.46279
0 5.35869
0 5.26596
0 5.25974
0 5.33244
0 5.39461
0 5.4441
0 5.48408
0 5.49811
0 5.49626
0 5.46435
0 5.43371
0 5.39705
0 5.29724
0 5.21732
0 5.14636
0 5.01909
0 4.83467
0 4.60283
0 4.40934
0 4.25297
0 4.15709
0 4.15291
0 4.15954
0 4.16302
0 4.14933
0 4.06585
0 3.90029
0 3.64387
0 3.32065
0 3.03847
0 2.84251
0 2.74102
0 2.74239
0 2.76265
0 2.76362
0 2.7662
0 2.79293
0 2.85989
0 2.94568
0 3.00961
0 3.0621
0 3.12053
0 3.1862
0 3.26116
0 3.33019
0 3.35952
0 3.33367
0 3.27555
0 3.19973
0 3.11704
0 3.00918
0 2.78575
0 2.45876
0 2.18213
0 1.95019
0 1.81854
0 1.7961
0 1.78342
0 1.79534
0 1.78375
0 1.72601
0 1.64813
0 1.60959
0 1.57336
0 1.51331
0 1.49257
0 1.48643
0 1.43979
0 1.39883
0 1.36984
0 1.31673
0 1.27348
0 1.22335
0 1.17949
0 1.13752
0 1.09478
0 1.05227
0 1.00884
0 0.96897
0 0.9097
0 0.858609
0 0.839134
0 0.880774
0 1.01849
0 1.21252
0 1.35002
0 1.38044
0 1.3291
0 1.17022
0 0.911782
0 0.706111
0 0.648481
0 0.736553
0 0.933974
0 1.08538
0 1.0182
0 0.725948
0 0.383325
0 0.0948407
0 -0.102724
0 -0.136218
0 -0.0779717
0 -0.0556707
0 -0.0453
0 -0.0574471
0 -0.140422
0 -0.235667
0 -0.332301
0 -0.495449
0 -0.763256
0 -1.072
0 -1.33605
0 -1.52814
0 -1.61394
0 -1.60169
0 -1.59228
0 -1.61
0 -1.68758
0 -1.84522
0 -1.9901
0 -2.08527
0 -2.05696
0 -1.96593
0 -1.8911
0 -1.84476
0 -1.89516
0 -1.94839
0 -2.0075
0 -2.09876
0 -2.13301
0 -2.17937
0 -2.28952
0 -2.43646
0 -2.64503
0 -2.8819
0 -3.10481
0 -3.31097
0 -3.45142
0 -3.51259
0 -3.54211
0 -3.54014
0 -3.5565
0 -3.60742
0 -3.64094
0 -3.68178
0 -3.73041
0 -3.77804
0 -3.80924
0 -3.82787
0 -3.85976
0 -3.89852
0 -3.93655
0 -3.97029
0 -4.0095
0 -4.04183
0 -4.05378
0 -4.04076
0 -4.00876
0 -4.01306
0 -4.0127
0 -3.96777
0 -3.92061
0 -3.85746
0 -3.77619
0 -3.75174
0 -3.84807
0 -4.02062
0 -4.21349
0 -4.39352
0 -4.55088
0 -4.64576
0 -4.66573
0 -4.67392
0 -4.68876
0 -4.73204
0 -4.77402
0 -4.80295
0 -4.86731
0 -4.9252
0 -4.94607
0 -4.98441
0 -5.09911
0 -5.23769
0 -5.36705
0 -5.52708
0 -5.69242
0 -5.79473
0 -5.82605
0 -5.81989
0 -5.71703
0 -5.56469
0 -5.44939
0 -5.39352
0 -5.42735
0 -5.48554
0 -5.54951
0 -5.62254
0 -5.64708
0 -5.64599
0 -5.65945
0 -5.67206
0 -5.68746
0 -5.73214
0 -5.78266
0 -5.80407
0 -5.83099
0 -5.88017
0 -5.89521
0 -5.89549
0 -5.94925
0 -5.99113
0 -5.99195
0 -6.0242
0 -6.07268
0 -6.08987
0 -6.09731
0 -6.13771
0 -6.16552
0 -6.17936
0 -6.22844
0 -6.24498
0 -6.24417
0 -6.24014
0 -6.14196
0 -5.99528
0 -5.86381
0 -5.73328
0 -5.62314
0 -5.53529
0 -5.48145
0 -5.44952
0 -5.4616
0 -5.51894
0 -5.54072
0 -5.56826
0 -5.61088
0 -5.62466
0 -5.63426
0 -5.66076
0 -5.70153
0 -5.71747
0 -5.73338
0 -5.77361
0 -5.79846
0 -5.85644
0 -6.00774
0 -6.27549
0 -6.59324
0 -6.83074
0 -6.99532
0 -7.09547
0 -7.08433
0 -7.05438
0 -7.04352
0 -7.02859
0 -7.09568
0 -7.16054
0 -7.15389
0 -7.2085
0 -7.31777
0 -7.49739
0 -7.78283
0 -8.06954
0 -8.29414
0 -8.42255
0 -8.45842
0 -8.42595
0 -8.3897
0 -8.41278
0 -8.44132
0 -8.47755
0 -8.52551
0 -8.53697
0 -8.55224
0 -8.52262
0 -8.41163
0 -8.24925
0 -8.04683
0 -7.84137
0 -7.65269
0 -7.57234
0 -7.58415
0 -7.60783
0 -7.66085
0 -7.71258
0 -7.7098
0 -7.70667
0 -7.72963
0 -7.71451
0 -7.70927
0 -7.68404
0 -7.54298
0 -7.30623
0 -7.01707
0 -6.8016
0 -6.76784
0 -6.93064
0 -7.24967
0 -7.57506
0 -7.79514
0 -7.84784
0 -7.70878
0 -7.50143
0 -7.31794
0 -7.19045
0 -7.14291
0 -7.11367
0 -7.07515
0 -7.02745
0 -6.98766
0 -6.97434
0 -6.95341
0 -6.97245
0 -7.01419
0 -7.02545
0 -7.03952
0 -7.05412
0 -7.06595
0 -7.06981
0 -7.0593
0 -7.01812
0 -6.87571
0 -6.60273
0 -6.31672
0 -6.12112
0 -6.06325
0 -6.12909
0 -6.21558
0 -6.30092
0 -6.34738
0 -6.32823
0 -6.30401
0 -6.28134
0 -6.24463
0 -6.21149
0 -6.17365
0 -6.14625
0 -6.149
0 -6.15423
0 -6.16009
0 -6.17254
0 -6.18118
0 -6.18462
0 -6.24902
0 -6.42026
0 -6.68458
0 -6.99966
0 -7.24138
0 -7.36909
0 -7.3901
0 -7.32699
0 -7.28485
0 -7.26366
0 -7.2655
0 -7.30113
0 -7.32944
0 -7.34651
0 -7.35219
0 -7.34639
0 -7.33513
0 -7.32724
0 -7.32421
0 -7.3433
0 -7.38091
0 -7.49254
0 -7.65482
0 -7.73977
0 -7.78066
0 -7.84507
0 -7.95067
0 -8.06904
0 -8.09992
0 -7.98139
0 -7.79628
0 -7.6579
0 -7.61521
0 -7.66743
0 -7.76466
0 -7.81464
0 -7.73568
0 -7.56971
0 -7.4064
0 -7.2928
0 -7.23655
0 -7.25549
0 -7.31309
0 -7.34589
0 -7.36457
0 -7.30061
0 -7.13317
0 -6.89229
0 -6.59209
0 -6.34002
0 -6.20012
0 -6.15172
0 -6.18214
0 -6.23893
0 -6.26323
0 -6.27072
0 -6.24006
0 -6.20103
0 -6.18918
0 -6.17968
0 -6.17304
0 -6.1802
0 -6.2001
0 -6.26762
0 -6.45268
0 -6.72855
0 -7.00804
0 -7.20287
0 -7.29054
0 -7.29279
0 -7.23364
0 -7.17611
0 -7.2171
0 -7.41448
0 -7.71379
0 -8.01551
0 -8.23009
0 -8.29763
0 -8.25146
0 -8.18085
0 -8.11448
0 -8.06674
0 -8.08932
0 -8.21986
0 -8.44715
0 -8.73135
0 -8.98963
0 -9.14447
0 -9.19702
0 -9.16635
0 -9.10413
0 -9.11652
0 -9.26233
0 -9.51566
0 -9.83404
0 -10.086
0 -10.1914
0 -10.2087
0 -10.1587
0 -10.0828
0 -10.0348
0 -10.0247
0 -10.022
0 -10.0233
0 -10.0365
0 -10.0064
0 -9.88275
0 -9.65446
0 -9.35283
0 -9.05538
0 -8.85534
0 -8.77184
0 -8.77719
0 -8.82348
0 -8.85463
0 -8.85596
0 -8.82708
0 -8.77553
0 -8.72955
0 -8.70563
0 -8.69984
0 -8.69382
0 -8.6762
0 -8.66594
0 -8.6417
0 -8.6177
0 -8.59879
0 -8.56665
0 -8.54949
0 -8.53687
0 -8.50739
0 -8.43177
0 -8.29609
0 -8.13572
0 -8.00045
0 -7.89231
0 -7.77647
0 -7.65562
0 -7.52417
0 -7.38211
0 -7.28629
0 -7.24196
0 -7.22152
0 -7.22757
0 -7.25021
0 -7.23935
0 -7.16441
0 -7.0083
0 -6.73004
0 -6.38747
0 -6.10136
0 -5.93549
0 -5.87552
0 -5.88506
0 -5.9133
0 -5.93584
0 -5.93127
0 -5.86521
0 -5.80697
0 -5.78268
0 -5.75081
0 -5.73113
0 -5.7295
0 -5.71725
0 -5.66842
0 -5.54453
0 -5.32033
0 -5.00877
0 -4.70665
0 -4.50346
0 -4.40255
0 -4.36969
0 -4.38898
0 -4.47895
0 -4.62711
0 -4.79065
0 -4.87059
0 -4.78841
0 -4.58126
0 -4.35504
0 -4.18833
0 -4.10228
0 -4.09277
0 -4.12451
0 -4.14669
0 -4.12463
0 -4.08684
0 -4.05128
0 -4.00385
0 -3.97297
0 -3.96295
0 -3.94623
0 -3.9294
0 -3.91544
0 -3.88591
0 -3.85463
0 -3.81878
0 -3.78886
0 -3.77184
0 -3.73984
0 -3.71399
0 -3.68469
0 -3.65161
0 -3.62166
0 -3.58921
0 -3.57329
0 -3.5374
0 -3.4936
0 -3.47498
0 -3.45008
0 -3.41034
0 -3.38965
0 -3.37177
0 -3.34259
0 -3.32362
0 -3.30512
0 -3.28564
0 -3.25498
0 -3.22499
0 -3.19702
0 -3.17347
0 -3.1486
0 -3.11937
0 -3.1037
0 -3.07915
0 -3.04636
0 -3.02025
0 -2.99081
0 -2.94314
0 -2.91214
0 -2.89379
0 -2.84883
0 -2.81483
0 -2.78822
0 -2.75035
0 -2.71828
0 -2.68945
0 -2.66069
0 -2.63077
0 -2.62115
0 -2.64152
0 -2.68536
0 -2.7474
0 -2.80487
0 -2.84243
0 -2.86909
0 -2.92452
0 -2.9604
0 -2.85949
0 -2.65705
0 -2.44044
0 -2.24923
0 -2.14947
0 -2.1351
0 -2.14376
0 -2.15025
0 -2.13401
0 -2.10921
0 -2.068
0 -2.00333
0 -1.97462
0 -1.97345
0 -1.94945
0 -1.91787
0 -1.89516
0 -1.87073
0 -1.84708
0 -1.81425
0 -1.78529
0 -1.76557
0 -1.73761
0 -1.71454
0 -1.71238
0 -1.77548
0 -1.94021
0 -2.19469
0 -2.45331
0 -2.60561
0 -2.64511
0 -2.61622
0 -2.54401
0 -2.47646
0 -2.43007
0 -2.39675
0 -2.43284
0 -2.55192
0 -2.75086
0 -3.00954
0 -3.23183
0 -3.37525
0 -3.44841
0 -3.50741
0 -3.64428
0 -3.8524
0 -4.05974
0 -4.21715
0 -4.26972
0 -4.23251
0 -4.1667
0 -4.10601
0 -4.09111
0 -4.13521
0 -4.24065
0 -4.4099
0 -4.58624
0 -4.70821
0 -4.73404
0 -4.63579
0 -4.42929
0 -4.1804
0 -3.97968
0 -3.81169
0 -3.69052
0 -3.65769
0 -3.62851
0 -3.58462
0 -3.55287
0 -3.49828
0 -3.4433
0 -3.40449
0 -3.35716
0 -3.33602
0 -3.31895
0 -3.27853
0 -3.24687
0 -3.20624
0 -3.1577
0 -3.12313
0 -3.08065
0 -3.00842
0 -2.8871
0 -2.64222
0 -2.30845
0 -2.01124
0 -1.79257
0 -1.67986
0 -1.66335
0 -1.68919
0 -1.69719
0 -1.6737
0 -1.6252
0 -1.555
0 -1.49692
0 -1.45146
0 -1.41441
0 -1.40038
0 -1.37241
0 -1.29605
0 -1.14486
0 -0.874533
0 -0.533407
0 -0.234204
0 -0.0719522
0 -0.104023
0 -0.288732
0 -0.473206
0 -0.502083
0 -0.34073
0 -0.0758201
0 0.182289
0 0.33686
0 0.387368
0 0.381084
0 0.352543
0 0.362062
0 0.406282
0 0.47232
0 0.545353
0 0.607056
0 0.652255
0 0.672659
0 0.704786
0 0.721529
0 0.665576
0 0.519812
0 0.294832
0 0.108612
0 0.103657
0 0.309966
0 0.646805
0 0.988531
0 1.22795
0 1.32357
0 1.31337
0 1.27249
0 1.26173
0 1.29205
0 1.36039
0 1.4465
0 1.51914
0 1.57143
0 1.59897
0 1.63829
0 1.72161
0 1.85996
0 2.07626
0 2.34934
0 2.62136
0 2.83019
0 2.94419
0 2.98395
0 2.98095
0 2.96969
0 2.97256
0 2.99326
0 3.04919
0 3.10366
0 3.12877
0 3.1573
0 3.16667
0 3.18305
0 3.28261
0 3.48544
0 3.78743
0 4.10509
0 4.33495
0 4.45474
0 4.46222
0 4.40899
0 4.37739
0 4.36457
0 4.39333
0 4.45622
0 4.48474
0 4.51465
0 4.54386
0 4.53693
0 4.53489
0 4.56864
0 4.68495
0 4.91441
0 5.22036
0 5.52216
0 5.71829
0 5.79535
0 5.79448
0 5.75648
0 5.72419
0 5.71727
0 5.76181
0 5.82161
0 5.85827
0 5.89013
0 5.91301
0 5.9198
0 5.93439
0 5.96303
0 5.9809
0 6.02475
0 6.11861
0 6.23728
0 6.3604
0 6.40997
0 6.35976
0 6.28228
0 6.19825
0 6.08302
0 5.90584
0 5.68488
0 5.46949
0 5.32009
0 5.27752
0 5.29167
0 5.34082
0 5.40757
0 5.45585
0 5.47725
0 5.484
0 5.4994
0 5.51177
0 5.53694
0 5.57605
0 5.61342
0 5.64824
0 5.66364
0 5.72411
0 5.88549
0 6.12405
0 6.41445
0 6.7162
0 6.92841
0 7.01322
0 7.08122
0 7.21763
0 7.46609
0 7.785
0 8.04697
0 8.20276
0 8.27078
0 8.26789
0 8.26604
0 8.38371
0 8.6317
0 8.9458
0 9.24495
0 9.45139
0 9.52149
0 9.49879
0 9.47095
0 9.44736
0 9.44909
0 9.49238
0 9.54379
0 9.59091
0 9.6221
0 9.6376
0 9.63842
0 9.64059
0 9.67069
0 9.69432
0 9.70509
0 9.73482
0 9.76065
0 9.76935
0 9.79379
0 9.80535
0 9.80729
0 9.84086
0 9.84813
0 9.76263
0 9.59371
0 9.37425
0 9.1019
0 8.87318
0 8.78747
0 8.79751
0 8.85555
0 8.89588
0 8.86377
0 8.71879
0 8.43084
0 8.12367
0 7.93537
0 7.85894
0 7.85576
0 7.92007
0 8.00183
0 8.19417
0 8.18849
0 8.15493
0 8.15029
0 8.15949
0 8.15119
0 8.16806
0 8.19005
0 8.19576
0 8.2138
0 8.2116
0 8.19889
0 8.2086
0 8.21969
0 8.22061
0 8.19556
0 8.08879
0 7.87543
0 7.6095
0 7.35285
0 7.18288
0 7.14393
0 7.16903
0 7.22049
0 7.27762
0 7.28746
0 7.27957
0 7.26419
0 7.24323
0 7.23652
0 7.2393
0 7.26098
0 7.27512
0 7.28137
0 7.28308
0 7.27532
0 7.25843
0 7.17117
0 6.99784
0 6.80326
0 6.70031
0 6.77616
0 6.96157
0 7.16556
0 7.30913
0 7.34921
0 7.32958
0 7.25745
0 7.1891
0 7.1669
0 7.17508
0 7.22083
0 7.22283
0 7.20373
0 7.21294
0 7.1942
0 7.16686
0 7.10444
0 6.94616
0 6.67091
0 6.38855
0 6.18781
0 6.03802
0 5.99606
0 6.04625
0 6.09107
0 6.11038
0 6.10714
0 6.08268
0 6.052
0 6.02672
0 5.95727
0 5.78016
0 5.54024
0 5.2852
0 5.05836
0 4.93885
0 4.9337
0 4.97599
0 5.00995
0 5.03504
0 5.03028
0 4.99291
0 4.96725
0 4.94558
0 4.93864
0 4.94735
0 4.93323
0 4.91002
0 4.85857
0 4.77041
0 4.6595
0 4.48109
0 4.25484
0 4.066
0 3.91249
0 3.81847
0 3.82258
0 3.84748
0 3.87072
0 3.90297
0 3.91092
0 3.8907
0 3.87982
0 3.88365
0 3.87936
0 3.88283
0 3.89084
0 3.89268
0 3.88268
0 3.88366
0 3.92104
0 4.06134
0 4.30909
0 4.50407
0 4.57175
0 4.45648
0 4.23343
0 4.14199
0 4.23767
0 4.46596
0 4.72167
0 4.89301
0 4.95921
0 4.91017
0 4.821
0 4.77206
0 4.75514
0 4.81877
0 4.95964
0 5.13845
0 5.37073
0 5.58188
0 5.7125
0 5.78077
0 5.74125
0 5.55172
0 5.27661
0 4.99827
0 4.78369
0 4.71832
0 4.81759
0 5.00851
0 5.18543
0 5.23673
0 5.11897
0 4.89949
0 4.67507
0 4.51832
0 4.45282
0 4.46377
0 4.51274
0 4.52971
0 4.51827
0 4.50555
0 4.45555
0 4.38796
0 4.32774
0 4.1895
0 3.94318
0 3.67475
0 3.46258
0 3.34229
0 3.29659
0 3.29618
0 3.32892
0 3.34569
0 3.31955
0 3.29862
0 3.26802
0 3.22776
0 3.21533
0 3.16432
0 3.06162
0 2.94609
0 2.85352
0 2.84005
0 2.87292
0 2.88587
0 2.8499
0 2.76377
0 2.67303
0 2.6158
0 2.59402
0 2.63995
0 2.75469
0 2.88052
0 2.99252
0 3.0524
0 3.05207
0 3.05409
0 3.03075
0 2.99395
0 3.05147
0 3.16827
0 3.29956
0 3.48261
0 3.6475
0 3.75767
0 3.86381
0 3.9156
0 3.91849
0 3.96469
0 4.0578
0 4.16621
0 4.28493
0 4.39559
0 4.47698
0 4.53436
0 4.57489
0 4.62233
0 4.67664
0 4.69912
0 4.70927
0 4.70867
0 4.66887
0 4.59083
0 4.48624
0 4.37301
0 4.30436
0 4.33512
0 4.43404
0 4.52701
0 4.54698
0 4.5011
0 4.42062
0 4.35798
0 4.32731
0 4.28971
0 4.24953
0 4.17621
0 4.09773
0 4.03658
0 3.9895
0 3.98132
0 3.97429
0 3.95524
0 3.88243
0 3.7585
0 3.6559
0 3.61145
0 3.67113
0 3.76934
0 3.84136
0 3.90194
0 3.89922
0 3.82654
0 3.72401
0 3.58384
0 3.44607
0 3.36514
0 3.32043
0 3.2709
0 3.19482
0 3.09306
0 2.96777
0 2.87179
0 2.82356
0 2.79581
0 2.80932
0 2.83045
0 2.86378
0 2.94149
0 3.0191
0 3.0886
0 3.1363
0 3.14576
0 3.12703
0 3.07674
0 3.05651
0 3.04999
0 3.01486
0 3.00651
0 3.00584
0 2.99338
0 3.0216
0 3.09172
0 3.17758
0 3.25188
0 3.27953
0 3.28396
0 3.30546
0 3.35933
0 3.43361
0 3.50694
0 3.54188
0 3.52913
0 3.49881
0 3.45543
0 3.41723
0 3.39427
0 3.38373
0 3.37592
0 3.36399
0 3.34875
0 3.33662
0 3.35904
0 3.4028
0 3.45281
0 3.4973
0 3.51513
0 3.50462
0 3.47198
0 3.46826
0 3.49078
0 3.53381
0 3.61901
0 3.68132
0 3.72257
0 3.76979
0 3.77213
0 3.75295
0 3.73789
0 3.71193
0 3.68434
0 3.66341
0 3.64846
0 3.62353
0 3.59954
0 3.57977
0 3.55621
0 3.52658
0 3.49814
0 3.47506
0 3.42582
0 3.35699
0 3.27983
0 3.18507
0 3.08337
0 2.9719
0 2.85354
0 2.75471
0 2.6829
0 2.6313
0 2.58917
0 2.56053
0 2.53317
0 2.45987
0 2.35135
0 2.26683
0 2.23338
0 2.26882
0 2.35935
0 2.43193
0 2.45345
0 2.43965
0 2.41053
0 2.36359
0 2.322
0 2.31042
0 2.30341
0 2.29872
0 2.32202
0 2.40592
0 2.54417
0 2.69175
0 2.80242
0 2.84495
0 2.83172
0 2.81496
0 2.85179
0 2.95493
0 3.09275
0 3.20807
0 3.25836
0 3.2641
0 3.27711
0 3.3352
0 3.43393
0 3.52924
0 3.58299
0 3.59883
0 3.60442
0 3.64257
0 3.72902
0 3.82569
0 3.89125
0 3.90153
0 3.85859
0 3.78645
0 3.72094
0 3.66422
0 3.61512
0 3.58547
0 3.55139
0 3.50372
0 3.44864
0 3.39633
0 3.35073
0 3.29209
0 3.24044
0 3.20095
0 3.14398
0 3.07455
0 2.96986
0 2.8088
0 2.6326
0 2.4756
0 2.3468
0 2.26724
0 2.23296
0 2.20614
0 2.17904
0 2.14685
0 2.07194
0 1.95654
0 1.82895
0 1.6999
0 1.59593
0 1.54444
0 1.54884
0 1.59209
0 1.64955
0 1.69048
0 1.68825
0 1.63219
0 1.53162
0 1.39665
0 1.25167
0 1.13607
0 1.07208
0 1.04124
0 1.00495
0 0.945085
0 0.859018
0 0.771084
0 0.699754
0 0.646322
0 0.613641
0 0.592369
0 0.564994
0 0.526833
0 0.474425
0 0.391486
0 0.271462
0 0.128672
0 -0.00633127
0 -0.11345
0 -0.187301
0 -0.223368
0 -0.241203
0 -0.256813
0 -0.275847
0 -0.306857
0 -0.34351
0 -0.378671
0 -0.41004
0 -0.441142
0 -0.469583
0 -0.494613
0 -0.524333
0 -0.550514
0 -0.574259
0 -0.613088
0 -0.656502
0 -0.70491
0 -0.765726
0 -0.80956
0 -0.835299
0 -0.855913
0 -0.875577
0 -0.905829
0 -0.934565
0 -0.957462
0 -0.977327
0 -0.995651
0 -1.02015
0 -1.04831
0 -1.08378
0 -1.12199
0 -1.14918
0 -1.18132
0 -1.23329
0 -1.29045
0 -1.34674
0 -1.40317
0 -1.44177
0 -1.47044
0 -1.51272
0 -1.5669
0 -1.6325
0 -1.70078
0 -1.75343
0 -1.78524
0 -1.80416
0 -1.81585
0 -1.82875
0 -1.85179
0 -1.8776
0 -1.90128
0 -1.92668
0 -1.94787
0 -1.96868
0 -1.98777
0 -1.99988
0 -2.02399
0 -2.05051
0 -2.06863
0 -2.09317
0 -2.11919
0 -2.13098
0 -2.12822
0 -2.10252
0 -2.05065
0 -2.00863
0 -1.99028
0 -1.99182
0 -2.02216
0 -2.06554
0 -2.10156
0 -2.12033
0 -2.10759
0 -2.06508
0 -2.01794
0 -1.9916
0 -1.99524
0 -2.02326
0 -2.06571
0 -2.11348
0 -2.15341
0 -2.1824
0 -2.20753
0 -2.23285
0 -2.26204
0 -2.29199
0 -2.32457
0 -2.35927
0 -2.39022
0 -2.42421
0 -2.45596
0 -2.48259
0 -2.52014
0 -2.56199
0 -2.59958
0 -2.63455
0 -2.66763
0 -2.71243
0 -2.7739
0 -2.84459
0 -2.90331
0 -2.92544
0 -2.91338
0 -2.8837
0 -2.86337
0 -2.87027
0 -2.89841
0 -2.93817
0 -2.97816
0 -3.01561
0 -3.04356
0 -3.06189
0 -3.08377
0 -3.11116
0 -3.13748
0 -3.16426
0 -3.1977
0 -3.22743
0 -3.25354
0 -3.28115
0 -3.30559
0 -3.33299
0 -3.35427
0 -3.36565
0 -3.3774
0 -3.38638
0 -3.40251
0 -3.42862
0 -3.45732
0 -3.48926
0 -3.52006
0 -3.5476
0 -3.57493
0 -3.60668
0 -3.64553
0 -3.68563
0 -3.72538
0 -3.76388
0 -3.79212
0 -3.81518
0 -3.83848
0 -3.85939
0 -3.88417
0 -3.91023
0 -3.9353
0 -3.96265
0 -3.98582
0 -4.00877
0 -4.03337
0 -4.05554
0 -4.07718
0 -4.09801
0 -4.12185
0 -4.14561
0 -4.16676
0 -4.18791
0 -4.20999
0 -4.23354
0 -4.25429
0 -4.27525
0 -4.29781
0 -4.31865
0 -4.33902
0 -4.35983
0 -4.38071
0 -4.4008
0 -4.42047
0 -4.44003
0 -4.46043
0 -4.48241
0 -4.50592
0 -4.53326
0 -4.55702
0 -4.57382
0 -4.59031
0 -4.60807
0 -4.63184
0 -4.66258
0 -4.69573
0 -4.72534
0 -4.74797
0 -4.76404
0 -4.77549
0 -4.78827
0 -4.80226
0 -4.81653
0 -4.83439
0 -4.85471
0 -4.87546
0 -4.89545
0 -4.91531
0 -4.93534
0 -4.95342
0 -4.97099
0 -4.98754
0 -5.00009
0 -5.01035
0 -5.02032
0 -5.03116
0 -5.04349
0 -5.05681
0 -5.06798
0 -5.07419
0 -5.07659
0 -5.07854
0 -5.0837
0 -5.09257
0 -5.10454
0 -5.11801
0 -5.1324
0 -5.14612
0 -5.15721
0 -5.16753
0 -5.1783
0 -5.1898
0 -5.20075
0 -5.21187
0 -5.22368
0 -5.23435
0 -5.244
0 -5.25239
0 -5.26092
0 -5.27007
0 -5.27915
0 -5.28946
0 -5.30089
0 -5.31142
0 -5.32066
0 -5.32926
0 -5.33735
0 -5.34563
0 -5.35409
0 -5.36149
0 -5.36985
0 -5.37927
0 -5.38828
0 -5.39797
0 -5.40721
0 -5.41701
0 -5.42728
0 -5.43675
0 -5.44599
0 -5.45517
0 -5.46401
0 -5.47218
0 -5.4803
0 -5.48794
0 -5.49506
0 -5.50241
0 -5.50972
0 -5.51615
0 -5.5225
0 -5.52878
0 -5.53446
0 -5.54074
0 -5.54639
0 -5.55171
0 -5.5579
0 -5.56326
0 -5.56806
0 -5.57327
0 -5.57836
0 -5.58308
0 -5.58775
0 -5.59233
0 -5.59659
0 -5.60101
0 -5.60582
0 -5.61079
0 -5.6158
0 -5.62061
0 -5.62469
0 -5.62795
0 -5.63044
0 -5.63269
0 -5.63522
0 -5.63802
0 -5.64142
0 -5.64469
0 -5.64738
0 -5.64998
0 -5.65215
0 -5.65389
0 -5.6559
0 -5.65786
0 -5.65977
0 -5.66186
0 -5.66363
0 -5.6649
0 -5.66607
0 -5.66711
0 -5.66797
0 -5.66872
0 -5.66945
0 -5.67013
0 -5.67062
0 -5.67113
0 -5.67147
0 -5.67148
0 -5.67138
0 -5.67129
0 -5.67088
0 -5.67024
0 -5.66953
0 -5.66867
0 -5.66776
0 -5.66682
0 -5.66596
0 -5.66492
0 -5.66356
0 -5.66221
0 -5.66077
0 -5.65909
0 -5.65729
0 -5.65541
0 -5.65339
0 -5.65119
0 -5.64886
0 -5.64647
0 -5.64401
0 -5.64141
0 -5.6387
0 -5.63589
0 -5.63291
0 -5.62983
0 -5.6266
0 -5.62324
0 -5.61976
0 -5.61618
0 -5.61243
0 -5.60855
0 -5.60458
0 -5.60049
0 -5.59624
0 -5.59186
0 -5.58737
0 -5.58278
0 -5.57804
0 -5.57317
0 -5.56819
0 -5.56307
0 -5.55784
0 -5.55249
0 -5.54701
0 -5.5414
0 -5.53567
0 -5.52983
0 -5.52386
0 -5.51777
0 -5.51155
0 -5.50521
0 -5.49876
0 -5.49218
0 -5.48548
0 -5.47866
0 -5.47173
0 -5.46467
0 -5.45749
0 -5.4502
0 -5.49965
0 -5.49205
0 -5.48431
0 -5.47644
0 -5.46844
0 -5.4603
0 -5.45203
0 -5.44362
0 -5.43508
0 -5.4264
0 -5.4176
0 -5.40866
