1.000000e-02
-2.642388e-04
-2.304804e-04
-1.390170e-05
2.333528e-04
2.925452e-04
5.929405e-05
-3.854990e-04
-6.896127e-04
-5.579752e-04
-2.033123e-04
-5.652653e-05
-4.975408e-05
2.643577e-04
8.565780e-04
8.872040e-04
1.852728e-05
-9.390894e-04
-1.004239e-03
-5.115834e-04
-3.950704e-04
-6.483816e-04
-2.412894e-04
1.134910e-03
2.292573e-03
2.020847e-03
5.786506e-04
-8.415569e-04
-1.423908e-03
-1.084304e-03
-1.037436e-04
9.702457e-04
1.632506e-03
1.874475e-03
2.231927e-03
2.678280e-03
2.224907e-03
6.397258e-04
-7.531827e-04
-5.204221e-04
8.481864e-04
1.939720e-03
2.427393e-03
3.036619e-03
3.516706e-03
2.777922e-03
1.135802e-03
3.530749e-04
1.034429e-03
1.585923e-03
1.138486e-03
1.092373e-03
2.612365e-03
3.921808e-03
2.866457e-03
6.284114e-04
4.481172e-04
2.634353e-03
4.138452e-03
3.279781e-03
2.216139e-03
3.083561e-03
4.474268e-03
3.933193e-03
2.058920e-03
1.665480e-03
3.169684e-03
4.093829e-03
3.221866e-03
2.401104e-03
3.395522e-03
4.746379e-03
4.001109e-03
1.662444e-03
6.057310e-04
2.001999e-03
3.838637e-03
4.013756e-03
3.061354e-03
2.961660e-03
4.020390e-03
4.531923e-03
3.604062e-03
2.691023e-03
3.609331e-03
5.752956e-03
6.616819e-03
5.046839e-03
2.896405e-03
2.443618e-03
3.383959e-03
3.558678e-03
2.494586e-03
2.396034e-03
4.568212e-03
6.867975e-03
6.059742e-03
2.492797e-03
1.321989e-04
1.500426e-03
4.617215e-03
5.751726e-03
4.127982e-03
2.089199e-03
1.615449e-03
2.184467e-03
2.534774e-03
2.525866e-03
2.597671e-03
2.480022e-03
1.544608e-03
1.385386e-04
-6.711002e-04
-2.822521e-04
8.832230e-04
2.123228e-03
2.998666e-03
3.246256e-03
2.910089e-03
2.635697e-03
2.979275e-03
3.622414e-03
3.507898e-03
2.397384e-03
1.236837e-03
9.693241e-04
1.447088e-03
1.970655e-03
2.086161e-03
1.755051e-03
1.153294e-03
9.707262e-04
1.903315e-03
3.456396e-03
3.887415e-03
2.604690e-03
1.211505e-03
1.584178e-03
3.172819e-03
3.761669e-03
2.485543e-03
1.064628e-03
1.420593e-03
3.557429e-03
5.911690e-03
6.707787e-03
5.165439e-03
2.139828e-03
-1.457802e-04
5.711670e-05
2.112504e-03
3.717381e-03
3.865138e-03
3.466102e-03
3.488831e-03
3.454036e-03
2.912916e-03
2.462498e-03
2.344913e-03
1.749039e-03
3.175330e-04
-3.863751e-04
8.859503e-04
2.725196e-03
2.938854e-03
1.943599e-03
2.236738e-03
4.456185e-03
6.270109e-03
5.603052e-03
3.375584e-03
1.832979e-03
2.001170e-03
3.274191e-03
4.624240e-03
5.012217e-03
3.809704e-03
1.958434e-03
1.826039e-03
4.487431e-03
7.773546e-03
8.481863e-03
5.990412e-03
2.820198e-03
1.419013e-03
1.791514e-03
2.474242e-03
3.005043e-03
4.161853e-03
6.038679e-03
7.254100e-03
6.494326e-03
4.399543e-03
3.043690e-03
3.303489e-03
3.913233e-03
3.298183e-03
1.787996e-03
1.204163e-03
2.752580e-03
6.264742e-03
1.034942e-02
1.293652e-02
1.210165e-02
8.381661e-03
5.263181e-03
5.574069e-03
7.401358e-03
6.529598e-03
3.035934e-03
2.488314e-03
8.132704e-03
1.482298e-02
1.431071e-02
5.837733e-03
-2.562240e-03
-3.745361e-03
2.624479e-04
2.199080e-03
-8.204384e-04
-4.521318e-03
-4.072100e-03
-5.467823e-04
1.225337e-03
-3.427711e-04
-1.694969e-03
5.461105e-04
4.589668e-03
5.949129e-03
3.745564e-03
1.593081e-03
2.224238e-03
4.124289e-03
4.526344e-03
3.553452e-03
3.168746e-03
3.869166e-03
4.862278e-03
6.487298e-03
9.415607e-03
1.171249e-02
9.980867e-03
4.078277e-03
-1.676407e-03
-3.191064e-03
-7.603805e-04
2.728013e-03
5.751561e-03
8.526621e-03
1.055724e-02
1.035198e-02
7.555135e-03
3.599823e-03
2.358961e-04
-1.977533e-03
-3.261897e-03
-4.074616e-03
-4.960945e-03
-6.182135e-03
-6.804718e-03
-5.668098e-03
-3.278865e-03
-1.984069e-03
-3.133395e-03
-5.076608e-03
-5.268799e-03
-4.194091e-03
-4.930388e-03
-8.322954e-03
-1.022994e-02
-6.616237e-03
3.958689e-04
4.014168e-03
1.079782e-03
-4.369854e-03
-6.980619e-03
-6.696494e-03
-6.849497e-03
-7.614745e-03
-5.852813e-03
-1.004241e-03
2.714664e-03
1.953876e-03
-1.038555e-03
-1.580108e-03
1.400140e-03
4.636475e-03
5.483072e-03
4.866265e-03
5.181027e-03
6.486649e-03
6.202994e-03
2.071321e-03
-4.619010e-03
-9.655228e-03
-9.632929e-03
-5.275704e-03
7.368415e-05
3.850992e-03
5.638759e-03
5.474955e-03
3.456551e-03
1.013435e-03
2.661737e-04
1.012292e-03
4.096315e-04
-2.968188e-03
-6.079458e-03
-4.713640e-03
1.214358e-03
7.333178e-03
9.151051e-03
5.308064e-03
-1.872579e-03
-7.676904e-03
-7.561541e-03
-1.484491e-03
5.134565e-03
7.213831e-03
5.982673e-03
6.458878e-03
9.896536e-03
1.190266e-02
8.520147e-03
8.078362e-04
-6.751032e-03
-1.023702e-02
-8.081906e-03
-2.315023e-03
1.312383e-03
-1.990295e-03
-9.779779e-03
-1.374377e-02
-9.484561e-03
-1.601579e-03
2.871168e-03
2.738118e-03
1.545116e-03
8.176906e-04
-1.111022e-03
-4.832603e-03
-8.232109e-03
-8.754063e-03
-5.663896e-03
-1.545993e-04
4.668499e-03
5.622334e-03
2.735678e-03
-1.903046e-04
-3.382314e-04
3.209376e-04
-1.806623e-03
-6.380709e-03
-9.583854e-03
-9.238728e-03
-6.428762e-03
-3.047956e-03
-7.472899e-04
-1.912604e-03
-7.940577e-03
-1.589613e-02
-2.006110e-02
-1.751554e-02
-1.105086e-02
-6.215646e-03
-7.031628e-03
-1.353151e-02
-2.116496e-02
-2.307434e-02
-1.681385e-02
-7.823093e-03
-4.066242e-03
-7.328849e-03
-1.269300e-02
-1.513220e-02
-1.318765e-02
-7.489213e-03
-5.961852e-04
2.656854e-03
6.596322e-05
-2.804803e-03
1.033179e-03
8.374142e-03
8.265089e-03
-2.330340e-03
-1.351650e-02
-1.739361e-02
-1.923808e-02
-2.655708e-02
-3.463416e-02
-3.324317e-02
-2.390120e-02
-1.861548e-02
-2.171662e-02
-2.394518e-02
-1.799514e-02
-1.040258e-02
-1.125386e-02
-1.847206e-02
-2.007494e-02
-1.031006e-02
3.170257e-03
8.926995e-03
4.100305e-03
-4.833318e-03
-1.032502e-02
-1.078835e-02
-9.769499e-03
-1.012643e-02
-1.113125e-02
-1.099213e-02
-1.058179e-02
-1.201756e-02
-1.475389e-02
-1.558650e-02
-1.286546e-02
-7.743070e-03
-1.706197e-03
4.564250e-03
8.788175e-03
7.325682e-03
-1.432673e-04
-8.958424e-03
-1.454802e-02
-1.741644e-02
-2.043682e-02
-2.294372e-02
-2.075290e-02
-1.196075e-02
-7.619444e-04
5.157195e-03
1.608340e-03
-7.130901e-03
-1.179595e-02
-8.532003e-03
-2.917402e-03
-7.901013e-04
1.064806e-03
8.318253e-03
1.631702e-02
1.411833e-02
1.988453e-03
-6.362055e-03
-3.679787e-03
-2.178954e-04
-7.018943e-03
-1.668203e-02
-1.320450e-02
3.410776e-03
1.520438e-02
1.027293e-02
-1.593953e-03
-2.338270e-03
1.160218e-02
2.625428e-02
2.751707e-02
1.697570e-02
7.876200e-03
7.298870e-03
7.891462e-03
6.724572e-04
-8.775167e-03
-7.017177e-03
4.510307e-03
7.380411e-03
-7.009522e-03
-2.175570e-02
-1.829542e-02
-4.692800e-03
-2.849254e-03
-1.388608e-02
-1.772853e-02
-6.597641e-03
3.108263e-03
-1.466508e-03
-1.041433e-02
-1.054594e-02
-6.788148e-03
-9.596809e-03
-1.435555e-02
-1.180146e-02
-9.045466e-03
-2.034396e-02
-4.068102e-02
-4.899786e-02
-3.893261e-02
-2.767202e-02
-2.933883e-02
-3.642357e-02
-3.605921e-02
-3.082748e-02
-3.151832e-02
-3.857725e-02
-4.356285e-02
-4.358837e-02
-4.320015e-02
-4.395183e-02
-4.159499e-02
-3.383952e-02
-2.417492e-02
-1.773424e-02
-1.794284e-02
-2.539263e-02
-3.564969e-02
-4.036689e-02
-3.599572e-02
-2.963985e-02
-3.110004e-02
-4.049907e-02
-4.913774e-02
-5.068336e-02
-4.646711e-02
-4.129119e-02
-4.069215e-02
-5.034076e-02
-7.024216e-02
-8.931364e-02
-9.397652e-02
-8.440605e-02
-7.525257e-02
-7.696084e-02
-8.296710e-02
-7.911004e-02
-6.083059e-02
-3.648530e-02
-1.727202e-02
-7.970816e-03
-4.153028e-03
4.550706e-03
2.599428e-02
5.554689e-02
7.737513e-02
7.989808e-02
6.851692e-02
5.841499e-02
5.636333e-02
5.464510e-02
4.300968e-02
2.053130e-02
-6.265958e-03
-3.127599e-02
-5.130628e-02
-6.577462e-02
-7.822133e-02
-1.013186e-01
-1.348842e-01
-1.697199e-01
-1.939288e-01
-2.061878e-01
-2.157087e-01
-2.281072e-01
-2.376163e-01
-2.364467e-01
-2.269017e-01
-2.175387e-01
-2.091143e-01
-1.912875e-01
-1.564256e-01
-1.110251e-01
-6.834668e-02
-3.329871e-02
-3.352616e-04
3.485033e-02
6.854869e-02
9.517937e-02
1.132242e-01
1.225061e-01
1.221613e-01
1.158648e-01
1.125167e-01
1.138767e-01
1.063164e-01
7.486654e-02
1.955241e-02
-4.297728e-02
-9.859224e-02
-1.456039e-01
-1.829229e-01
-2.047112e-01
-2.124954e-01
-2.204355e-01
-2.356884e-01
-2.425671e-01
-2.204175e-01
-1.729682e-01
-1.247022e-01
-8.954858e-02
-5.725911e-02
-1.382208e-02
3.963065e-02
9.425279e-02
1.470081e-01
1.959388e-01
2.311564e-01
2.439893e-01
2.415379e-01
2.394772e-01
2.402481e-01
2.304717e-01
2.030211e-01
1.711143e-01
1.529159e-01
1.574944e-01
1.725011e-01
1.873388e-01
1.999907e-01
2.065280e-01
2.030838e-01
1.957194e-01
1.915358e-01
1.900264e-01
1.825204e-01
1.657490e-01
1.496049e-01
1.405815e-01
1.393441e-01
1.352628e-01
1.270943e-01
1.219913e-01
1.247611e-01
1.332259e-01
1.449966e-01
1.605792e-01
1.788593e-01
1.972740e-01
2.074835e-01
2.101009e-01
2.092674e-01
2.087397e-01
2.097937e-01
2.070578e-01
1.915342e-01
1.628746e-01
1.342692e-01
1.176896e-01
1.051538e-01
7.623870e-02
2.697278e-02
-2.214304e-02
-5.208258e-02
-6.799468e-02
-8.594889e-02
-1.071077e-01
-1.198211e-01
-1.224444e-01
-1.270927e-01
-1.394497e-01
-1.499279e-01
-1.473205e-01
-1.356368e-01
-1.154356e-01
-8.440158e-02
-4.568143e-02
-1.051880e-02
1.245048e-02
2.296106e-02
2.255222e-02
1.204552e-02
-1.705799e-03
-9.224396e-03
-1.472460e-02
-3.661857e-02
-8.085524e-02
-1.256184e-01
-1.464689e-01
-1.488364e-01
-1.583075e-01
-1.831420e-01
-2.034167e-01
-2.076764e-01
-2.060349e-01
-2.153554e-01
-2.343164e-01
-2.502456e-01
-2.613996e-01
-2.772322e-01
-3.004544e-01
-3.190017e-01
-3.202318e-01
-3.080347e-01
-2.935792e-01
-2.720995e-01
-2.299864e-01
-1.694488e-01
-1.072407e-01
-5.576706e-02
-1.478956e-02
2.785613e-02
7.967421e-02
1.335348e-01
1.723623e-01
2.042423e-01
2.397136e-01
2.596324e-01
2.763586e-01
2.950524e-01
3.087143e-01
3.220567e-01
3.391847e-01
3.502197e-01
3.454643e-01
3.294285e-01
3.113686e-01
2.938046e-01
2.756322e-01
2.645770e-01
2.613382e-01
2.597979e-01
2.571137e-01
2.543527e-01
2.495133e-01
2.377823e-01
2.172394e-01
1.915371e-01
1.677512e-01
1.603729e-01
1.667112e-01
1.621293e-01
1.657861e-01
1.732446e-01
1.809696e-01
1.903271e-01
1.977377e-01
2.012761e-01
2.047153e-01
2.067827e-01
2.037661e-01
1.962640e-01
1.937510e-01
1.960822e-01
2.122347e-01
2.007989e-01
1.823971e-01
1.654263e-01
1.211669e-01
6.978522e-02
1.282769e-02
-5.119660e-02
-9.943208e-02
-1.204716e-01
-1.276988e-01
-1.236761e-01
-9.600353e-02
-4.714265e-02
7.760107e-03
6.239848e-02
1.161682e-01
1.561924e-01
1.702181e-01
1.599040e-01
1.317872e-01
1.014783e-01
8.033073e-02
6.898949e-02
6.338950e-02
6.249712e-02
6.755933e-02
7.790681e-02
9.188048e-02
1.080944e-01
1.236243e-01
1.353181e-01
1.445964e-01
1.575683e-01
1.772920e-01
1.978749e-01
2.106438e-01
2.131054e-01
2.081835e-01
1.980535e-01
1.817425e-01
1.561014e-01
1.196497e-01
7.568963e-02
2.874635e-02
-2.003677e-02
-6.909060e-02
-1.125747e-01
-1.435766e-01
-1.616015e-01
-1.702167e-01
-1.839770e-01
-2.059739e-01
-2.242835e-01
-2.238074e-01
-2.181619e-01
-2.265761e-01
-2.511872e-01
-2.836064e-01
-3.046587e-01
-3.045709e-01
-2.973908e-01
-3.025303e-01
-3.114067e-01
-2.921135e-01
-2.506043e-01
-2.255371e-01
-2.188540e-01
-2.095537e-01
-1.985702e-01
-2.035888e-01
-2.293840e-01
-2.800651e-01
-3.177355e-01
-3.257235e-01
-3.202375e-01
-3.231358e-01
-3.239893e-01
-3.015778e-01
-2.640517e-01
-2.315554e-01
-2.101118e-01
-1.996228e-01
-1.925889e-01
-1.820387e-01
-1.753589e-01
-1.793669e-01
-1.849565e-01
-1.886469e-01
-1.974687e-01
-2.097491e-01
-2.206382e-01
-2.267943e-01
-2.294829e-01
-2.338830e-01
-2.440121e-01
-2.631116e-01
-2.901158e-01
-3.150491e-01
-3.320692e-01
-3.433530e-01
-3.483236e-01
-3.440248e-01
-3.299192e-01
-3.060519e-01
-2.734450e-01
-2.372875e-01
-2.017890e-01
-1.660762e-01
-1.302259e-01
-9.906787e-02
-7.722195e-02
-6.468476e-02
-4.990610e-02
-3.512059e-02
-1.288056e-02
1.495571e-02
3.579234e-02
6.023803e-02
8.746042e-02
1.179981e-01
1.296695e-01
1.500611e-01
1.889216e-01
2.247211e-01
2.398955e-01
2.422664e-01
2.353856e-01
2.349893e-01
2.426663e-01
2.544061e-01
2.614769e-01
2.678901e-01
2.727156e-01
2.606459e-01
2.308224e-01
1.992041e-01
1.680964e-01
1.291086e-01
9.147038e-02
6.295749e-02
3.775704e-02
1.818416e-02
2.392150e-03
-1.249680e-02
-2.105119e-02
-1.761593e-02
1.351140e-02
4.112780e-02
6.678951e-02
1.043230e-01
1.392314e-01
1.613814e-01
1.887482e-01
2.000544e-01
1.972803e-01
1.994430e-01
2.033384e-01
1.991567e-01
1.884067e-01
1.833712e-01
1.876902e-01
1.951955e-01
1.868349e-01
1.585148e-01
1.226202e-01
8.299174e-02
3.700618e-02
-5.694938e-03
-3.655342e-02
-4.649756e-02
-2.731947e-02
7.430980e-03
3.491871e-02
5.330667e-02
7.986955e-02
1.233074e-01
1.727170e-01
2.103019e-01
2.398847e-01
2.565546e-01
2.449605e-01
2.139285e-01
1.804840e-01
1.435814e-01
1.002605e-01
5.625955e-02
1.895645e-02
-5.491215e-03
-2.964053e-02
-6.604363e-02
-1.088411e-01
-1.452480e-01
-1.729964e-01
-1.947140e-01
-2.105055e-01
-2.247427e-01
-2.458651e-01
-2.785488e-01
-3.180235e-01
-3.523341e-01
-3.708968e-01
-3.712587e-01
-3.710395e-01
-3.659810e-01
-3.463479e-01
-3.201578e-01
-3.016229e-01
-2.861349e-01
-2.797854e-01
-2.829257e-01
-2.860754e-01
-2.758391e-01
-2.512394e-01
-2.203814e-01
-1.894733e-01
-1.595932e-01
-1.271497e-01
-9.039097e-02
-6.112667e-02
-5.604699e-02
-7.087819e-02
-8.428174e-02
-8.606552e-02
-8.214244e-02
-7.719004e-02
-6.960678e-02
-5.969435e-02
-4.976507e-02
-4.581993e-02
-4.682537e-02
-3.754636e-02
-2.004922e-02
-1.056199e-02
-1.746490e-02
-4.210222e-02
-7.848984e-02
-1.172655e-01
-1.485239e-01
-1.735328e-01
-2.062606e-01
-2.429040e-01
-2.736764e-01
-2.852529e-01
-2.789471e-01
-2.444671e-01
-1.797855e-01
-1.030333e-01
-3.014595e-02
3.852446e-02
1.051855e-01
1.696650e-01
2.300711e-01
2.835662e-01
3.294618e-01
3.665010e-01
3.952035e-01
4.195722e-01
4.370547e-01
4.455546e-01
4.394927e-01
4.137019e-01
3.712188e-01
3.181239e-01
2.628628e-01
2.117177e-01
1.675829e-01
1.264296e-01
8.658173e-02
5.145451e-02
2.634911e-02
1.066280e-02
1.245725e-03
2.574816e-03
2.394433e-02
5.131462e-02
7.511724e-02
8.865029e-02
8.901088e-02
7.792012e-02
6.317445e-02
5.383844e-02
5.993256e-02
7.455083e-02
8.760472e-02
9.644873e-02
1.109727e-01
1.332835e-01
1.600905e-01
1.933703e-01
2.142445e-01
2.065996e-01
1.930629e-01
1.686613e-01
1.336171e-01
1.091927e-01
1.050617e-01
1.127412e-01
1.238796e-01
1.346750e-01
1.358938e-01
1.320710e-01
1.308463e-01
1.344443e-01
1.416705e-01
1.476566e-01
1.471350e-01
1.376721e-01
1.193197e-01
9.634039e-02
7.763922e-02
7.021003e-02
6.991598e-02
7.641345e-02
8.422939e-02
8.539283e-02
7.938414e-02
7.589180e-02
8.261121e-02
1.004201e-01
1.229542e-01
1.422512e-01
1.519512e-01
1.487785e-01
1.351693e-01
1.185472e-01
1.066012e-01
1.034651e-01
1.080430e-01
1.148073e-01
1.184788e-01
1.160984e-01
1.086846e-01
9.494647e-02
8.440017e-02
7.539407e-02
6.183933e-02
4.089434e-02
1.587450e-02
-8.257739e-03
-3.056280e-02
-5.280231e-02
-7.680675e-02
-1.017063e-01
-1.266732e-01
-1.524591e-01
-1.814413e-01
-2.141726e-01
-2.488247e-01
-2.809129e-01
-3.063540e-01
-3.230065e-01
-3.308404e-01
-3.305073e-01
-3.238799e-01
-3.151385e-01
-3.098938e-01
-3.078472e-01
-3.040627e-01
-2.955247e-01
-2.798859e-01
-2.551471e-01
-2.280531e-01
-2.080229e-01
-1.972064e-01
-1.889449e-01
-1.751708e-01
-1.540999e-01
-1.315547e-01
-1.140690e-01
-1.017838e-01
-9.193898e-02
-8.679803e-02
-9.128097e-02
-1.028899e-01
-1.102364e-01
-1.047633e-01
-8.962520e-02
-7.461387e-02
-6.421013e-02
-5.364758e-02
-3.702644e-02
-1.641454e-02
-3.096705e-04
5.073884e-03
1.058316e-03
-6.101351e-03
-1.270398e-02
-2.437476e-02
-5.088649e-02
-9.165430e-02
-1.317914e-01
-1.571150e-01
-1.689844e-01
-1.789010e-01
-1.906266e-01
-2.019856e-01
-2.025615e-01
-1.880256e-01
-1.649688e-01
-1.376003e-01
-1.025253e-01
-5.563594e-02
-5.973824e-04
5.278092e-02
9.892808e-02
1.398251e-01
1.790218e-01
2.152986e-01
2.444090e-01
2.632090e-01
2.713083e-01
2.700577e-01
2.591485e-01
2.384775e-01
2.126860e-01
1.892207e-01
1.701328e-01
1.539756e-01
1.412135e-01
1.317597e-01
1.235743e-01
1.136749e-01
1.016991e-01
8.909852e-02
7.886870e-02
7.128699e-02
6.355821e-02
5.382580e-02
4.395950e-02
3.512398e-02
2.692486e-02
1.851237e-02
1.148962e-02
1.056488e-02
1.724891e-02
2.370203e-02
2.672870e-02
2.500346e-02
1.929079e-02
1.216868e-02
6.043977e-03
3.124952e-03
4.755093e-03
1.157607e-02
2.330558e-02
3.990476e-02
6.050011e-02
8.367533e-02
1.075068e-01
1.306308e-01
1.513739e-01
1.679858e-01
1.785439e-01
1.824809e-01
1.800725e-01
1.719358e-01
1.571352e-01
1.353713e-01
1.090157e-01
8.174329e-02
5.442172e-02
2.727011e-02
2.217141e-03
-1.735047e-02
-2.971833e-02
-3.476334e-02
-3.366252e-02
-2.771252e-02
-1.884696e-02
-9.067343e-03
1.051321e-05
8.764675e-03
1.819453e-02
2.825043e-02
3.686018e-02
4.249107e-02
4.511407e-02
4.578104e-02
4.480955e-02
4.200038e-02
3.657265e-02
2.835037e-02
1.831490e-02
7.971137e-03
-6.116413e-04
-7.300319e-03
-1.452110e-02
-2.313130e-02
-3.135703e-02
-3.647395e-02
-3.881778e-02
-4.080683e-02
-4.475313e-02
-5.057142e-02
-5.838018e-02
-6.897041e-02
-8.332303e-02
-9.991209e-02
-1.167097e-01
-1.328521e-01
-1.499269e-01
-1.686854e-01
-1.884711e-01
-2.074162e-01
-2.246011e-01
-2.388836e-01
-2.492190e-01
-2.542322e-01
-2.541467e-01
-2.495169e-01
-2.410070e-01
-2.282765e-01
-2.123995e-01
-1.958857e-01
-1.819258e-01
-1.712546e-01
-1.632033e-01
-1.565366e-01
-1.508365e-01
-1.448841e-01
-1.376513e-01
-1.285062e-01
-1.190443e-01
-1.106697e-01
-1.039557e-01
-9.852392e-02
-9.482770e-02
-9.243973e-02
-9.118252e-02
-9.031701e-02
-8.935799e-02
-8.766281e-02
-8.555086e-02
-8.272158e-02
-7.948729e-02
-7.644879e-02
-7.463006e-02
-7.350537e-02
-7.251169e-02
-7.133768e-02
-7.040836e-02
-6.869961e-02
-6.536307e-02
-6.085907e-02
-5.752472e-02
-5.523609e-02
-4.997276e-02
-3.843057e-02
-2.326509e-02
-9.638855e-03
2.805766e-04
7.473309e-03
1.333576e-02
1.952669e-02
2.745400e-02
3.762058e-02
4.811835e-02
5.625180e-02
6.205521e-02
6.724687e-02
7.411404e-02
8.284889e-02
9.290535e-02
1.042272e-01
1.174828e-01
1.322558e-01
1.463808e-01
1.565275e-01
1.628274e-01
1.679821e-01
1.726581e-01
1.758445e-01
1.793477e-01
1.858309e-01
1.943997e-01
2.001629e-01
2.009022e-01
1.985565e-01
1.947211e-01
1.890464e-01
1.834408e-01
1.774999e-01
1.692429e-01
1.582079e-01
1.451545e-01
1.313890e-01
1.168005e-01
1.027258e-01
9.005859e-02
7.973180e-02
7.095361e-02
6.267755e-02
5.357000e-02
4.686782e-02
4.395326e-02
4.139273e-02
3.696376e-02
3.080631e-02
2.218765e-02
1.284091e-02
4.564390e-03
-9.449246e-04
-2.918648e-03
-9.901708e-04
3.790359e-03
1.014658e-02
1.740022e-02
2.643390e-02
3.796434e-02
5.202901e-02
6.732818e-02
8.213677e-02
9.414242e-02
1.024566e-01
1.076518e-01
1.112259e-01
1.127917e-01
1.109475e-01
1.044282e-01
9.379484e-02
7.995110e-02
6.367807e-02
4.511439e-02
2.479010e-02
3.577698e-03
-1.766477e-02
-3.869841e-02
-5.897800e-02
-7.925122e-02
-9.911432e-02
-1.182502e-01
-1.346567e-01
-1.477330e-01
-1.571304e-01
-1.640891e-01
-1.680869e-01
-1.689104e-01
-1.659015e-01
-1.601837e-01
-1.519939e-01
-1.421947e-01
-1.309433e-01
-1.197076e-01
-1.083028e-01
-9.635170e-02
-8.263550e-02
-6.839267e-02
-5.474299e-02
-4.281172e-02
-3.142919e-02
-2.039541e-02
-9.467212e-03
3.318879e-04
9.560397e-03
1.790981e-02
2.545644e-02
3.104937e-02
3.468322e-02
3.708540e-02
3.791559e-02
3.732019e-02
3.558232e-02
3.280768e-02
2.957839e-02
2.552014e-02
2.051663e-02
1.525304e-02
1.131998e-02
8.699030e-03
7.312997e-03
6.283975e-03
5.738167e-03
5.813663e-03
7.907257e-03
1.138940e-02
1.561621e-02
2.013155e-02
2.595341e-02
3.278811e-02
4.077299e-02
4.953144e-02
5.963911e-02
7.056554e-02
8.204371e-02
9.300947e-02
1.037424e-01
1.143830e-01
1.264407e-01
1.399925e-01
1.543203e-01
1.677970e-01
1.801526e-01
1.889091e-01
1.915872e-01
1.885469e-01
1.838954e-01
1.786466e-01
1.716884e-01
1.613847e-01
1.481132e-01
1.324838e-01
1.167781e-01
1.020035e-01
8.857083e-02
7.549015e-02
6.340341e-02
5.310589e-02
4.563327e-02
3.962890e-02
3.392770e-02
2.839551e-02
2.560155e-02
2.537580e-02
2.660108e-02
2.896381e-02
3.329708e-02
3.895576e-02
4.659213e-02
5.543852e-02
6.428527e-02
7.097163e-02
7.454451e-02
7.353138e-02
6.872336e-02
6.243140e-02
5.718064e-02
5.132360e-02
4.268709e-02
3.190474e-02
2.165448e-02
1.224045e-02
2.401682e-03
-9.916142e-03
-2.399562e-02
-3.546878e-02
-4.421949e-02
-5.527183e-02
-6.923516e-02
-8.482141e-02
-1.004966e-01
-1.163094e-01
-1.308945e-01
-1.445967e-01
-1.567444e-01
-1.670630e-01
-1.743201e-01
-1.791711e-01
-1.811038e-01
-1.802699e-01
-1.759814e-01
-1.692642e-01
-1.604997e-01
-1.511760e-01
-1.414238e-01
-1.317899e-01
-1.218453e-01
-1.134041e-01
-1.060779e-01
-9.848140e-02
-8.898384e-02
-7.878764e-02
-6.839031e-02
-5.989977e-02
-5.388548e-02
-5.033417e-02
-4.759881e-02
-4.669621e-02
-4.885813e-02
-5.447247e-02
-6.014054e-02
-6.399738e-02
-6.581863e-02
-6.750876e-02
-6.860560e-02
-6.844960e-02
-6.610146e-02
-6.301036e-02
-5.981732e-02
-5.758356e-02
-5.599927e-02
-5.596301e-02
-5.666037e-02
-5.753319e-02
-5.713849e-02
-5.588223e-02
-5.292454e-02
-4.800913e-02
-4.087757e-02
-3.431262e-02
-3.030149e-02
-2.846123e-02
-2.683621e-02
-2.438932e-02
-2.104801e-02
-1.698149e-02
-1.226718e-02
-4.980761e-03
5.309948e-03
1.852963e-02
3.286636e-02
4.761497e-02
6.162171e-02
7.535028e-02
8.826622e-02
1.004537e-01
1.109284e-01
1.197194e-01
1.265391e-01
1.329633e-01
1.382980e-01
1.414123e-01
1.418095e-01
1.408375e-01
1.368213e-01
1.284968e-01
1.163325e-01
1.033464e-01
9.047762e-02
7.830908e-02
6.634348e-02
5.543182e-02
4.571576e-02
3.785755e-02
3.076505e-02
2.440831e-02
1.973173e-02
1.875961e-02
2.009628e-02
2.205540e-02
2.328502e-02
2.445938e-02
2.612788e-02
3.042156e-02
3.784798e-02
4.799332e-02
5.864875e-02
6.922416e-02
7.906161e-02
8.868689e-02
9.762693e-02
1.061988e-01
1.133947e-01
1.179516e-01
1.167388e-01
1.098478e-01
9.991112e-02
9.006943e-02
8.006460e-02
6.942882e-02
5.682044e-02
4.225092e-02
2.595735e-02
8.919810e-03
-8.131648e-03
-2.522484e-02
-4.182622e-02
-5.598947e-02
-6.614447e-02
-7.355590e-02
-8.055042e-02
-8.773508e-02
-9.420643e-02
-9.997077e-02
-1.048426e-01
-1.097351e-01
-1.155325e-01
-1.222958e-01
-1.281565e-01
-1.319486e-01
-1.328449e-01
-1.309887e-01
-1.271769e-01
-1.235258e-01
-1.206274e-01
-1.179334e-01
-1.145721e-01
-1.114084e-01
-1.090785e-01
-1.076783e-01
-1.067796e-01
-1.074523e-01
-1.094322e-01
-1.110403e-01
-1.104045e-01
-1.074817e-01
-1.026947e-01
-9.763205e-02
-9.297091e-02
-8.860366e-02
-8.384015e-02
-7.958955e-02
-7.603823e-02
-7.234380e-02
-6.744398e-02
-6.258362e-02
-5.904800e-02
-5.723033e-02
-5.609801e-02
-5.527809e-02
-5.421089e-02
-5.273472e-02
-5.050628e-02
-4.817441e-02
-4.599832e-02
-4.376456e-02
-4.009260e-02
-3.517986e-02
-2.969242e-02
-2.305578e-02
-1.435775e-02
-3.891730e-03
7.149585e-03
1.750366e-02
2.660711e-02
3.471940e-02
4.273722e-02
5.091760e-02
5.907551e-02
6.668255e-02
7.361359e-02
7.987902e-02
8.548901e-02
8.964308e-02
9.152495e-02
9.089234e-02
8.886462e-02
8.644349e-02
8.346404e-02
7.863222e-02
7.214598e-02
6.550796e-02
5.952653e-02
5.373270e-02
4.863119e-02
4.465592e-02
4.094191e-02
3.571133e-02
2.872724e-02
2.104640e-02
1.404970e-02
8.069407e-03
2.744209e-03
-2.382598e-03
-6.966669e-03
-1.096086e-02
-1.494127e-02
-1.927730e-02
-2.280233e-02
-2.414377e-02
-2.308255e-02
-2.067372e-02
-1.725417e-02
-1.241009e-02
-5.597382e-03
2.835181e-03
1.255655e-02
2.312412e-02
3.395684e-02
4.392225e-02
5.247426e-02
5.946733e-02
6.457222e-02
6.703832e-02
6.562661e-02
6.068866e-02
5.300790e-02
4.296398e-02
3.043779e-02
1.504714e-02
-2.028744e-03
-1.891600e-02
-3.507019e-02
-5.085683e-02
-6.516218e-02
-7.741785e-02
-8.623555e-02
-9.192803e-02
-9.417608e-02
-9.391709e-02
-9.119165e-02
-8.700378e-02
-8.090771e-02
-7.362270e-02
-6.542887e-02
-5.807072e-02
-5.144471e-02
-4.568905e-02
-3.984321e-02
-3.485984e-02
-3.080671e-02
-2.781668e-02
-2.454175e-02
-2.170718e-02
-1.909634e-02
-1.720188e-02
-1.555030e-02
-1.479844e-02
-1.437663e-02
-1.494677e-02
-1.585448e-02
-1.694689e-02
-1.655633e-02
-1.458850e-02
-1.142240e-02
-8.250164e-03
-5.812007e-03
-4.038548e-03
-2.560236e-03
-1.200389e-03
-3.543015e-05
1.237340e-03
2.470654e-03
4.556604e-03
6.217350e-03
8.188378e-03
1.021249e-02
1.369601e-02
1.784072e-02
2.264401e-02
2.593614e-02
2.824739e-02
2.998121e-02
3.263640e-02
3.475813e-02
3.640554e-02
3.705041e-02
3.853316e-02
4.083154e-02
4.433874e-02
4.717473e-02
4.961838e-02
5.133503e-02
5.343322e-02
5.441696e-02
5.432181e-02
5.273826e-02
5.161858e-02
5.056560e-02
4.979612e-02
4.798716e-02
4.640696e-02
4.497764e-02
4.464203e-02
4.399772e-02
4.354897e-02
4.287339e-02
4.335899e-02
4.418232e-02
4.581185e-02
4.723577e-02
4.965506e-02
5.248107e-02
5.657633e-02
6.007896e-02
6.135197e-02
5.894318e-02
5.606692e-02
5.276417e-02
4.897426e-02
4.433809e-02
4.093652e-02
3.841545e-02
3.813572e-02
3.959328e-02
4.224492e-02
4.355431e-02
4.430564e-02
4.428509e-02
4.421453e-02
4.266403e-02
3.996638e-02
3.504872e-02
2.895711e-02
2.187385e-02
1.700482e-02
1.493066e-02
1.425141e-02
1.155619e-02
6.006735e-03
-3.107916e-03
-1.509398e-02
-2.683505e-02
-3.658966e-02
-4.544347e-02
-5.442024e-02
-6.379331e-02
-7.295569e-02
-8.149088e-02
-8.753150e-02
-9.032454e-02
-8.920595e-02
-8.437764e-02
-7.645755e-02
-6.807915e-02
-6.049542e-02
-5.362192e-02
-4.705592e-02
-4.318473e-02
-4.281734e-02
-4.383008e-02
-4.322759e-02
-4.085658e-02
-3.686671e-02
-3.242087e-02
-2.819826e-02
-2.467950e-02
-2.105633e-02
-1.787412e-02
-1.612044e-02
-1.683295e-02
-1.926756e-02
-2.348910e-02
-2.949213e-02
-3.739674e-02
-4.605404e-02
-5.500631e-02
-6.340649e-02
-7.107574e-02
-7.742870e-02
-8.268207e-02
-8.595749e-02
-8.673859e-02
-8.592749e-02
-8.670967e-02
-8.927640e-02
-9.175652e-02
-9.226088e-02
-9.092160e-02
-8.736919e-02
-8.155452e-02
-7.296406e-02
-6.204826e-02
-4.933348e-02
-3.676448e-02
-2.525865e-02
-1.482676e-02
-4.531831e-03
5.371839e-03
1.396112e-02
2.089215e-02
2.594574e-02
3.020151e-02
3.384540e-02
3.683275e-02
3.881352e-02
4.015108e-02
4.104077e-02
4.228352e-02
4.366213e-02
4.499575e-02
4.559424e-02
4.602517e-02
4.680146e-02
4.885574e-02
5.199307e-02
5.626519e-02
6.114169e-02
6.652640e-02
7.167298e-02
7.658791e-02
8.106181e-02
8.534818e-02
8.881123e-02
9.137038e-02
9.263734e-02
9.282252e-02
9.143056e-02
8.873488e-02
8.512602e-02
8.182786e-02
7.912132e-02
7.721976e-02
7.533370e-02
7.305807e-02
6.968247e-02
6.586521e-02
6.236317e-02
6.017928e-02
5.869687e-02
5.753079e-02
5.642004e-02
5.623649e-02
5.647765e-02
5.622622e-02
5.442663e-02
5.199828e-02
4.988180e-02
4.884806e-02
4.813954e-02
4.748570e-02
4.623604e-02
4.435207e-02
4.141560e-02
3.810664e-02
3.462713e-02
3.128645e-02
2.733380e-02
2.298928e-02
1.847302e-02
1.442020e-02
1.030674e-02
5.626883e-03
3.134707e-04
-5.798716e-03
-1.250278e-02
-2.008325e-02
-2.784137e-02
-3.486833e-02
-4.180896e-02
-4.868849e-02
-5.616055e-02
-6.318648e-02
-6.966696e-02
-7.489955e-02
-7.942937e-02
-8.265765e-02
-8.511878e-02
-8.652661e-02
-8.755640e-02
-8.725648e-02
-8.554311e-02
-8.188456e-02
-7.771511e-02
-7.346255e-02
-6.994936e-02
-6.643756e-02
-6.344747e-02
-6.082063e-02
-5.939186e-02
-5.841966e-02
-5.791615e-02
-5.693204e-02
-5.576872e-02
-5.368275e-02
-5.121226e-02
-4.811809e-02
-4.522691e-02
-4.191401e-02
-3.839210e-02
-3.402501e-02
-2.978532e-02
-2.563410e-02
-2.232855e-02
-1.913438e-02
-1.636894e-02
-1.346426e-02
-1.115368e-02
-9.218605e-03
-8.529886e-03
-8.715955e-03
-1.032161e-02
-1.251931e-02
-1.509040e-02
-1.722599e-02
-1.838235e-02
-1.788067e-02
-1.599985e-02
-1.413949e-02
-1.118389e-02
-7.743456e-03
-2.619497e-03
2.743313e-03
8.956071e-03
1.508565e-02
2.266010e-02
3.087995e-02
4.048155e-02
4.990040e-02
5.970090e-02
6.840417e-02
7.647613e-02
8.235797e-02
8.696011e-02
8.946888e-02
9.111691e-02
9.092438e-02
8.977182e-02
8.649232e-02
8.228940e-02
7.664570e-02
7.132787e-02
6.552875e-02
5.979557e-02
5.287809e-02
4.689966e-02
4.201597e-02
3.947365e-02
3.743207e-02
3.664910e-02
3.681385e-02
3.940072e-02
4.198504e-02
4.395478e-02
4.479964e-02
4.786582e-02
5.249778e-02
5.740085e-02
5.971949e-02
6.193679e-02
6.545179e-02
7.129563e-02
7.614048e-02
7.966753e-02
8.139204e-02
8.276189e-02
8.194802e-02
7.963886e-02
7.583690e-02
7.247790e-02
6.768647e-02
6.105445e-02
5.141281e-02
4.098947e-02
2.953249e-02
1.851601e-02
7.479677e-03
-2.198849e-03
-1.231712e-02
-2.267193e-02
-3.352186e-02
-4.182111e-02
-4.692747e-02
-5.060515e-02
-5.331004e-02
-5.474500e-02
-5.385161e-02
-5.129203e-02
-4.836970e-02
-4.525722e-02
-4.180418e-02
-3.709443e-02
-3.281270e-02
-2.849089e-02
-2.456949e-02
-2.018871e-02
-1.734847e-02
-1.620113e-02
-1.725864e-02
-1.849846e-02
-2.032444e-02
-2.235710e-02
-2.576044e-02
-2.924268e-02
-3.323009e-02
-3.706802e-02
-4.196813e-02
-4.673494e-02
-5.158530e-02
-5.561499e-02
-6.032335e-02
-6.510268e-02
-7.009659e-02
-7.374482e-02
-7.723252e-02
-8.064559e-02
-8.498845e-02
-8.811441e-02
-9.018181e-02
-9.174783e-02
-9.509249e-02
-9.847585e-02
-1.006698e-01
-9.965845e-02
-9.694321e-02
-9.288346e-02
-8.894904e-02
-8.407131e-02
-7.894642e-02
-7.320372e-02
-6.841051e-02
-6.375668e-02
-5.983073e-02
-5.569219e-02
-5.269997e-02
-5.040300e-02
-4.987334e-02
-4.999969e-02
-5.125431e-02
-5.217950e-02
-5.305418e-02
-5.251107e-02
-5.114625e-02
-4.829790e-02
-4.542203e-02
-4.210860e-02
-3.918032e-02
-3.531549e-02
-3.117195e-02
-2.616895e-02
-2.153377e-02
-1.645259e-02
-1.174604e-02
-6.949706e-03
-2.677485e-03
8.832444e-04
3.869367e-03
6.546824e-03
8.864504e-03
1.064926e-02
1.218833e-02
1.278655e-02
1.410627e-02
1.492046e-02
1.629845e-02
1.682144e-02
1.819546e-02
1.987683e-02
2.331396e-02
2.650547e-02
2.980593e-02
3.162170e-02
3.375795e-02
3.531899e-02
3.767440e-02
3.946681e-02
4.228390e-02
4.500613e-02
4.876799e-02
5.188488e-02
5.568957e-02
5.909940e-02
6.311533e-02
6.562075e-02
6.755708e-02
6.811595e-02
6.953413e-02
7.078810e-02
7.281125e-02
7.375280e-02
7.466795e-02
7.418870e-02
7.356764e-02
7.166948e-02
7.026752e-02
6.843254e-02
6.745616e-02
6.556474e-02
6.376881e-02
6.090316e-02
5.875278e-02
5.614529e-02
5.409220e-02
5.086504e-02
4.779059e-02
4.401885e-02
4.110846e-02
3.760659e-02
3.462466e-02
3.110234e-02
2.873087e-02
2.593139e-02
2.305462e-02
1.819577e-02
1.313749e-02
7.715652e-03
3.956224e-03
2.967928e-04
-2.471754e-03
-5.801716e-03
-8.157226e-03
-9.936041e-03
-1.145512e-02
-1.328806e-02
-1.482127e-02
-1.669240e-02
-1.860161e-02
-2.024281e-02
-2.120609e-02
-2.251443e-02
-2.352707e-02
-2.573068e-02
-2.800477e-02
-3.110961e-02
-3.367915e-02
-3.681095e-02
-3.944193e-02
-4.241816e-02
-4.441057e-02
-4.645699e-02
-4.741583e-02
-4.814597e-02
-4.732301e-02
-4.619481e-02
-4.417101e-02
-4.271507e-02
-4.070273e-02
-3.917154e-02
-3.729749e-02
-3.642082e-02
-3.546637e-02
-3.529650e-02
-3.482514e-02
-3.544144e-02
-3.625055e-02
-3.806403e-02
-3.917773e-02
-4.033537e-02
-4.069781e-02
-4.202175e-02
-4.351666e-02
-4.600330e-02
-4.789011e-02
-5.031071e-02
-5.242103e-02
-5.532300e-02
-5.743239e-02
-5.950947e-02
-6.078623e-02
-6.290209e-02
-6.480214e-02
-6.702851e-02
-6.795391e-02
-6.862260e-02
-6.798419e-02
-6.717312e-02
-6.506572e-02
-6.279298e-02
-5.913164e-02
-5.502091e-02
-4.934158e-02
-4.353191e-02
-3.683026e-02
-3.047384e-02
-2.334779e-02
-1.679324e-02
-1.012846e-02
-4.423901e-03
9.658311e-04
6.046004e-03
1.101304e-02
1.541190e-02
1.899237e-02
2.149973e-02
2.332112e-02
2.421818e-02
2.423642e-02
2.489584e-02
2.482373e-02
2.530544e-02
2.473909e-02
2.476245e-02
2.414387e-02
2.439475e-02
2.406148e-02
2.496371e-02
2.606183e-02
2.904314e-02
3.206844e-02
3.620384e-02
3.978582e-02
4.418549e-02
4.751442e-02
5.103867e-02
5.356913e-02
5.723231e-02
6.075230e-02
6.530269e-02
6.894402e-02
7.299970e-02
7.586371e-02
7.882221e-02
8.025793e-02
8.174399e-02
8.178142e-02
8.179725e-02
8.032798e-02
7.914840e-02
7.682924e-02
7.480477e-02
7.176663e-02
6.982746e-02
6.777866e-02
6.633580e-02
6.292865e-02
5.904360e-02
5.432796e-02
5.126718e-02
4.827724e-02
4.636634e-02
4.398129e-02
4.300878e-02
4.191278e-02
4.181392e-02
4.091163e-02
4.074955e-02
3.981048e-02
3.954397e-02
3.855823e-02
3.878717e-02
3.889112e-02
3.993266e-02
3.977858e-02
3.965502e-02
3.813902e-02
3.682862e-02
3.407685e-02
3.131739e-02
2.710700e-02
2.335946e-02
1.884307e-02
1.527109e-02
1.091627e-02
7.162378e-03
2.511064e-03
-1.051359e-03
-4.181440e-03
-6.773327e-03
-9.409634e-03
-1.248463e-02
-1.564414e-02
-1.920739e-02
-2.224133e-02
-2.587495e-02
-2.919308e-02
-3.407670e-02
-3.876095e-02
-4.452898e-02
-4.949948e-02
-5.495767e-02
-5.901592e-02
-6.310879e-02
-6.572061e-02
-6.840992e-02
-6.920317e-02
-6.943051e-02
-6.769818e-02
-6.621650e-02
-6.372107e-02
-6.159186e-02
-5.797633e-02
-5.460943e-02
-5.033474e-02
-4.699161e-02
-4.286979e-02
-3.954563e-02
-3.549454e-02
-3.264784e-02
-2.966674e-02
-2.818269e-02
-2.618293e-02
-2.457983e-02
-2.136898e-02
-1.846516e-02
-1.490924e-02
-1.270792e-02
-1.006900e-02
-8.587143e-03
-6.878971e-03
-6.760283e-03
-6.321797e-03
-6.357794e-03
-6.429128e-03
-6.964429e-03
-8.045011e-03
-9.044906e-03
-9.748501e-03
-1.006745e-02
-1.002477e-02
-9.541498e-03
-8.909612e-03
-6.975822e-03
-5.147806e-03
-1.949570e-03
1.321008e-03
6.056039e-03
1.069109e-02
1.646166e-02
2.171574e-02
2.762497e-02
3.250645e-02
3.771694e-02
4.179975e-02
4.595882e-02
4.835785e-02
5.011769e-02
5.002913e-02
4.991384e-02
4.845117e-02
4.668456e-02
4.276527e-02
3.837752e-02
3.282818e-02
2.817289e-02
2.296634e-02
1.819991e-02
1.235526e-02
7.216927e-03
1.825047e-03
-2.054001e-03
-5.748707e-03
-7.777244e-03
-9.706676e-03
-1.034467e-02
-1.131971e-02
-1.130071e-02
-1.187827e-02
-1.180249e-02
-1.210716e-02
-1.266342e-02
-1.188637e-02
-1.062364e-02
-9.749231e-03
-7.915513e-03
-6.918944e-03
-5.264988e-03
-4.917339e-03
-5.822691e-03
-6.576918e-03
-7.805669e-03
-9.349895e-03
-1.083174e-02
-1.328780e-02
-1.554980e-02
-1.850756e-02
-2.123617e-02
-2.452915e-02
-2.700083e-02
-2.948053e-02
-3.127743e-02
-3.365996e-02
-3.545220e-02
-3.716788e-02
-3.770458e-02
-3.840236e-02
-3.863794e-02
-3.930107e-02
-3.909385e-02
-3.892844e-02
-3.797615e-02
-3.727505e-02
-3.561361e-02
-3.377182e-02
-3.087015e-02
-2.822174e-02
-2.493731e-02
-2.196596e-02
-1.844980e-02
-1.579103e-02
-1.321129e-02
-1.146280e-02
-9.076792e-03
-6.821805e-03
-4.900347e-03
-3.412488e-03
-2.555105e-03
-2.093764e-03
-1.562379e-03
-9.968170e-04
-3.207495e-04
1.435400e-04
6.511348e-04
1.088561e-03
1.749099e-03
2.259465e-03
2.876750e-03
3.682929e-03
5.214604e-03
6.939609e-03
8.499453e-03
9.362644e-03
1.019186e-02
1.117310e-02
1.243724e-02
1.335070e-02
1.415710e-02
1.491512e-02
1.592843e-02
1.660149e-02
1.699367e-02
1.708898e-02
1.746232e-02
1.785241e-02
1.832412e-02
1.870189e-02
1.938814e-02
1.995874e-02
2.039521e-02
2.052969e-02
2.108455e-02
2.204490e-02
2.336186e-02
2.436210e-02
2.532370e-02
2.630787e-02
2.765272e-02
2.879868e-02
2.967707e-02
2.989593e-02
2.971885e-02
2.900185e-02
2.824377e-02
2.747228e-02
2.696039e-02
2.621382e-02
2.526462e-02
2.378379e-02
2.210279e-02
1.999718e-02
1.779355e-02
1.541142e-02
1.332765e-02
1.148469e-02
1.023215e-02
9.333208e-03
8.922453e-03
8.507696e-03
8.145715e-03
7.506624e-03
6.841184e-03
5.823658e-03
4.693250e-03
3.408785e-03
2.667716e-03
2.486824e-03
2.929757e-03
3.240935e-03
3.326182e-03
2.947639e-03
2.518289e-03
1.853544e-03
1.142562e-03
6.107619e-05
-1.041211e-03
-2.410084e-03
-3.894722e-03
-5.922372e-03
-8.182271e-03
-1.067608e-02
-1.289918e-02
-1.509884e-02
-1.702806e-02
-1.879017e-02
-1.995285e-02
-2.081666e-02
-2.138653e-02
-2.201464e-02
-2.222906e-02
-2.211703e-02
-2.145254e-02
-2.065922e-02
-1.948828e-02
-1.817543e-02
-1.659293e-02
-1.534523e-02
-1.439204e-02
-1.388513e-02
-1.337667e-02
-1.303618e-02
-1.261102e-02
-1.226573e-02
-1.159926e-02
-1.076586e-02
-9.418428e-03
-7.826413e-03
-5.833307e-03
-4.144514e-03
-2.970454e-03
-2.821606e-03
-3.291271e-03
-4.266751e-03
-5.176890e-03
-6.103021e-03
-6.712495e-03
-7.273346e-03
-7.554343e-03
-7.905651e-03
-8.062175e-03
-8.207584e-03
-7.844078e-03
-6.969330e-03
-5.204498e-03
-2.996459e-03
-4.078693e-04
2.166708e-03
4.956037e-03
7.502239e-03
9.736340e-03
1.118658e-02
1.217238e-02
1.251544e-02
1.236419e-02
1.130971e-02
9.843597e-03
8.109585e-03
6.562702e-03
4.775335e-03
2.950081e-03
1.019561e-03
-3.707731e-04
-1.281544e-03
-1.494635e-03
-1.466293e-03
-1.034830e-03
-3.484910e-04
1.106649e-03
3.062589e-03
5.286379e-03
6.913687e-03
8.263148e-03
9.585294e-03
1.149237e-02
1.345186e-02
1.544270e-02
1.727457e-02
1.944220e-02
2.141696e-02
2.295214e-02
2.362625e-02
2.398780e-02
2.394728e-02
2.367371e-02
2.277520e-02
2.164509e-02
2.010910e-02
1.843865e-02
1.643288e-02
1.462470e-02
1.277518e-02
1.087884e-02
8.414491e-03
5.857422e-03
3.332766e-03
1.246976e-03
-7.162892e-04
-2.799916e-03
-4.315516e-03
-6.076318e-03
-7.545749e-03
-9.397191e-03
-1.050012e-02
-1.119276e-02
-1.199760e-02
-1.238303e-02
-1.353093e-02
-1.380942e-02
-1.417189e-02
-1.362250e-02
-1.369349e-02
-1.325230e-02
-1.343638e-02
-1.301931e-02
-1.327499e-02
-1.303044e-02
-1.348368e-02
-1.342578e-02
-1.406152e-02
-1.398198e-02
-1.431043e-02
-1.394841e-02
-1.446921e-02
-1.462976e-02
-1.526664e-02
-1.469010e-02
-1.419918e-02
-1.307217e-02
-1.283686e-02
-1.189365e-02
-1.088686e-02
-8.567484e-03
-6.787830e-03
-5.140365e-03
-5.112008e-03
-5.293822e-03
-6.629779e-03
-7.817015e-03
-1.012792e-02
-1.246579e-02
-1.605844e-02
-1.959156e-02
-2.383370e-02
-2.703114e-02
-3.025585e-02
-3.267990e-02
-3.595319e-02
-3.856949e-02
-4.097970e-02
-4.143383e-02
-4.150034e-02
-4.063552e-02
-4.023249e-02
-3.851036e-02
-3.626850e-02
-3.241755e-02
-2.885282e-02
-2.472634e-02
-2.114451e-02
-1.655676e-02
-1.222716e-02
-7.261715e-03
-3.210550e-03
1.179664e-03
5.138086e-03
8.913409e-03
1.179944e-02
1.539468e-02
1.715577e-02
1.894623e-02
1.856380e-02
1.870233e-02
1.765158e-02
1.743403e-02
1.519677e-02
1.290232e-02
8.857760e-03
5.954184e-03
2.066052e-03
-7.748712e-04
-4.666671e-03
-6.919894e-03
-9.710281e-03
-1.109847e-02
-1.350311e-02
-1.431084e-02
-1.533931e-02
-1.428839e-02
-1.365416e-02
-1.126900e-02
-9.493570e-03
-6.240784e-03
-3.962961e-03
-3.858858e-04
2.421372e-03
6.613861e-03
9.589012e-03
1.335866e-02
1.560208e-02
1.854692e-02
1.986351e-02
2.177119e-02
2.200511e-02
2.281906e-02
2.184934e-02
2.150560e-02
1.976810e-02
1.914038e-02
1.725198e-02
1.630905e-02
1.399021e-02
1.270413e-02
1.018469e-02
8.829772e-03
6.582682e-03
5.966004e-03
4.652667e-03
4.863702e-03
4.333737e-03
5.505148e-03
5.897792e-03
7.474642e-03
7.938745e-03
9.883547e-03
1.116418e-02
1.375983e-02
1.500962e-02
1.722059e-02
1.836321e-02
2.063938e-02
2.143900e-02
2.298982e-02
2.327523e-02
2.481578e-02
2.511985e-02
2.614833e-02
2.550446e-02
2.570421e-02
2.469925e-02
2.502796e-02
2.444237e-02
2.499081e-02
2.394430e-02
2.347493e-02
2.142527e-02
2.046345e-02
1.837098e-02
1.758955e-02
1.592709e-02
1.596247e-02
1.525769e-02
1.602926e-02
1.586491e-02
1.732570e-02
1.806695e-02
2.043843e-02
2.188440e-02
2.468736e-02
2.638021e-02
2.943356e-02
3.163279e-02
3.535272e-02
3.787825e-02
4.112620e-02
4.268316e-02
4.533585e-02
4.676849e-02
4.883666e-02
4.860507e-02
4.845446e-02
4.654726e-02
4.544857e-02
4.242569e-02
3.931554e-02
3.378613e-02
2.883006e-02
2.279515e-02
1.819320e-02
1.238650e-02
7.290677e-03
6.289076e-04
-4.691979e-03
-1.049100e-02
-1.449969e-02
-1.950664e-02
-2.345461e-02
-2.728269e-02
-2.939520e-02
-3.060644e-02
-3.159511e-02
-3.278802e-02
-3.332173e-02
-3.279042e-02
-3.200378e-02
-3.153410e-02
-3.130991e-02
-3.018220e-02
-2.906207e-02
-2.730393e-02
-2.697475e-02
-2.633799e-02
-2.581573e-02
-2.364813e-02
-2.177160e-02
-1.929998e-02
-1.773615e-02
-1.563884e-02
-1.454010e-02
-1.307902e-02
-1.245227e-02
-1.114121e-02
-1.082715e-02
-1.038027e-02
-1.110053e-02
-1.125582e-02
-1.229684e-02
-1.317059e-02
-1.530321e-02
-1.688418e-02
-1.888928e-02
-1.990338e-02
-2.145567e-02
-2.224434e-02
-2.362830e-02
-2.416147e-02
-2.467454e-02
-2.528857e-02
-2.419462e-02
-2.330749e-02
-2.072400e-02
-1.869136e-02
-1.561453e-02
-1.386192e-02
-1.151925e-02
-1.023321e-02
-7.736161e-03
-6.332806e-03
-5.085198e-03
-3.954304e-03
-2.719673e-03
-7.921292e-04
1.177047e-03
3.641579e-03
4.364534e-03
5.947534e-03
7.252204e-03
1.011480e-02
1.171114e-02
1.337803e-02
1.357068e-02
1.515608e-02
1.661035e-02
1.936982e-02
2.061482e-02
2.190170e-02
2.154344e-02
2.189729e-02
2.110765e-02
2.098946e-02
1.954052e-02
1.876800e-02
1.684752e-02
1.572330e-02
1.351048e-02
1.214256e-02
9.698282e-03
8.113313e-03
5.498931e-03
3.922589e-03
1.599717e-03
3.881744e-04
-1.383255e-03
-3.710196e-03
-5.660239e-03
-8.340862e-03
-9.999212e-03
-1.192675e-02
-1.305895e-02
-1.507197e-02
-1.651865e-02
-1.841371e-02
-1.927532e-02
-2.069206e-02
-2.145752e-02
-2.254363e-02
-2.344563e-02
-2.354210e-02
-2.369441e-02
-2.310106e-02
-2.268248e-02
-2.184352e-02
-2.144335e-02
-2.037212e-02
-1.934047e-02
-1.797641e-02
-1.774083e-02
-1.786622e-02
-1.859675e-02
-1.871964e-02
-1.930455e-02
-2.002681e-02
-2.177404e-02
-2.330401e-02
-2.514811e-02
-2.662656e-02
-2.882957e-02
-3.102889e-02
-3.380574e-02
-3.605481e-02
-3.840103e-02
-4.002696e-02
-4.185802e-02
-4.312833e-02
-4.448331e-02
-4.489618e-02
-4.504869e-02
-4.422574e-02
-4.337834e-02
-4.176571e-02
-4.007746e-02
-3.732154e-02
-3.426578e-02
-3.028196e-02
-2.649546e-02
-2.226309e-02
-1.850209e-02
-1.432793e-02
-1.028566e-02
-6.621068e-03
-2.574527e-03
1.644085e-03
4.986289e-03
8.008871e-03
1.071159e-02
1.356916e-02
1.557845e-02
1.660947e-02
1.733155e-02
1.738965e-02
1.804026e-02
1.829289e-02
1.871935e-02
1.854488e-02
1.907496e-02
1.969531e-02
2.102186e-02
2.168710e-02
2.242100e-02
2.270267e-02
2.394842e-02
2.544192e-02
2.771037e-02
2.934834e-02
3.109986e-02
3.229619e-02
3.400942e-02
3.519237e-02
3.642610e-02
3.675843e-02
3.721958e-02
3.699288e-02
3.691607e-02
3.604147e-02
3.541999e-02
3.423515e-02
3.327544e-02
3.151209e-02
3.005541e-02
2.853074e-02
2.805833e-02
2.743310e-02
2.707008e-02
2.591290e-02
2.511474e-02
2.402395e-02
2.356174e-02
2.275731e-02
2.250899e-02
2.189723e-02
2.170699e-02
2.089711e-02
2.046102e-02
1.965018e-02
1.936590e-02
1.847299e-02
1.770095e-02
1.626163e-02
1.537415e-02
1.436676e-02
1.411453e-02
1.341784e-02
1.292498e-02
1.178361e-02
1.120973e-02
1.054658e-02
1.045959e-02
9.503461e-03
8.278985e-03
6.197763e-03
4.697725e-03
3.097902e-03
2.104553e-03
6.090106e-04
-4.086484e-04
-1.684069e-03
-2.358318e-03
-3.669314e-03
-4.865598e-03
-6.541174e-03
-7.432834e-03
-7.803529e-03
-8.291535e-03
-9.104801e-03
-1.040670e-02
-1.148318e-02
-1.235478e-02
-1.301441e-02
-1.396236e-02
-1.484801e-02
-1.568621e-02
-1.617687e-02
-1.666477e-02
-1.694020e-02
-1.733260e-02
-1.788511e-02
-1.906916e-02
-2.044411e-02
-2.179323e-02
-2.259286e-02
-2.310497e-02
-2.305942e-02
-2.260597e-02
-2.151919e-02
-2.033427e-02
-1.893021e-02
-1.732913e-02
-1.507537e-02
-1.278097e-02
-1.073017e-02
-9.233211e-03
-7.550242e-03
-5.636567e-03
-3.466624e-03
-1.757766e-03
-2.822883e-04
8.476212e-04
1.863030e-03
2.253381e-03
2.220631e-03
1.723886e-03
1.224722e-03
4.567218e-04
-2.837317e-04
-1.053097e-03
-1.345982e-03
-1.527096e-03
-1.583251e-03
-1.923938e-03
-2.225785e-03
-2.687451e-03
-3.089992e-03
-3.669994e-03
-3.999915e-03
-4.198175e-03
-3.965666e-03
-3.632987e-03
-2.920866e-03
-2.138690e-03
-1.131040e-03
-2.488353e-04
8.779797e-04
2.100408e-03
3.638790e-03
5.030853e-03
6.513453e-03
7.979096e-03
9.754328e-03
1.134010e-02
1.274297e-02
1.358336e-02
1.416522e-02
1.433250e-02
1.448500e-02
1.446655e-02
1.449447e-02
1.400711e-02
1.305763e-02
1.158574e-02
1.025513e-02
8.947384e-03
7.751250e-03
6.197754e-03
4.669998e-03
3.192598e-03
2.269436e-03
1.592015e-03
1.240309e-03
6.860673e-04
1.195271e-04
-6.097210e-04
-1.062669e-03
-1.556084e-03
-2.003358e-03
-2.752522e-03
-3.360263e-03
-3.917385e-03
-4.160824e-03
-4.482405e-03
-4.681311e-03
-5.066727e-03
-5.374182e-03
-5.790114e-03
-5.784883e-03
-5.460546e-03
-4.686640e-03
-3.941975e-03
-2.893650e-03
-1.546585e-03
3.647256e-04
2.141054e-03
3.643309e-03
4.633113e-03
5.628987e-03
6.309268e-03
6.595002e-03
6.031757e-03
5.095059e-03
3.797137e-03
2.553104e-03
9.084977e-04
-7.762322e-04
-2.925135e-03
-5.115912e-03
-7.747986e-03
-1.031036e-02
-1.315216e-02
-1.586399e-02
-1.878909e-02
-2.124173e-02
-2.342297e-02
-2.496993e-02
-2.650881e-02
-2.774364e-02
-2.902879e-02
-2.983522e-02
-3.062041e-02
-3.100639e-02
-3.145316e-02
-3.145441e-02
-3.136033e-02
-3.071822e-02
-2.999404e-02
-2.878743e-02
-2.744907e-02
-2.547603e-02
-2.343358e-02
-2.119062e-02
-1.936247e-02
-1.744184e-02
-1.568251e-02
-1.373286e-02
-1.222296e-02
-1.076628e-02
-9.616963e-03
-8.282117e-03
-7.337856e-03
-6.594512e-03
-6.624422e-03
-6.966942e-03
-7.945964e-03
-9.018257e-03
-1.051401e-02
-1.220877e-02
-1.414676e-02
-1.564773e-02
-1.740221e-02
-1.959963e-02
-2.024827e-02
-2.207056e-02
-2.232239e-02
-2.336436e-02
-2.244597e-02
-2.219202e-02
-2.009069e-02
-1.802995e-02
-1.640945e-02
-1.269767e-02
-1.024870e-02
-5.602823e-03
-2.297475e-03
2.800587e-03
5.967447e-03
1.046297e-02
1.280945e-02
1.642844e-02
1.800832e-02
2.115982e-02
2.240224e-02
2.502002e-02
2.550020e-02
2.736491e-02
2.712906e-02
2.810838e-02
2.690864e-02
2.721934e-02
2.596718e-02
2.652400e-02
2.531381e-02
2.579654e-02
2.470640e-02
2.550223e-02
2.443722e-02
2.468522e-02
2.288310e-02
2.282543e-02
2.132517e-02
2.177708e-02
2.069944e-02
2.153121e-02
2.103151e-02
2.266222e-02
2.272661e-02
2.434277e-02
2.403637e-02
2.549834e-02
2.536480e-02
2.701123e-02
2.692794e-02
2.887300e-02
2.950993e-02
3.196857e-02
3.218427e-02
3.353484e-02
3.284764e-02
3.389062e-02
3.300634e-02
3.350235e-02
3.196054e-02
3.209868e-02
3.031437e-02
2.996884e-02
2.758173e-02
2.683089e-02
2.423172e-02
2.315211e-02
2.005655e-02
1.846071e-02
1.489035e-02
1.293305e-02
9.262382e-03
7.662471e-03
4.598132e-03
3.389155e-03
4.834731e-04
-4.598006e-04
-2.869420e-03
-3.270669e-03
-5.175122e-03
-4.936861e-03
-5.996438e-03
-5.021732e-03
-5.682622e-03
-4.467299e-03
-4.932084e-03
-4.158019e-03
-3.909547e-03
-4.960458e-03
-4.142967e-03
-4.850446e-03
-3.991024e-03
-5.050894e-03
-4.478620e-03
-5.400452e-03
-4.480170e-03
-5.251995e-03
-4.530456e-03
-5.769138e-03
-5.516388e-03
-6.958524e-03
-6.389745e-03
-7.249057e-03
-6.390653e-03
-7.528335e-03
-7.292822e-03
-8.933749e-03
-8.916099e-03
-1.047847e-02
-1.008795e-02
-1.109070e-02
-1.022552e-02
-1.099914e-02
-9.917045e-03
-1.024900e-02
-8.572014e-03
-8.409817e-03
-6.314214e-03
-5.554020e-03
-2.740809e-03
-1.412665e-03
1.690425e-03
3.102050e-03
6.025619e-03
6.893394e-03
8.999150e-03
9.101430e-03
1.070374e-02
1.036940e-02
1.133041e-02
1.017012e-02
1.036689e-02
8.664630e-03
8.612173e-03
6.860119e-03
6.714942e-03
4.434243e-03
3.467076e-03
7.763541e-04
2.471651e-04
-1.543036e-03
-1.521188e-03
-3.349001e-03
-3.366779e-03
-4.706741e-03
-3.887462e-03
-4.744140e-03
-4.084184e-03
-5.318346e-03
-4.746467e-03
-5.681592e-03
-4.866160e-03
-5.976544e-03
-5.496337e-03
-6.624894e-03
-5.698203e-03
-6.355836e-03
-5.452517e-03
-6.526373e-03
-5.960714e-03
-7.012214e-03
-6.175354e-03
-7.028690e-03
-6.172740e-03
-7.113799e-03
-6.383332e-03
-7.531954e-03
-7.149902e-03
-8.701819e-03
-8.527244e-03
-9.907400e-03
-9.454793e-03
-1.091210e-02
-1.089430e-02
-1.268318e-02
-1.250581e-02
-1.385321e-02
-1.340528e-02
-1.473114e-02
-1.417069e-02
-1.514052e-02
-1.428084e-02
-1.528161e-02
-1.465417e-02
-1.592241e-02
-1.558345e-02
-1.717578e-02
-1.708774e-02
-1.865761e-02
-1.826876e-02
-1.939380e-02
-1.849640e-02
-1.909236e-02
-1.778983e-02
-1.828285e-02
-1.701826e-02
-1.739947e-02
-1.571431e-02
-1.546197e-02
-1.308641e-02
-1.206308e-02
-8.805384e-03
-6.941807e-03
-3.096341e-03
-1.034961e-03
2.774647e-03
4.843689e-03
8.836830e-03
1.104508e-02
1.473525e-02
1.604022e-02
1.847098e-02
1.863576e-02
2.024363e-02
1.975478e-02
2.063054e-02
1.922688e-02
1.909302e-02
1.671101e-02
1.569711e-02
1.251761e-02
1.096627e-02
7.745391e-03
6.568345e-03
3.831240e-03
3.047952e-03
6.845096e-04
5.341758e-04
-1.018188e-03
-5.875323e-04
-2.101363e-03
-1.859491e-03
-3.267797e-03
-2.486163e-03
-3.276157e-03
-2.147407e-03
-2.821445e-03
-1.556688e-03
-1.909839e-03
-1.919128e-04
-2.379089e-05
2.321657e-03
3.090781e-03
5.848069e-03
6.674578e-03
9.117124e-03
9.439070e-03
1.144084e-02
1.142532e-02
1.304738e-02
1.249692e-02
1.345737e-02
1.221379e-02
1.252100e-02
1.058894e-02
1.004708e-02
7.298812e-03
6.207125e-03
3.151145e-03
1.774177e-03
-1.546235e-03
-3.021243e-03
-6.192469e-03
-7.345575e-03
-1.003934e-02
-1.048067e-02
-1.250996e-02
-1.286811e-02
-1.540798e-02
-1.610405e-02
-1.809911e-02
-1.769578e-02
-1.902329e-02
-1.868475e-02
-2.018782e-02
-1.962057e-02
-2.080190e-02
-2.024187e-02
-2.151040e-02
-2.062305e-02
-2.129468e-02
-2.019978e-02
-2.114723e-02
-2.018930e-02
-2.085154e-02
-1.948473e-02
-1.994044e-02
-1.838179e-02
-1.841922e-02
-1.652717e-02
-1.662973e-02
-1.492515e-02
-1.488629e-02
-1.285148e-02
-1.281062e-02
-1.110843e-02
-1.125320e-02
-9.365480e-03
-9.367613e-03
-7.706986e-03
-8.012955e-03
-6.351358e-03
-6.521536e-03
-5.002858e-03
-5.568345e-03
-4.312058e-03
-4.839294e-03
-3.448863e-03
-3.829150e-03
-2.175296e-03
-2.144477e-03
-1.875499e-04
5.926678e-04
6.474370e-04
2.158058e-03
2.239798e-03
3.799898e-03
3.890226e-03
5.492673e-03
5.643827e-03
7.237338e-03
7.365953e-03
9.157637e-03
9.772398e-03
1.200819e-02
1.263939e-02
1.443244e-02
1.446495e-02
1.579755e-02
1.549527e-02
1.646208e-02
1.561905e-02
1.605692e-02
1.488000e-02
1.516537e-02
1.391006e-02
1.412950e-02
1.288813e-02
1.326345e-02
1.220505e-02
1.264834e-02
1.168213e-02
1.247769e-02
1.222785e-02
1.395481e-02
1.459069e-02
1.708671e-02
1.839631e-02
2.143826e-02
2.299042e-02
2.578733e-02
2.660879e-02
2.840038e-02
2.827492e-02
2.933672e-02
2.871161e-02
2.938773e-02
2.832754e-02
2.841977e-02
2.670666e-02
2.624494e-02
2.407121e-02
2.309892e-02
2.022698e-02
1.857120e-02
1.530151e-02
1.343518e-02
9.858792e-03
7.599801e-03
3.941589e-03
2.256300e-03
-5.292110e-04
-1.594854e-03
-3.981455e-03
-4.446894e-03
-5.994165e-03
-5.722019e-03
-6.639886e-03
-5.529805e-03
-5.511707e-03
-4.005218e-03
-4.400457e-03
-3.350208e-03
-3.376146e-03
-1.436450e-03
-3.537344e-04
-2.145753e-05
1.056157e-03
7.588318e-04
1.152892e-03
2.455687e-04
4.910347e-04
-1.930585e-04
7.760750e-05
-9.648413e-04
-8.130450e-04
-1.301976e-03
-4.659767e-04
-9.353236e-04
-1.156748e-03
-1.396386e-03
-2.366303e-03
-2.941795e-03
-4.505004e-03
-5.773346e-03
-7.956989e-03
-9.682979e-03
-1.198258e-02
-1.337678e-02
-1.524810e-02
-1.660150e-02
-1.879780e-02
-2.028506e-02
-2.216586e-02
-2.320872e-02
-2.470324e-02
-2.508390e-02
-2.532290e-02
-2.432301e-02
-2.380165e-02
-2.271146e-02
-2.215644e-02
-2.065602e-02
-1.958233e-02
-1.786023e-02
-1.678964e-02
-1.505849e-02
-1.397613e-02
-1.234041e-02
-1.147743e-02
-1.006936e-02
-9.404756e-03
-8.223030e-03
-7.880955e-03
-7.189668e-03
-7.510282e-03
-7.463914e-03
-8.139785e-03
-8.104306e-03
-8.722345e-03
-8.763498e-03
-9.384455e-03
-9.094550e-03
-9.246953e-03
-8.804705e-03
-9.125271e-03
-8.763161e-03
-8.980713e-03
-8.782817e-03
-9.774737e-03
-1.047920e-02
-1.176156e-02
-1.218633e-02
-1.327866e-02
-1.392594e-02
-1.527166e-02
-1.590315e-02
-1.721188e-02
-1.791223e-02
-1.893124e-02
-1.859729e-02
-1.825447e-02
-1.688367e-02
-1.583049e-02
-1.360845e-02
-1.154323e-02
-8.717016e-03
-6.651428e-03
-3.846419e-03
-1.482296e-03
1.471960e-03
3.395321e-03
5.790326e-03
7.715747e-03
1.038644e-02
1.190891e-02
1.334181e-02
1.372457e-02
1.489549e-02
1.553232e-02
1.661010e-02
1.665450e-02
1.712907e-02
1.678777e-02
1.690394e-02
1.609006e-02
1.582633e-02
1.496443e-02
1.483255e-02
1.407350e-02
1.403763e-02
1.344746e-02
1.366782e-02
1.345241e-02
1.409971e-02
1.409003e-02
1.450507e-02
1.415655e-02
1.482490e-02
1.532203e-02
1.659952e-02
1.685420e-02
1.758546e-02
1.786911e-02
1.904954e-02
1.932339e-02
1.993126e-02
1.995551e-02
2.101119e-02
2.137013e-02
2.197389e-02
2.164457e-02
2.219939e-02
2.226744e-02
2.274275e-02
2.217253e-02
2.222423e-02
2.161405e-02
2.140237e-02
2.006782e-02
1.931980e-02
1.811940e-02
1.767286e-02
1.633729e-02
1.553471e-02
1.421716e-02
1.384924e-02
1.310760e-02
1.352873e-02
1.386501e-02
1.514117e-02
1.550219e-02
1.627394e-02
1.648692e-02
1.755465e-02
1.775227e-02
1.813561e-02
1.752349e-02
1.754396e-02
1.673640e-02
1.631676e-02
1.498470e-02
1.429983e-02
1.287167e-02
1.194718e-02
1.018966e-02
9.178387e-03
7.700747e-03
7.288460e-03
6.588566e-03
6.756938e-03
5.940809e-03
5.296831e-03
3.876944e-03
3.764685e-03
3.683079e-03
4.403777e-03
3.827828e-03
3.260214e-03
1.741202e-03
1.102742e-03
3.144997e-05
-2.698420e-04
-1.418103e-03
-2.048730e-03
-3.296275e-03
-3.544729e-03
-4.181658e-03
-3.952084e-03
-4.287704e-03
-3.777927e-03
-3.909713e-03
-3.322770e-03
-3.253551e-03
-2.260281e-03
-2.019993e-03
-1.465037e-03
-1.735190e-03
-9.120828e-04
-4.027074e-04
5.488816e-04
3.365186e-04
9.160418e-04
1.287744e-03
2.317173e-03
1.852564e-03
1.488192e-03
6.769866e-04
9.894893e-04
3.801300e-04
-1.389234e-04
-1.489400e-03
-1.867594e-03
-2.964243e-03
-3.714125e-03
-5.146590e-03
-5.310354e-03
-5.722748e-03
-5.660171e-03
-6.755821e-03
-7.211131e-03
-8.045630e-03
-8.023198e-03
-8.828020e-03
-8.919852e-03
-9.388000e-03
-8.719519e-03
-8.551333e-03
-7.719763e-03
-7.679593e-03
-6.976116e-03
-6.963020e-03
-6.226353e-03
-6.102278e-03
-5.055104e-03
-4.465649e-03
-3.072433e-03
-2.479689e-03
-1.398608e-03
-1.180440e-03
-4.188526e-04
-5.428675e-04
-1.935737e-04
-7.000381e-04
-5.864343e-04
-1.393830e-03
-1.826286e-03
-3.255157e-03
-4.047154e-03
-5.505408e-03
-6.227166e-03
-7.552735e-03
-7.950030e-03
-8.868507e-03
-8.998285e-03
-9.675920e-03
-9.298302e-03
-9.234382e-03
-8.370798e-03
-8.402218e-03
-7.874312e-03
-8.007954e-03
-7.289019e-03
-7.323212e-03
-6.874286e-03
-7.482499e-03
-7.674689e-03
-8.650868e-03
-8.723279e-03
-9.313613e-03
-9.325838e-03
-1.036418e-02
-1.066662e-02
-1.102641e-02
-1.097178e-02
-1.085545e-02
-1.148921e-02
-1.223383e-02
-1.333736e-02
-1.406756e-02
-1.508100e-02
-1.574800e-02
-1.659264e-02
-1.693692e-02
-1.747623e-02
-1.772986e-02
-1.858097e-02
-1.952678e-02
-2.093145e-02
-2.171542e-02
-2.246453e-02
-2.311402e-02
-2.470182e-02
-2.616636e-02
-2.732299e-02
-2.740006e-02
-2.770709e-02
-2.817154e-02
-2.903925e-02
-2.901219e-02
-2.867791e-02
-2.794109e-02
-2.773788e-02
-2.726455e-02
-2.690427e-02
-2.607239e-02
-2.540225e-02
-2.422397e-02
-2.326761e-02
-2.230461e-02
-2.219988e-02
-2.203570e-02
-2.195369e-02
-2.138231e-02
-2.154204e-02
-2.216003e-02
-2.348144e-02
-2.415969e-02
-2.452205e-02
-2.432169e-02
-2.460431e-02
-2.465391e-02
-2.468766e-02
-2.384551e-02
-2.302544e-02
-2.187709e-02
-2.106381e-02
-2.011853e-02
-1.844106e-02
-1.735374e-02
-1.506116e-02
-1.351684e-02
-1.145426e-02
-1.059086e-02
-8.538884e-03
-6.602838e-03
-3.698633e-03
-2.473936e-03
-1.590012e-03
3.560198e-04
1.433181e-03
3.667885e-03
4.055688e-03
6.185875e-03
7.421285e-03
9.451890e-03
8.698334e-03
9.204025e-03
9.525455e-03
1.178000e-02
1.154413e-02
1.195818e-02
1.201596e-02
1.473928e-02
1.532010e-02
1.568097e-02
1.465467e-02
1.655966e-02
1.750973e-02
1.882798e-02
1.823332e-02
2.026795e-02
2.180130e-02
2.404222e-02
2.391741e-02
2.583685e-02
2.764752e-02
3.113295e-02
3.247175e-02
3.505073e-02
3.661153e-02
3.960534e-02
4.061537e-02
4.283144e-02
4.348786e-02
4.481520e-02
4.350357e-02
4.335203e-02
4.231931e-02
4.269809e-02
4.043420e-02
3.859522e-02
3.535672e-02
3.393230e-02
3.079087e-02
2.861702e-02
2.507505e-02
2.326083e-02
1.981510e-02
1.763594e-02
1.453488e-02
1.366906e-02
1.137274e-02
9.963644e-03
6.942356e-03
5.852750e-03
3.551691e-03
2.360581e-03
-4.592707e-04
-1.243735e-03
-2.860973e-03
-3.018659e-03
-4.865709e-03
-4.892974e-03
-5.518279e-03
-4.197923e-03
-4.539045e-03
-3.616483e-03
-3.812298e-03
-1.983917e-03
-1.490123e-03
9.736720e-05
-9.415608e-05
1.128013e-03
8.961023e-04
1.943713e-03
1.283761e-03
1.875878e-03
7.488379e-04
7.033045e-04
-1.172415e-03
-1.790744e-03
-4.106279e-03
-5.497639e-03
-9.043653e-03
-1.139796e-02
-1.499717e-02
-1.680786e-02
-1.997561e-02
-2.157460e-02
-2.429619e-02
-2.507990e-02
-2.700630e-02
-2.716602e-02
-2.832279e-02
-2.746070e-02
-2.779903e-02
-2.665891e-02
-2.695422e-02
-2.561729e-02
-2.566519e-02
-2.425570e-02
-2.421207e-02
-2.252657e-02
-2.234057e-02
-2.095684e-02
-2.114071e-02
-1.945150e-02
-1.865170e-02
-1.616460e-02
-1.544858e-02
-1.375686e-02
-1.393747e-02
-1.285612e-02
-1.328359e-02
-1.191613e-02
-1.146977e-02
-9.075636e-03
-8.276132e-03
-6.908192e-03
-8.403667e-03
-9.434926e-03
-1.189019e-02
-1.195627e-02
-1.286539e-02
-1.266065e-02
-1.482884e-02
-1.569736e-02
-1.727757e-02
-1.650808e-02
-1.695890e-02
-1.585064e-02
-1.583656e-02
-1.374125e-02
-1.291698e-02
-1.064452e-02
-9.688051e-03
-6.816390e-03
-5.335081e-03
-2.680981e-03
-1.786197e-03
8.085650e-04
2.291819e-03
5.455348e-03
7.217736e-03
1.067758e-02
1.252494e-02
1.515715e-02
1.529409e-02
1.653355e-02
1.668522e-02
1.905201e-02
2.021964e-02
2.267024e-02
2.302898e-02
2.439066e-02
2.403099e-02
2.541175e-02
2.547777e-02
2.687436e-02
2.619747e-02
2.670472e-02
2.573461e-02
2.638297e-02
2.517357e-02
2.499718e-02
2.302994e-02
2.259165e-02
2.045046e-02
1.944377e-02
1.653809e-02
1.514404e-02
1.248806e-02
1.179022e-02
9.900238e-03
9.738669e-03
8.129756e-03
8.328121e-03
7.658687e-03
9.468264e-03
1.025919e-02
1.243902e-02
1.262631e-02
1.421469e-02
1.448565e-02
1.657011e-02
1.704343e-02
1.865422e-02
1.809574e-02
1.831647e-02
1.632072e-02
1.556961e-02
1.330968e-02
1.265133e-02
1.030257e-02
9.402552e-03
7.156172e-03
6.810910e-03
5.034346e-03
4.696621e-03
2.822804e-03
2.798812e-03
1.531437e-03
1.915777e-03
6.280262e-04
9.024825e-04
-1.889605e-04
6.558009e-04
2.493622e-04
1.463255e-03
7.692323e-04
1.232040e-03
1.979438e-04
1.265845e-03
1.073092e-03
2.176917e-03
1.187115e-03
1.710318e-03
1.008555e-03
2.225005e-03
1.947571e-03
3.294352e-03
3.018175e-03
4.153469e-03
3.586515e-03
4.831587e-03
4.849773e-03
6.429335e-03
6.004887e-03
6.822750e-03
5.986486e-03
6.733088e-03
5.942130e-03
6.940946e-03
6.265423e-03
6.288354e-03
3.652062e-03
2.677275e-03
1.377229e-03
2.553047e-03
1.561588e-03
1.177646e-03
-8.095153e-04
-5.264414e-04
-1.331010e-03
-6.746383e-05
5.718516e-04
3.416371e-03
3.703264e-03
3.885017e-03
2.251235e-03
3.764552e-03
4.583979e-03
5.924357e-03
4.178777e-03
4.227979e-03
3.943865e-03
5.828308e-03
5.720885e-03
7.091662e-03
7.062998e-03
8.419140e-03
7.687212e-03
9.047792e-03
1.002574e-02
1.300674e-02
1.343885e-02
1.483221e-02
1.542597e-02
1.882984e-02
2.039709e-02
2.198008e-02
2.059030e-02
2.065816e-02
1.981210e-02
2.123481e-02
2.084923e-02
2.088328e-02
1.773393e-02
1.562798e-02
1.268655e-02
1.232783e-02
1.007361e-02
8.483808e-03
5.186796e-03
4.542071e-03
3.022308e-03
2.895238e-03
7.908518e-04
7.800540e-04
-1.280167e-04
6.912092e-04
-4.488574e-04
1.185668e-04
-4.891106e-04
7.077393e-04
-1.095184e-04
2.292569e-04
-1.445686e-03
-1.785334e-03
-3.774773e-03
-3.677310e-03
-4.640496e-03
-3.993788e-03
-5.690405e-03
-6.355043e-03
-8.597136e-03
-8.674784e-03
-9.867033e-03
-1.008229e-02
-8.932535e-03
-9.034399e-03
-1.123574e-02
-1.058183e-02
-1.249028e-02
-1.150189e-02
-1.435626e-02
-1.536825e-02
-1.951666e-02
-2.027571e-02
-2.371576e-02
-2.458829e-02
-2.881863e-02
-3.015550e-02
-3.411889e-02
-3.449269e-02
-3.670143e-02
-3.491516e-02
-3.585627e-02
-3.461319e-02
-3.733297e-02
-3.753106e-02
-4.027291e-02
-3.902516e-02
-3.960007e-02
-3.696572e-02
-3.834796e-02
-3.797656e-02
-4.018294e-02
-3.743289e-02
-3.621063e-02
-3.276517e-02
-3.433471e-02
-3.409724e-02
-3.643256e-02
-3.455351e-02
-3.426969e-02
-2.956178e-02
-2.702153e-02
-2.228692e-02
-2.254111e-02
-2.117054e-02
-2.244470e-02
-1.970806e-02
-1.984878e-02
-1.789314e-02
-1.961677e-02
-1.823145e-02
-1.933392e-02
-1.760744e-02
-1.592760e-02
-1.483382e-02
-1.391296e-02
-1.373053e-02
-1.228681e-02
-9.829931e-03
-7.450984e-03
-5.031793e-03
-2.818982e-03
-1.859813e-05
1.708641e-03
4.645906e-03
6.656217e-03
9.885329e-03
1.193345e-02
1.476108e-02
1.616884e-02
1.850570e-02
1.974462e-02
2.223763e-02
2.403735e-02
2.731332e-02
2.936044e-02
3.192343e-02
3.300979e-02
3.563708e-02
3.788012e-02
4.129274e-02
4.296468e-02
4.526752e-02
4.664694e-02
4.946529e-02
5.093661e-02
5.300507e-02
5.377643e-02
5.571245e-02
5.603088e-02
5.607251e-02
5.351360e-02
5.156924e-02
4.911545e-02
4.844809e-02
4.640272e-02
4.433312e-02
4.027967e-02
3.778291e-02
3.565820e-02
3.585103e-02
3.482690e-02
3.397089e-02
3.151333e-02
3.084386e-02
3.019626e-02
3.113887e-02
3.055163e-02
3.060051e-02
2.975170e-02
3.066194e-02
3.061789e-02
3.085497e-02
2.875115e-02
2.709357e-02
2.447266e-02
2.326583e-02
2.068585e-02
1.852558e-02
1.485385e-02
1.262092e-02
9.975456e-03
8.961680e-03
6.932408e-03
5.781618e-03
3.084309e-03
1.081356e-03
-1.326813e-03
-3.329266e-03
-4.732574e-03
-7.001216e-03
-9.440027e-03
-1.197388e-02
-1.482338e-02
-1.743753e-02
-1.988458e-02
-2.253826e-02
-2.570357e-02
-2.852488e-02
-3.133148e-02
-3.363496e-02
-3.626599e-02
-3.864116e-02
-4.104442e-02
-4.263054e-02
-4.408643e-02
-4.502608e-02
-4.583006e-02
-4.549361e-02
-4.465442e-02
-4.354603e-02
-4.359283e-02
-4.412575e-02
-4.482325e-02
-4.440547e-02
-4.368115e-02
-4.293151e-02
-4.334079e-02
-4.420992e-02
-4.556338e-02
-4.635965e-02
-4.715500e-02
-4.753448e-02
-4.805480e-02
-4.784745e-02
-4.744025e-02
-4.657193e-02
-4.617163e-02
-4.552363e-02
-4.488258e-02
-4.361408e-02
-4.253092e-02
-4.098140e-02
-3.909308e-02
-3.615461e-02
-3.335914e-02
-3.070690e-02
-2.868418e-02
-2.614895e-02
-2.365290e-02
-2.102688e-02
-1.896863e-02
-1.643823e-02
-1.330570e-02
-9.903626e-03
-6.505458e-03
-3.106697e-03
-7.145227e-04
2.250162e-03
7.339753e-03
8.623674e-03
1.316427e-02
1.422839e-02
1.834035e-02
1.832485e-02
2.124831e-02
2.072661e-02
2.392118e-02
2.387850e-02
2.713052e-02
2.641068e-02
2.850763e-02
2.686589e-02
2.889645e-02
2.766960e-02
2.939704e-02
2.671668e-02
2.716371e-02
2.514576e-02
2.799174e-02
2.780714e-02
3.015350e-02
2.810236e-02
2.980219e-02
2.937711e-02
3.315991e-02
3.260572e-02
3.340321e-02
2.890423e-02
2.768392e-02
2.438668e-02
2.643142e-02
2.589581e-02
2.842993e-02
2.676896e-02
2.895562e-02
2.895411e-02
3.316663e-02
3.256070e-02
3.254568e-02
2.668919e-02
2.421395e-02
2.008170e-02
2.169593e-02
2.093206e-02
2.341198e-02
2.133559e-02
2.189973e-02
1.859061e-02
1.860540e-02
1.444328e-02
1.245841e-02
5.615226e-03
2.002995e-03
-3.911903e-03
-4.264268e-03
-4.784123e-03
-5.173635e-03
-6.645165e-03
-9.301704e-03
-1.267330e-02
-1.594803e-02
-1.963963e-02
-2.389235e-02
-2.826940e-02
-3.054920e-02
-3.289616e-02
-3.328323e-02
-3.428761e-02
-3.346858e-02
-3.332082e-02
-3.214009e-02
-3.306370e-02
-3.379722e-02
-3.592495e-02
-3.608048e-02
-3.638856e-02
-3.498620e-02
-3.494107e-02
-3.407658e-02
-3.441297e-02
-3.304422e-02
-3.225558e-02
-2.991213e-02
-2.873546e-02
-2.657571e-02
-2.599552e-02
-2.473145e-02
-2.522348e-02
-2.485001e-02
-2.568022e-02
-2.497595e-02
-2.497423e-02
-2.342281e-02
-2.316474e-02
-2.215168e-02
-2.284504e-02
-2.253200e-02
-2.345668e-02
-2.312173e-02
-2.371723e-02
-2.243608e-02
-2.152709e-02
-1.930431e-02
-1.694967e-02
-1.479520e-02
-1.227594e-02
-1.065230e-02
-9.548026e-03
-9.171862e-03
-6.887663e-03
-5.038016e-03
-3.197063e-04
1.403352e-03
4.648337e-03
5.634148e-03
9.496474e-03
1.095459e-02
1.376882e-02
1.318016e-02
1.477683e-02
1.491606e-02
1.845452e-02
1.993930e-02
2.302863e-02
2.280547e-02
2.454949e-02
2.418720e-02
2.633695e-02
2.569094e-02
2.677041e-02
2.534444e-02
2.674744e-02
2.636638e-02
2.850709e-02
2.803977e-02
2.967488e-02
2.887168e-02
3.044503e-02
2.948993e-02
3.043734e-02
2.852945e-02
2.876546e-02
2.673640e-02
2.734800e-02
2.587897e-02
2.709104e-02
2.610170e-02
2.718544e-02
2.520571e-02
2.509036e-02
2.271515e-02
2.315591e-02
2.145285e-02
2.215273e-02
2.090772e-02
2.278160e-02
2.251369e-02
2.375222e-02
2.119285e-02
2.008735e-02
1.656749e-02
1.586902e-02
1.321724e-02
1.328972e-02
1.119360e-02
1.137092e-02
8.696902e-03
7.911069e-03
4.520623e-03
3.459067e-03
-7.590674e-07
-8.888821e-04
-3.587842e-03
-3.005502e-03
-4.176428e-03
-2.827075e-03
-4.065928e-03
-3.046111e-03
-4.574952e-03
-3.980587e-03
-6.118944e-03
-5.837653e-03
-7.524075e-03
-6.151588e-03
-6.834022e-03
-5.129591e-03
-6.011322e-03
-4.566887e-03
-5.462370e-03
-3.843231e-03
-4.606264e-03
-3.017477e-03
-3.797691e-03
-1.932210e-03
-2.149380e-03
1.745970e-05
-8.600470e-04
-3.383927e-04
-2.906789e-03
-2.948089e-03
-4.731714e-03
-3.594907e-03
-4.980272e-03
-4.567569e-03
-7.118292e-03
-7.403617e-03
-9.874563e-03
-9.828013e-03
-1.234089e-02
-1.259438e-02
-1.501394e-02
-1.444199e-02
-1.579692e-02
-1.450693e-02
-1.545089e-02
-1.362586e-02
-1.383380e-02
-1.145756e-02
-1.151058e-02
-9.178138e-03
-9.395650e-03
-7.458075e-03
-8.255891e-03
-6.643405e-03
-7.340065e-03
-5.557253e-03
-6.175972e-03
-4.147934e-03
-4.300414e-03
-2.065931e-03
-2.671214e-03
-1.177765e-03
-2.099105e-03
-4.791863e-04
-1.357288e-03
1.643934e-04
-5.776722e-04
1.361075e-03
8.111184e-04
2.332342e-03
1.011364e-03
5.079575e-04
-9.465803e-05
1.631079e-03
-1.278635e-03
3.230220e-05
-3.084127e-03
-1.241562e-03
-2.939280e-03
5.229115e-04
-3.876572e-04
2.834294e-03
1.487631e-03
4.758520e-03
3.591815e-03
6.630361e-03
4.958333e-03
7.712822e-03
5.912360e-03
8.326998e-03
6.245309e-03
9.075184e-03
7.838805e-03
1.084273e-02
8.622682e-03
1.034590e-02
7.525086e-03
9.415786e-03
6.946004e-03
9.050326e-03
6.642717e-03
8.559904e-03
5.517424e-03
6.561172e-03
2.925805e-03
3.878943e-03
5.085942e-04
1.945337e-03
-8.819198e-04
7.563396e-04
-2.587775e-03
-1.850669e-03
-5.575233e-03
-4.093862e-03
-6.360001e-03
-3.482701e-03
-4.679467e-03
-8.880970e-04
-1.571565e-03
1.652051e-03
-6.950645e-04
9.101756e-04
-1.657638e-03
1.080505e-03
-3.455143e-04
2.460151e-03
3.227452e-04
2.700552e-03
7.657088e-04
3.307972e-03
7.816679e-04
2.087122e-03
-1.549519e-03
-5.880733e-04
-3.814041e-03
-2.219582e-03
-5.117270e-03
-3.847501e-03
-7.670795e-03
-7.537671e-03
-1.226210e-02
-1.235749e-02
-1.653073e-02
-1.554941e-02
-1.868361e-02
-1.705209e-02
-1.967786e-02
-1.738518e-02
-1.954911e-02
-1.746200e-02
-2.032639e-02
-1.846365e-02
-2.038471e-02
-1.686282e-02
-1.742048e-02
-1.324229e-02
-1.348262e-02
-9.085970e-03
-9.449911e-03
-5.586761e-03
-6.742900e-03
-3.691715e-03
-5.575676e-03
-2.926792e-03
-4.562655e-03
-1.236608e-03
-2.571378e-03
3.835601e-04
-1.464279e-03
1.310886e-03
-5.762680e-04
1.839724e-03
-5.211309e-04
1.787110e-03
-4.937736e-04
7.380679e-04
1.332590e-03
-8.204500e-04
2.072146e-03
6.588650e-04
3.705458e-03
2.507117e-03
6.173649e-03
5.274492e-03
8.311124e-03
6.443317e-03
9.288602e-03
7.866010e-03
1.065541e-02
8.406109e-03
1.057205e-02
8.622071e-03
1.149682e-02
9.751205e-03
1.240179e-02
1.048891e-02
1.288304e-02
1.015260e-02
1.153716e-02
8.485220e-03
1.050784e-02
8.351411e-03
1.090626e-02
9.040326e-03
1.188843e-02
1.004367e-02
1.229349e-02
9.349029e-03
1.057752e-02
7.108572e-03
8.410869e-03
5.492545e-03
7.629037e-03
5.504320e-03
8.104329e-03
5.935031e-03
8.023825e-03
5.239160e-03
7.079313e-03
4.627470e-03
6.978110e-03
4.635453e-03
6.581104e-03
3.825909e-03
5.834746e-03
3.477612e-03
5.710299e-03
3.127457e-03
4.828150e-03
1.707079e-03
3.144283e-03
3.176082e-05
1.454411e-03
-1.968346e-03
-9.082645e-04
-4.054232e-03
-1.977599e-03
-4.211743e-03
-2.135240e-03
-4.946072e-03
-2.902275e-03
-5.104470e-03
-2.807010e-03
-5.729916e-03
-4.263261e-03
-6.938317e-03
-4.308170e-03
-6.112844e-03
-3.517215e-03
-5.721829e-03
-3.161668e-03
-5.101046e-03
-2.451751e-03
-4.629242e-03
-2.249231e-03
-4.415653e-03
-1.831814e-03
-3.925771e-03
-1.486329e-03
-3.783372e-03
-1.273863e-03
-3.192374e-03
-1.827185e-04
-1.724506e-03
1.415663e-03
-7.692742e-05
3.183119e-03
1.788987e-03
5.046243e-03
3.520650e-03
6.676937e-03
5.160502e-03
8.260579e-03
6.529411e-03
9.415356e-03
7.743625e-03
1.084076e-02
9.010057e-03
1.136511e-02
8.542036e-03
1.034205e-02
7.563941e-03
9.563080e-03
6.713785e-03
8.618228e-03
6.070278e-03
8.416275e-03
5.721350e-03
7.205552e-03
3.572084e-03
4.602409e-03
1.001156e-03
2.431448e-03
-3.303387e-04
2.432935e-03
8.256746e-04
3.757140e-03
1.456033e-03
3.840965e-03
1.841852e-03
5.017048e-03
3.566793e-03
7.091729e-03
6.173248e-03
1.026942e-02
9.279209e-03
1.240957e-02
1.017669e-02
1.246129e-02
9.730493e-03
1.157055e-02
8.550204e-03
1.054680e-02
7.861017e-03
9.740723e-03
6.259393e-03
7.167866e-03
3.185378e-03
4.137013e-03
4.575005e-04
1.856832e-03
-1.190299e-03
8.537531e-04
-1.768394e-03
5.822921e-04
-1.670327e-03
9.732393e-04
-1.335079e-03
8.712629e-04
-1.881569e-03
2.944158e-04
-2.137878e-03
5.153242e-04
-1.410640e-03
1.750286e-03
7.268530e-05
3.053696e-03
8.612247e-04
3.424351e-03
1.129565e-03
3.738746e-03
1.448587e-03
4.126864e-03
2.101919e-03
5.065544e-03
2.919912e-03
5.306743e-03
2.585775e-03
4.776414e-03
2.072679e-03
4.140146e-03
1.136208e-03
3.006397e-03
1.095687e-04
2.296416e-03
-3.064214e-04
2.043270e-03
-5.230158e-04
1.763534e-03
-7.942403e-04
1.757484e-03
-3.316231e-04
2.554892e-03
4.934041e-04
3.149609e-03
7.721181e-04
3.024890e-03
1.108923e-04
1.952156e-03
-1.009166e-03
1.027837e-03
-1.923697e-03
-1.350222e-04
-3.285516e-03
-1.419008e-03
-1.249555e-02
-1.201413e-02
