0.1 0
0.2 0
0.3 0
0.4 0
0.5 0
0.6 0
0.7 0
0.8 0
0.9 0
1 0
0.01 0.00572834
0.02 -0.168284
0.03 -0.170385
0.04 -0.17494
0.05 -0.180137
0.06 -0.187042
0.07 -0.194896
0.08 -0.201786
0.09 -0.208439
0.1 -0.216945
0.11 -0.222893
0.12 -0.222609
0.13 -0.22221
0.14 -0.228354
0.15 -0.243819
0.16 -0.262927
0.17 -0.279096
0.18 -0.292846
0.19 -0.294897
0.2 -0.286507
0.21 -0.272963
0.22 -0.258255
0.23 -0.247703
0.24 -0.241045
0.25 -0.245303
0.26 -0.250896
0.27 -0.24395
0.28 -0.226668
0.29 -0.197401
0.3 -0.181844
0.31 -0.192789
0.32 -0.197437
0.33 -0.165084
0.34 -0.0974797
0.35 -0.0262026
0.36 0.0148222
0.37 9.8278e-005
0.38 -0.0276458
0.39 -0.0236
0.4 -0.00307617
0.41 0.00929498
0.42 0.00685432
0.43 -0.0199232
0.44 -0.0563613
0.45 -0.070162
0.46 -0.07068
0.47 -0.0855059
0.48 -0.0747407
0.49 -0.0433054
0.5 -0.0416829
0.51 -0.108146
0.52 -0.188503
0.53 -0.266675
0.54 -0.40242
0.55 -0.52231
0.56 -0.496061
0.57 -0.382897
0.58 -0.278891
0.59 -0.224809
0.6 -0.155671
0.61 -0.0785207
0.62 -0.0596148
0.63 -0.0802839
0.64 -0.0929025
0.65 -0.0925343
0.66 -0.0938545
0.67 -0.0964066
0.68 -0.0402489
0.69 0.131781
0.7 0.354032
0.71 0.469097
0.72 0.471594
0.73 0.47018
0.74 0.498893
0.75 0.542866
0.76 0.629898
0.77 0.712222
0.78 0.69407
0.79 0.571912
0.8 0.342954
0.81 0.0500024
0.82 -0.109066
0.83 -0.0826206
0.84 -0.0176522
0.85 -0.0930914
0.86 -0.341129
0.87 -0.643996
0.88 -0.884531
0.89 -0.959439
0.9 -0.997141
0.91 -1.21734
0.92 -1.44999
0.93 -1.50361
0.94 -1.4839
0.95 -1.51216
0.96 -1.55804
0.97 -1.53821
0.98 -1.32726
0.99 -1.06763
1 -0.810391
1.01 -0.492965
1.02 -0.0194828
1.03 0.516627
1.04 0.842271
1.05 1.01663
1.06 1.31024
1.07 1.60263
1.08 1.6783
1.09 1.64263
1.1 1.64704
1.11 1.53986
1.12 1.13966
1.13 0.61407
1.14 0.085638
1.15 -0.454923
1.16 -0.780006
1.17 -0.827635
1.18 -0.985817
1.19 -1.2616
1.2 -1.1344
1.21 -0.817515
1.22 -0.751784
1.23 -0.85179
1.24 -0.869673
1.25 -0.570726
1.26 0.277386
1.27 1.43703
1.28 2.47886
1.29 3.16688
1.3 3.58789
1.31 4.04555
1.32 4.60681
1.33 5.08252
1.34 5.14597
1.35 5.0567
1.36 4.87919
1.37 4.29461
1.38 3.45951
1.39 2.81235
1.4 2.19003
1.41 1.21096
1.42 0.155362
1.43 -0.38156
1.44 -0.395738
1.45 -0.449996
1.46 -0.917651
1.47 -1.44052
1.48 -1.90048
1.49 -2.29785
1.5 -2.81303
1.51 -3.45895
1.52 -3.96858
1.53 -4.13093
1.54 -4.38406
1.55 -4.88768
1.56 -5.03354
1.57 -4.52113
1.58 -3.79954
1.59 -3.21206
1.6 -2.68662
1.61 -2.23629
1.62 -1.62714
1.63 -0.820388
1.64 -0.383432
1.65 -0.648861
1.66 -1.21963
1.67 -1.37777
1.68 -1.32221
1.69 -1.36143
1.7 -1.43838
1.71 -1.40587
1.72 -1.06559
1.73 -0.532275
1.74 -0.0231183
1.75 0.423428
1.76 0.610555
1.77 0.59078
1.78 0.564745
1.79 0.592574
1.8 0.427903
1.81 -0.296226
1.82 -1.20567
1.83 -1.56322
1.84 -1.57779
1.85 -1.97439
1.86 -2.49234
1.87 -2.38178
1.88 -1.74575
1.89 -1.56365
1.9 -2.16045
1.91 -2.4412
1.92 -1.741
1.93 -0.523392
1.94 0.568167
1.95 1.29513
1.96 1.74035
1.97 1.94239
1.98 1.68554
1.99 1.10705
2 0.246828
2.01 -0.42851
2.02 -0.248522
2.03 0.362493
2.04 0.318715
2.05 -0.364943
2.06 -0.67908
2.07 -0.374189
2.08 -0.262111
2.09 -0.513356
2.1 -0.663699
2.11 -0.342384
2.12 0.601372
2.13 1.40027
2.14 1.13755
2.15 0.724683
2.16 1.55397
2.17 3.06746
2.18 3.72039
2.19 3.14157
2.2 2.53325
2.21 2.50032
2.22 2.29784
2.23 1.55466
2.24 0.586883
2.25 -0.241811
2.26 -0.531839
2.27 -0.47672
2.28 -0.423973
2.29 -0.447771
2.3 -0.478295
2.31 -0.464578
2.32 -0.448596
2.33 -0.445012
2.34 -0.364928
2.35 0.0677803
2.36 0.464323
2.37 0.141336
2.38 -0.369304
2.39 -0.126138
2.4 0.539861
2.41 0.754129
2.42 0.533951
2.43 0.0895168
2.44 -0.354168
2.45 -0.799787
2.46 -1.59849
2.47 -2.49259
2.48 -3.27512
2.49 -4.04972
2.5 -4.53733
2.51 -4.51444
2.52 -4.05466
2.53 -3.52221
2.54 -3.34164
2.55 -3.21656
2.56 -2.65315
2.57 -1.99758
2.58 -1.883
2.59 -1.85185
2.6 -1.25389
2.61 -0.265638
2.62 0.804256
2.63 1.72518
2.64 2.43882
2.65 2.91664
2.66 3.60268
2.67 4.85102
2.68 6.0228
2.69 6.40033
2.7 6.11498
2.71 6.15479
2.72 7.02328
2.73 7.8829
2.74 7.99823
2.75 7.59159
2.76 7.15585
2.77 6.6735
2.78 6.24974
2.79 5.73861
2.8 4.7199
2.81 3.32102
2.82 1.56036
2.83 -0.258592
2.84 -1.56404
2.85 -2.34231
2.86 -3.20467
2.87 -4.34178
2.88 -5.37928
2.89 -5.9746
2.9 -6.29395
2.91 -6.53125
2.92 -6.84634
2.93 -7.36128
2.94 -7.46123
2.95 -6.93927
2.96 -6.4502
2.97 -5.99381
2.98 -5.0299
2.99 -3.50458
3 -1.94152
3.01 -0.921273
3.02 -0.45601
3.03 -0.374885
3.04 -0.81074
3.05 -1.52888
3.06 -1.94306
3.07 -1.98192
3.08 -2.20471
3.09 -2.61053
3.1 -2.86272
3.11 -3.24615
3.12 -3.71166
3.13 -3.86212
3.14 -3.80941
3.15 -3.79687
3.16 -3.83795
3.17 -3.8708
3.18 -3.85809
3.19 -3.85476
3.2 -3.86864
3.21 -3.88301
3.22 -3.63849
3.23 -2.79025
3.24 -1.54096
3.25 -0.372539
3.26 0.669442
3.27 1.38809
3.28 1.88704
3.29 2.28245
3.3 2.41578
3.31 2.0161
3.32 0.899684
3.33 -0.345554
3.34 -0.863812
3.35 -0.776264
3.36 -0.698446
3.37 -0.763749
3.38 -0.580067
3.39 -0.142567
3.4 0.143235
3.41 -0.201153
3.42 -0.779513
3.43 -1.37465
3.44 -1.73182
3.45 -1.9632
3.46 -2.45555
3.47 -3.09283
3.48 -3.51092
3.49 -3.23691
3.5 -2.32286
3.51 -0.99526
3.52 0.768222
3.53 2.53272
3.54 4.17411
3.55 5.442
3.56 6.32859
3.57 6.80436
3.58 7.19696
3.59 7.38607
3.6 7.07183
3.61 6.60228
3.62 6.53784
3.63 6.40382
3.64 6.06232
3.65 5.34506
3.66 4.30713
3.67 3.23954
3.68 2.26517
3.69 0.914618
3.7 -1.31099
3.71 -4.34233
3.72 -7.67487
3.73 -10.8663
3.74 -13.8763
3.75 -16.7509
3.76 -19.3959
3.77 -21.7411
3.78 -23.7808
3.79 -25.0117
3.8 -25.2551
3.81 -24.9607
3.82 -24.3567
3.83 -22.9519
3.84 -20.5223
3.85 -17.2783
3.86 -13.5889
3.87 -9.93452
3.88 -6.59559
3.89 -3.47126
3.9 -0.539524
3.91 2.4013
3.92 5.72831
3.93 9.19976
3.94 12.4397
3.95 15.0652
3.96 17.3535
3.97 19.6421
3.98 21.9672
3.99 23.8135
4 25.2311
4.01 26.1376
4.02 26.9032
4.03 27.6004
4.04 27.8367
4.05 27.4844
4.06 27.0578
4.07 26.7451
4.08 26.4491
4.09 25.4105
4.1 23.2546
4.11 20.3045
4.12 17.3122
4.13 14.8835
4.14 12.8427
4.15 10.8562
4.16 9.34695
4.17 8.60485
4.18 7.85987
4.19 6.94757
4.2 6.27405
4.21 5.78419
4.22 5.6575
4.23 5.63578
4.24 5.88036
4.25 6.36357
4.26 6.79936
4.27 7.12467
4.28 7.12572
4.29 6.65399
4.3 6.04101
4.31 5.5689
4.32 5.46365
4.33 5.53521
4.34 5.5823
4.35 5.2901
4.36 4.60769
4.37 3.82804
4.38 2.65141
4.39 1.16515
4.4 -0.307206
4.41 -1.68643
4.42 -2.9768
4.43 -4.14291
4.44 -5.50981
4.45 -6.50629
4.46 -6.84459
4.47 -6.53657
4.48 -6.15028
4.49 -5.93192
4.5 -5.51011
4.51 -4.49026
4.52 -2.94999
4.53 -1.37902
4.54 -0.723198
4.55 -0.187771
4.56 0.725447
4.57 2.33328
4.58 4.21734
4.59 6.35129
4.6 8.50099
4.61 10.471
4.62 12.1868
4.63 14.0584
4.64 15.8757
4.65 17.3725
4.66 18.4196
4.67 19.2601
4.68 20.1004
4.69 20.3545
4.7 20.3499
4.71 20.1222
4.72 19.6677
4.73 18.6515
4.74 17.235
4.75 15.793
4.76 14.3954
4.77 13.018
4.78 11.4827
4.79 9.80584
4.8 7.74858
4.81 5.37189
4.82 2.85964
4.83 0.42993
4.84 -1.98423
4.85 -4.06035
4.86 -5.90942
4.87 -7.45936
4.88 -9.12314
4.89 -10.9048
4.9 -13.2459
4.91 -15.8005
4.92 -18.3568
4.93 -20.6236
4.94 -22.4764
4.95 -23.7241
4.96 -24.5558
4.97 -25.1378
4.98 -24.7874
4.99 -23.391
5 -21.2291
5.01 -19.0428
5.02 -17.4479
5.03 -16.1672
5.04 -15.3421
5.05 -14.3077
5.06 -12.0151
5.07 -8.82351
5.08 -5.47233
5.09 -1.97868
5.1 1.66481
5.11 5.1438
5.12 7.83388
5.13 9.78137
5.14 11.0294
5.15 11.7069
5.16 12.0156
5.17 12.1589
5.18 11.7673
5.19 10.8714
5.2 9.07853
5.21 6.51585
5.22 2.99837
5.23 -0.607331
5.24 -3.6236
5.25 -6.18249
5.26 -8.83599
5.27 -10.8548
5.28 -11.9182
5.29 -12.1401
5.3 -11.8195
5.31 -11.3831
5.32 -10.7586
5.33 -9.85338
5.34 -8.68733
5.35 -8.22818
5.36 -8.27044
5.37 -9.08688
5.38 -10.2743
5.39 -11.7568
5.4 -13.8882
5.41 -16.3146
5.42 -18.8109
5.43 -20.7921
5.44 -21.8587
5.45 -22.5459
5.46 -22.8557
5.47 -22.4954
5.48 -21.3096
5.49 -19.0115
5.5 -15.9587
5.51 -12.9061
5.52 -10.1087
5.53 -7.64778
5.54 -5.03018
5.55 -2.37782
5.56 0.420801
5.57 2.7628
5.58 3.65099
5.59 2.80255
5.6 0.189672
5.61 -3.28076
5.62 -7.04884
5.63 -10.6857
5.64 -13.9953
5.65 -17.0896
5.66 -20.1174
5.67 -22.5319
5.68 -24.3159
5.69 -25.5667
5.7 -26.4053
5.71 -26.8284
5.72 -26.37
5.73 -24.2649
5.74 -20.5211
5.75 -15.2775
5.76 -9.52845
5.77 -4.37662
5.78 -0.689876
5.79 2.51127
5.8 5.70762
5.81 8.70042
5.82 10.8011
5.83 11.7061
5.84 11.4563
5.85 10.7484
5.86 10.0088
5.87 9.08569
5.88 7.39055
5.89 4.98158
5.9 1.86304
5.91 -1.50263
5.92 -4.32626
5.93 -6.48148
5.94 -7.96804
5.95 -8.71254
5.96 -9.05262
5.97 -8.92896
5.98 -8.35185
5.99 -7.99685
6 -7.91643
6.01 -8.13731
6.02 -8.23725
6.03 -7.81923
6.04 -6.52779
6.05 -4.74685
6.06 -2.82063
6.07 -1.08268
6.08 -0.174016
6.09 -0.00940801
6.1 -0.377663
6.11 -0.462671
6.12 0.0883442
6.13 1.34626
6.14 3.26327
6.15 5.70875
6.16 8.47873
6.17 11.5808
6.18 14.6856
6.19 17.0553
6.2 19.3875
6.21 22.0717
6.22 24.8912
6.23 27.7496
6.24 30.697
6.25 33.5871
6.26 36.3366
6.27 38.2513
6.28 39.4376
6.29 39.6147
6.3 38.1936
6.31 34.4679
6.32 28.3269
6.33 20.9535
6.34 13.8029
6.35 7.35178
6.36 1.82497
6.37 -2.62994
6.38 -6.78422
6.39 -10.949
6.4 -14.6415
6.41 -17.5942
6.42 -19.4541
6.43 -20.5964
6.44 -21.4506
6.45 -21.6993
6.46 -21.0101
6.47 -19.7119
6.48 -18.208
6.49 -16.7177
6.5 -15.3474
6.51 -14.4143
6.52 -13.2784
6.53 -11.2564
6.54 -8.44727
6.55 -5.15169
6.56 -1.74502
6.57 0.734457
6.58 1.33378
6.59 -0.138379
6.6 -3.0263
6.61 -5.82669
6.62 -6.87285
6.63 -6.24919
6.64 -4.82246
6.65 -3.4525
6.66 -1.44386
6.67 1.24973
6.68 4.24137
6.69 7.46929
6.7 11.0884
6.71 15.2908
6.72 19.9116
6.73 24.3413
6.74 27.9454
6.75 30.7591
6.76 32.7678
6.77 33.7372
6.78 33.7365
6.79 32.7688
6.8 31.0172
6.81 28.6227
6.82 25.9894
6.83 23.0744
6.84 20.3405
6.85 17.639
6.86 14.476
6.87 10.4639
6.88 5.80201
6.89 1.20646
6.9 -2.4955
6.91 -5.98714
6.92 -9.25559
6.93 -12.3624
6.94 -15.3296
6.95 -18.197
6.96 -20.6498
6.97 -22.4432
6.98 -23.0156
6.99 -22.4441
7 -20.873
7.01 -18.5869
7.02 -16.0002
7.03 -14.0389
7.04 -12.4829
7.05 -11.0217
7.06 -9.44171
7.07 -7.89731
7.08 -6.21766
7.09 -4.46689
7.1 -2.89312
7.11 -1.49895
7.12 -0.774298
7.13 -0.697866
7.14 -0.745881
7.15 -0.64162
7.16 0.231438
7.17 1.74288
7.18 2.98395
7.19 2.86062
7.2 1.42069
7.21 -0.688649
7.22 -2.71695
7.23 -4.52419
7.24 -6.23273
7.25 -7.99315
7.26 -9.34173
7.27 -10.2869
7.28 -10.3903
7.29 -9.15474
7.3 -7.16426
7.31 -5.20371
7.32 -3.34794
7.33 -1.08534
7.34 1.78749
7.35 5.00787
7.36 7.91604
7.37 10.5378
7.38 12.818
7.39 14.936
7.4 16.5599
7.41 16.9295
7.42 15.642
7.43 13.0702
7.44 9.89199
7.45 6.7031
7.46 3.91146
7.47 2.09504
7.48 1.07945
7.49 0.39118
7.5 0.0656067
7.51 0.397883
7.52 1.73436
7.53 3.59292
7.54 5.37847
7.55 7.21489
7.56 9.30453
7.57 11.5745
7.58 13.3337
7.59 14.1572
7.6 14.2814
7.61 14.1997
7.62 14.0271
7.63 14.0357
7.64 14.0472
7.65 14.0814
7.66 14.3408
7.67 15.0517
7.68 15.5877
7.69 15.2462
7.7 14.2619
7.71 13.0791
7.72 11.7404
7.73 9.78093
7.74 7.70289
7.75 6.11978
7.76 4.83579
7.77 3.36486
7.78 1.54772
7.79 -0.148849
7.8 -1.94073
7.81 -3.94996
7.82 -5.68061
7.83 -6.91391
7.84 -7.89918
7.85 -8.13192
7.86 -8.09965
7.87 -7.49533
7.88 -6.3492
7.89 -4.53107
7.9 -2.68737
7.91 -1.20259
7.92 -0.325652
7.93 0.353433
7.94 1.0516
7.95 1.86832
7.96 3.05107
7.97 4.96579
7.98 7.46352
7.99 10.1848
8 12.6623
8.01 14.6346
8.02 16.2482
8.03 17.2443
8.04 17.1031
8.05 16.4803
8.06 16.0957
8.07 16.2645
8.08 16.7882
8.09 17.3222
8.1 17.7559
8.11 17.9708
8.12 17.6402
8.13 16.8606
8.14 15.2599
8.15 12.3513
8.16 8.73357
8.17 5.28287
8.18 2.33132
8.19 -0.357721
8.2 -2.69757
8.21 -4.36027
8.22 -4.70639
8.23 -3.99857
8.24 -3.1067
8.25 -2.3532
8.26 -1.71829
8.27 -0.856492
8.28 0.394554
8.29 1.56957
8.3 2.24665
8.31 2.38044
8.32 1.91195
8.33 1.11217
8.34 -0.336743
8.35 -2.16149
8.36 -4.04158
8.37 -5.72053
8.38 -7.33028
8.39 -8.75438
8.4 -10.0493
8.41 -11.3493
8.42 -12.5179
8.43 -13.5325
8.44 -14.3936
8.45 -14.9939
8.46 -15.495
8.47 -15.6117
8.48 -15.3708
8.49 -14.7084
8.5 -13.7282
8.51 -12.6789
8.52 -11.5756
8.53 -10.4358
8.54 -9.7392
8.55 -9.22247
8.56 -8.49168
8.57 -7.25925
8.58 -5.38325
8.59 -2.8471
8.6 0.318183
8.61 3.56888
8.62 6.51811
8.63 8.48013
8.64 8.94341
8.65 7.8733
8.66 5.91553
8.67 3.65903
8.68 0.9756
8.69 -2.56413
8.7 -6.44753
8.71 -9.80355
8.72 -12.9353
8.73 -15.5729
8.74 -17.8015
8.75 -19.5565
8.76 -20.9376
8.77 -21.7559
8.78 -21.7451
8.79 -20.9672
8.8 -19.5559
8.81 -17.8259
8.82 -15.8423
8.83 -13.8935
8.84 -12.3275
8.85 -11.042
8.86 -10.1384
8.87 -9.05688
8.88 -8.10383
8.89 -7.02723
8.9 -6.06209
8.91 -5.35217
8.92 -4.91587
8.93 -4.98168
8.94 -5.25385
8.95 -6.21824
8.96 -7.89483
8.97 -9.87849
8.98 -11.5598
8.99 -12.9383
9 -13.8856
9.01 -14.7223
9.02 -14.7856
9.03 -14.5739
9.04 -13.9923
9.05 -13.5276
9.06 -12.9418
9.07 -12.1731
9.08 -11.3943
9.09 -11.261
9.1 -11.2247
9.11 -11.2651
9.12 -11.602
9.13 -12.046
9.14 -12.4574
9.15 -12.5593
9.16 -13.0842
9.17 -13.4471
9.18 -13.2965
9.19 -12.7845
9.2 -11.5928
9.21 -9.76145
9.22 -7.85282
9.23 -5.97664
9.24 -3.9369
9.25 -1.88369
9.26 -0.112613
9.27 1.84499
9.28 3.70395
9.29 5.12607
9.3 5.99049
9.31 6.58813
9.32 6.6365
9.33 6.83045
9.34 6.69604
9.35 6.71255
9.36 6.74436
9.37 6.78426
9.38 6.47856
9.39 6.0088
9.4 5.06636
9.41 3.73077
9.42 2.3137
9.43 0.250194
9.44 -1.85517
9.45 -3.9013
9.46 -5.35253
9.47 -6.70826
9.48 -8.108
9.49 -9.19784
9.5 -9.99753
9.51 -10.5949
9.52 -11.2878
9.53 -11.2037
9.54 -11.3682
9.55 -11.8987
9.56 -12.3009
9.57 -12.3918
9.58 -11.9384
9.59 -11.6498
9.6 -11.1429
9.61 -11.2831
9.62 -10.9599
9.63 -10.6434
9.64 -10.0254
9.65 -8.93136
9.66 -7.52417
9.67 -5.24238
9.68 -2.11905
9.69 0.474091
9.7 2.42411
9.71 4.46432
9.72 6.90994
9.73 9.51363
9.74 11.9356
9.75 13.7609
9.76 15.2714
9.77 16.1445
9.78 16.4191
9.79 16.3089
9.8 15.9888
9.81 15.7898
9.82 15.9701
9.83 16.496
9.84 17.4166
9.85 18.4486
9.86 19.5831
9.87 20.5803
9.88 21.565
9.89 22.7341
9.9 23.7915
9.91 24.5327
9.92 25.1439
9.93 25.8397
9.94 26.4974
9.95 26.5634
9.96 26.0694
9.97 25.2904
9.98 24.3126
9.99 23.1231
10 21.717
10.01 20.7779
10.02 20.1356
10.03 20.1128
10.04 20.2788
10.05 20.0831
10.06 19.4286
10.07 18.2614
10.08 16.5365
10.09 14.7065
10.1 12.5138
10.11 10.1578
10.12 7.48764
10.13 5.2385
10.14 3.07474
10.15 0.474319
10.16 -2.27365
10.17 -4.50895
10.18 -6.20168
10.19 -7.60733
10.2 -9.6297
10.21 -11.3681
10.22 -12.8379
10.23 -13.9107
10.24 -14.56
10.25 -14.6733
10.26 -14.3587
10.27 -13.552
10.28 -12.9834
10.29 -12.5231
10.3 -12.6313
10.31 -13.1426
10.32 -13.3625
10.33 -13.5529
10.34 -13.8672
10.35 -14.299
10.36 -14.173
10.37 -13.2765
10.38 -11.8331
10.39 -10.0028
10.4 -7.90012
10.41 -6.04638
10.42 -4.87189
10.43 -4.24996
10.44 -3.90073
10.45 -3.77283
10.46 -3.65324
10.47 -3.49319
10.48 -3.37449
10.49 -3.55335
10.5 -3.56543
10.51 -3.42764
10.52 -3.12843
10.53 -2.61843
10.54 -2.27633
10.55 -2.12717
10.56 -2.09318
10.57 -2.53899
10.58 -3.38677
10.59 -4.46955
10.6 -5.57926
10.61 -6.76282
10.62 -8.16022
10.63 -9.27553
10.64 -10.4964
10.65 -11.7867
10.66 -12.8245
10.67 -13.6671
10.68 -14.2406
10.69 -14.9045
10.7 -15.9164
10.71 -16.9434
10.72 -17.3773
10.73 -17.7834
10.74 -18.3404
10.75 -18.7658
10.76 -19.1381
10.77 -19.373
10.78 -19.37
10.79 -19.4554
10.8 -19.4052
10.81 -19.1175
10.82 -19.3303
10.83 -19.5554
10.84 -19.734
10.85 -19.8254
10.86 -19.75
10.87 -19.1226
10.88 -17.3595
10.89 -15.4284
10.9 -13.4268
10.91 -11.6876
10.92 -9.72423
10.93 -7.63376
10.94 -5.40507
10.95 -3.33677
10.96 -1.00906
10.97 1.70829
10.98 4.87612
10.99 8.45052
11 11.9345
11.01 15.2595
11.02 18.7435
11.03 22.2528
11.04 24.6113
11.05 26.2091
11.06 27.601
11.07 28.5976
11.08 29.0301
11.09 28.9196
11.1 28.5979
11.11 27.5831
11.12 25.981
11.13 24.214
11.14 22.5037
11.15 20.7116
11.16 18.8433
11.17 17.3931
11.18 15.5888
11.19 13.4946
11.2 11.7209
11.21 10.096
11.22 8.43461
11.23 6.57632
11.24 5.02228
11.25 3.29119
11.26 1.88521
11.27 0.569471
11.28 -0.848017
11.29 -2.50691
11.3 -4.04878
11.31 -6.07477
11.32 -8.10937
11.33 -10.2303
11.34 -11.7972
11.35 -12.4525
11.36 -11.9393
11.37 -10.8916
11.38 -9.47416
11.39 -7.96475
11.4 -6.67642
11.41 -5.4631
11.42 -4.17941
11.43 -3.22259
11.44 -2.24955
11.45 -1.22165
11.46 -0.252164
11.47 0.270203
11.48 0.54657
11.49 0.742332
11.5 0.72095
11.51 0.604852
11.52 0.528518
11.53 0.462041
11.54 0.121995
11.55 -0.518175
11.56 -0.972195
11.57 -1.12986
11.58 -1.53712
11.59 -2.38624
11.6 -3.58545
11.61 -4.41993
11.62 -5.11725
11.63 -5.61346
11.64 -5.97186
11.65 -6.54794
11.66 -7.28086
11.67 -7.52611
11.68 -7.28392
11.69 -6.81418
11.7 -6.37226
11.71 -5.40486
11.72 -4.18229
11.73 -3.05763
11.74 -1.90114
11.75 -0.502709
11.76 1.40692
11.77 3.32775
11.78 5.44861
11.79 7.29234
11.8 9.08067
11.81 10.6563
11.82 11.8055
11.83 12.8893
11.84 13.8771
11.85 14.8013
11.86 15.3095
11.87 15.3695
11.88 15.1902
11.89 14.7803
11.9 13.8457
11.91 12.2644
11.92 10.0239
11.93 7.81774
11.94 5.82392
11.95 4.41701
11.96 3.73627
11.97 3.35017
11.98 2.93526
11.99 2.70132
12 2.61085
12.01 3.12559
12.02 3.8447
12.03 4.2668
12.04 4.33175
12.05 4.31122
12.06 4.31875
12.07 4.07087
12.08 3.49302
12.09 2.85795
12.1 1.99664
12.11 1.0916
12.12 0.169508
12.13 -0.528113
12.14 -0.852029
12.15 -0.98672
12.16 -0.513585
12.17 0.246215
12.18 0.56241
12.19 0.537675
12.2 0.349452
12.21 -0.0457244
12.22 -0.589971
12.23 -1.16073
12.24 -1.70117
12.25 -2.54631
12.26 -3.50531
12.27 -4.37428
12.28 -5.32102
12.29 -6.34385
12.3 -7.32425
12.31 -8.02028
12.32 -8.6961
12.33 -9.30245
12.34 -9.79294
12.35 -10.1863
12.36 -10.435
12.37 -10.8529
12.38 -11.0962
12.39 -10.9724
12.4 -10.4993
12.41 -10.1614
12.42 -9.90209
12.43 -10.1008
12.44 -10.5885
12.45 -11.0028
12.46 -11.117
12.47 -11.5148
12.48 -11.8821
12.49 -12.3168
12.5 -12.8788
12.51 -13.3537
12.52 -13.4036
12.53 -13.3644
12.54 -13.9733
12.55 -15.0298
12.56 -15.8111
12.57 -16.4522
12.58 -16.9839
12.59 -16.9758
12.6 -16.3891
12.61 -15.5913
12.62 -14.6309
12.63 -13.5792
12.64 -12.5418
12.65 -11.2456
12.66 -9.54964
12.67 -7.59591
12.68 -5.69161
12.69 -4.17699
12.7 -2.54558
12.71 -0.952733
12.72 0.549256
12.73 1.88901
12.74 3.26361
12.75 4.60753
12.76 5.58672
12.77 6.27025
12.78 6.92819
12.79 7.48009
12.8 7.97826
12.81 8.13843
12.82 7.98126
12.83 7.36421
12.84 6.62057
12.85 5.6784
12.86 5.19769
12.87 4.40292
12.88 3.87459
12.89 3.43093
12.9 3.36073
12.91 3.27767
12.92 3.31264
12.93 3.45802
12.94 3.87819
12.95 4.53743
12.96 5.36775
12.97 6.08643
12.98 6.88877
12.99 7.65138
13 8.04488
13.01 8.49764
13.02 9.26705
13.03 9.78931
13.04 9.78065
13.05 9.2808
13.06 8.86208
13.07 8.20838
13.08 6.83978
13.09 4.83064
13.1 3.32412
13.11 2.21827
13.12 1.54959
13.13 0.86063
13.14 0.545651
13.15 0.801086
13.16 1.32759
13.17 2.79552
13.18 4.61802
13.19 6.59121
13.2 8.32622
13.21 10.1451
13.22 11.5385
13.23 13.3064
13.24 14.9374
13.25 16.4979
13.26 17.9025
13.27 18.8106
13.28 19.8986
13.29 20.6787
13.3 21.1656
13.31 21.2174
13.32 20.8404
13.33 19.9801
13.34 18.2206
13.35 16.1289
13.36 14.1497
13.37 12.2063
13.38 10.4433
13.39 8.60475
13.4 7.02056
13.41 5.72449
13.42 4.39999
13.43 3.89857
13.44 3.68267
13.45 3.51699
13.46 3.51203
13.47 3.54453
13.48 3.87769
13.49 3.74101
13.5 3.76597
13.51 3.78242
13.52 3.89162
13.53 4.15209
13.54 3.93022
13.55 3.16612
13.56 2.48267
13.57 1.84713
13.58 1.297
13.59 0.901924
13.6 0.520134
13.61 0.507714
13.62 0.549506
13.63 0.644315
13.64 0.533725
13.65 0.523693
13.66 0.949154
13.67 1.48223
13.68 1.74332
13.69 2.2945
13.7 2.90262
13.71 3.7757
13.72 4.44364
13.73 5.52585
13.74 6.49242
13.75 7.26217
13.76 7.82926
13.77 8.50379
13.78 8.85755
13.79 8.85526
13.8 8.22412
13.81 7.42755
13.82 6.89832
13.83 6.2577
13.84 5.44529
13.85 4.69701
13.86 3.86832
13.87 3.15611
13.88 2.25944
13.89 1.13725
13.9 0.211865
13.91 -0.517942
13.92 -1.22933
13.93 -1.87156
13.94 -2.44043
13.95 -2.3922
13.96 -1.85221
13.97 -0.72681
13.98 0.521492
13.99 2.57232
14 5.03877
14.01 7.67562
14.02 10.2555
14.03 12.7071
14.04 14.3201
14.05 15.806
14.06 17.1513
14.07 18.1731
14.08 18.5987
14.09 18.0254
14.1 16.9928
14.11 15.1373
14.12 13.0104
14.13 10.8211
14.14 8.54792
14.15 5.90925
14.16 3.332
14.17 0.992365
14.18 -1.57158
14.19 -3.99863
14.2 -6.47468
14.21 -8.34849
14.22 -9.87474
14.23 -10.8629
14.24 -11.1316
14.25 -11.0328
14.26 -10.7566
14.27 -10.0821
14.28 -9.19609
14.29 -8.43274
14.3 -7.95093
14.31 -7.53703
14.32 -7.532
14.33 -7.78553
14.34 -8.12311
14.35 -8.7096
14.36 -9.24739
14.37 -9.90473
14.38 -10.3284
14.39 -10.6947
14.4 -11.0929
14.41 -11.1453
14.42 -11.0204
14.43 -10.5941
14.44 -9.77243
14.45 -8.73647
14.46 -7.48004
14.47 -6.56046
14.48 -5.75923
14.49 -5.21375
14.5 -4.70858
14.51 -4.10504
14.52 -3.27107
14.53 -2.56306
14.54 -2.62509
14.55 -2.73933
14.56 -2.66175
14.57 -2.69698
14.58 -2.99559
14.59 -3.16247
14.6 -2.97912
14.61 -2.67431
14.62 -2.53967
14.63 -2.29109
14.64 -1.85422
14.65 -1.55844
14.66 -0.900757
14.67 0.164976
14.68 1.23375
14.69 2.05458
14.7 3.13413
14.71 4.67732
14.72 6.25175
14.73 7.24296
14.74 8.21459
14.75 8.86379
14.76 9.39311
14.77 10.0216
14.78 10.4513
14.79 10.3734
14.8 9.67289
14.81 8.57112
14.82 6.39038
14.83 3.56072
14.84 0.70125
14.85 -1.84811
14.86 -4.24341
14.87 -6.70762
14.88 -9.12518
14.89 -11.3713
14.9 -13.4154
14.91 -15.3281
14.92 -16.8716
14.93 -17.5059
14.94 -17.7918
14.95 -17.4738
14.96 -16.6578
14.97 -15.2047
14.98 -13.1562
14.99 -10.5146
15 -7.71187
15.01 -4.64966
15.02 -1.46422
15.03 1.66673
15.04 4.43136
15.05 6.80218
15.06 9.56518
15.07 11.7225
15.08 13.1603
15.09 14.0274
15.1 14.1726
15.11 13.6625
15.12 12.3484
15.13 10.2776
15.14 8.37757
15.15 6.56002
15.16 4.97476
15.17 3.93141
15.18 3.35348
15.19 2.70164
15.2 2.29943
15.21 2.12043
15.22 2.57526
15.23 2.59239
15.24 2.62708
15.25 2.56809
15.26 2.39328
15.27 1.79334
15.28 1.43292
15.29 1.19721
15.3 1.01195
15.31 0.825271
15.32 0.352978
15.33 -0.337935
15.34 -1.33869
15.35 -1.96761
15.36 -2.4917
15.37 -2.76052
15.38 -3.18411
15.39 -3.51997
15.4 -3.81891
15.41 -3.76499
15.42 -3.76427
15.43 -3.63145
15.44 -3.18431
15.45 -1.96944
15.46 -0.240202
15.47 1.40921
15.48 2.99727
15.49 4.25139
15.5 5.42124
15.51 6.36044
15.52 7.45597
15.53 8.41694
15.54 8.99269
15.55 9.30348
15.56 9.99515
15.57 10.6991
15.58 11.025
15.59 11.3144
15.6 11.2243
15.61 10.9502
15.62 10.4924
15.63 9.79305
15.64 8.87219
15.65 7.97368
15.66 7.11487
15.67 6.6362
15.68 6.07165
15.69 5.43249
15.7 4.67776
15.71 4.07125
15.72 3.5707
15.73 3.41649
15.74 2.8084
15.75 1.95642
15.76 0.891382
15.77 -0.191601
15.78 -1.24774
15.79 -2.42521
15.8 -3.78558
15.81 -5.01834
15.82 -5.77761
15.83 -6.58684
15.84 -7.43588
15.85 -8.08325
15.86 -8.09775
15.87 -7.74962
15.88 -7.47073
15.89 -7.25178
15.9 -7.5003
15.91 -7.95825
15.92 -8.18593
15.93 -8.25158
15.94 -8.2959
15.95 -7.96866
15.96 -7.39516
15.97 -6.58413
15.98 -5.83559
15.99 -4.71766
16 -3.54253
16.01 -2.30459
16.02 -0.969764
16.03 0.421554
16.04 1.26127
16.05 2.12942
16.06 3.2041
16.07 4.48566
16.08 5.74749
16.09 6.71849
16.1 7.69592
16.11 8.22483
16.12 8.59649
16.13 8.70442
16.14 8.13459
16.15 7.04997
16.16 5.71959
16.17 4.51249
16.18 2.95324
16.19 0.784139
16.2 -1.3713
16.21 -3.47177
16.22 -5.36912
16.23 -6.98112
16.24 -8.1056
16.25 -8.91864
16.26 -9.43354
16.27 -9.87759
16.28 -10.1687
16.29 -10.274
16.3 -10.1756
16.31 -10.7252
16.32 -11.2957
16.33 -11.877
16.34 -12.4865
16.35 -13.1803
16.36 -13.7439
16.37 -14.3813
16.38 -14.593
16.39 -15.1897
16.4 -15.6819
16.41 -16.3382
16.42 -16.8541
16.43 -17.3534
16.44 -17.589
16.45 -17.5106
16.46 -17.4592
16.47 -17.3886
16.48 -17.135
16.49 -16.2723
16.5 -15.2107
16.51 -14.0094
16.52 -12.4375
16.53 -10.5548
16.54 -8.65932
16.55 -7.47344
16.56 -6.29957
16.57 -5.18831
16.58 -4.19629
16.59 -3.4019
16.6 -2.50052
16.61 -1.7406
16.62 -1.00617
16.63 -0.401123
16.64 0.00882594
16.65 -0.116312
16.66 -0.371378
16.67 -0.355305
16.68 -0.320178
16.69 -0.943469
16.7 -1.295
16.71 -1.67879
16.72 -2.19476
16.73 -2.96512
16.74 -3.65658
16.75 -4.14342
16.76 -3.87347
16.77 -3.28423
16.78 -3.16436
16.79 -3.22422
16.8 -2.74972
16.81 -2.16942
16.82 -2.10829
16.83 -2.16683
16.84 -2.20283
16.85 -2.08359
16.86 -1.6536
16.87 -1.24698
16.88 -0.936826
16.89 -0.824713
16.9 -0.52383
16.91 -0.395704
16.92 -0.707854
16.93 -1.16485
16.94 -1.70882
16.95 -2.06982
16.96 -2.05506
16.97 -1.99793
16.98 -1.54639
16.99 -0.913983
17 -0.100948
17.01 0.420719
17.02 0.922546
17.03 1.07144
17.04 1.06304
17.05 1.06924
17.06 1.01762
17.07 0.538958
17.08 0.0109386
17.09 -0.472589
17.1 -0.884544
17.11 -1.01786
17.12 -1.03733
17.13 -0.993079
17.14 -1.09256
17.15 -1.31239
17.16 -0.97498
17.17 -0.274395
17.18 0.27915
17.19 0.70964
17.2 1.23805
17.21 1.70815
17.22 2.17
17.23 2.21115
17.24 2.43736
17.25 3.01883
17.26 3.26936
17.27 3.16407
17.28 3.18846
17.29 3.34285
17.3 3.45008
17.31 3.24603
17.32 2.99589
17.33 2.50685
17.34 1.90829
17.35 1.3357
17.36 1.1603
17.37 1.06845
17.38 1.23372
17.39 1.44642
17.4 1.94298
17.41 2.07793
17.42 1.95758
17.43 1.62452
17.44 1.1589
17.45 0.578781
17.46 0.0535155
17.47 -0.578026
17.48 -1.22631
17.49 -1.76943
17.5 -2.13998
17.51 -2.18019
17.52 -2.03548
17.53 -2.10473
17.54 -2.17406
17.55 -1.89988
17.56 -1.25713
17.57 -0.569525
17.58 0.305317
17.59 0.913127
17.6 1.27155
17.61 1.52127
17.62 1.23935
17.63 0.943914
17.64 0.472394
17.65 0.000245744
17.66 -0.423803
17.67 -0.806714
17.68 -1.26737
17.69 -1.71764
17.7 -2.38354
17.71 -3.00547
17.72 -3.65959
17.73 -4.29571
17.74 -4.87624
17.75 -5.30002
17.76 -5.34183
17.77 -5.23537
17.78 -4.84301
17.79 -4.26314
17.8 -3.34007
17.81 -2.2883
17.82 -1.13849
17.83 -0.149714
17.84 0.824632
17.85 1.49992
17.86 2.16533
17.87 2.77466
17.88 3.39813
17.89 4.21973
17.9 4.85269
17.91 5.40013
17.92 5.78306
17.93 6.00917
17.94 5.78016
17.95 5.45585
17.96 5.25091
17.97 5.12649
17.98 4.79036
17.99 4.79134
18 5.20872
18.01 5.48635
18.02 6.08755
18.03 6.98793
18.04 7.51422
18.05 7.67446
18.06 8.04382
18.07 8.44489
18.08 8.36323
18.09 7.48669
18.1 6.5333
18.11 5.89935
18.12 5.40758
18.13 5.23413
18.14 4.65131
18.15 3.91446
18.16 3.09247
18.17 2.51419
18.18 1.6801
18.19 0.577222
18.2 -0.49784
18.21 -0.954552
18.22 -1.29021
18.23 -1.40294
18.24 -1.427
18.25 -1.2999
18.26 -1.10301
18.27 -0.884285
18.28 -0.344506
18.29 0.328639
18.3 1.05623
18.31 1.824
18.32 2.52487
18.33 2.89965
18.34 3.02182
18.35 2.71654
18.36 2.44413
18.37 2.15537
18.38 1.95535
18.39 1.92053
18.4 2.17665
18.41 2.61108
18.42 2.8454
18.43 2.87254
18.44 2.85885
18.45 2.83454
18.46 2.84073
18.47 2.6062
18.48 2.00115
18.49 1.29361
18.5 0.679081
18.51 -0.0380432
18.52 -0.521364
18.53 -1.28228
18.54 -2.31931
18.55 -3.22881
18.56 -3.71355
18.57 -3.84262
18.58 -4.31185
18.59 -4.78491
18.6 -4.77551
18.61 -4.70631
18.62 -4.73394
18.63 -4.72759
18.64 -4.6013
18.65 -4.18924
18.66 -3.43472
18.67 -2.66092
18.68 -2.15748
18.69 -1.78854
18.7 -1.5318
18.71 -1.00707
18.72 -0.56724
18.73 0.0672542
18.74 0.726885
18.75 1.42966
18.76 2.01668
18.77 2.93406
18.78 3.69642
18.79 4.03928
18.8 4.35734
18.81 4.85881
18.82 5.40636
18.83 5.94772
18.84 6.49742
18.85 6.89287
18.86 7.05957
18.87 6.97903
18.88 6.97512
18.89 6.96905
18.9 7.05596
18.91 7.01526
18.92 7.01624
18.93 7.01109
18.94 6.99733
18.95 6.73566
18.96 5.99874
18.97 5.18415
18.98 4.45986
18.99 3.87208
19 3.34951
19.01 3.25515
19.02 4.0038
19.03 4.88113
19.04 5.12158
19.05 5.0578
19.06 5.44452
19.07 5.88667
19.08 5.8585
19.09 5.12941
19.1 4.88396
19.11 4.75072
19.12 4.29632
19.13 3.7918
19.14 3.34534
19.15 2.88344
19.16 2.79056
19.17 2.64961
19.18 2.16325
19.19 1.67028
19.2 1.57264
19.21 1.67976
19.22 1.715
19.23 1.58752
19.24 1.61479
19.25 1.62057
19.26 1.57403
19.27 1.41528
19.28 0.802344
19.29 0.489547
19.3 0.442691
19.31 0.670213
19.32 1.23446
19.33 1.81319
19.34 2.41968
19.35 3.02913
19.36 3.48805
19.37 3.7013
19.38 4.0987
19.39 4.5549
19.4 4.59804
19.41 4.45404
19.42 3.84717
19.43 3.38718
19.44 3.04979
19.45 2.51826
19.46 1.99275
19.47 1.5558
19.48 1.09246
19.49 0.59763
19.5 0.149116
19.51 -0.252643
19.52 -0.688379
19.53 -1.06547
19.54 -1.4493
19.55 -2.0424
19.56 -2.68358
19.57 -3.0752
19.58 -3.43737
19.59 -3.8703
19.6 -4.07646
19.61 -4.01562
19.62 -3.84203
19.63 -3.33581
19.64 -2.88929
19.65 -2.56622
19.66 -1.85146
19.67 -0.911746
19.68 -0.319623
19.69 0.061757
19.7 0.436713
19.71 0.434432
19.72 0.30512
19.73 -0.10447
19.74 -0.598579
19.75 -0.747037
19.76 -0.633376
19.77 -0.886417
19.78 -1.50987
19.79 -1.88849
19.8 -1.91636
19.81 -2.29972
19.82 -2.90381
19.83 -3.25885
19.84 -3.79717
19.85 -4.33232
19.86 -4.97846
19.87 -5.35767
19.88 -5.89448
19.89 -6.2621
19.9 -6.37548
19.91 -6.76416
19.92 -6.90028
19.93 -6.48646
19.94 -6.21836
19.95 -6.22492
19.96 -5.9255
19.97 -5.35737
19.98 -5.13204
19.99 -5.04605
20 -4.75326
20.01 -4.23424
20.02 -4.07608
20.03 -4.46667
20.04 -5.00272
20.05 -5.2189
20.06 -5.00586
20.07 -4.4682
20.08 -4.01199
20.09 -3.99188
20.1 -4.11075
20.11 -4.04927
20.12 -4.25393
20.13 -4.81603
20.14 -5.83863
20.15 -6.81054
20.16 -7.42105
20.17 -7.78685
20.18 -8.41513
20.19 -9.08796
20.2 -9.35672
20.21 -9.30687
20.22 -9.29499
20.23 -9.0344
20.24 -8.39294
20.25 -7.35894
20.26 -6.15161
20.27 -4.9704
20.28 -3.91233
20.29 -2.90524
20.3 -1.93595
20.31 -1.11512
20.32 -0.801165
20.33 -0.632498
20.34 -0.455524
20.35 -0.0931538
20.36 0.213362
20.37 0.377598
20.38 0.103839
20.39 -0.39838
20.4 -0.796333
20.41 -0.768725
20.42 -0.720794
20.43 -0.451231
20.44 0.0310512
20.45 0.330112
20.46 0.418679
20.47 0.790712
20.48 1.37446
20.49 1.81479
20.5 2.36635
20.51 2.99017
20.52 3.37681
20.53 3.22517
20.54 2.56308
20.55 2.2325
20.56 2.23054
20.57 2.33141
20.58 2.27089
20.59 2.17841
20.6 1.76198
20.61 1.25738
20.62 1.30601
20.63 1.99104
20.64 2.31813
20.65 2.2887
20.66 2.74257
20.67 3.71966
20.68 4.45374
20.69 4.71714
20.7 5.10227
20.71 5.77234
20.72 6.34599
20.73 6.6238
20.74 6.9607
20.75 7.44377
20.76 7.71506
20.77 7.62527
20.78 7.59681
20.79 7.47707
20.8 7.09272
20.81 6.45583
20.82 5.85975
20.83 5.34861
20.84 4.82014
20.85 4.09407
20.86 3.51027
20.87 2.9769
20.88 2.58709
20.89 2.48255
20.9 2.51847
20.91 2.55641
20.92 2.48145
20.93 2.59715
20.94 3.0657
20.95 3.52404
20.96 3.60516
20.97 3.50335
20.98 3.47483
20.99 3.29529
21 2.79224
21.01 2.34183
21.02 2.28361
21.03 2.19043
21.04 1.55296
21.05 1.01625
21.06 0.581854
21.07 0.199043
21.08 0.161997
21.09 0.185195
21.1 0.225258
21.11 0.446798
21.12 1.07225
21.13 1.65574
21.14 2.17316
21.15 2.53939
21.16 2.97819
21.17 3.79997
21.18 4.47583
21.19 4.99115
21.2 5.46172
21.21 5.99535
21.22 6.55548
21.23 6.68541
21.24 6.35509
21.25 5.68729
21.26 5.39853
21.27 4.88671
21.28 4.19105
21.29 3.36431
21.3 2.68416
21.31 1.82561
21.32 0.809156
21.33 -0.094759
21.34 -0.874619
21.35 -1.44564
21.36 -1.75104
21.37 -1.74863
21.38 -1.72552
21.39 -1.75308
21.4 -1.75584
21.41 -1.5838
21.42 -1.00914
21.43 -0.682013
21.44 -0.740571
21.45 -0.366124
21.46 0.149218
21.47 0.284991
21.48 0.166755
21.49 0.0829833
21.5 0.162106
21.51 0.203588
21.52 0.379505
21.53 0.405199
21.54 0.250179
21.55 0.17698
21.56 0.236002
21.57 0.361746
21.58 0.45298
21.59 0.581991
21.6 0.502974
21.61 0.416112
21.62 0.98856
21.63 1.44941
21.64 1.54896
21.65 1.55185
21.66 2.0289
21.67 2.5966
21.68 2.87452
21.69 3.24416
21.7 3.49819
21.71 3.24182
21.72 2.65366
21.73 2.23835
21.74 1.76924
21.75 1.26504
21.76 0.529959
21.77 -0.156563
21.78 -0.848467
21.79 -1.51482
21.8 -2.28339
21.81 -3.21114
21.82 -4.06902
21.83 -4.71273
21.84 -5.26116
21.85 -5.82606
21.86 -6.36549
21.87 -6.88815
21.88 -7.21606
21.89 -7.56364
21.9 -8.0735
21.91 -8.28096
21.92 -8.42121
21.93 -8.89298
21.94 -9.30379
21.95 -9.38807
21.96 -9.25378
21.97 -9.28629
21.98 -9.27327
21.99 -8.8761
22 -8.28103
22.01 -7.60606
22.02 -6.72267
22.03 -6.0198
22.04 -5.64002
22.05 -5.10618
22.06 -4.33005
22.07 -3.53695
22.08 -2.9108
22.09 -2.36516
22.1 -1.64364
22.11 -1.13021
22.12 -0.754136
22.13 -0.360336
22.14 -0.000692441
22.15 0.0513763
22.16 0.368817
22.17 0.890514
22.18 1.10094
22.19 1.33009
22.2 1.80905
22.21 2.05739
22.22 2.0274
22.23 1.9954
22.24 1.86404
22.25 1.45798
22.26 1.08088
22.27 1.04328
22.28 0.78684
22.29 0.113414
22.3 -0.587414
22.31 -0.964204
22.32 -1.17091
22.33 -1.58725
22.34 -1.87739
22.35 -1.84902
22.36 -1.7675
22.37 -1.85769
22.38 -2.21795
22.39 -2.71568
22.4 -2.97191
22.41 -2.9125
22.42 -2.88281
22.43 -2.91751
22.44 -2.96512
22.45 -2.913
22.46 -2.73418
22.47 -2.33919
22.48 -2.04525
22.49 -1.67401
22.5 -1.08994
22.51 -0.378112
22.52 0.327931
22.53 0.964697
22.54 1.29776
22.55 1.27845
22.56 1.52106
22.57 2.0005
22.58 2.3333
22.59 2.32401
22.6 2.33631
22.61 2.64766
22.62 2.79182
22.63 2.55882
22.64 2.16077
22.65 1.74155
22.66 1.36439
22.67 1.54116
22.68 1.94228
22.69 2.09003
22.7 1.98559
22.71 1.92141
22.72 2.02145
22.73 1.88111
22.74 1.32396
22.75 0.597617
22.76 -0.119103
22.77 -0.904418
22.78 -1.86034
22.79 -2.74988
22.8 -3.41564
22.81 -3.92134
22.82 -4.09106
22.83 -4.08384
22.84 -4.01236
22.85 -4.02042
22.86 -4.01827
22.87 -4.0266
22.88 -4.03205
22.89 -4.21423
22.9 -4.54792
22.91 -4.64723
22.92 -4.51542
22.93 -4.2111
22.94 -3.8564
22.95 -3.2586
22.96 -2.62934
22.97 -2.04014
22.98 -1.48625
22.99 -0.960349
23 -0.825205
23.01 -0.72791
23.02 -0.363719
23.03 -0.134436
23.04 -0.551128
23.05 -1.29839
23.06 -1.8642
23.07 -1.99942
23.08 -1.90614
23.09 -1.94778
23.1 -1.9667
23.11 -1.99634
23.12 -1.96544
23.13 -1.95385
23.14 -1.92883
23.15 -1.92876
23.16 -1.90816
23.17 -1.90669
23.18 -1.88624
23.19 -1.81069
23.2 -1.53171
23.21 -1.13623
23.22 -0.888456
23.23 -0.84643
23.24 -0.708589
23.25 -0.25488
23.26 0.141945
23.27 0.232254
23.28 0.415502
23.29 0.787967
23.3 1.09647
23.31 1.1411
23.32 1.1808
23.33 1.5149
23.34 2.0211
23.35 2.32679
23.36 2.66625
23.37 3.09799
23.38 3.36478
23.39 3.31411
23.4 3.05564
23.41 2.75858
23.42 2.55979
23.43 2.57767
23.44 2.8004
23.45 3.00068
23.46 3.25229
23.47 3.27169
23.48 3.26427
23.49 3.22073
23.5 3.21019
23.51 3.21969
23.52 3.19448
23.53 2.97404
23.54 2.16584
23.55 1.022
23.56 0.0120754
23.57 -0.752014
23.58 -1.43666
23.59 -2.15403
23.6 -2.88879
23.61 -3.39524
23.62 -3.92305
23.63 -4.3106
23.64 -4.73284
23.65 -5.17783
23.66 -5.39053
23.67 -5.13257
23.68 -4.79334
23.69 -4.50728
23.7 -4.20099
23.71 -3.70722
23.72 -2.95648
23.73 -2.09094
23.74 -1.34129
23.75 -0.694718
23.76 -0.099401
23.77 0.0577754
23.78 0.0602248
23.79 0.228031
23.8 0.410187
23.81 0.521134
23.82 0.569128
23.83 0.618162
23.84 0.799824
23.85 1.12814
23.86 1.31539
23.87 1.46159
23.88 1.60733
23.89 1.66601
23.9 1.6193
23.91 1.84951
23.92 2.09586
23.93 2.38574
23.94 2.65214
23.95 2.93026
23.96 3.10226
23.97 3.30347
23.98 3.73992
23.99 4.07007
24 4.02037
24.01 3.60491
24.02 3.04504
24.03 2.58267
24.04 1.912
24.05 1.08881
24.06 0.622446
24.07 0.396872
24.08 0.112262
24.09 -0.249801
24.1 -0.421266
24.11 -0.368168
24.12 -0.31589
24.13 -0.241842
24.14 -0.0169728
24.15 0.0441998
24.16 0.413554
24.17 1.3535
24.18 2.36259
24.19 3.07777
24.2 3.65413
24.21 4.20183
24.22 4.66387
24.23 4.88573
24.24 5.15135
24.25 5.42348
24.26 5.70199
24.27 5.9031
24.28 6.08427
24.29 6.34857
24.3 6.45281
24.31 6.3944
24.32 6.25966
24.33 6.08615
24.34 5.94116
24.35 5.97448
24.36 6.18049
24.37 6.16323
24.38 5.93679
24.39 5.86868
24.4 5.74115
24.41 5.27665
24.42 4.86354
24.43 4.56725
24.44 4.10441
24.45 3.58293
24.46 3.11236
24.47 2.76331
24.48 2.44536
24.49 1.93888
24.5 1.53951
24.51 1.52928
24.52 1.68027
24.53 1.79119
24.54 1.50702
24.55 1.05319
24.56 0.662833
24.57 0.378833
24.58 0.281442
24.59 0.236236
24.6 -0.0136711
24.61 -0.26378
24.62 -0.414335
24.63 -0.513222
24.64 -0.671505
24.65 -0.755085
24.66 -0.589356
24.67 -0.242822
24.68 -0.030285
24.69 0.0278094
24.7 -0.00187027
24.71 0.0267823
24.72 0.168709
24.73 0.295929
24.74 0.216756
24.75 0.184846
24.76 0.181939
24.77 0.187328
24.78 0.17283
24.79 0.191503
24.8 0.169022
24.81 0.171512
24.82 0.16878
24.83 0.171725
24.84 0.170234
24.85 0.284377
24.86 0.530775
24.87 0.706827
24.88 0.706272
24.89 0.680875
24.9 0.70237
24.91 0.734894
24.92 0.629253
24.93 0.322203
24.94 0.131743
24.95 -0.116385
24.96 -0.555114
24.97 -1.0636
24.98 -1.60399
24.99 -1.9494
25 -2.32493
25.01 -2.56765
25.02 -2.6624
25.03 -2.8623
25.04 -3.17538
25.05 -3.43082
25.06 -3.39492
25.07 -3.43477
25.08 -3.51392
25.09 -3.53192
25.1 -3.53179
25.11 -3.6803
25.12 -3.96677
25.13 -4.28319
25.14 -4.76108
25.15 -5.07749
25.16 -5.0541
25.17 -5.04232
25.18 -5.11917
25.19 -5.23236
25.2 -5.36466
25.21 -5.62888
25.22 -5.72661
25.23 -5.69308
25.24 -5.55519
25.25 -5.30807
25.26 -5.1319
25.27 -5.12557
25.28 -5.13204
25.29 -5.14404
25.3 -5.07639
25.31 -4.99624
25.32 -4.92132
25.33 -4.74682
25.34 -4.57433
25.35 -4.34643
25.36 -4.08127
25.37 -3.79987
25.38 -3.50691
25.39 -3.26309
25.4 -2.81033
25.41 -2.37479
25.42 -2.01153
25.43 -1.63654
25.44 -1.0604
25.45 -0.303569
25.46 0.236061
25.47 0.48677
25.48 0.867054
25.49 1.50383
25.5 2.23653
25.51 2.81002
25.52 3.24669
25.53 3.66026
25.54 4.13569
25.55 4.36165
25.56 3.94065
25.57 3.41962
25.58 3.34111
25.59 3.44542
25.6 3.3689
25.61 2.98709
25.62 2.61267
25.63 2.34566
25.64 2.05285
25.65 1.51826
25.66 1.1828
25.67 0.839677
25.68 0.569448
25.69 0.713769
25.7 0.576379
25.71 -0.207887
25.72 -0.914452
25.73 -1.00967
25.74 -1.05167
25.75 -1.48537
25.76 -1.98951
25.77 -2.1845
25.78 -2.4597
25.79 -2.98562
25.8 -3.38106
25.81 -3.65488
25.82 -4.11853
25.83 -4.35365
25.84 -4.53793
25.85 -4.73279
25.86 -4.74454
25.87 -4.45097
25.88 -4.23274
25.89 -4.02471
25.9 -3.55609
25.91 -3.19992
25.92 -2.94159
25.93 -2.53387
25.94 -2.10163
25.95 -1.70836
25.96 -1.38774
25.97 -1.185
25.98 -1.39788
25.99 -1.89869
26 -2.12082
26.01 -2.06691
26.02 -2.18837
26.03 -2.68772
26.04 -3.21734
26.05 -3.3569
26.06 -3.51287
26.07 -3.56351
26.08 -3.64376
26.09 -3.72045
26.1 -3.71103
26.11 -3.53946
26.12 -3.12618
26.13 -2.8657
26.14 -2.91014
26.15 -2.96964
26.16 -2.92067
26.17 -2.90057
26.18 -2.91343
26.19 -2.91856
26.2 -3.03539
26.21 -3.47759
26.22 -3.98125
26.23 -4.02044
26.24 -3.93093
26.25 -3.91616
26.26 -3.97408
26.27 -3.97334
26.28 -3.9451
26.29 -3.95331
26.3 -3.88333
26.31 -3.65696
26.32 -3.2466
26.33 -2.93808
26.34 -2.60243
26.35 -2.26907
26.36 -1.92342
26.37 -1.71916
26.38 -1.40028
26.39 -1.09957
26.4 -0.797231
26.41 -0.515486
26.42 -0.186805
26.43 0.113453
26.44 0.216089
26.45 0.0837541
26.46 -0.226564
26.47 -0.373675
26.48 -0.551627
26.49 -0.801558
26.5 -0.893691
26.51 -0.6833
26.52 -0.17738
26.53 0.259775
26.54 0.258545
26.55 0.333507
26.56 0.695467
26.57 1.21062
26.58 1.51515
26.59 1.80533
26.6 2.22072
26.61 2.5629
26.62 2.84689
26.63 3.19037
26.64 3.45884
26.65 3.63098
26.66 3.97715
26.67 4.46007
26.68 4.62935
26.69 4.57484
26.7 4.53025
26.71 4.54892
26.72 4.58509
26.73 4.57435
26.74 4.42797
26.75 4.0854
26.76 3.70738
26.77 3.49221
26.78 3.3342
26.79 2.99255
26.8 2.50993
26.81 2.32398
26.82 2.46107
26.83 2.42218
26.84 2.38859
26.85 2.35593
26.86 2.3606
26.87 2.34454
26.88 2.34329
26.89 2.30612
26.9 2.29459
26.91 2.35867
26.92 2.50606
26.93 2.65224
26.94 2.6824
26.95 2.72108
26.96 2.7081
26.97 2.66539
26.98 2.76487
26.99 2.82361
27 2.70346
27.01 2.74434
27.02 2.99831
27.03 3.17686
27.04 2.9917
27.05 2.63822
27.06 2.37831
27.07 2.19689
27.08 2.17467
27.09 2.19545
27.1 2.22676
27.11 2.20362
27.12 2.24669
27.13 2.24272
27.14 2.25663
27.15 2.30822
27.16 2.61576
27.17 3.06951
27.18 3.39293
27.19 3.37721
27.2 3.33191
27.21 3.35751
27.22 3.41467
27.23 3.43351
27.24 3.26871
27.25 2.92081
27.26 2.57483
27.27 2.36598
27.28 2.4057
27.29 2.40593
27.3 2.3984
27.31 2.36846
27.32 2.56022
27.33 2.8484
27.34 3.01517
27.35 3.23412
27.36 3.3707
27.37 3.40112
27.38 3.32327
27.39 3.12911
27.4 2.66644
27.41 2.275
27.42 1.99321
27.43 1.56391
27.44 1.20271
27.45 0.919201
27.46 0.506901
27.47 0.203351
27.48 -0.00104627
27.49 -0.329954
27.5 -0.77264
27.51 -0.942995
27.52 -0.869103
27.53 -0.910425
27.54 -1.40646
27.55 -1.87057
27.56 -1.85198
27.57 -1.556
27.58 -1.26767
27.59 -1.0368
27.6 -0.814192
27.61 -0.760367
27.62 -0.635808
27.63 -0.330141
27.64 -0.171193
27.65 -0.408726
27.66 -0.320003
27.67 0.131759
27.68 0.308281
27.69 0.235927
27.7 0.10723
27.71 -0.058448
27.72 -0.291501
27.73 -0.414471
27.74 -0.387038
27.75 -0.486452
27.76 -0.786574
27.77 -1.02448
27.78 -1.05451
27.79 -1.23725
27.8 -1.56341
27.81 -1.87271
27.82 -2.08568
27.83 -2.14664
27.84 -2.07899
27.85 -1.84171
27.86 -1.61428
27.87 -1.43085
27.88 -1.2891
27.89 -1.20997
27.9 -1.12911
27.91 -1.08206
27.92 -1.11279
27.93 -1.13962
27.94 -1.13593
27.95 -1.15413
27.96 -1.2287
27.97 -1.55461
27.98 -2.03968
27.99 -2.32102
28 -2.27489
28.01 -2.19486
28.02 -1.75906
28.03 -1.30157
28.04 -1.05727
28.05 -0.853651
28.06 -0.41352
28.07 -0.156262
28.08 -0.191652
28.09 -0.106209
28.1 0.177643
28.11 0.294487
28.12 0.244952
28.13 0.134698
28.14 -0.038849
28.15 -0.33758
28.16 -0.345101
28.17 0.0239159
28.18 0.502545
28.19 0.656515
28.2 0.576709
28.21 0.504024
28.22 0.565615
28.23 0.553147
28.24 0.387017
28.25 -0.153341
28.26 -0.689923
28.27 -1.16897
28.28 -1.53019
28.29 -1.74846
28.3 -1.96348
28.31 -2.34854
28.32 -2.69083
28.33 -2.8573
28.34 -2.83595
28.35 -2.81501
28.36 -2.83981
28.37 -2.84295
28.38 -2.88708
28.39 -3.13584
28.4 -3.26294
28.41 -3.11755
28.42 -2.87962
28.43 -2.82371
28.44 -2.84625
28.45 -2.70194
28.46 -2.39526
28.47 -2.24233
28.48 -2.28383
28.49 -2.3038
28.5 -2.17009
28.51 -2.07007
28.52 -1.91447
28.53 -1.74707
28.54 -1.74513
28.55 -1.72887
28.56 -1.54238
28.57 -1.0828
28.58 -0.704252
28.59 -0.392367
28.6 0.115322
28.61 0.651138
28.62 1.17965
28.63 1.47059
28.64 1.59372
28.65 1.60401
28.66 2.02367
28.67 2.70888
28.68 2.99483
28.69 2.97323
28.7 3.18727
28.71 3.38117
28.72 3.40299
28.73 3.33689
28.74 3.34586
28.75 3.23983
28.76 2.89904
28.77 2.41509
28.78 2.2778
28.79 2.28892
28.8 2.07211
28.81 1.55395
28.82 1.19208
28.83 0.948379
28.84 0.563239
28.85 0.229032
28.86 0.176806
28.87 -0.183188
28.88 -0.703855
28.89 -0.932522
28.9 -0.846943
28.91 -0.815043
28.92 -0.99596
28.93 -1.30147
28.94 -1.23558
28.95 -0.994168
28.96 -0.841141
28.97 -0.83738
28.98 -0.89779
28.99 -0.846446
29 -0.840873
29.01 -0.813958
29.02 -0.65754
29.03 -0.520585
29.04 -0.697539
29.05 -0.867452
29.06 -0.847805
29.07 -0.747127
29.08 -0.473801
29.09 -0.269129
29.1 -0.245473
29.11 -0.3098
29.12 -0.31693
29.13 -0.334219
29.14 -0.537916
29.15 -0.84118
29.16 -0.923877
29.17 -0.887236
29.18 -0.891433
29.19 -0.903255
29.2 -1.05126
29.21 -1.4081
29.22 -1.86988
29.23 -2.09277
29.24 -2.47719
29.25 -2.95724
29.26 -3.16236
29.27 -3.37095
29.28 -3.85216
29.29 -4.1352
29.3 -4.19723
29.31 -4.52969
29.32 -4.95323
29.33 -4.98778
29.34 -4.55969
29.35 -4.16966
29.36 -3.89523
29.37 -3.621
29.38 -3.14937
29.39 -2.71195
29.4 -2.272
29.41 -1.91472
29.42 -1.61472
29.43 -1.12218
29.44 -0.713943
29.45 -0.443115
29.46 -0.10667
29.47 0.221058
29.48 0.303762
29.49 0.256034
29.5 0.439476
29.51 0.817723
29.52 1.21359
29.53 1.38743
29.54 1.34641
29.55 1.33406
29.56 1.42343
29.57 1.50231
29.58 1.40914
29.59 1.32272
29.6 1.30382
29.61 1.32273
29.62 1.29397
29.63 1.04487
29.64 0.543245
29.65 0.231041
29.66 0.195681
29.67 0.272575
29.68 0.265444
29.69 0.240559
29.7 0.268783
29.71 0.254623
29.72 0.258361
29.73 0.0836217
29.74 -0.40881
29.75 -0.794753
29.76 -0.944582
29.77 -1.15554
29.78 -1.34118
29.79 -1.62422
29.8 -1.75872
29.81 -1.78849
29.82 -1.69503
29.83 -1.43254
29.84 -0.905559
29.85 -0.5561
29.86 -0.473899
29.87 -0.174778
29.88 0.358601
29.89 0.785011
29.9 1.08955
29.91 1.41299
29.92 1.57901
29.93 1.69037
29.94 2.02776
29.95 2.47709
29.96 2.65986
29.97 2.91502
29.98 3.41987
29.99 3.69929
30 3.62022
30.01 3.6216
30.02 4.02455
30.03 4.31944
30.04 3.92388
30.05 3.57589
30.06 3.57943
30.07 3.72307
30.08 3.7615
30.09 3.63432
30.1 3.26526
30.11 2.8135
30.12 2.44749
30.13 2.004
30.14 1.54923
30.15 1.05851
30.16 0.727675
30.17 0.623203
30.18 0.268745
30.19 -0.219698
30.2 -0.348067
30.21 -0.242206
30.22 -0.179117
30.23 -0.18247
30.24 -0.184477
30.25 -0.144267
30.26 -0.101917
30.27 -0.063871
30.28 -0.066132
30.29 -0.0151469
30.3 0.0130908
30.31 0.0448273
30.32 0.0558728
30.33 0.0795774
30.34 0.0951388
30.35 0.127243
30.36 0.0756421
30.37 -0.151417
30.38 -0.531951
30.39 -0.861
30.4 -0.927321
30.41 -0.876523
30.42 -0.851752
30.43 -0.887661
30.44 -0.895299
30.45 -0.89125
30.46 -0.891634
30.47 -0.889264
30.48 -0.887328
30.49 -0.910532
30.5 -0.883509
30.51 -0.731061
30.52 -0.266156
30.53 0.113022
30.54 0.194769
30.55 0.0936935
30.56 0.068603
30.57 0.216533
30.58 0.669853
30.59 1.10561
30.6 1.24827
30.61 1.30297
30.62 1.62878
30.63 2.04831
30.64 2.09906
30.65 1.72739
30.66 1.67769
30.67 2.05558
30.68 2.17731
30.69 1.78241
30.7 1.32849
30.71 1.1083
30.72 1.12362
30.73 1.15773
30.74 1.17996
30.75 1.17491
30.76 1.2087
30.77 1.27
30.78 1.26838
30.79 1.31607
30.8 1.33426
30.81 1.37001
30.82 1.37805
30.83 1.41583
30.84 1.42172
30.85 1.43836
30.86 1.42191
30.87 1.43112
30.88 1.3386
30.89 1.06499
30.9 0.784769
30.91 0.679599
30.92 0.592013
30.93 0.41129
30.94 0.251862
30.95 0.273869
30.96 0.285434
30.97 0.251016
30.98 0.199423
30.99 0.0440347
31 -0.325731
31.01 -0.539635
31.02 -0.29583
31.03 -0.366448
31.04 -0.781475
31.05 -0.972092
31.06 -0.862355
31.07 -0.783388
31.08 -0.820501
31.09 -0.866346
31.1 -1.14217
31.11 -1.64911
31.12 -1.9047
31.13 -1.83737
31.14 -1.78997
31.15 -1.93992
31.16 -1.96898
31.17 -1.83927
31.18 -1.77382
31.19 -1.82325
31.2 -1.8218
31.21 -1.81657
31.22 -1.8098
31.23 -1.83109
31.24 -1.83826
31.25 -1.82382
31.26 -1.80857
31.27 -1.84015
31.28 -1.98254
31.29 -2.0069
31.3 -1.90611
31.31 -1.78097
31.32 -1.66288
31.33 -1.26943
31.34 -0.784306
31.35 -0.555613
31.36 -0.229544
31.37 0.254798
31.38 0.770608
31.39 1.25163
31.4 1.76134
31.41 2.22037
31.42 2.63319
31.43 3.09065
31.44 3.43923
31.45 3.44124
31.46 3.36995
31.47 3.35891
31.48 3.41218
31.49 3.38746
31.5 3.37956
31.51 3.37011
31.52 3.36957
31.53 3.3229
31.54 3.0966
31.55 2.81945
31.56 2.6932
31.57 2.83072
31.58 3.01395
31.59 3.14008
31.6 3.17894
31.61 3.18473
31.62 3.07854
31.63 2.95426
31.64 2.61228
31.65 2.33695
31.66 2.31172
31.67 2.39703
31.68 2.37544
31.69 2.02929
31.7 1.49983
31.71 1.27841
31.72 1.37627
31.73 1.45632
31.74 1.62677
31.75 1.85357
31.76 2.04188
31.77 2.26024
31.78 2.43667
31.79 2.43107
31.8 2.35117
31.81 2.09867
31.82 1.57387
31.83 1.28909
31.84 1.33288
31.85 1.41226
31.86 1.35582
31.87 1.36032
31.88 1.3589
31.89 1.3856
31.9 1.39521
31.91 1.37849
31.92 1.3642
31.93 1.35924
31.94 1.35311
31.95 1.33381
31.96 1.34312
31.97 1.60242
31.98 2.01409
31.99 2.07349
32 1.73648
32.01 1.55339
32.02 1.91915
32.03 2.08381
32.04 1.5293
32.05 1.12338
32.06 1.22815
32.07 1.34082
32.08 1.32566
32.09 1.21364
32.1 0.862376
32.11 0.368943
32.12 0.170093
32.13 0.270576
32.14 0.253934
32.15 0.0297868
32.16 0.0409933
32.17 0.284761
32.18 0.358431
32.19 0.3236
32.2 0.275317
32.21 0.195763
32.22 -0.0831349
32.23 -0.466758
32.24 -0.737691
32.25 -0.753139
32.26 -0.692648
32.27 -0.702593
32.28 -0.717968
32.29 -0.723116
32.3 -0.700361
32.31 -0.704283
32.32 -0.704797
32.33 -0.677069
32.34 -0.560447
32.35 -0.493186
32.36 -0.330279
32.37 -0.115387
32.38 -0.117147
32.39 -0.412959
32.4 -0.6813
32.41 -0.727664
32.42 -0.682692
32.43 -0.700439
32.44 -0.726725
32.45 -0.73902
32.46 -0.826114
32.47 -1.02872
32.48 -1.28941
32.49 -1.35903
32.5 -1.18658
32.51 -0.855974
32.52 -0.77145
32.53 -0.831707
32.54 -0.867977
32.55 -0.81962
32.56 -0.787483
32.57 -0.823123
32.58 -0.812508
32.59 -0.818383
32.6 -0.814687
32.61 -0.800272
32.62 -0.824505
32.63 -0.79327
32.64 -0.806239
32.65 -0.814553
32.66 -0.776318
32.67 -0.620762
32.68 -0.289787
32.69 0.00323017
32.7 0.196767
32.71 0.267945
32.72 0.239576
32.73 0.219577
32.74 0.245765
32.75 0.22747
32.76 0.244005
32.77 0.226698
32.78 0.0645597
32.79 -0.474575
32.8 -0.831167
32.81 -0.875488
32.82 -0.790686
32.83 -0.799539
32.84 -0.815206
32.85 -0.937274
32.86 -1.36138
32.87 -1.83272
32.88 -1.95798
32.89 -1.85108
32.9 -1.86535
32.91 -1.91303
32.92 -1.90411
32.93 -1.72868
32.94 -1.32978
32.95 -0.902163
32.96 -0.800816
32.97 -0.845469
32.98 -0.863165
32.99 -0.852514
33 -0.802441
33.01 -0.607185
33.02 -0.0528971
33.03 0.224179
33.04 -0.230531
33.05 -0.749868
33.06 -0.63824
33.07 -0.222769
33.08 -0.023724
33.09 0.067373
33.1 0.177528
33.11 0.233753
33.12 0.194251
33.13 0.189463
33.14 0.182867
33.15 0.208625
33.16 0.410643
33.17 0.987541
33.18 1.25845
33.19 1.12293
33.2 1.00726
33.21 1.06608
33.22 1.14029
33.23 1.22549
33.24 1.26375
33.25 1.26564
33.26 1.25689
33.27 1.20075
33.28 0.776145
33.29 0.229398
33.3 0.0898555
33.31 0.203557
33.32 0.230653
33.33 0.173706
33.34 0.157204
33.35 0.179772
33.36 0.19547
33.37 0.142798
33.38 -0.127881
33.39 -0.251352
33.4 -0.419807
33.41 -0.568383
33.42 -0.264833
33.43 -0.0845125
33.44 -0.235469
33.45 -0.208824
33.46 0.117445
33.47 0.283649
33.48 0.202762
33.49 0.14616
33.5 0.371727
33.51 0.906423
33.52 1.29156
33.53 1.30214
33.54 1.213
33.55 1.22745
33.56 1.26902
33.57 1.27522
33.58 1.23758
33.59 0.973752
33.6 0.406302
33.61 0.110832
33.62 0.153996
33.63 0.156109
33.64 -0.355836
33.65 -0.888381
33.66 -0.926918
33.67 -0.807874
33.68 -0.80141
33.69 -1.1788
33.7 -1.74187
33.71 -1.97089
33.72 -1.90053
33.73 -2.08214
33.74 -2.67833
33.75 -3.06134
33.76 -3.05533
33.77 -2.95902
33.78 -2.97474
33.79 -3.01877
33.8 -2.89549
33.81 -2.39684
33.82 -1.9313
33.83 -1.88583
33.84 -1.99684
33.85 -2.00372
33.86 -1.94144
33.87 -1.94781
33.88 -1.96108
33.89 -1.96432
33.9 -1.95997
33.91 -1.95004
33.92 -1.94813
33.93 -1.77779
33.94 -1.52381
33.95 -1.34216
33.96 -1.13284
33.97 -0.938574
33.98 -0.918077
33.99 -0.991739
34 -0.951617
34.01 -0.56352
34.02 0.0184674
34.03 0.197177
34.04 0.111722
34.05 0.0454593
34.06 0.120917
34.07 0.127692
34.08 0.0990657
34.09 0.109654
34.1 0.406757
34.11 0.969142
34.12 1.22167
34.13 1.18328
34.14 0.892684
34.15 0.596169
34.16 0.831975
34.17 1.17109
34.18 1.21252
34.19 1.10403
34.2 1.10891
34.21 1.13653
34.22 1.1217
34.23 1.09912
34.24 1.0861
34.25 1.09635
34.26 1.08604
34.27 1.08629
34.28 1.09072
34.29 1.09482
34.3 1.08799
34.31 1.09143
34.32 1.09678
34.33 1.07572
34.34 1.06392
34.35 1.04163
34.36 1.04171
34.37 1.03235
34.38 1.02527
34.39 1.00401
34.4 1.00114
34.41 1.01621
34.42 1.00324
34.43 1.01963
34.44 1.02127
34.45 1.01907
34.46 1.01442
34.47 0.940075
34.48 0.770314
34.49 0.611089
34.5 0.46448
34.51 0.464682
34.52 0.81874
34.53 1.04463
34.54 0.985091
34.55 0.929372
34.56 0.929713
34.57 0.957262
34.58 0.916417
34.59 0.904512
34.6 0.886219
34.61 0.881485
34.62 0.862476
34.63 0.820865
34.64 0.525987
34.65 -0.0545171
34.66 -0.314115
34.67 -0.281069
34.68 -0.235371
34.69 -0.306592
34.7 -0.693355
34.71 -1.24351
34.72 -1.52972
34.73 -1.7956
34.74 -2.28154
34.75 -2.56252
34.76 -2.53088
34.77 -2.52702
34.78 -2.74866
34.79 -3.16685
34.8 -3.38779
34.81 -3.15656
34.82 -2.78069
34.83 -2.56548
34.84 -2.57769
34.85 -2.57656
34.86 -2.54179
34.87 -2.53071
34.88 -2.56783
34.89 -2.57135
34.9 -2.55804
34.91 -2.55709
34.92 -2.43986
34.93 -1.93763
34.94 -1.49812
34.95 -1.4453
34.96 -1.55566
34.97 -1.56034
34.98 -1.50882
34.99 -1.50314
35 -1.53807
35.01 -1.38751
35.02 -0.852959
35.03 -0.468196
35.04 -0.761615
35.05 -1.05174
35.06 -0.702231
35.07 -0.366091
35.08 -0.398277
35.09 -0.493664
35.1 -0.459698
35.11 -0.401137
35.12 -0.411591
35.13 -0.438675
35.14 -0.716281
35.15 -1.20345
35.16 -1.07808
35.17 -0.475241
35.18 -0.215593
35.19 -0.341877
35.2 -0.39739
35.21 -0.317839
35.22 -0.267587
35.23 -0.275193
35.24 -0.127763
35.25 0.287721
35.26 0.695129
35.27 0.775858
35.28 0.688886
35.29 0.640044
35.3 0.678363
35.31 0.66027
35.32 0.61461
35.33 0.845977
35.34 1.39516
35.35 1.67494
35.36 1.55982
35.37 1.44643
35.38 1.46956
35.39 1.45993
35.4 1.41461
35.41 1.37919
35.42 1.65833
35.43 2.20016
35.44 2.40814
35.45 2.30467
35.46 2.20138
35.47 2.24222
35.48 2.24785
35.49 2.21522
35.5 2.19673
35.51 2.19734
35.52 2.3494
35.53 2.46231
35.54 2.27546
35.55 2.01759
35.56 1.56132
35.57 1.13877
35.58 1.05306
35.59 1.11221
35.6 1.12572
35.61 1.09226
35.62 1.07474
35.63 1.09674
35.64 1.09307
35.65 1.26163
35.66 1.73803
35.67 2.2003
35.68 2.30222
35.69 2.63698
35.7 3.16869
35.71 3.34428
35.72 3.29214
35.73 3.61126
35.74 4.17902
35.75 4.41115
35.76 4.31713
35.77 4.25267
35.78 4.30571
35.79 4.34329
35.8 4.31983
35.81 4.31324
35.82 4.30972
35.83 4.32831
35.84 4.32543
35.85 4.30386
35.86 4.31058
35.87 4.02294
35.88 3.49867
35.89 3.15247
35.9 3.1896
35.91 3.16775
35.92 2.70552
35.93 2.18135
35.94 2.0737
35.95 2.19252
35.96 2.35281
35.97 2.28903
35.98 2.26515
35.99 2.28002
36 2.2806
36.01 2.24332
36.02 2.24255
36.03 2.19764
36.04 1.85747
36.05 1.31544
36.06 1.08762
36.07 1.14598
36.08 1.19551
36.09 1.15551
36.1 1.11181
36.11 1.12095
36.12 1.12676
36.13 1.10685
36.14 0.989537
36.15 0.609057
36.16 0.569976
36.17 0.948154
36.18 1.12142
36.19 1.02002
36.2 0.920491
36.21 0.966147
36.22 0.941496
36.23 0.925121
36.24 0.829209
36.25 0.390119
36.26 -0.0980797
36.27 -0.294442
36.28 -0.203451
36.29 -0.190764
36.3 -0.248685
36.31 -0.34561
36.32 -0.764336
36.33 -1.24755
36.34 -1.37315
36.35 -1.29733
36.36 -1.2769
36.37 -1.33932
36.38 -1.36682
36.39 -1.37062
36.4 -1.44317
36.41 -1.63969
36.42 -2.04144
36.43 -2.38059
36.44 -2.46699
36.45 -2.41491
36.46 -2.37035
36.47 -2.39666
36.48 -2.39193
36.49 -2.37485
36.5 -2.37699
36.51 -2.33219
36.52 -1.9372
36.53 -1.66699
36.54 -1.99731
36.55 -1.98473
36.56 -1.49182
36.57 -1.24472
36.58 -1.37286
36.59 -1.42819
36.6 -1.21265
36.61 -0.789889
36.62 -0.435732
36.63 -0.393944
36.64 -0.845063
36.65 -1.32414
36.66 -1.27601
36.67 -0.893336
36.68 -0.944364
36.69 -1.37243
36.7 -1.57851
36.71 -1.502
36.72 -1.47938
36.73 -1.52456
36.74 -1.63441
36.75 -2.00066
36.76 -2.46273
36.77 -2.60995
36.78 -2.55851
36.79 -2.54841
36.8 -2.58011
36.81 -2.61266
36.82 -2.7459
36.83 -2.9333
36.84 -2.89291
36.85 -2.89462
36.86 -3.0499
36.87 -3.10709
36.88 -2.92429
36.89 -2.66393
36.9 -2.58146
36.91 -2.57954
36.92 -2.53525
36.93 -2.26321
36.94 -1.89082
36.95 -1.64958
36.96 -1.5695
36.97 -1.40436
36.98 -1.15091
36.99 -0.932006
37 -0.806735
37.01 -0.677114
37.02 -0.616121
37.03 -0.627677
37.04 -0.78105
37.05 -0.933299
37.06 -0.773561
37.07 -0.630043
37.08 -0.725381
37.09 -0.787281
37.1 -0.833235
37.11 -0.952833
37.12 -1.0285
37.13 -1.01075
37.14 -1.06928
37.15 -1.26215
37.16 -1.21294
37.17 -1.0083
37.18 -0.915583
37.19 -1.05557
37.2 -1.29802
37.21 -1.38789
37.22 -1.47743
37.23 -1.66814
37.24 -1.7758
37.25 -1.75321
37.26 -1.66163
37.27 -1.46883
37.28 -1.31379
37.29 -1.28487
37.3 -1.3169
37.31 -1.31976
37.32 -1.28969
37.33 -1.23454
37.34 -1.03882
37.35 -0.896741
37.36 -0.83034
37.37 -0.661344
37.38 -0.511835
37.39 -0.513294
37.4 -0.552947
37.41 -0.544204
37.42 -0.521371
37.43 -0.505838
37.44 -0.396413
37.45 -0.258302
37.46 -0.206991
37.47 -0.199031
37.48 -0.0888172
37.49 0.103769
37.5 0.237712
37.51 0.26673
37.52 0.271919
37.53 0.269952
37.54 0.276971
37.55 0.280439
37.56 0.274802
37.57 0.271164
37.58 0.201283
37.59 0.0778098
37.6 -0.0866783
37.61 -0.25498
37.62 -0.329307
37.63 -0.350764
37.64 -0.401884
37.65 -0.545218
37.66 -0.493334
37.67 -0.280055
37.68 -0.221894
37.69 -0.247296
37.7 -0.249602
37.71 -0.210223
37.72 -0.0517057
37.73 0.285773
37.74 0.490971
37.75 0.51327
37.76 0.705802
37.77 1.01189
37.78 1.12123
37.79 1.24596
37.8 1.494
37.81 1.61799
37.82 1.71646
37.83 1.95471
37.84 2.08609
37.85 2.0269
37.86 1.96085
37.87 1.93857
37.88 1.9136
37.89 1.86327
37.9 1.81636
37.91 1.78282
37.92 1.71425
37.93 1.50655
37.94 1.23152
37.95 1.08144
37.96 1.07879
37.97 1.07811
37.98 0.94657
37.99 0.748777
38 0.652227
38.01 0.758914
38.02 0.91651
38.03 0.917599
38.04 0.741511
38.05 0.540408
38.06 0.505075
38.07 0.468478
38.08 0.354057
38.09 0.288879
38.1 0.294528
38.11 0.288621
38.12 0.212905
38.13 0.00966798
38.14 -0.172982
38.15 -0.223517
38.16 -0.197629
38.17 -0.188387
38.18 -0.200979
38.19 -0.204299
38.2 -0.198691
38.21 -0.195592
38.22 -0.199249
38.23 -0.232252
38.24 -0.278203
38.25 -0.26597
38.26 -0.257409
38.27 -0.250683
38.28 -0.230632
38.29 -0.225172
38.3 -0.240873
38.31 -0.242364
38.32 -0.293809
38.33 -0.349027
38.34 -0.358987
38.35 -0.39831
38.36 -0.475251
38.37 -0.503006
38.38 -0.477104
38.39 -0.456733
38.4 -0.450115
38.41 -0.440814
38.42 -0.425035
38.43 -0.405787
38.44 -0.395185
38.45 -0.390732
38.46 -0.344986
38.47 -0.212836
38.48 -0.0980586
38.49 -0.0757265
38.5 -0.101166
38.51 -0.0534604
38.52 0.0897265
38.53 0.165787
38.54 0.148445
38.55 0.11363
38.56 0.112134
38.57 0.110006
38.58 0.0996031
38.59 0.0858025
38.6 0.0716503
38.61 0.0587683
38.62 0.0303442
38.63 0.0130145
38.64 -0.0428494
38.65 -0.122186
38.66 -0.082514
38.67 0.0169605
38.68 0.0311042
38.69 0.000203355
38.7 -0.0166748
38.71 -0.00870204
38.72 -0.0145561
38.73 -0.0272704
38.74 -0.0359449
38.75 -0.0411967
38.76 -0.0434216
38.77 -0.0204533
38.78 0.000180906
38.79 -0.00925689
38.8 -0.0269937
38.81 -0.0372434
38.82 -0.0636053
38.83 -0.0996276
38.84 -0.122937
38.85 -0.126284
38.86 -0.129362
38.87 -0.138288
38.88 -0.147022
38.89 -0.153221
38.9 -0.156092
38.91 -0.16026
38.92 -0.1651
38.93 -0.168693
38.94 -0.173804
38.95 -0.178582
38.96 -0.181501
38.97 -0.185348
38.98 -0.187726
38.99 -0.190768
39 -0.199799
39.01 -0.214917
39.02 -0.212704
39.03 -0.219199
39.04 -0.248552
39.05 -0.266742
39.06 -0.260705
39.07 -0.254409
39.08 -0.253971
39.09 -0.262966
39.1 -0.271249
39.11 -0.2783
39.12 -0.28188
39.13 -0.274652
39.14 -0.265936
39.15 -0.262571
39.16 -0.251463
39.17 -0.227826
39.18 -0.214387
39.19 -0.212867
39.2 -0.214555
39.21 -0.210058
39.22 -0.206958
39.23 -0.204183
39.24 -0.202341
39.25 -0.196604
39.26 -0.191032
39.27 -0.187708
39.28 -0.187494
39.29 -0.183694
39.3 -0.17897
39.31 -0.174278
39.32 -0.172045
39.33 -0.171285
39.34 -0.171411
39.35 -0.172787
39.36 -0.173396
39.37 -0.173145
39.38 -0.172193
39.39 -0.170515
39.4 -0.168658
39.41 -0.166256
39.42 -0.163737
39.43 -0.160784
39.44 -0.158977
39.45 -0.156183
39.46 -0.153752
39.47 -0.151328
39.48 -0.148891
39.49 -0.148122
39.5 -0.147961
39.51 -0.145882
39.52 -0.141769
39.53 -0.138801
39.54 -0.137754
39.55 -0.135883
39.56 -0.133202
39.57 -0.131148
39.58 -0.129684
39.59 -0.127833
39.6 -0.125716
39.61 -0.123572
39.62 -0.121783
39.63 -0.120158
39.64 -0.11845
39.65 -0.116763
39.66 -0.114785
39.67 -0.112856
39.68 -0.111212
39.69 -0.110082
39.7 -0.108698
39.71 -0.107478
39.72 -0.106252
39.73 -0.105049
39.74 -0.103916
39.75 -0.102994
39.76 -0.102179
39.77 -0.101381
39.78 -0.100615
39.79 -0.099931
39.8 -0.0992368
39.81 -0.0986721
39.82 -0.0980851
39.83 -0.0976056
39.84 -0.0971502
39.85 -0.0967562
39.86 -0.0964203
39.87 -0.0961351
39.88 -0.0959064
39.89 -0.0957395
39.9 -0.0956237
39.91 -0.0955702
39.92 -0.0955758
39.93 -0.0956413
39.94 -0.0957684
39.95 -0.15277
