1 
2.000000e-02 
7.180000e-04 
2.215000e-03 
2.364000e-03 
6.500000e-04 
-5.470000e-04 
-2.152000e-03 
-1.739000e-03 
-4.100000e-05 
1.920000e-04 
8.500000e-05 
-1.704000e-03 
-2.706000e-03 
-1.818000e-03 
-9.330000e-04 
1.860000e-04 
-2.110000e-03 
-4.524000e-03 
-2.711000e-03 
-3.690000e-04 
1.100000e-05 
4.880000e-04 
-2.240000e-04 
-1.927000e-03 
-2.554000e-03 
-1.931000e-03 
4.900000e-05 
1.917000e-03 
2.272000e-03 
7.440000e-04 
-8.000000e-06 
6.070000e-04 
-2.102000e-03 
-4.620000e-03 
-3.680000e-04 
4.330000e-04 
1.560000e-04 
-2.600000e-05 
1.101000e-03 
2.491000e-03 
-2.508000e-03 
-2.388000e-03 
2.762000e-03 
2.054000e-03 
-2.400000e-04 
9.470000e-04 
3.114000e-03 
1.351000e-03 
-2.655000e-03 
-1.584000e-03 
2.273000e-03 
1.921000e-03 
3.800000e-04 
2.990000e-03 
9.770000e-04 
-2.651000e-03 
-7.860000e-04 
-6.900000e-05 
2.600000e-04 
2.309000e-03 
-5.540000e-04 
6.210000e-04 
1.646000e-03 
-2.628000e-03 
-1.376000e-03 
-2.480000e-04 
-3.000000e-05 
-2.830000e-04 
3.693000e-03 
6.147000e-03 
1.270000e-04 
2.226000e-03 
3.329000e-03 
-3.312000e-03 
-3.741000e-03 
-2.162000e-03 
2.503000e-03 
2.609000e-03 
-1.970000e-04 
4.782000e-03 
4.306000e-03 
-4.190000e-04 
9.590000e-04 
1.400000e-03 
3.400000e-05 
-4.760000e-04 
1.548000e-03 
1.188000e-03 
-2.140000e-04 
-1.086000e-03 
-3.117000e-03 
-2.883000e-03 
-3.972000e-03 
7.404000e-03 
1.327400e-02 
1.367000e-03 
-5.059000e-03 
-1.629000e-03 
3.001000e-03 
-1.161000e-03 
-4.243000e-03 
6.247000e-03 
4.327000e-03 
-9.608000e-03 
-5.777000e-03 
8.318000e-03 
2.025000e-03 
-6.445000e-03 
5.030000e-03 
1.127300e-02 
3.149000e-03 
-3.484000e-03 
6.725000e-03 
7.072000e-03 
-1.795000e-03 
-2.043000e-03 
-3.860000e-04 
1.297000e-03 
-1.730000e-03 
-2.555000e-03 
4.114000e-03 
2.940000e-03 
-5.340000e-03 
-6.360000e-03 
-2.145000e-03 
5.379000e-03 
4.554000e-03 
-3.188000e-03 
-1.052800e-02 
-1.035100e-02 
-5.472000e-03 
2.395000e-03 
-2.265000e-03 
-4.702000e-03 
4.993000e-03 
2.228000e-03 
-4.434000e-03 
-3.680000e-03 
5.088000e-03 
-4.330000e-04 
-4.089000e-03 
-6.720000e-04 
1.445000e-03 
-6.593000e-03 
-1.749900e-02 
-7.007000e-03 
1.989000e-03 
-4.682000e-03 
-5.832000e-03 
2.209000e-03 
5.055000e-03 
5.097000e-03 
9.644000e-03 
1.668000e-03 
-1.128300e-02 
-8.436000e-03 
2.211000e-03 
1.184400e-02 
1.292400e-02 
6.203000e-03 
-6.834000e-03 
-7.449000e-03 
1.084000e-03 
1.177000e-02 
1.079200e-02 
-3.203000e-03 
-1.244600e-02 
-5.262000e-03 
5.736000e-03 
-1.870000e-04 
-1.027300e-02 
-1.106200e-02 
-6.199000e-03 
1.062000e-03 
1.612000e-02 
4.249000e-03 
-1.503300e-02 
-1.070900e-02 
3.412000e-03 
1.071500e-02 
-4.470000e-04 
-4.406000e-03 
-1.024000e-03 
1.779000e-03 
3.786000e-03 
1.807000e-03 
5.469000e-03 
-7.423000e-03 
-1.317500e-02 
-2.697000e-03 
2.239000e-03 
-1.075000e-03 
-3.681000e-03 
7.315000e-03 
1.913000e-03 
-3.923000e-03 
-4.390000e-03 
3.331000e-03 
1.141000e-02 
9.490000e-03 
1.368600e-02 
6.716000e-03 
-6.181000e-03 
-1.199700e-02 
-6.626000e-03 
1.080900e-02 
8.187000e-03 
1.658000e-03 
2.824000e-03 
-2.763000e-03 
-4.574000e-03 
6.867000e-03 
1.132400e-02 
-2.941000e-03 
-7.589000e-03 
-4.324000e-03 
-7.572000e-03 
-1.898900e-02 
-1.773200e-02 
4.900000e-05 
8.671000e-03 
2.612000e-03 
5.637000e-03 
1.103400e-02 
9.574000e-03 
5.698000e-03 
5.878000e-03 
7.805000e-03 
-6.641000e-03 
-1.283000e-02 
-5.638000e-03 
-1.004000e-03 
6.165000e-03 
7.020000e-03 
-4.154000e-03 
-1.570600e-02 
-4.978000e-03 
1.663200e-02 
5.908000e-03 
-7.708000e-03 
-7.190000e-03 
1.302000e-03 
-1.697000e-03 
-7.449000e-03 
3.047000e-03 
5.141000e-03 
4.864000e-03 
-3.717000e-03 
2.673000e-03 
9.158000e-03 
-6.515000e-03 
-8.671000e-03 
-4.202000e-03 
-1.125500e-02 
-4.487000e-03 
1.656500e-02 
1.248600e-02 
-1.581000e-03 
-3.832000e-03 
-3.569000e-03 
7.178000e-03 
1.372700e-02 
5.090000e-03 
-1.103300e-02 
-1.522400e-02 
-3.157000e-03 
4.343000e-03 
4.830000e-03 
1.312000e-03 
3.656000e-03 
6.487000e-03 
5.423000e-03 
2.433000e-03 
5.765000e-03 
5.798000e-03 
-3.510000e-04 
-1.082000e-03 
-2.507000e-03 
1.195000e-03 
-1.350000e-03 
-2.903000e-03 
2.220000e-04 
5.323000e-03 
-3.391000e-03 
-1.389100e-02 
1.810000e-03 
2.678600e-02 
2.539300e-02 
-1.805000e-03 
-6.586000e-03 
-1.418300e-02 
-1.715000e-02 
6.939000e-03 
5.353000e-03 
-8.286000e-03 
-1.011700e-02 
-5.188000e-03 
5.188000e-03 
9.162000e-03 
-4.941000e-03 
-1.192500e-02 
-6.782000e-03 
-5.183000e-03 
4.221000e-03 
1.077900e-02 
-3.971000e-03 
-1.117600e-02 
1.063000e-03 
1.029900e-02 
3.840000e-03 
-1.775000e-03 
4.900000e-05 
-3.496000e-03 
1.003200e-02 
1.845700e-02 
1.843900e-02 
1.481000e-03 
-9.450000e-03 
-7.594000e-03 
-1.123400e-02 
-3.264000e-03 
-1.386000e-03 
7.618000e-03 
1.520000e-03 
-1.567200e-02 
-1.399900e-02 
-8.600000e-05 
5.980000e-03 
5.041000e-03 
-5.260000e-04 
1.646000e-03 
-2.164000e-03 
-9.156000e-03 
-1.027000e-03 
-2.581000e-03 
-8.974000e-03 
-1.359800e-02 
-4.174000e-03 
7.691000e-03 
7.688000e-03 
-5.946000e-03 
-3.261000e-03 
7.848000e-03 
1.521000e-03 
-9.793000e-03 
-1.087300e-02 
-9.728000e-03 
4.411000e-03 
1.653200e-02 
5.590000e-03 
-3.924000e-03 
8.049000e-03 
2.219500e-02 
7.051000e-03 
-1.056000e-03 
1.026500e-02 
1.781400e-02 
9.600000e-04 
-1.994900e-02 
-1.068200e-02 
7.187000e-03 
6.040000e-03 
5.125000e-03 
5.400000e-03 
1.613000e-03 
-1.189500e-02 
-2.094000e-03 
2.591700e-02 
2.698000e-02 
-8.220000e-04 
-1.826500e-02 
-2.149000e-03 
1.432600e-02 
1.164700e-02 
5.237000e-03 
6.534000e-03 
-5.884000e-03 
2.010000e-04 
1.516100e-02 
5.583000e-03 
-5.644000e-03 
8.770000e-03 
9.534000e-03 
1.056000e-03 
-2.478000e-03 
-9.159000e-03 
7.300000e-04 
9.350000e-04 
4.777000e-03 
-1.985000e-03 
-1.466100e-02 
2.674000e-03 
1.308400e-02 
-8.711000e-03 
-6.450000e-04 
7.439000e-03 
-7.597000e-03 
-5.583000e-03 
1.155000e-03 
1.200300e-02 
-1.651500e-02 
-2.919800e-02 
-6.440000e-03 
1.751900e-02 
2.189600e-02 
1.455200e-02 
1.003100e-02 
-1.042100e-02 
-7.503000e-03 
1.849700e-02 
3.675000e-02 
9.778000e-03 
-1.925700e-02 
-3.598000e-03 
6.450000e-03 
3.016000e-03 
1.698000e-03 
5.510000e-04 
2.615000e-03 
-4.669000e-03 
4.421000e-03 
-1.114600e-02 
-1.448200e-02 
4.748000e-03 
6.594000e-03 
1.873300e-02 
8.538000e-03 
-3.239000e-03 
-1.570000e-02 
-1.246300e-02 
-2.819000e-03 
-4.213000e-03 
-3.781000e-03 
-1.233100e-02 
-1.339600e-02 
-4.606000e-03 
8.228000e-03 
1.239500e-02 
-2.306000e-03 
4.600000e-03 
2.040400e-02 
1.789700e-02 
1.638400e-02 
1.097800e-02 
1.684800e-02 
5.143000e-03 
-2.425000e-03 
2.036500e-02 
1.363700e-02 
-3.232000e-03 
-1.076500e-02 
4.215000e-03 
2.850000e-04 
-3.909000e-03 
8.576000e-03 
3.548000e-03 
-1.057400e-02 
-1.876800e-02 
-1.112700e-02 
9.735000e-03 
2.666800e-02 
6.382000e-03 
-1.879600e-02 
-2.042100e-02 
3.268000e-03 
9.843000e-03 
5.568000e-03 
-1.355000e-03 
-2.777000e-03 
-3.834000e-03 
-1.847000e-03 
-3.017000e-03 
7.963000e-03 
1.240300e-02 
9.220000e-03 
-2.626000e-03 
-4.175000e-03 
5.991000e-03 
-2.450000e-04 
-1.435800e-02 
-2.237000e-02 
5.315000e-03 
2.183300e-02 
1.705200e-02 
-1.062000e-02 
-2.549000e-02 
-3.024100e-02 
-3.074000e-02 
-1.794800e-02 
-3.931000e-03 
5.980000e-04 
2.822000e-03 
7.805000e-03 
5.019000e-03 
7.308000e-03 
1.659300e-02 
2.325600e-02 
2.376600e-02 
1.703600e-02 
9.981000e-03 
2.177000e-03 
-1.307000e-03 
-1.035300e-02 
-9.311000e-03 
-7.594000e-03 
-6.318000e-03 
-6.983000e-03 
-2.915700e-02 
-3.324700e-02 
-2.892100e-02 
-3.719000e-03 
3.299700e-02 
1.391900e-02 
-2.173400e-02 
-7.170000e-04 
3.193400e-02 
5.498800e-02 
2.812700e-02 
-2.227500e-02 
-4.344700e-02 
-5.875300e-02 
-6.360200e-02 
-5.402100e-02 
-1.572600e-02 
-3.017000e-03 
-1.893300e-02 
-1.262900e-02 
7.956000e-03 
-1.129200e-02 
-3.072300e-02 
-5.330000e-03 
3.141400e-02 
2.438300e-02 
1.459300e-02 
2.711300e-02 
-5.879000e-03 
-4.507700e-02 
-5.554100e-02 
-4.161900e-02 
-2.746000e-02 
-1.497200e-02 
-5.816000e-03 
3.440000e-04 
1.233700e-02 
-1.256800e-02 
-8.304000e-03 
1.623900e-02 
9.620000e-04 
-1.016800e-02 
-1.003000e-02 
-5.380000e-04 
-2.628500e-02 
-3.241500e-02 
-3.327000e-03 
2.148900e-02 
3.275200e-02 
1.830500e-02 
-9.774000e-03 
-1.541900e-02 
-5.890000e-04 
8.122000e-03 
3.866300e-02 
4.614900e-02 
2.883100e-02 
1.894000e-02 
4.503000e-03 
-9.034000e-03 
-1.353800e-02 
-3.078100e-02 
-3.519800e-02 
-1.156700e-02 
5.162000e-03 
8.240000e-03 
-1.377900e-02 
-2.627500e-02 
-3.548000e-03 
-5.415000e-03 
-2.555300e-02 
2.400000e-03 
4.242600e-02 
5.116500e-02 
4.842000e-02 
3.925200e-02 
2.452100e-02 
2.854400e-02 
8.112000e-03 
7.600000e-04 
2.870100e-02 
1.860500e-02 
1.936000e-03 
-9.128000e-03 
-4.000000e-05 
6.290000e-03 
1.793000e-03 
3.215000e-03 
-2.935600e-02 
-4.514900e-02 
-1.817200e-02 
2.672000e-03 
8.251000e-03 
-5.345000e-03 
-1.490000e-02 
1.507500e-02 
1.620800e-02 
6.124000e-03 
2.133000e-02 
2.529600e-02 
1.980900e-02 
5.959000e-03 
1.902000e-02 
-4.060000e-04 
-4.441900e-02 
-7.394100e-02 
-8.448600e-02 
-7.614500e-02 
-7.776700e-02 
-5.305300e-02 
-1.300200e-02 
2.977300e-02 
6.949200e-02 
5.526300e-02 
1.357000e-02 
7.076000e-03 
2.639900e-02 
3.351600e-02 
3.228800e-02 
5.408800e-02 
3.561600e-02 
6.240000e-04 
7.180000e-04 
4.841000e-03 
2.023100e-02 
3.068000e-03 
-2.172600e-02 
-2.527100e-02 
-3.048100e-02 
-2.094300e-02 
-1.596000e-02 
-2.447100e-02 
-3.909600e-02 
-4.707000e-02 
-3.148900e-02 
-1.931000e-02 
-6.491000e-03 
-9.210000e-03 
-2.628600e-02 
-2.418600e-02 
-3.731300e-02 
-4.190500e-02 
-3.064900e-02 
-1.051300e-02 
1.449000e-02 
3.187000e-02 
4.968500e-02 
4.729700e-02 
3.751100e-02 
4.600100e-02 
4.692400e-02 
3.511000e-02 
2.079900e-02 
1.000100e-02 
1.102000e-03 
2.636000e-03 
1.451600e-02 
1.785800e-02 
2.606500e-02 
2.896600e-02 
-1.170200e-02 
-4.869100e-02 
-6.057600e-02 
-6.000000e-02 
-1.837200e-02 
1.022500e-02 
1.430200e-02 
-1.333500e-02 
-3.105000e-02 
-1.057000e-02 
1.013000e-03 
-1.646000e-03 
-8.500000e-04 
3.897000e-02 
6.663400e-02 
6.421300e-02 
4.784100e-02 
2.120400e-02 
-2.507800e-02 
-6.668300e-02 
-6.411800e-02 
-7.589300e-02 
-6.023700e-02 
-1.789000e-02 
-3.167000e-03 
-1.924600e-02 
-4.164700e-02 
-1.701100e-02 
-1.482600e-02 
-3.426900e-02 
-2.529600e-02 
6.153000e-03 
2.990300e-02 
2.001100e-02 
1.496800e-02 
7.202000e-03 
-2.237700e-02 
-4.047900e-02 
-6.037900e-02 
-7.303200e-02 
-3.951600e-02 
1.724800e-02 
5.565000e-02 
4.459000e-02 
-6.090000e-03 
-7.309200e-02 
-1.190120e-01 
-1.353190e-01 
-9.524200e-02 
7.254000e-03 
8.030900e-02 
5.255500e-02 
-8.277000e-03 
-1.859200e-02 
1.844200e-02 
6.886300e-02 
7.354800e-02 
3.539900e-02 
2.033300e-02 
4.244300e-02 
7.507500e-02 
8.672100e-02 
6.899000e-02 
2.430700e-02 
-3.733000e-03 
1.950100e-02 
3.719900e-02 
1.439100e-02 
-2.447800e-02 
-2.427500e-02 
2.478000e-03 
1.801900e-02 
3.483000e-03 
-4.961300e-02 
-1.199000e-01 
-1.546080e-01 
-1.291640e-01 
-1.030870e-01 
-8.412100e-02 
-5.041600e-02 
1.011700e-02 
8.651700e-02 
1.329080e-01 
1.372080e-01 
1.259470e-01 
1.327750e-01 
1.414340e-01 
1.264270e-01 
7.280600e-02 
-1.172300e-02 
-9.314100e-02 
-1.326290e-01 
-8.685800e-02 
-1.442800e-02 
1.731000e-03 
-1.431600e-02 
-3.519200e-02 
-3.118800e-02 
1.070600e-02 
5.372600e-02 
7.587200e-02 
6.160300e-02 
4.682000e-02 
3.587500e-02 
1.195200e-02 
-8.370000e-04 
7.362000e-03 
7.443000e-03 
-2.035800e-02 
-1.825000e-02 
1.910500e-02 
7.098000e-03 
-3.791200e-02 
-6.258300e-02 
-6.083100e-02 
-4.549400e-02 
-4.324600e-02 
-5.907700e-02 
-7.678700e-02 
-8.144600e-02 
-9.553900e-02 
-1.046670e-01 
-1.046050e-01 
-7.095300e-02 
-7.960000e-04 
4.890700e-02 
4.317400e-02 
1.010800e-02 
6.395000e-03 
3.369300e-02 
5.416800e-02 
4.754700e-02 
2.303400e-02 
-4.128000e-03 
-2.925300e-02 
-5.162200e-02 
-5.894400e-02 
-2.841000e-02 
4.496600e-02 
8.886400e-02 
1.055820e-01 
1.287560e-01 
1.434430e-01 
1.502410e-01 
1.053120e-01 
2.707400e-02 
-2.856500e-02 
-6.973600e-02 
-8.611600e-02 
-4.342100e-02 
3.046100e-02 
6.737100e-02 
6.600500e-02 
6.856500e-02 
6.170600e-02 
2.367600e-02 
-1.531600e-02 
-3.323100e-02 
-2.965500e-02 
5.564000e-03 
4.524700e-02 
6.145400e-02 
7.772100e-02 
9.556900e-02 
1.038790e-01 
8.258500e-02 
4.325100e-02 
1.232000e-03 
-5.771400e-02 
-1.032540e-01 
-1.206220e-01 
-1.287570e-01 
-1.280910e-01 
-1.163070e-01 
-1.210140e-01 
-1.382240e-01 
-1.507600e-01 
-1.478930e-01 
-1.108340e-01 
-4.719200e-02 
1.193600e-02 
3.768100e-02 
3.614700e-02 
2.525700e-02 
1.744500e-02 
2.698900e-02 
4.625800e-02 
4.863600e-02 
5.002700e-02 
5.194900e-02 
2.018500e-02 
4.906000e-03 
2.092200e-02 
1.962000e-02 
1.781400e-02 
1.257600e-02 
3.043900e-02 
6.671100e-02 
8.635900e-02 
9.806800e-02 
1.088010e-01 
1.238520e-01 
1.336840e-01 
1.217310e-01 
7.333600e-02 
2.775300e-02 
5.437000e-03 
2.303700e-02 
7.713000e-02 
1.177300e-01 
1.424140e-01 
1.402730e-01 
1.204690e-01 
8.860500e-02 
4.868400e-02 
1.734800e-02 
-2.525200e-02 
-5.348400e-02 
-5.912700e-02 
-3.987700e-02 
5.399000e-03 
4.058800e-02 
6.865100e-02 
8.160900e-02 
7.194700e-02 
5.874800e-02 
6.354200e-02 
6.437400e-02 
3.457200e-02 
-1.747900e-02 
-6.702000e-02 
-8.463600e-02 
-6.380100e-02 
-3.116800e-02 
-1.729900e-02 
-1.465100e-02 
-1.342000e-02 
-4.296000e-03 
6.043000e-03 
2.359100e-02 
5.060300e-02 
6.730600e-02 
4.955000e-02 
6.395000e-03 
-1.501300e-02 
-2.600000e-02 
-2.622500e-02 
-2.302900e-02 
-3.920800e-02 
-5.593900e-02 
-6.631100e-02 
-6.063600e-02 
-5.507100e-02 
-6.678900e-02 
-7.774500e-02 
-8.312800e-02 
-7.465300e-02 
-6.950900e-02 
-8.439700e-02 
-8.471700e-02 
-5.319800e-02 
-1.623100e-02 
-1.195000e-02 
-3.934000e-02 
-6.088800e-02 
-4.616300e-02 
1.350000e-03 
3.730200e-02 
4.224500e-02 
2.910300e-02 
3.369000e-02 
6.322100e-02 
8.824700e-02 
1.054360e-01 
1.051710e-01 
8.359500e-02 
5.232300e-02 
2.771200e-02 
2.451700e-02 
4.971100e-02 
6.702100e-02 
6.864300e-02 
7.717000e-02 
6.164400e-02 
4.397700e-02 
3.261500e-02 
2.510100e-02 
2.155900e-02 
1.335800e-02 
2.490600e-02 
2.691500e-02 
1.733700e-02 
1.323900e-02 
1.659500e-02 
7.560000e-04 
-3.532500e-02 
-5.147700e-02 
-4.611900e-02 
-2.560700e-02 
-1.313000e-03 
1.484000e-03 
-2.093400e-02 
-5.075700e-02 
-7.164600e-02 
-9.070100e-02 
-1.062160e-01 
-9.017300e-02 
-7.183300e-02 
-7.560200e-02 
-7.267300e-02 
-4.788200e-02 
-3.052100e-02 
-3.763200e-02 
-5.497100e-02 
-7.398100e-02 
-8.019600e-02 
-7.532000e-02 
-5.859100e-02 
-1.815200e-02 
1.731800e-02 
4.576500e-02 
6.884300e-02 
6.632400e-02 
5.251200e-02 
3.240900e-02 
-3.650000e-03 
-4.793700e-02 
-7.308700e-02 
-6.548500e-02 
-4.156500e-02 
-1.643600e-02 
-2.509300e-02 
-4.733900e-02 
-4.956800e-02 
-5.198500e-02 
-3.592800e-02 
-1.507300e-02 
-1.318300e-02 
-1.908100e-02 
-3.473900e-02 
-6.003400e-02 
-8.173700e-02 
-7.559300e-02 
-4.033400e-02 
-9.047000e-03 
-1.523000e-03 
-2.360900e-02 
-4.911400e-02 
-6.103800e-02 
-6.393100e-02 
-5.764300e-02 
-4.081700e-02 
-2.079100e-02 
5.112000e-03 
3.416500e-02 
4.735600e-02 
1.423700e-02 
-1.552200e-02 
2.194000e-03 
1.381600e-02 
-4.692000e-03 
-2.204500e-02 
-6.393000e-03 
8.393000e-03 
9.506000e-03 
8.719000e-03 
-4.735000e-03 
-2.104600e-02 
-5.236000e-03 
2.328400e-02 
4.003500e-02 
2.981800e-02 
1.562000e-03 
2.000000e-06 
2.380000e-03 
-2.216900e-02 
-6.139000e-02 
-8.178600e-02 
-7.307300e-02 
-5.397500e-02 
-4.778000e-02 
-5.272600e-02 
-4.392200e-02 
-1.482500e-02 
2.286600e-02 
4.975100e-02 
5.335400e-02 
4.969200e-02 
5.224500e-02 
3.381200e-02 
1.272600e-02 
4.232000e-03 
-2.020000e-03 
-3.565000e-03 
-1.610100e-02 
-4.640100e-02 
-7.369600e-02 
-7.443000e-02 
-7.184800e-02 
-7.151800e-02 
-5.968300e-02 
-3.882200e-02 
-9.676000e-03 
1.593700e-02 
2.286800e-02 
8.646000e-03 
-6.935000e-03 
-3.805000e-03 
-2.734000e-03 
-1.524300e-02 
-2.007000e-02 
-1.698000e-02 
-1.163900e-02 
-8.128000e-03 
8.421000e-03 
3.243400e-02 
4.508100e-02 
5.556100e-02 
5.322400e-02 
3.445500e-02 
2.331300e-02 
2.978800e-02 
4.271300e-02 
3.875400e-02 
3.115000e-02 
3.543500e-02 
4.418400e-02 
4.223600e-02 
3.834500e-02 
3.184800e-02 
1.791800e-02 
2.458300e-02 
3.479100e-02 
4.042700e-02 
4.202300e-02 
3.873200e-02 
4.009300e-02 
4.561500e-02 
4.860000e-02 
4.814100e-02 
4.862300e-02 
3.070800e-02 
9.219000e-03 
1.967000e-02 
3.290500e-02 
2.115700e-02 
-5.463000e-03 
-6.718000e-03 
2.020300e-02 
3.294300e-02 
3.018500e-02 
1.745100e-02 
1.242000e-03 
-1.148600e-02 
-1.587900e-02 
-1.586200e-02 
-1.382100e-02 
6.464000e-03 
2.018400e-02 
1.307900e-02 
9.785000e-03 
1.580700e-02 
-3.209000e-03 
-2.264500e-02 
-1.474400e-02 
-3.268000e-03 
-3.656000e-03 
-9.377000e-03 
8.749000e-03 
2.065400e-02 
1.188900e-02 
3.177000e-03 
1.298000e-03 
7.709000e-03 
1.014700e-02 
2.144400e-02 
2.146300e-02 
1.411400e-02 
2.924700e-02 
2.222000e-02 
-4.009000e-03 
-2.086100e-02 
-2.385400e-02 
-1.447100e-02 
-1.232400e-02 
-2.581000e-03 
5.017000e-03 
-4.895000e-03 
-2.181700e-02 
-1.208100e-02 
2.392900e-02 
3.934400e-02 
1.151300e-02 
-3.871700e-02 
-5.983500e-02 
-4.431100e-02 
-2.060400e-02 
-1.793400e-02 
-1.056400e-02 
-6.380000e-04 
-1.549900e-02 
-1.270000e-04 
4.403700e-02 
4.382200e-02 
9.085000e-03 
-1.925100e-02 
2.073000e-03 
3.758200e-02 
2.215000e-02 
3.251900e-02 
6.246600e-02 
5.838100e-02 
4.544500e-02 
5.561100e-02 
3.066100e-02 
-1.235500e-02 
-2.264000e-03 
-2.676800e-02 
-7.445500e-02 
-4.828300e-02 
-1.007500e-02 
-2.303400e-02 
-2.057400e-02 
2.448300e-02 
1.347300e-02 
-2.219400e-02 
3.160000e-03 
7.362000e-03 
-2.072200e-02 
-2.660000e-02 
-3.653500e-02 
-4.599800e-02 
-4.640200e-02 
-5.456200e-02 
-5.932200e-02 
-6.182500e-02 
-4.343000e-02 
-1.850200e-02 
-2.714700e-02 
-4.435600e-02 
-5.574100e-02 
-5.267400e-02 
-3.770900e-02 
-2.896600e-02 
-1.339000e-02 
-1.127700e-02 
-1.826000e-02 
-7.812000e-03 
2.449800e-02 
4.242500e-02 
2.899000e-02 
1.601100e-02 
1.455300e-02 
1.860900e-02 
6.239000e-03 
-1.459600e-02 
-9.701000e-03 
1.719700e-02 
3.963200e-02 
3.507800e-02 
3.053900e-02 
5.268200e-02 
6.753800e-02 
5.825300e-02 
1.990800e-02 
-8.011000e-03 
-1.490000e-03 
-1.085000e-03 
-1.309800e-02 
-1.901100e-02 
-2.038400e-02 
-1.739200e-02 
-5.222000e-03 
8.257000e-03 
1.666200e-02 
3.877000e-03 
-8.911000e-03 
-8.896000e-03 
-1.383800e-02 
-2.082900e-02 
-2.227700e-02 
-1.590200e-02 
-9.183000e-03 
2.251000e-03 
2.406700e-02 
4.308400e-02 
3.921600e-02 
2.729500e-02 
1.775200e-02 
1.777600e-02 
3.794500e-02 
5.011600e-02 
4.536100e-02 
4.880200e-02 
4.935900e-02 
1.892200e-02 
3.539000e-03 
4.642000e-03 
-6.928000e-03 
-2.319000e-03 
4.940000e-04 
-1.241500e-02 
-2.870400e-02 
-2.227100e-02 
4.693000e-03 
6.895000e-03 
-8.781000e-03 
-2.514500e-02 
-3.254100e-02 
-3.412500e-02 
-3.639500e-02 
-3.354400e-02 
-3.175100e-02 
-2.250900e-02 
-3.827000e-03 
-8.190000e-04 
-2.189000e-03 
2.798000e-03 
2.360000e-04 
-6.760000e-03 
-1.865000e-03 
1.315600e-02 
2.048900e-02 
2.123100e-02 
2.137700e-02 
2.547100e-02 
3.445300e-02 
3.751400e-02 
2.787100e-02 
1.745800e-02 
1.740600e-02 
1.603200e-02 
2.492000e-03 
-7.824000e-03 
-9.407000e-03 
-2.427000e-03 
-2.219000e-03 
-1.121000e-02 
-5.629000e-03 
5.175000e-03 
1.259200e-02 
1.753500e-02 
1.333700e-02 
1.019400e-02 
1.847400e-02 
4.047100e-02 
5.399900e-02 
5.360300e-02 
4.263600e-02 
2.290300e-02 
9.504000e-03 
-7.181000e-03 
-1.886800e-02 
-1.205000e-02 
1.588000e-03 
4.819000e-03 
-2.740000e-04 
-1.777000e-03 
-1.070900e-02 
-3.053800e-02 
-3.483700e-02 
-2.496600e-02 
-2.531000e-02 
-4.487200e-02 
-6.913800e-02 
-8.358600e-02 
-8.116700e-02 
-6.725400e-02 
-6.793300e-02 
-7.998500e-02 
-8.082000e-02 
-6.253600e-02 
-3.890500e-02 
-2.900700e-02 
-3.773800e-02 
-4.594100e-02 
-4.883100e-02 
-3.487200e-02 
-2.338700e-02 
-2.394800e-02 
-3.015500e-02 
-3.790600e-02 
-3.474100e-02 
-3.133800e-02 
-2.531700e-02 
-7.786000e-03 
1.450200e-02 
3.185300e-02 
3.258500e-02 
9.889000e-03 
-1.482700e-02 
-1.135900e-02 
4.486000e-03 
1.056200e-02 
1.796000e-02 
2.194600e-02 
3.086300e-02 
3.447400e-02 
3.488300e-02 
3.416100e-02 
2.403900e-02 
1.107300e-02 
-5.629000e-03 
-6.663000e-03 
1.478400e-02 
3.338600e-02 
4.439100e-02 
4.668800e-02 
4.234500e-02 
3.829500e-02 
3.427300e-02 
4.588700e-02 
6.090600e-02 
5.726000e-02 
4.638100e-02 
4.719500e-02 
4.131800e-02 
4.027000e-02 
3.534400e-02 
1.798200e-02 
1.149800e-02 
1.266100e-02 
2.589100e-02 
4.217200e-02 
5.153000e-02 
4.913400e-02 
3.929500e-02 
3.103400e-02 
3.370100e-02 
2.663000e-02 
8.280000e-03 
-7.392000e-03 
-3.055000e-02 
-3.783600e-02 
-1.066300e-02 
1.294600e-02 
1.017300e-02 
-2.592000e-03 
-1.123600e-02 
-1.228600e-02 
-1.228100e-02 
-9.622000e-03 
-1.193300e-02 
-1.191400e-02 
-7.920000e-04 
1.186900e-02 
2.248800e-02 
2.495300e-02 
-1.400000e-04 
-3.272900e-02 
-3.780500e-02 
-3.555500e-02 
-3.484400e-02 
-3.687900e-02 
-4.331000e-02 
-4.783700e-02 
-5.138600e-02 
-5.119000e-02 
-5.117600e-02 
-4.642600e-02 
-3.131400e-02 
-2.364900e-02 
-2.166500e-02 
-1.949000e-02 
-1.972900e-02 
-1.029000e-02 
-6.870000e-03 
-1.625500e-02 
-1.843700e-02 
-1.134600e-02 
3.047000e-03 
2.186500e-02 
3.294400e-02 
2.988100e-02 
1.711200e-02 
-6.190000e-04 
-7.299000e-03 
4.580000e-04 
1.184600e-02 
1.428200e-02 
-1.162000e-03 
-1.447200e-02 
-3.061200e-02 
-4.282900e-02 
-1.780300e-02 
1.511000e-03 
-1.063000e-03 
-1.944300e-02 
-2.150800e-02 
1.478000e-03 
3.414000e-03 
-8.803000e-03 
-3.647600e-02 
-4.296100e-02 
-9.771000e-03 
2.926700e-02 
4.001700e-02 
2.771100e-02 
2.268600e-02 
3.927700e-02 
6.488100e-02 
6.881900e-02 
5.056500e-02 
1.543200e-02 
-3.742500e-02 
-9.390100e-02 
-1.144110e-01 
-9.007700e-02 
-3.549100e-02 
5.507800e-02 
1.109430e-01 
1.118990e-01 
8.629700e-02 
6.605400e-02 
5.525300e-02 
1.505200e-02 
-4.131000e-02 
-3.409800e-02 
2.107200e-02 
2.971400e-02 
1.267200e-02 
-1.640400e-02 
-2.774700e-02 
-2.562000e-02 
-6.100000e-05 
5.652000e-03 
-2.037300e-02 
-1.884600e-02 
-2.987400e-02 
-5.115700e-02 
-4.278100e-02 
-5.000000e-04 
2.162400e-02 
1.797700e-02 
1.865100e-02 
5.282000e-03 
1.566200e-02 
5.258600e-02 
7.006200e-02 
2.817600e-02 
-4.923000e-02 
-7.123200e-02 
-4.986700e-02 
6.690000e-04 
3.515500e-02 
2.484100e-02 
-4.180000e-03 
3.740000e-03 
3.521700e-02 
5.882200e-02 
6.995800e-02 
5.943400e-02 
3.384500e-02 
1.834300e-02 
1.854700e-02 
1.411500e-02 
8.053000e-03 
-1.442500e-02 
-2.616400e-02 
-2.499900e-02 
-2.040200e-02 
-1.505500e-02 
-2.452000e-03 
-1.846000e-03 
-1.080100e-02 
-1.050000e-04 
1.216900e-02 
2.614000e-02 
3.099700e-02 
2.043300e-02 
-5.281000e-03 
-2.604500e-02 
-3.493100e-02 
-4.110500e-02 
-4.987600e-02 
-4.404700e-02 
-1.562300e-02 
1.673400e-02 
2.121500e-02 
4.980000e-03 
2.089000e-03 
-4.981000e-03 
8.461000e-03 
3.533000e-02 
3.796600e-02 
1.004700e-02 
-2.239000e-02 
-4.631300e-02 
-5.863000e-02 
-4.256200e-02 
-1.663100e-02 
-4.487000e-03 
-1.154000e-02 
-9.604000e-03 
3.371000e-03 
9.200000e-05 
-1.417800e-02 
-1.760700e-02 
-9.349000e-03 
-1.410300e-02 
-2.110200e-02 
-1.939600e-02 
-1.912000e-02 
-1.801100e-02 
-5.877000e-03 
1.534000e-02 
3.107400e-02 
3.195700e-02 
2.087700e-02 
8.950000e-03 
4.815000e-03 
1.166600e-02 
1.131900e-02 
9.836000e-03 
1.561400e-02 
1.460800e-02 
4.968000e-03 
5.509000e-03 
1.566000e-02 
1.811700e-02 
1.535200e-02 
1.253300e-02 
1.520900e-02 
2.776400e-02 
4.371400e-02 
4.407700e-02 
3.983700e-02 
3.076800e-02 
7.676000e-03 
-1.438500e-02 
-2.362100e-02 
-1.349000e-02 
4.467000e-03 
5.827000e-03 
-9.106000e-03 
-2.237800e-02 
-2.235100e-02 
-8.648000e-03 
-5.265000e-03 
-1.576600e-02 
-1.522400e-02 
-4.689000e-03 
-2.600000e-05 
-5.708000e-03 
-2.295200e-02 
-3.525500e-02 
-1.892500e-02 
8.103000e-03 
3.851000e-03 
-1.470800e-02 
-2.919800e-02 
-1.868500e-02 
-2.330000e-04 
-5.142000e-03 
-1.698900e-02 
-2.732600e-02 
-3.125300e-02 
-3.134300e-02 
-1.720800e-02 
2.261000e-03 
1.783800e-02 
1.466700e-02 
-3.200000e-03 
-2.053100e-02 
-1.722800e-02 
-5.980000e-03 
-2.056500e-02 
-3.979300e-02 
-4.120600e-02 
-1.941200e-02 
1.746500e-02 
3.034000e-02 
1.179200e-02 
1.096400e-02 
1.534100e-02 
1.926600e-02 
2.674600e-02 
2.767400e-02 
2.019700e-02 
1.908600e-02 
3.209900e-02 
3.584600e-02 
3.156700e-02 
3.082100e-02 
2.601000e-02 
6.766000e-03 
-5.638000e-03 
-1.631900e-02 
-2.380300e-02 
-1.563600e-02 
-9.147000e-03 
-5.374000e-03 
-7.700000e-05 
-3.341000e-03 
-5.755000e-03 
1.046600e-02 
3.328000e-02 
3.769900e-02 
2.510600e-02 
1.219100e-02 
-1.279900e-02 
-2.495900e-02 
-1.334400e-02 
-1.489000e-03 
1.902000e-03 
8.100000e-05 
-3.857000e-03 
4.710000e-04 
2.165000e-03 
-7.492000e-03 
-2.158000e-03 
1.250200e-02 
1.325400e-02 
-1.065000e-03 
2.421000e-03 
1.751500e-02 
1.483200e-02 
4.151000e-03 
5.064000e-03 
7.344000e-03 
-1.031200e-02 
-2.658300e-02 
-2.909700e-02 
-2.485200e-02 
-2.797900e-02 
-4.072400e-02 
-5.050100e-02 
-4.465200e-02 
-2.084300e-02 
-4.930000e-04 
4.215000e-03 
-4.250000e-03 
-3.882000e-03 
2.096000e-03 
7.367000e-03 
1.119900e-02 
-1.319000e-03 
-1.956800e-02 
-2.920800e-02 
-3.503700e-02 
-3.808400e-02 
-3.136200e-02 
-9.464000e-03 
9.870000e-04 
4.435000e-03 
1.321300e-02 
1.230600e-02 
1.012500e-02 
1.004800e-02 
8.808000e-03 
1.346800e-02 
2.005400e-02 
1.083900e-02 
-3.591000e-03 
1.233000e-03 
1.068700e-02 
7.075000e-03 
1.377000e-03 
-2.434000e-03 
-7.312000e-03 
-1.119000e-02 
-7.938000e-03 
-3.585000e-03 
-4.008000e-03 
3.824000e-03 
1.900200e-02 
2.552400e-02 
1.434600e-02 
8.888000e-03 
1.010900e-02 
9.998000e-03 
8.630000e-03 
1.007800e-02 
1.722300e-02 
1.604800e-02 
1.662200e-02 
1.798500e-02 
1.584700e-02 
1.341500e-02 
1.886900e-02 
2.865200e-02 
3.581700e-02 
3.189300e-02 
2.775800e-02 
2.875800e-02 
2.409400e-02 
1.647900e-02 
1.407800e-02 
1.580000e-02 
7.568000e-03 
-6.040000e-03 
-1.077700e-02 
-9.096000e-03 
-1.071400e-02 
-6.505000e-03 
-3.433000e-03 
-7.817000e-03 
-3.270000e-03 
6.686000e-03 
7.301000e-03 
3.189000e-03 
1.989000e-03 
-1.645000e-03 
-2.777000e-03 
2.379000e-03 
2.175000e-03 
-1.023600e-02 
-1.783200e-02 
-9.493000e-03 
-2.539000e-03 
-1.200000e-05 
3.087000e-03 
-4.240000e-04 
-2.942000e-03 
5.300000e-04 
1.927000e-03 
-5.033000e-03 
-8.912000e-03 
-1.888000e-03 
6.782000e-03 
4.199000e-03 
-4.300000e-04 
9.500000e-05 
1.338000e-03 
1.924000e-03 
2.905000e-03 
9.343000e-03 
1.271100e-02 
6.114000e-03 
-3.641000e-03 
-7.865000e-03 
-8.969000e-03 
-1.199200e-02 
-1.771600e-02 
-2.280900e-02 
-2.294900e-02 
-2.198900e-02 
-2.652100e-02 
-2.493000e-02 
-1.991200e-02 
-1.078300e-02 
-5.598000e-03 
-6.506000e-03 
-1.193300e-02 
-1.150700e-02 
4.484000e-03 
1.276400e-02 
1.024400e-02 
7.627000e-03 
2.915000e-03 
-4.209000e-03 
-6.474000e-03 
-9.887000e-03 
-8.774000e-03 
-6.742000e-03 
-1.371700e-02 
-2.433300e-02 
-2.731600e-02 
-2.081600e-02 
-2.179400e-02 
-2.429800e-02 
-2.291500e-02 
-2.655300e-02 
-2.737900e-02 
-2.362900e-02 
-2.257000e-02 
-2.430000e-02 
-2.503400e-02 
-2.084600e-02 
-1.707500e-02 
-1.636600e-02 
-1.431100e-02 
-1.603600e-02 
-1.982700e-02 
-1.676000e-02 
-8.701000e-03 
1.141000e-03 
9.891000e-03 
1.482800e-02 
1.698300e-02 
1.906500e-02 
1.983000e-02 
2.036600e-02 
2.234700e-02 
1.743800e-02 
1.036200e-02 
5.378000e-03 
3.459000e-03 
7.745000e-03 
1.229700e-02 
9.201000e-03 
7.532000e-03 
8.613000e-03 
1.099800e-02 
2.371800e-02 
2.319700e-02 
8.051000e-03 
9.832000e-03 
1.928300e-02 
2.010600e-02 
2.074200e-02 
2.121200e-02 
1.759700e-02 
1.684000e-02 
1.978000e-02 
1.676800e-02 
7.442000e-03 
2.310000e-03 
5.605000e-03 
4.740000e-03 
6.047000e-03 
9.905000e-03 
4.361000e-03 
-6.972000e-03 
-1.031300e-02 
-1.455000e-03 
4.089000e-03 
4.181000e-03 
5.964000e-03 
9.008000e-03 
4.522000e-03 
2.054000e-03 
5.412000e-03 
9.318000e-03 
7.131000e-03 
8.550000e-04 
-2.625000e-03 
-8.621000e-03 
-1.092600e-02 
-1.351500e-02 
-1.706400e-02 
-1.443400e-02 
-1.454700e-02 
-1.636200e-02 
-1.467600e-02 
-1.293100e-02 
-1.133500e-02 
-7.999000e-03 
1.503000e-03 
4.718000e-03 
-8.100000e-05 
-4.720000e-04 
7.594000e-03 
8.614000e-03 
1.618000e-03 
-5.942000e-03 
-9.887000e-03 
-3.312000e-03 
1.685000e-03 
-1.130000e-03 
-2.404000e-03 
6.710000e-04 
2.334000e-03 
4.979000e-03 
2.406000e-03 
-3.870000e-04 
-4.820000e-04 
-1.140000e-04 
1.511000e-03 
-8.880000e-04 
8.310000e-04 
5.459000e-03 
2.292000e-03 
2.238000e-03 
7.537000e-03 
2.503000e-03 
-6.075000e-03 
-7.265000e-03 
-1.071000e-03 
1.167000e-03 
1.900000e-05 
1.786000e-03 
4.320000e-03 
9.050000e-03 
7.392000e-03 
9.028000e-03 
9.829000e-03 
1.162000e-02 
1.542400e-02 
1.302200e-02 
1.308700e-02 
1.501100e-02 
1.387800e-02 
4.873000e-03 
2.858000e-03 
8.633000e-03 
1.471000e-02 
1.862900e-02 
1.756300e-02 
1.532400e-02 
1.297900e-02 
1.099800e-02 
9.950000e-03 
3.139000e-03 
-7.043000e-03 
-1.322100e-02 
-1.039300e-02 
-8.641000e-03 
-9.894000e-03 
-3.570000e-03 
-3.930000e-04 
-1.774000e-03 
-7.627000e-03 
-1.064700e-02 
-5.690000e-03 
-5.966000e-03 
-9.802000e-03 
-1.088000e-02 
-1.064100e-02 
-1.108200e-02 
-9.738000e-03 
-1.141700e-02 
-1.934400e-02 
-1.935900e-02 
-1.663400e-02 
-1.774800e-02 
-1.851400e-02 
-1.449200e-02 
-1.423800e-02 
-1.782000e-02 
-1.700800e-02 
-9.559000e-03 
-1.360000e-04 
3.452000e-03 
2.657000e-03 
2.825000e-03 
6.725000e-03 
1.304000e-03 
-7.814000e-03 
-1.077900e-02 
-1.094800e-02 
-9.992000e-03 
-8.455000e-03 
-6.712000e-03 
-5.017000e-03 
-2.926000e-03 
1.453000e-03 
1.204000e-03 
-1.968000e-03 
2.747000e-03 
7.636000e-03 
6.475000e-03 
2.562000e-03 
-1.852000e-03 
-4.900000e-05 
5.332000e-03 
9.402000e-03 
1.017700e-02 
8.445000e-03 
7.963000e-03 
9.883000e-03 
1.290900e-02 
1.034300e-02 
8.238000e-03 
7.667000e-03 
1.331400e-02 
2.039500e-02 
1.872400e-02 
1.356300e-02 
1.172700e-02 
1.296200e-02 
1.063400e-02 
1.001500e-02 
1.080900e-02 
9.765000e-03 
4.146000e-03 
2.755000e-03 
9.230000e-03 
1.312800e-02 
1.422900e-02 
9.227000e-03 
3.509000e-03 
2.453000e-03 
7.710000e-04 
-6.890000e-04 
-2.212000e-03 
-1.885000e-03 
-3.748000e-03 
-6.473000e-03 
-3.508000e-03 
-2.033000e-03 
-4.113000e-03 
-9.046000e-03 
-1.162300e-02 
-9.277000e-03 
-5.939000e-03 
-2.620000e-03 
-3.036000e-03 
-3.570000e-03 
-1.894000e-03 
-4.894000e-03 
-7.022000e-03 
-6.984000e-03 
-5.515000e-03 
-3.258000e-03 
-2.852000e-03 
-2.358000e-03 
-3.393000e-03 
-5.202000e-03 
-8.646000e-03 
-9.028000e-03 
-8.811000e-03 
-9.367000e-03 
-9.449000e-03 
-1.104800e-02 
-1.123500e-02 
-1.182500e-02 
-1.164500e-02 
-9.880000e-03 
-7.567000e-03 
-5.084000e-03 
-1.192000e-03 
2.947000e-03 
4.607000e-03 
3.130000e-03 
-1.152000e-03 
-8.070000e-04 
2.828000e-03 
2.973000e-03 
1.958000e-03 
3.863000e-03 
6.876000e-03 
5.852000e-03 
4.202000e-03 
1.586000e-03 
5.980000e-04 
3.333000e-03 
6.216000e-03 
7.626000e-03 
6.235000e-03 
3.751000e-03 
1.792000e-03 
2.811000e-03 
4.952000e-03 
3.611000e-03 
2.480000e-03 
3.214000e-03 
2.858000e-03 
1.234000e-03 
6.300000e-05 
-1.672000e-03 
-3.731000e-03 
-3.119000e-03 
-2.593000e-03 
-1.835000e-03 
-6.260000e-04 
-4.930000e-04 
-1.785000e-03 
-2.016000e-03 
-3.100000e-04 
2.189000e-03 
2.461000e-03 
-3.180000e-04 
-8.370000e-04 
-1.230000e-03 
-1.273000e-03 
-7.510000e-04 
-7.150000e-04 
-1.327000e-03 
-1.753000e-03 
-5.200000e-04 
8.000000e-04 
1.437000e-03 
7.990000e-04 
-3.510000e-04 
-5.650000e-04 
-3.770000e-04 
-1.240000e-04 
2.700000e-04 
-5.530000e-04 
-1.481000e-03 
-1.246000e-03 
-5.190000e-04 
-2.510000e-04 
-3.040000e-04 
-9.600000e-05 
4.270000e-04 
3.420000e-04 
7.900000e-05 
4.220000e-04 
9.250000e-04 
1.478000e-03 
1.770000e-03 
1.716000e-03 
1.482000e-03 
1.591000e-03 
1.485000e-03 
1.003000e-03 
1.018000e-03 
1.075000e-03 
1.004000e-03 
6.770000e-04 
3.450000e-04 
5.360000e-04 
7.890000e-04 
8.350000e-04 
5.220000e-04 
6.200000e-05 
6.100000e-05 
2.220000e-04 
2.050000e-04 
4.600000e-05 
-1.620000e-04 
-1.740000e-04 
-4.800000e-05 
1.420000e-04 
1.570000e-04 
-5.400000e-05 
-8.200000e-05 
-2.700000e-05 
-6.900000e-05 
-1.030000e-04 
-1.110000e-04 
-8.800000e-05 
-1.000000e-05 
1.400000e-05 
-3.200000e-05 
-8.300000e-05 
-1.260000e-04 
-1.630000e-04 
-2.050000e-04 
-2.090000e-04 
-2.080000e-04 
-2.380000e-04 
-2.630000e-04 
-2.720000e-04 
-2.580000e-04 
-2.350000e-04 
-2.090000e-04 
-1.740000e-04 
-1.380000e-04 
-1.010000e-04 
-6.500000e-05 
-2.900000e-05 
