1 
2.000000e-02 
-3.420000e-04 
3.020000e-04 
9.780000e-04 
-2.810000e-04 
-1.730000e-03 
1.591000e-03 
3.373000e-03 
2.111000e-03 
6.910000e-04 
1.979000e-03 
4.010000e-03 
1.883000e-03 
2.229000e-03 
3.574000e-03 
2.724000e-03 
8.210000e-04 
5.360000e-04 
2.636000e-03 
4.279000e-03 
1.933000e-03 
-2.167000e-03 
-1.746000e-03 
2.122000e-03 
2.203000e-03 
2.369000e-03 
1.602000e-03 
-1.610000e-04 
-4.880000e-04 
3.790000e-04 
2.280000e-03 
3.070000e-04 
-1.559000e-03 
-9.000000e-05 
1.712000e-03 
2.880000e-03 
3.138000e-03 
-1.022000e-03 
-1.787000e-03 
-8.810000e-04 
-8.700000e-05 
1.974000e-03 
-9.110000e-04 
-3.498000e-03 
1.810000e-04 
3.566000e-03 
2.374000e-03 
-1.635000e-03 
-3.116000e-03 
2.352000e-03 
4.582000e-03 
1.161000e-03 
9.350000e-04 
2.425000e-03 
-4.730000e-04 
-2.334000e-03 
-1.885000e-03 
6.060000e-04 
4.163000e-03 
1.976000e-03 
-1.069000e-03 
1.044000e-03 
1.194000e-03 
5.210000e-04 
-2.820000e-04 
3.329000e-03 
3.763000e-03 
-2.233000e-03 
-1.632000e-03 
-1.346000e-03 
2.395000e-03 
2.724000e-03 
-1.458000e-03 
4.040000e-04 
3.341000e-03 
3.356000e-03 
-1.749000e-03 
-2.997000e-03 
-2.164000e-03 
-1.800000e-03 
-2.395000e-03 
3.309000e-03 
3.011000e-03 
1.153000e-03 
-7.500000e-05 
-3.599000e-03 
1.045000e-03 
4.460000e-04 
-1.178000e-03 
-2.565000e-03 
2.103000e-03 
3.110000e-03 
6.716000e-03 
4.765000e-03 
-1.204000e-03 
-1.081000e-03 
4.330000e-04 
-5.830000e-04 
-7.620000e-04 
-9.200000e-05 
7.530000e-04 
4.517000e-03 
4.360000e-03 
2.221000e-03 
-2.264000e-03 
-1.941000e-03 
-8.800000e-04 
-7.080000e-04 
-1.682000e-03 
-1.776000e-03 
-4.497000e-03 
-2.647000e-03 
1.863000e-03 
8.601000e-03 
4.325000e-03 
-5.247000e-03 
3.120000e-03 
7.072000e-03 
4.434000e-03 
2.340000e-04 
-6.767000e-03 
-9.175000e-03 
2.260000e-03 
8.503000e-03 
5.805000e-03 
-4.680000e-04 
-1.797600e-02 
-1.570100e-02 
6.509000e-03 
1.125500e-02 
3.669000e-03 
-7.555000e-03 
-5.826000e-03 
-6.760000e-04 
4.585000e-03 
9.146000e-03 
-3.710000e-04 
-1.194300e-02 
-1.139200e-02 
7.667000e-03 
8.873000e-03 
2.660000e-04 
-3.666000e-03 
-2.894000e-03 
4.710000e-04 
8.125000e-03 
3.330000e-03 
-2.036000e-02 
-2.653800e-02 
-8.084000e-03 
1.282100e-02 
9.576000e-03 
-4.964000e-03 
-1.648100e-02 
-1.247400e-02 
7.286000e-03 
1.921200e-02 
9.998000e-03 
-4.472000e-03 
-2.038400e-02 
-1.283400e-02 
1.742100e-02 
1.575100e-02 
-8.545000e-03 
-1.783000e-02 
6.310000e-04 
1.314400e-02 
8.586000e-03 
-4.930000e-04 
-3.455000e-03 
-3.977000e-03 
-1.310000e-04 
1.621000e-03 
-1.876000e-03 
-2.553000e-03 
-1.394000e-03 
7.236000e-03 
1.974000e-03 
-4.646000e-03 
-2.861000e-03 
6.233000e-03 
7.737000e-03 
-1.758000e-03 
-2.677000e-03 
-1.306000e-03 
7.237000e-03 
7.673000e-03 
-3.097000e-03 
4.596000e-03 
9.716000e-03 
1.834000e-03 
-1.281800e-02 
-7.377000e-03 
3.315000e-03 
1.770000e-03 
6.402000e-03 
-8.820000e-04 
-2.355000e-03 
-2.745000e-03 
-8.590000e-04 
7.455000e-03 
6.105000e-03 
-2.830000e-03 
-6.041000e-03 
-2.642000e-03 
8.970000e-04 
-3.263000e-03 
2.630000e-03 
1.204200e-02 
6.661000e-03 
6.115000e-03 
3.183000e-03 
-7.533000e-03 
-8.986000e-03 
-1.824000e-03 
-3.640000e-03 
-1.550800e-02 
-8.141000e-03 
-1.817000e-03 
-6.644000e-03 
-7.478000e-03 
1.099000e-03 
2.891000e-03 
-2.868000e-03 
-1.239400e-02 
-1.813400e-02 
-3.300000e-04 
1.001000e-03 
-1.545000e-03 
-2.992000e-03 
-3.470000e-04 
4.760000e-03 
6.350000e-04 
-1.001200e-02 
-1.208400e-02 
-3.694000e-03 
4.050000e-03 
1.370000e-04 
-1.348000e-03 
4.420000e-03 
-3.215000e-03 
-9.275000e-03 
-1.716000e-03 
7.325000e-03 
1.826000e-03 
-5.516000e-03 
4.542000e-03 
1.042200e-02 
3.967000e-03 
-1.056100e-02 
-5.110000e-04 
1.685800e-02 
1.229700e-02 
1.098800e-02 
3.592000e-03 
-9.517000e-03 
-1.362400e-02 
6.356000e-03 
8.818000e-03 
-2.881000e-03 
-9.970000e-04 
4.711000e-03 
4.002000e-03 
3.150000e-03 
6.013000e-03 
-1.601000e-03 
-6.843000e-03 
-9.024000e-03 
-8.042000e-03 
1.873000e-03 
7.116000e-03 
4.050000e-03 
-7.651000e-03 
-6.706000e-03 
-7.035000e-03 
-9.268000e-03 
1.070000e-03 
2.110000e-04 
-1.900000e-03 
3.748000e-03 
4.115000e-03 
1.362000e-03 
-1.006900e-02 
-7.572000e-03 
3.787000e-03 
-1.341000e-03 
-1.793000e-03 
3.766000e-03 
8.821000e-03 
5.210000e-03 
6.916000e-03 
9.218000e-03 
1.022900e-02 
1.410500e-02 
6.891000e-03 
-6.895000e-03 
-5.206000e-03 
2.969000e-03 
-2.788000e-03 
-4.644000e-03 
6.390000e-04 
-7.227000e-03 
-1.844600e-02 
-1.183500e-02 
-5.683000e-03 
-6.361000e-03 
2.120000e-03 
7.191000e-03 
5.956000e-03 
3.379000e-03 
3.613000e-03 
-3.770000e-04 
-5.933000e-03 
-1.105200e-02 
-1.480900e-02 
-9.811000e-03 
-5.805000e-03 
2.659000e-03 
6.596000e-03 
1.312200e-02 
8.185000e-03 
-5.158000e-03 
-1.851000e-03 
4.679000e-03 
4.084000e-03 
-6.268000e-03 
-1.921300e-02 
-2.609600e-02 
-1.873000e-03 
1.779300e-02 
4.865000e-03 
-1.398400e-02 
-7.657000e-03 
5.771000e-03 
3.108000e-03 
5.181000e-03 
-6.380000e-04 
-3.359000e-03 
-4.373000e-03 
-8.777000e-03 
-1.451600e-02 
-1.500000e-04 
1.610000e-03 
-1.041600e-02 
-9.377000e-03 
-5.419000e-03 
7.026000e-03 
2.675000e-03 
-1.161100e-02 
-1.126000e-02 
8.570000e-04 
-4.903000e-03 
-9.601000e-03 
-2.130000e-03 
8.965000e-03 
1.899100e-02 
4.985000e-03 
-1.701100e-02 
-9.441000e-03 
2.132000e-02 
1.688400e-02 
-1.150900e-02 
-1.825800e-02 
2.600000e-05 
1.493100e-02 
2.790000e-04 
-1.033700e-02 
-1.084100e-02 
-7.897000e-03 
-8.196000e-03 
6.988000e-03 
2.245400e-02 
-5.832000e-03 
-3.007200e-02 
-1.343800e-02 
1.574100e-02 
3.089600e-02 
1.721800e-02 
1.470000e-04 
-1.753000e-03 
1.719000e-03 
9.627000e-03 
1.364000e-03 
8.504000e-03 
8.535000e-03 
-1.090000e-04 
2.180000e-04 
-3.292000e-03 
-3.050000e-03 
-1.970700e-02 
1.569000e-03 
1.779100e-02 
2.984000e-03 
-6.054000e-03 
-2.266700e-02 
-3.650900e-02 
-2.491700e-02 
-4.902000e-03 
9.158000e-03 
-4.377000e-03 
-9.785000e-03 
6.331000e-03 
1.524300e-02 
2.385100e-02 
3.898000e-03 
-1.292800e-02 
-9.465000e-03 
-6.608000e-03 
-3.612000e-03 
1.068200e-02 
1.077300e-02 
6.548000e-03 
1.136100e-02 
3.762000e-03 
-1.053200e-02 
-2.449600e-02 
-1.312000e-02 
-6.100000e-04 
-1.178400e-02 
1.670000e-04 
2.339400e-02 
2.429100e-02 
1.658000e-03 
-9.167000e-03 
5.803000e-03 
1.129400e-02 
5.502000e-03 
-2.042000e-03 
-6.502000e-03 
-7.642000e-03 
-1.485000e-02 
3.117000e-03 
7.230000e-03 
-1.424500e-02 
-2.553800e-02 
-1.524600e-02 
1.786000e-03 
-1.137600e-02 
-1.547500e-02 
-2.094300e-02 
-8.028000e-03 
2.051300e-02 
3.140400e-02 
1.911500e-02 
8.390000e-04 
-9.675000e-03 
-1.123400e-02 
2.467000e-03 
-1.052000e-03 
-1.607300e-02 
-2.989000e-03 
1.740100e-02 
7.259000e-03 
-2.732000e-03 
2.163000e-03 
1.276200e-02 
1.340900e-02 
3.640000e-03 
-2.915000e-03 
-7.098000e-03 
-7.374000e-03 
-6.620000e-03 
-6.168000e-03 
-3.630000e-03 
-1.216200e-02 
-6.929000e-03 
2.601000e-03 
-5.750000e-04 
1.574000e-03 
-6.990000e-04 
-6.458000e-03 
4.866000e-03 
9.260000e-03 
-5.080000e-03 
-1.249200e-02 
-8.871000e-03 
-2.748000e-03 
-1.374300e-02 
-8.630000e-03 
-1.187100e-02 
-6.273000e-03 
1.269900e-02 
6.310000e-04 
-1.433300e-02 
7.820000e-03 
3.397400e-02 
2.436000e-02 
6.650000e-04 
-4.175000e-03 
8.256000e-03 
7.976000e-03 
9.169000e-03 
1.187800e-02 
-8.430000e-04 
-2.691000e-03 
7.910000e-04 
-8.589000e-03 
-1.724400e-02 
-1.473800e-02 
-1.110600e-02 
-2.234400e-02 
-1.251800e-02 
1.955000e-03 
-8.550000e-03 
-9.330000e-03 
2.525000e-03 
8.777000e-03 
1.250700e-02 
1.342100e-02 
4.835000e-03 
-8.501000e-03 
-1.544000e-02 
-1.677000e-03 
2.099800e-02 
3.461100e-02 
1.939200e-02 
-1.642300e-02 
-2.479900e-02 
-2.778000e-03 
7.118000e-03 
-7.730000e-03 
-7.651000e-03 
5.928000e-03 
4.854000e-03 
6.866000e-03 
2.014200e-02 
3.203500e-02 
2.523200e-02 
-7.611000e-03 
-3.346700e-02 
-3.188100e-02 
-1.955600e-02 
-2.051000e-03 
4.845000e-03 
-6.234000e-03 
1.297900e-02 
3.616300e-02 
3.758300e-02 
5.523000e-03 
6.020000e-04 
5.370000e-04 
-9.757000e-03 
-9.697000e-03 
-2.005200e-02 
-2.422700e-02 
-2.781400e-02 
-2.811300e-02 
-1.285700e-02 
1.774500e-02 
2.129000e-02 
5.113000e-03 
-1.075200e-02 
5.347000e-03 
1.104700e-02 
1.695900e-02 
7.069000e-03 
1.927600e-02 
3.416700e-02 
3.342500e-02 
8.399000e-03 
-2.378500e-02 
-1.844500e-02 
-1.532100e-02 
-2.948000e-03 
-1.107400e-02 
6.693000e-03 
1.205900e-02 
-1.397800e-02 
-1.796600e-02 
-1.433800e-02 
-5.250000e-03 
4.903000e-03 
-1.202700e-02 
-2.009000e-02 
-7.690000e-04 
1.420600e-02 
-7.152000e-03 
9.580000e-04 
1.481100e-02 
-1.075500e-02 
-2.280000e-02 
-3.321300e-02 
-1.013300e-02 
-5.093000e-03 
-2.735700e-02 
-2.748800e-02 
-1.060700e-02 
-1.493400e-02 
-3.225500e-02 
-4.002100e-02 
-2.035500e-02 
-4.968000e-03 
-4.375000e-03 
1.610500e-02 
3.648700e-02 
3.674000e-02 
4.873000e-02 
2.144100e-02 
-1.632500e-02 
7.429000e-03 
1.685600e-02 
2.881500e-02 
2.503700e-02 
2.432200e-02 
3.320500e-02 
4.541500e-02 
2.310200e-02 
5.289000e-03 
2.739000e-02 
2.878300e-02 
-1.578000e-03 
-2.376800e-02 
-1.884000e-02 
-2.349100e-02 
-3.562200e-02 
-6.141600e-02 
-5.210200e-02 
2.121000e-03 
5.117700e-02 
4.366300e-02 
3.006300e-02 
3.353100e-02 
2.154600e-02 
9.810000e-04 
-1.626400e-02 
-9.930000e-03 
-7.547000e-03 
5.131000e-03 
3.737300e-02 
3.015500e-02 
2.930000e-03 
-1.584400e-02 
-3.799100e-02 
-1.728500e-02 
2.588000e-02 
5.862100e-02 
6.231200e-02 
3.476600e-02 
1.542600e-02 
5.639000e-03 
3.536000e-03 
1.151500e-02 
1.814300e-02 
2.582700e-02 
5.130700e-02 
5.005600e-02 
3.020000e-02 
4.335100e-02 
5.840600e-02 
5.855100e-02 
6.581700e-02 
7.980500e-02 
8.358500e-02 
7.559600e-02 
6.532200e-02 
5.690100e-02 
3.391200e-02 
-8.744000e-03 
-3.656400e-02 
-3.151800e-02 
-1.280600e-02 
2.671000e-03 
1.166900e-02 
2.771900e-02 
4.735200e-02 
5.511900e-02 
4.615400e-02 
2.896900e-02 
1.189700e-02 
-1.306900e-02 
-3.786300e-02 
-4.166500e-02 
-3.944400e-02 
-2.838700e-02 
-1.496000e-03 
1.104200e-02 
-8.942000e-03 
-5.382300e-02 
-8.019400e-02 
-8.397300e-02 
-7.768700e-02 
-6.290100e-02 
-6.504700e-02 
-7.403100e-02 
-8.162900e-02 
-8.231200e-02 
-7.058400e-02 
-4.635400e-02 
-1.350700e-02 
4.374000e-03 
-1.165700e-02 
-2.946800e-02 
-9.773000e-03 
4.372500e-02 
1.058240e-01 
1.424390e-01 
1.439930e-01 
8.554300e-02 
2.224800e-02 
-5.805000e-03 
2.660000e-03 
4.456800e-02 
7.680100e-02 
1.133900e-01 
1.411600e-01 
1.490490e-01 
1.518040e-01 
1.238940e-01 
9.112200e-02 
5.093600e-02 
5.436000e-03 
-1.022000e-03 
3.679000e-03 
-1.890700e-02 
-6.846100e-02 
-1.088360e-01 
-1.210350e-01 
-1.126730e-01 
-5.169100e-02 
1.534300e-02 
1.106700e-02 
-2.795800e-02 
-4.966300e-02 
-1.016000e-02 
5.633100e-02 
8.739900e-02 
9.381100e-02 
8.099400e-02 
6.288500e-02 
5.578500e-02 
6.856500e-02 
1.064580e-01 
1.221240e-01 
8.407500e-02 
9.089000e-03 
-5.635300e-02 
-9.193000e-02 
-1.097520e-01 
-1.177360e-01 
-1.254330e-01 
-1.341020e-01 
-1.274560e-01 
-1.160460e-01 
-1.240010e-01 
-1.273770e-01 
-9.989900e-02 
-7.888800e-02 
-1.030630e-01 
-1.433910e-01 
-1.558390e-01 
-1.185730e-01 
-3.463500e-02 
5.250500e-02 
9.744600e-02 
8.176600e-02 
3.432700e-02 
7.025000e-03 
-3.182000e-03 
-9.819000e-03 
-2.356000e-03 
2.180300e-02 
6.979200e-02 
8.408600e-02 
4.637400e-02 
8.524000e-03 
-2.715600e-02 
-2.552700e-02 
1.544700e-02 
5.322300e-02 
7.305700e-02 
8.982100e-02 
1.068580e-01 
8.476500e-02 
2.361000e-02 
-1.399100e-02 
-1.075900e-02 
-1.183400e-02 
-2.422200e-02 
3.613000e-03 
7.601800e-02 
1.073610e-01 
8.569100e-02 
7.269000e-02 
7.110900e-02 
6.705000e-02 
7.007700e-02 
4.280500e-02 
1.500200e-02 
2.542000e-02 
4.554400e-02 
3.999900e-02 
3.017800e-02 
4.447700e-02 
7.016600e-02 
9.826900e-02 
1.017480e-01 
9.625700e-02 
6.873100e-02 
4.531200e-02 
3.949900e-02 
3.801500e-02 
2.239900e-02 
-1.609500e-02 
-1.537200e-02 
6.180000e-03 
1.989400e-02 
3.786100e-02 
3.774400e-02 
-4.440000e-04 
-6.560600e-02 
-1.230070e-01 
-1.575350e-01 
-1.843950e-01 
-2.081450e-01 
-2.269600e-01 
-2.347770e-01 
-2.461150e-01 
-2.497790e-01 
-2.304280e-01 
-2.031590e-01 
-1.847630e-01 
-1.731490e-01 
-1.520550e-01 
-1.220630e-01 
-9.629300e-02 
-7.512800e-02 
-5.201600e-02 
-4.962200e-02 
-5.386500e-02 
-5.953000e-02 
-6.822200e-02 
-7.517400e-02 
-7.602100e-02 
-5.941700e-02 
-3.684700e-02 
-1.623400e-02 
2.530000e-03 
2.157800e-02 
4.402900e-02 
6.793800e-02 
9.197200e-02 
1.142510e-01 
1.418010e-01 
1.607320e-01 
1.721020e-01 
1.715600e-01 
1.393550e-01 
9.047200e-02 
4.080000e-02 
2.663300e-02 
2.916000e-02 
1.460400e-02 
8.085000e-03 
1.289900e-02 
3.035200e-02 
5.868700e-02 
7.213900e-02 
8.046300e-02 
8.182100e-02 
6.126700e-02 
2.970700e-02 
5.506000e-03 
-1.015900e-02 
-2.209000e-02 
-4.740400e-02 
-7.190200e-02 
-7.988600e-02 
-8.275600e-02 
-9.156500e-02 
-1.148880e-01 
-1.280840e-01 
-1.358920e-01 
-1.237270e-01 
-1.004550e-01 
-9.488500e-02 
-1.007360e-01 
-1.138110e-01 
-1.144750e-01 
-1.087520e-01 
-1.045250e-01 
-1.003860e-01 
-8.713400e-02 
-6.868200e-02 
-3.892700e-02 
-4.827000e-03 
1.920300e-02 
2.700100e-02 
1.698300e-02 
-8.300000e-05 
-1.247200e-02 
-1.260400e-02 
-2.168100e-02 
-3.100100e-02 
-4.636400e-02 
-6.909400e-02 
-8.727000e-02 
-7.537200e-02 
-2.500500e-02 
1.155900e-02 
2.141100e-02 
1.509100e-02 
7.847000e-03 
1.827000e-03 
-1.057200e-02 
-3.392700e-02 
-6.627100e-02 
-7.196400e-02 
-6.475000e-02 
-7.180700e-02 
-8.227300e-02 
-8.140600e-02 
-7.121800e-02 
-7.612500e-02 
-8.407700e-02 
-9.076600e-02 
-8.814000e-02 
-5.470000e-02 
-4.676000e-03 
3.747800e-02 
5.430900e-02 
6.793600e-02 
9.687700e-02 
1.152350e-01 
1.302920e-01 
1.420480e-01 
1.485290e-01 
1.428130e-01 
1.179430e-01 
9.190500e-02 
7.115800e-02 
6.027100e-02 
4.377100e-02 
1.793800e-02 
-8.543000e-03 
-3.087400e-02 
-4.494800e-02 
-5.459700e-02 
-5.772700e-02 
-4.954700e-02 
-3.559400e-02 
-2.425600e-02 
-1.120400e-02 
1.488700e-02 
4.731700e-02 
7.563700e-02 
8.164000e-02 
6.465100e-02 
3.719500e-02 
1.225800e-02 
-1.191800e-02 
-2.112500e-02 
-6.430000e-03 
1.299000e-03 
-1.053800e-02 
-2.791700e-02 
-3.627000e-02 
-4.161500e-02 
-4.407900e-02 
-4.120600e-02 
-3.693200e-02 
-2.125800e-02 
-3.396000e-03 
1.525800e-02 
3.868600e-02 
5.275300e-02 
6.050200e-02 
5.709400e-02 
5.034600e-02 
5.222500e-02 
6.199100e-02 
6.557400e-02 
6.364200e-02 
6.112700e-02 
4.679600e-02 
2.317500e-02 
1.969200e-02 
3.974400e-02 
5.211300e-02 
5.189100e-02 
4.668400e-02 
4.233700e-02 
4.158400e-02 
4.650800e-02 
4.865300e-02 
4.366600e-02 
3.223700e-02 
2.822700e-02 
2.983900e-02 
3.604800e-02 
4.861000e-02 
6.697900e-02 
8.090700e-02 
7.750500e-02 
7.437200e-02 
7.908500e-02 
7.465000e-02 
6.566700e-02 
5.848600e-02 
5.233100e-02 
6.334800e-02 
8.037200e-02 
8.156500e-02 
6.287900e-02 
2.722500e-02 
-2.121300e-02 
-6.069300e-02 
-7.956900e-02 
-8.131100e-02 
-6.221400e-02 
-3.237700e-02 
-2.041300e-02 
-2.002400e-02 
-1.579800e-02 
-6.052000e-03 
-1.480000e-03 
7.220000e-03 
2.231900e-02 
3.302200e-02 
2.955900e-02 
1.450000e-02 
5.095000e-03 
-4.136000e-03 
-1.448400e-02 
-2.205700e-02 
-1.775100e-02 
-1.583000e-02 
-1.793200e-02 
-8.835000e-03 
1.562700e-02 
3.735500e-02 
3.072600e-02 
7.507000e-03 
-2.619600e-02 
-4.779900e-02 
-3.159200e-02 
-9.468000e-03 
-1.842600e-02 
-3.667600e-02 
-4.127500e-02 
-7.935000e-03 
4.998500e-02 
7.199500e-02 
7.007500e-02 
7.018500e-02 
7.938900e-02 
8.246700e-02 
7.474200e-02 
7.876700e-02 
8.691100e-02 
8.863900e-02 
7.284600e-02 
4.308300e-02 
1.908300e-02 
1.152200e-02 
1.739000e-02 
2.250600e-02 
1.513900e-02 
-4.816000e-03 
-2.676400e-02 
-5.031800e-02 
-6.685200e-02 
-7.728800e-02 
-7.652600e-02 
-5.545800e-02 
-2.258300e-02 
1.435300e-02 
4.160200e-02 
4.521500e-02 
3.608600e-02 
2.504900e-02 
1.836400e-02 
2.615300e-02 
4.501500e-02 
6.651900e-02 
6.858100e-02 
3.653200e-02 
5.236000e-03 
-1.098400e-02 
-2.211200e-02 
-1.418900e-02 
6.710000e-04 
1.275900e-02 
3.215000e-03 
-6.079000e-03 
1.126700e-02 
3.329900e-02 
4.700500e-02 
3.438900e-02 
4.850000e-04 
-2.077300e-02 
-2.823800e-02 
-1.623100e-02 
3.646000e-03 
-3.639000e-03 
-2.741000e-02 
-4.962100e-02 
-6.498000e-02 
-7.372400e-02 
-6.972700e-02 
-6.004300e-02 
-6.126100e-02 
-6.839800e-02 
-6.133000e-02 
-5.280100e-02 
-5.344600e-02 
-5.364600e-02 
-4.953300e-02 
-5.083000e-02 
-5.338500e-02 
-5.265600e-02 
-5.973000e-02 
-7.547200e-02 
-7.923900e-02 
-6.446500e-02 
-4.070300e-02 
-1.695000e-03 
1.946800e-02 
2.004200e-02 
2.006900e-02 
1.877900e-02 
1.088600e-02 
1.158000e-02 
3.183300e-02 
5.940500e-02 
7.750500e-02 
7.805500e-02 
6.652900e-02 
5.456700e-02 
5.438800e-02 
5.941400e-02 
5.265700e-02 
3.285400e-02 
8.371000e-03 
-6.546000e-03 
2.820000e-03 
2.212600e-02 
3.516500e-02 
3.024300e-02 
1.907800e-02 
1.394000e-03 
-2.775400e-02 
-4.626600e-02 
-6.162400e-02 
-7.396600e-02 
-7.603000e-02 
-6.565000e-02 
-3.947100e-02 
-1.611900e-02 
-4.022000e-03 
4.580000e-04 
-2.618000e-03 
-2.920000e-03 
-1.170100e-02 
-2.254800e-02 
-1.316000e-02 
-2.447000e-03 
8.831000e-03 
1.941700e-02 
9.815000e-03 
-9.525000e-03 
-1.860200e-02 
-2.653200e-02 
-3.522400e-02 
-3.402400e-02 
-2.835200e-02 
-6.141000e-03 
1.322000e-03 
2.083000e-03 
1.214200e-02 
-1.605000e-03 
-1.790000e-02 
-1.535100e-02 
2.554000e-03 
1.193900e-02 
-1.880000e-03 
6.141000e-03 
3.685100e-02 
3.414600e-02 
1.156300e-02 
-7.128000e-03 
-2.289700e-02 
-4.534700e-02 
-4.535300e-02 
-3.948700e-02 
-4.574000e-02 
-2.424700e-02 
-4.822000e-03 
-1.629000e-03 
7.940000e-03 
2.069000e-03 
-2.095600e-02 
-4.976600e-02 
-4.989500e-02 
-3.366600e-02 
-3.757400e-02 
-4.125200e-02 
-4.534300e-02 
-3.530100e-02 
-1.356200e-02 
-1.187400e-02 
-2.897700e-02 
-4.316100e-02 
-4.571500e-02 
-2.565700e-02 
-2.270200e-02 
-3.248900e-02 
-2.211500e-02 
-6.457000e-03 
8.128000e-03 
2.569400e-02 
3.312400e-02 
1.338400e-02 
-2.806000e-03 
-1.876000e-03 
2.212900e-02 
4.040100e-02 
4.418500e-02 
4.655200e-02 
3.737800e-02 
1.867600e-02 
-5.579000e-03 
-2.097000e-02 
-1.101000e-03 
3.472300e-02 
5.065100e-02 
4.410800e-02 
3.587100e-02 
3.958300e-02 
3.411600e-02 
1.730400e-02 
1.134200e-02 
2.921000e-02 
3.933500e-02 
1.008600e-02 
-1.836500e-02 
-1.252800e-02 
8.744000e-03 
1.623500e-02 
1.222800e-02 
7.218000e-03 
-6.350000e-04 
7.313000e-03 
1.687500e-02 
1.788900e-02 
1.321800e-02 
-2.616000e-03 
-4.469000e-03 
4.746000e-03 
1.739200e-02 
3.413600e-02 
4.231400e-02 
3.931800e-02 
2.319600e-02 
7.507000e-03 
1.552600e-02 
3.002700e-02 
3.494000e-02 
2.866600e-02 
7.391000e-03 
-2.574000e-03 
2.201000e-03 
8.077000e-03 
1.119900e-02 
6.386000e-03 
-4.343000e-03 
-1.997000e-03 
1.434000e-02 
2.051000e-02 
1.811300e-02 
3.154300e-02 
5.315600e-02 
6.318400e-02 
6.087000e-02 
5.971800e-02 
6.914600e-02 
6.869400e-02 
4.679600e-02 
2.410900e-02 
1.702000e-02 
2.260600e-02 
3.089200e-02 
2.730600e-02 
8.651000e-03 
9.300000e-03 
2.236500e-02 
1.805500e-02 
6.788000e-03 
-6.982000e-03 
-2.795800e-02 
-5.495500e-02 
-6.955000e-02 
-7.254300e-02 
-7.310500e-02 
-6.449200e-02 
-4.890900e-02 
-4.055100e-02 
-4.019400e-02 
-4.212200e-02 
-4.798100e-02 
-5.219200e-02 
-4.651400e-02 
-3.164800e-02 
-1.891100e-02 
-1.507200e-02 
-1.240700e-02 
-7.106000e-03 
-7.804000e-03 
-1.042600e-02 
-3.105000e-03 
6.260000e-03 
9.042000e-03 
7.135000e-03 
6.081000e-03 
2.895000e-03 
-4.701000e-03 
-6.381000e-03 
1.276000e-03 
5.136000e-03 
2.533000e-03 
5.000000e-06 
-2.484000e-03 
-5.063000e-03 
-1.281800e-02 
-1.775900e-02 
-2.520600e-02 
-3.868300e-02 
-3.839400e-02 
-3.484100e-02 
-3.781400e-02 
-4.201400e-02 
-3.929600e-02 
-2.547900e-02 
-1.881600e-02 
-1.896100e-02 
-1.766600e-02 
-1.680100e-02 
-1.458200e-02 
-1.358100e-02 
-1.882800e-02 
-3.128000e-02 
-4.147000e-02 
-3.786900e-02 
-1.976600e-02 
-5.922000e-03 
-9.642000e-03 
-1.691400e-02 
-1.468200e-02 
-6.536000e-03 
-1.851000e-03 
-3.688000e-03 
-7.644000e-03 
-9.248000e-03 
-1.788600e-02 
-2.791800e-02 
-3.550200e-02 
-3.954700e-02 
-3.113300e-02 
-1.713400e-02 
-6.441000e-03 
-7.063000e-03 
-1.522000e-02 
-1.971500e-02 
-2.378600e-02 
-4.151100e-02 
-6.222700e-02 
-7.055900e-02 
-5.668000e-02 
-3.832700e-02 
-1.889400e-02 
1.529800e-02 
3.753200e-02 
2.808100e-02 
4.568000e-03 
6.650000e-04 
9.837000e-03 
1.628500e-02 
2.695000e-02 
3.764800e-02 
4.634200e-02 
4.591400e-02 
4.741600e-02 
5.948300e-02 
6.347100e-02 
5.765200e-02 
4.971200e-02 
4.419000e-02 
3.753300e-02 
3.096000e-02 
3.275400e-02 
3.597300e-02 
3.916700e-02 
4.819200e-02 
5.716400e-02 
6.307200e-02 
6.636100e-02 
7.039300e-02 
6.581300e-02 
5.361300e-02 
4.944900e-02 
4.531300e-02 
3.902100e-02 
2.620600e-02 
6.012000e-03 
-4.855000e-03 
3.490000e-04 
1.372200e-02 
2.190200e-02 
1.923300e-02 
1.354100e-02 
1.226900e-02 
1.815800e-02 
1.783700e-02 
1.104000e-02 
6.848000e-03 
-6.137000e-03 
-1.864300e-02 
-1.457600e-02 
4.609000e-03 
1.392900e-02 
1.085100e-02 
7.573000e-03 
2.451000e-03 
3.306000e-03 
9.271000e-03 
1.013200e-02 
1.333000e-02 
2.543300e-02 
3.488100e-02 
2.704200e-02 
8.055000e-03 
-4.189000e-03 
-1.230000e-02 
-2.426900e-02 
-2.873800e-02 
-2.498100e-02 
-2.543700e-02 
-3.504300e-02 
-4.547000e-02 
-4.700300e-02 
-4.678200e-02 
-4.827900e-02 
-4.672900e-02 
-3.843600e-02 
-3.031400e-02 
-2.522100e-02 
-2.882600e-02 
-2.941100e-02 
-2.569300e-02 
-1.922000e-02 
-9.280000e-03 
-5.680000e-03 
-7.714000e-03 
-2.335900e-02 
-3.665500e-02 
-3.742200e-02 
-2.706700e-02 
-1.910100e-02 
-2.015800e-02 
-1.957200e-02 
-1.611200e-02 
-8.365000e-03 
-4.560000e-04 
-4.865000e-03 
-2.136400e-02 
-2.228700e-02 
-7.360000e-03 
8.291000e-03 
1.442000e-02 
8.678000e-03 
1.080000e-03 
-7.819000e-03 
-1.072300e-02 
2.607000e-03 
2.031400e-02 
2.014600e-02 
-3.791000e-03 
-4.103300e-02 
-6.838400e-02 
-5.992600e-02 
-3.116600e-02 
-1.251000e-02 
5.190000e-03 
3.141300e-02 
6.045200e-02 
7.028800e-02 
3.809000e-02 
-1.100000e-02 
-3.624500e-02 
-1.498300e-02 
2.233300e-02 
3.746800e-02 
3.806700e-02 
1.118700e-02 
-2.309400e-02 
-5.068000e-02 
-7.004900e-02 
-4.488200e-02 
-1.305400e-02 
3.303000e-03 
2.022900e-02 
2.784700e-02 
-7.440000e-04 
-1.900600e-02 
-2.189000e-03 
-1.326900e-02 
-3.109300e-02 
-3.353700e-02 
-2.470600e-02 
1.345500e-02 
4.193400e-02 
2.710700e-02 
-3.003000e-03 
-1.014500e-02 
1.195900e-02 
3.152400e-02 
3.969600e-02 
4.546500e-02 
4.661000e-02 
3.324000e-02 
1.490900e-02 
-8.350000e-04 
-1.242000e-02 
-7.934000e-03 
5.080000e-03 
2.368900e-02 
4.053100e-02 
4.848400e-02 
4.826000e-02 
2.804700e-02 
2.275000e-03 
-1.061300e-02 
-3.443000e-03 
1.944700e-02 
3.782100e-02 
4.429500e-02 
4.023200e-02 
2.814700e-02 
6.601000e-03 
-6.610000e-03 
-3.694000e-03 
1.091500e-02 
1.469300e-02 
6.478000e-03 
5.068000e-03 
5.918000e-03 
9.717000e-03 
1.335100e-02 
2.602000e-03 
-2.025400e-02 
-3.217400e-02 
-2.240700e-02 
-7.813000e-03 
-1.045000e-03 
1.220000e-03 
-1.922000e-03 
-2.561000e-03 
-4.543000e-03 
-1.104100e-02 
-1.506500e-02 
-2.303100e-02 
-3.171500e-02 
-4.108500e-02 
-5.632700e-02 
-6.939200e-02 
-6.822100e-02 
-6.077700e-02 
-5.121100e-02 
-3.436300e-02 
-1.891200e-02 
-9.765000e-03 
-3.765000e-03 
-6.940000e-04 
-4.467000e-03 
-1.311100e-02 
-2.016600e-02 
-2.047400e-02 
-1.284000e-02 
-9.695000e-03 
-1.850200e-02 
-2.539000e-02 
-2.242100e-02 
-1.433300e-02 
-1.057100e-02 
-5.600000e-03 
2.420000e-03 
6.067000e-03 
4.897000e-03 
4.088000e-03 
6.877000e-03 
8.269000e-03 
8.150000e-03 
6.608000e-03 
7.607000e-03 
1.086100e-02 
1.182300e-02 
2.056400e-02 
2.884500e-02 
2.455400e-02 
1.362100e-02 
-2.765000e-03 
-9.347000e-03 
5.288000e-03 
2.516200e-02 
3.499700e-02 
2.998700e-02 
1.798600e-02 
1.313300e-02 
1.396600e-02 
1.095900e-02 
8.668000e-03 
1.469300e-02 
2.875000e-02 
3.874800e-02 
4.336600e-02 
3.121200e-02 
4.125000e-03 
-2.167000e-03 
8.490000e-03 
1.993400e-02 
2.873900e-02 
4.180400e-02 
5.750800e-02 
6.651900e-02 
7.078300e-02 
6.682400e-02 
5.102200e-02 
2.540700e-02 
2.912000e-03 
2.660000e-03 
1.485100e-02 
2.549500e-02 
2.403600e-02 
6.214000e-03 
-1.663500e-02 
-3.375600e-02 
-4.129100e-02 
-3.676000e-02 
-3.015200e-02 
-1.791500e-02 
-3.203000e-03 
8.120000e-04 
1.523000e-03 
1.082000e-03 
-7.596000e-03 
-2.193300e-02 
-2.026300e-02 
-7.777000e-03 
-5.550000e-03 
-1.639300e-02 
-2.648900e-02 
-3.250000e-02 
-3.465000e-02 
-2.507500e-02 
-1.720800e-02 
-1.785500e-02 
-1.352000e-02 
-5.875000e-03 
-4.551000e-03 
-8.183000e-03 
-1.057900e-02 
-8.860000e-03 
-2.764000e-03 
-7.709000e-03 
-2.151000e-02 
-3.003900e-02 
-2.737000e-02 
-1.535000e-02 
-1.069200e-02 
-6.686000e-03 
-4.768000e-03 
-1.092500e-02 
-1.937700e-02 
-1.789000e-02 
-6.363000e-03 
5.026000e-03 
5.221000e-03 
7.600000e-05 
1.486000e-03 
-8.106000e-03 
-2.278300e-02 
-2.078600e-02 
-7.294000e-03 
-9.301000e-03 
-1.132100e-02 
-8.920000e-04 
-3.550000e-04 
-1.047900e-02 
-1.284600e-02 
-3.013000e-03 
6.810000e-03 
1.327500e-02 
1.382000e-02 
1.068600e-02 
9.044000e-03 
1.188100e-02 
1.193600e-02 
1.023000e-02 
1.173200e-02 
8.774000e-03 
4.980000e-04 
-1.191000e-02 
-2.507400e-02 
-3.494800e-02 
-4.124500e-02 
-3.769600e-02 
-2.980900e-02 
-2.188000e-02 
-1.815400e-02 
-1.471100e-02 
-1.147600e-02 
-1.622000e-02 
-1.624300e-02 
-1.903500e-02 
-2.409600e-02 
-2.567500e-02 
-2.281900e-02 
-1.541900e-02 
-4.020000e-03 
7.890000e-04 
-2.120000e-04 
-3.750000e-04 
-4.018000e-03 
-7.092000e-03 
-5.218000e-03 
5.056000e-03 
1.500900e-02 
1.713500e-02 
1.071100e-02 
4.168000e-03 
2.580000e-03 
6.015000e-03 
1.049300e-02 
1.227800e-02 
1.591800e-02 
2.047200e-02 
2.297700e-02 
2.657700e-02 
2.624900e-02 
2.673600e-02 
2.753600e-02 
2.524500e-02 
2.717800e-02 
3.198400e-02 
3.736900e-02 
4.226700e-02 
4.627000e-02 
4.706800e-02 
4.000400e-02 
2.580300e-02 
1.622600e-02 
1.742200e-02 
1.797400e-02 
1.742900e-02 
2.104700e-02 
2.099200e-02 
1.589600e-02 
1.047500e-02 
8.301000e-03 
6.976000e-03 
5.670000e-03 
1.057200e-02 
1.580100e-02 
1.289100e-02 
1.210500e-02 
1.282200e-02 
3.583000e-03 
-7.392000e-03 
-7.378000e-03 
-1.696000e-03 
1.328000e-03 
-6.000000e-06 
-4.871000e-03 
-1.268200e-02 
-1.923400e-02 
-1.666100e-02 
-1.656000e-02 
-2.035600e-02 
-2.085700e-02 
-1.906100e-02 
-1.818200e-02 
-1.762000e-02 
-1.358900e-02 
-1.235500e-02 
-1.030500e-02 
-4.452000e-03 
9.110000e-04 
-1.982000e-03 
-8.051000e-03 
-3.899000e-03 
-2.099000e-03 
-3.056000e-03 
-3.268000e-03 
-2.923000e-03 
-6.452000e-03 
-1.366700e-02 
-1.350800e-02 
-1.384200e-02 
-2.126800e-02 
-2.504900e-02 
-2.208500e-02 
-2.168200e-02 
-2.408000e-02 
-2.717300e-02 
-2.829600e-02 
-2.433100e-02 
-1.552000e-02 
-7.553000e-03 
-5.967000e-03 
-6.940000e-03 
-6.205000e-03 
-2.084000e-03 
5.375000e-03 
7.328000e-03 
3.748000e-03 
5.301000e-03 
1.001000e-02 
1.498300e-02 
1.917900e-02 
1.902700e-02 
1.807000e-02 
1.633800e-02 
1.205600e-02 
4.676000e-03 
4.116000e-03 
6.320000e-03 
4.284000e-03 
-3.210000e-04 
-4.792000e-03 
-5.471000e-03 
-1.046700e-02 
-1.781800e-02 
-2.232500e-02 
-1.739500e-02 
-6.247000e-03 
3.154000e-03 
1.008200e-02 
1.262100e-02 
1.171400e-02 
1.492500e-02 
2.180600e-02 
2.677800e-02 
2.555600e-02 
1.897600e-02 
1.367300e-02 
1.023000e-02 
1.080700e-02 
8.750000e-03 
4.368000e-03 
2.581000e-03 
1.776000e-03 
2.092000e-03 
4.414000e-03 
9.240000e-03 
1.147000e-02 
5.764000e-03 
3.538000e-03 
4.454000e-03 
2.384000e-03 
4.182000e-03 
5.783000e-03 
1.083400e-02 
1.262000e-02 
6.424000e-03 
4.177000e-03 
6.147000e-03 
4.291000e-03 
8.900000e-05 
1.339000e-03 
4.914000e-03 
7.264000e-03 
6.473000e-03 
-2.109000e-03 
-1.075900e-02 
-1.363100e-02 
-1.505100e-02 
-1.623000e-02 
-1.490300e-02 
-1.015100e-02 
-6.350000e-03 
-4.533000e-03 
1.317000e-03 
7.551000e-03 
5.386000e-03 
-3.480000e-04 
-5.775000e-03 
-6.572000e-03 
-8.722000e-03 
-1.377800e-02 
-1.276100e-02 
-8.563000e-03 
-8.633000e-03 
-1.452500e-02 
-1.848600e-02 
-1.648500e-02 
-9.426000e-03 
-1.103000e-03 
3.698000e-03 
5.559000e-03 
4.926000e-03 
1.085000e-03 
-1.840000e-04 
8.210000e-04 
-7.280000e-04 
-7.120000e-04 
-1.563000e-03 
-2.018000e-03 
-2.689000e-03 
-4.162000e-03 
3.690000e-04 
-1.779000e-03 
-1.014700e-02 
-1.357900e-02 
-1.191500e-02 
-6.381000e-03 
-7.023000e-03 
-9.409000e-03 
-9.315000e-03 
-7.124000e-03 
-5.595000e-03 
-6.316000e-03 
-4.793000e-03 
-6.710000e-03 
-8.272000e-03 
-8.107000e-03 
-6.788000e-03 
-4.411000e-03 
-4.621000e-03 
-3.880000e-03 
-3.642000e-03 
-3.715000e-03 
1.309000e-03 
7.650000e-03 
1.186200e-02 
1.450900e-02 
1.646300e-02 
1.577100e-02 
1.551400e-02 
1.728400e-02 
1.456700e-02 
1.347500e-02 
1.338100e-02 
1.505500e-02 
1.682600e-02 
1.593400e-02 
1.803000e-02 
1.862500e-02 
2.125700e-02 
2.410500e-02 
2.256700e-02 
1.695500e-02 
1.455300e-02 
1.705800e-02 
1.518000e-02 
1.350600e-02 
1.261900e-02 
1.227600e-02 
1.239500e-02 
8.978000e-03 
4.414000e-03 
1.703000e-03 
1.949000e-03 
2.482000e-03 
4.543000e-03 
8.361000e-03 
7.829000e-03 
3.461000e-03 
-2.485000e-03 
-8.130000e-03 
-9.455000e-03 
-3.969000e-03 
4.109000e-03 
4.128000e-03 
-2.101000e-03 
-7.466000e-03 
-9.731000e-03 
-9.922000e-03 
-9.746000e-03 
-1.137700e-02 
-1.465200e-02 
-1.395200e-02 
-1.119700e-02 
-1.177300e-02 
-1.495500e-02 
-1.544400e-02 
-1.625100e-02 
-1.754300e-02 
-1.531700e-02 
-1.024700e-02 
-5.231000e-03 
-7.256000e-03 
-1.360200e-02 
-1.471600e-02 
-9.885000e-03 
-5.570000e-03 
-2.349000e-03 
3.391000e-03 
7.579000e-03 
7.351000e-03 
1.035000e-03 
-5.148000e-03 
-5.608000e-03 
-4.641000e-03 
-3.055000e-03 
-1.792000e-03 
-2.511000e-03 
-2.453000e-03 
-2.492000e-03 
-2.306000e-03 
-4.560000e-04 
2.053000e-03 
5.321000e-03 
5.417000e-03 
-1.559000e-03 
-8.464000e-03 
-9.549000e-03 
-7.267000e-03 
3.180000e-04 
5.459000e-03 
1.840000e-03 
-3.954000e-03 
-7.485000e-03 
-7.649000e-03 
-9.110000e-03 
-1.371200e-02 
-1.474000e-02 
-7.579000e-03 
3.610000e-04 
1.353000e-03 
1.588000e-03 
3.250000e-03 
1.806000e-03 
-5.250000e-04 
-9.840000e-04 
-9.790000e-04 
9.690000e-04 
5.510000e-03 
8.947000e-03 
1.058300e-02 
1.300800e-02 
1.269700e-02 
8.270000e-03 
5.363000e-03 
4.809000e-03 
5.989000e-03 
7.946000e-03 
9.608000e-03 
1.074300e-02 
9.784000e-03 
9.299000e-03 
1.008900e-02 
1.227400e-02 
1.343800e-02 
1.163000e-02 
9.407000e-03 
9.292000e-03 
9.993000e-03 
9.950000e-03 
1.018100e-02 
1.109700e-02 
1.204100e-02 
8.989000e-03 
5.023000e-03 
1.452000e-03 
5.110000e-04 
2.019000e-03 
2.350000e-04 
-3.435000e-03 
-6.554000e-03 
-6.894000e-03 
-5.971000e-03 
-7.134000e-03 
-9.240000e-03 
-1.001000e-02 
-8.488000e-03 
-8.066000e-03 
-9.278000e-03 
-7.385000e-03 
-5.986000e-03 
-5.450000e-03 
-7.966000e-03 
-1.015400e-02 
-9.532000e-03 
-9.361000e-03 
-8.540000e-03 
-8.728000e-03 
-8.402000e-03 
-8.219000e-03 
-9.853000e-03 
-1.013400e-02 
-9.682000e-03 
-9.029000e-03 
-7.092000e-03 
-6.182000e-03 
-5.035000e-03 
-4.293000e-03 
-4.270000e-03 
-4.217000e-03 
-3.202000e-03 
-2.628000e-03 
-4.000000e-03 
-6.256000e-03 
-6.616000e-03 
-5.606000e-03 
-5.738000e-03 
-6.153000e-03 
-4.516000e-03 
-1.872000e-03 
-1.154000e-03 
-1.499000e-03 
-2.303000e-03 
-2.358000e-03 
-1.310000e-03 
-8.940000e-04 
-4.540000e-04 
1.067000e-03 
2.226000e-03 
2.041000e-03 
6.190000e-04 
-6.110000e-04 
3.010000e-04 
1.174000e-03 
7.260000e-04 
1.113000e-03 
2.108000e-03 
3.197000e-03 
4.070000e-03 
5.135000e-03 
5.445000e-03 
5.401000e-03 
4.799000e-03 
4.291000e-03 
4.851000e-03 
4.472000e-03 
4.193000e-03 
4.255000e-03 
4.250000e-03 
4.676000e-03 
4.800000e-03 
4.435000e-03 
3.893000e-03 
3.578000e-03 
3.551000e-03 
3.909000e-03 
3.856000e-03 
3.452000e-03 
3.464000e-03 
3.566000e-03 
3.643000e-03 
3.310000e-03 
2.618000e-03 
1.958000e-03 
1.463000e-03 
1.028000e-03 
4.960000e-04 
2.800000e-04 
3.310000e-04 
4.680000e-04 
4.700000e-04 
6.130000e-04 
7.520000e-04 
6.490000e-04 
3.150000e-04 
-1.640000e-04 
-3.000000e-04 
-4.120000e-04 
-5.210000e-04 
-8.210000e-04 
-1.140000e-03 
-1.347000e-03 
-1.410000e-03 
-1.247000e-03 
-1.206000e-03 
-1.106000e-03 
-1.040000e-03 
-1.106000e-03 
-1.091000e-03 
-1.065000e-03 
-1.081000e-03 
-1.067000e-03 
-1.019000e-03 
-8.900000e-04 
-6.780000e-04 
-5.560000e-04 
-5.140000e-04 
-4.420000e-04 
-3.870000e-04 
-3.250000e-04 
-2.460000e-04 
-1.830000e-04 
-1.360000e-04 
-7.100000e-05 
1.100000e-05 
7.200000e-05 
1.210000e-04 
1.660000e-04 
2.060000e-04 
2.410000e-04 
2.650000e-04 
2.750000e-04 
2.670000e-04 
2.460000e-04 
