1 
1.000000e-02 
-5.290000e-04 
-4.960000e-04 
-5.240000e-04 
-4.970000e-04 
-5.180000e-04 
-4.730000e-04 
-4.920000e-04 
-4.740000e-04 
-5.110000e-04 
-4.910000e-04 
-5.380000e-04 
-5.170000e-04 
-5.390000e-04 
-4.580000e-04 
-3.690000e-04 
-2.910000e-04 
-3.070000e-04 
-3.320000e-04 
-4.560000e-04 
-4.320000e-04 
-4.710000e-04 
-2.880000e-04 
-6.900000e-05 
2.740000e-04 
5.160000e-04 
2.600000e-04 
4.700000e-05 
1.880000e-04 
2.060000e-04 
1.750000e-04 
3.100000e-05 
9.900000e-05 
1.770000e-04 
1.740000e-04 
-4.000000e-05 
-4.720000e-04 
-4.740000e-04 
-1.360000e-04 
-9.400000e-05 
-2.950000e-04 
-6.320000e-04 
-6.990000e-04 
-7.340000e-04 
-7.080000e-04 
-7.100000e-04 
-6.950000e-04 
4.400000e-05 
1.342000e-03 
2.258000e-03 
3.181000e-03 
3.896000e-03 
4.458000e-03 
3.554000e-03 
3.663000e-03 
2.418000e-03 
1.351000e-03 
8.570000e-04 
6.810000e-04 
3.400000e-04 
-5.800000e-04 
-1.454000e-03 
-2.189000e-03 
-2.481000e-03 
-2.379000e-03 
-2.628000e-03 
-2.486000e-03 
-8.990000e-04 
1.626000e-03 
2.415000e-03 
2.163000e-03 
1.000000e-03 
-3.720000e-04 
-2.727000e-03 
-4.288000e-03 
-5.889000e-03 
-6.341000e-03 
-5.130000e-03 
-1.971000e-03 
-4.030000e-04 
6.800000e-05 
8.790000e-04 
1.888000e-03 
2.942000e-03 
3.419000e-03 
3.238000e-03 
3.448000e-03 
2.431000e-03 
1.491000e-03 
-1.058000e-03 
-4.577000e-03 
-7.509000e-03 
-8.330000e-03 
-8.692000e-03 
-9.251000e-03 
-1.041200e-02 
-9.750000e-03 
-8.362000e-03 
-7.423000e-03 
-6.738000e-03 
-4.898000e-03 
-1.580000e-03 
2.277000e-03 
4.787000e-03 
6.487000e-03 
9.319000e-03 
1.229800e-02 
1.160900e-02 
8.937000e-03 
4.885000e-03 
-1.610000e-04 
-4.230000e-03 
-5.005000e-03 
-3.290000e-03 
-2.870000e-04 
2.966000e-03 
6.866000e-03 
9.573000e-03 
9.516000e-03 
8.005000e-03 
6.444000e-03 
5.346000e-03 
4.602000e-03 
2.863000e-03 
4.630000e-04 
-2.799000e-03 
-6.444000e-03 
-9.042000e-03 
-1.063700e-02 
-1.051700e-02 
-7.540000e-03 
-5.333000e-03 
-3.781000e-03 
-6.640000e-04 
2.854000e-03 
5.221000e-03 
5.565000e-03 
3.838000e-03 
1.648000e-03 
2.500000e-04 
-9.400000e-04 
-1.456000e-03 
-1.000000e-06 
2.688000e-03 
4.696000e-03 
5.038000e-03 
5.066000e-03 
4.031000e-03 
1.740000e-03 
-5.130000e-04 
-2.379000e-03 
-2.730000e-03 
-2.668000e-03 
-2.065000e-03 
-1.224000e-03 
-1.518000e-03 
-2.301000e-03 
-2.286000e-03 
3.540000e-04 
1.402000e-03 
-1.858000e-03 
-5.602000e-03 
-6.817000e-03 
-7.524000e-03 
-9.255000e-03 
-1.141100e-02 
-1.300000e-02 
-1.069300e-02 
-3.850000e-03 
3.054000e-03 
9.017000e-03 
1.465100e-02 
1.888800e-02 
1.964700e-02 
1.822200e-02 
1.559200e-02 
1.318600e-02 
1.088100e-02 
9.766000e-03 
1.094700e-02 
1.352900e-02 
1.459900e-02 
1.297300e-02 
7.785000e-03 
1.021000e-03 
-4.953000e-03 
-7.349000e-03 
-7.975000e-03 
-1.137900e-02 
-1.590700e-02 
-1.990900e-02 
-2.425400e-02 
-2.972100e-02 
-3.380500e-02 
-3.379900e-02 
-2.847700e-02 
-1.784400e-02 
-5.308000e-03 
3.563000e-03 
7.717000e-03 
7.602000e-03 
4.631000e-03 
1.733000e-03 
-8.190000e-04 
-1.647000e-03 
-2.670000e-04 
1.593000e-03 
3.747000e-03 
4.778000e-03 
3.590000e-03 
2.348000e-03 
-7.220000e-04 
-5.189000e-03 
-1.084700e-02 
-1.648300e-02 
-2.183700e-02 
-2.701400e-02 
-3.233700e-02 
-3.633000e-02 
-3.910000e-02 
-3.815500e-02 
-3.383100e-02 
-2.735000e-02 
-2.108400e-02 
-1.455900e-02 
-6.568000e-03 
1.997000e-03 
7.384000e-03 
9.778000e-03 
8.427000e-03 
4.907000e-03 
1.624000e-03 
4.680000e-04 
3.879000e-03 
1.017900e-02 
2.056900e-02 
3.213300e-02 
3.968500e-02 
4.245500e-02 
4.012700e-02 
3.466000e-02 
2.901900e-02 
2.376800e-02 
1.891000e-02 
1.535900e-02 
1.726400e-02 
1.920500e-02 
1.417900e-02 
5.430000e-03 
-1.718000e-03 
-8.350000e-03 
-1.040700e-02 
-5.463000e-03 
-2.220000e-04 
5.554000e-03 
4.439000e-03 
3.475000e-03 
9.467000e-03 
1.408700e-02 
1.316700e-02 
8.726000e-03 
3.337000e-03 
8.940000e-04 
4.844000e-03 
8.793000e-03 
9.666000e-03 
5.122000e-03 
8.520000e-04 
-6.298000e-03 
-1.599900e-02 
-2.199600e-02 
-2.030700e-02 
-1.241400e-02 
-3.070000e-04 
9.881000e-03 
1.561700e-02 
1.949700e-02 
2.053100e-02 
1.740600e-02 
4.929000e-03 
-1.131600e-02 
-2.356500e-02 
-2.613100e-02 
-1.683600e-02 
-6.231000e-03 
3.552000e-03 
1.326400e-02 
1.688900e-02 
1.342000e-02 
9.241000e-03 
9.659000e-03 
1.498600e-02 
2.137600e-02 
2.563600e-02 
2.638600e-02 
2.201700e-02 
1.357000e-02 
8.167000e-03 
2.165000e-03 
-2.373000e-03 
-3.124000e-03 
-1.687000e-03 
4.490000e-03 
1.267300e-02 
1.874600e-02 
2.065500e-02 
1.895700e-02 
1.623200e-02 
1.309900e-02 
6.663000e-03 
-1.380000e-04 
-7.644000e-03 
-1.433900e-02 
-1.947900e-02 
-2.354000e-02 
-2.470000e-02 
-2.010700e-02 
-1.044200e-02 
1.671000e-03 
1.134100e-02 
2.067800e-02 
2.921300e-02 
3.427700e-02 
3.516300e-02 
3.004700e-02 
2.078100e-02 
7.762000e-03 
-5.708000e-03 
-1.827500e-02 
-3.002700e-02 
-3.335600e-02 
-2.697000e-02 
-2.092200e-02 
-2.311300e-02 
-3.088500e-02 
-3.746700e-02 
-4.118400e-02 
-4.178700e-02 
-3.828100e-02 
-3.128700e-02 
-2.255900e-02 
-1.331700e-02 
-4.531000e-03 
2.023000e-03 
4.296000e-03 
3.000000e-04 
-7.387000e-03 
-1.688500e-02 
-2.471000e-02 
-2.688300e-02 
-2.636400e-02 
-2.422500e-02 
-2.186400e-02 
-2.038000e-02 
-1.732500e-02 
-1.386700e-02 
-9.661000e-03 
-5.173000e-03 
2.805000e-03 
1.166000e-02 
1.907300e-02 
2.368600e-02 
2.525600e-02 
2.429100e-02 
2.382600e-02 
2.354600e-02 
2.563000e-02 
3.059900e-02 
3.832100e-02 
4.620400e-02 
5.586900e-02 
6.344900e-02 
6.781200e-02 
7.124900e-02 
7.207800e-02 
6.967800e-02 
5.436700e-02 
1.897200e-02 
-1.782800e-02 
-4.641100e-02 
-6.705000e-02 
-8.013000e-02 
-8.732500e-02 
-8.920100e-02 
-8.562400e-02 
-7.942400e-02 
-6.177300e-02 
-3.059400e-02 
-5.023000e-03 
8.306000e-03 
1.185900e-02 
5.781000e-03 
-1.308600e-02 
-3.533000e-02 
-5.562600e-02 
-7.435500e-02 
-8.488000e-02 
-9.091800e-02 
-8.896200e-02 
-7.933900e-02 
-3.446100e-02 
2.939600e-02 
9.171700e-02 
1.349500e-01 
1.440000e-01 
1.404430e-01 
1.193970e-01 
7.411100e-02 
2.207500e-02 
-3.394000e-02 
-6.989700e-02 
-7.648600e-02 
-6.753300e-02 
-4.038600e-02 
-2.443000e-03 
3.288600e-02 
6.894200e-02 
8.805900e-02 
6.800200e-02 
1.995100e-02 
-2.854700e-02 
-7.065600e-02 
-1.009390e-01 
-1.258080e-01 
-1.451200e-01 
-1.522920e-01 
-1.427930e-01 
-9.681200e-02 
-1.864100e-02 
3.713800e-02 
7.474500e-02 
9.060500e-02 
9.222000e-02 
8.214700e-02 
7.291400e-02 
7.540900e-02 
8.088300e-02 
8.365900e-02 
8.446000e-02 
8.517600e-02 
8.464000e-02 
8.110800e-02 
7.408400e-02 
6.371800e-02 
4.760200e-02 
2.760200e-02 
1.556900e-02 
1.674000e-02 
2.492800e-02 
4.004200e-02 
5.549100e-02 
7.746800e-02 
9.652700e-02 
1.016420e-01 
9.682000e-02 
8.747600e-02 
8.206300e-02 
8.445000e-02 
9.002500e-02 
9.488800e-02 
9.939100e-02 
9.861100e-02 
9.218300e-02 
7.801500e-02 
5.916100e-02 
3.592700e-02 
1.061100e-02 
-1.221400e-02 
-2.732400e-02 
-4.118600e-02 
-5.270600e-02 
-5.235200e-02 
-4.892500e-02 
-5.832400e-02 
-7.238700e-02 
-9.454800e-02 
-1.204600e-01 
-1.476770e-01 
-1.686510e-01 
-1.867250e-01 
-2.062360e-01 
-2.216540e-01 
-2.393900e-01 
-2.606550e-01 
-2.718790e-01 
-2.824330e-01 
-2.948950e-01 
-3.082650e-01 
-3.161030e-01 
-3.217590e-01 
-3.241800e-01 
-3.342750e-01 
-3.443240e-01 
-3.485620e-01 
-3.350530e-01 
-2.825120e-01 
-8.856200e-02 
1.237990e-01 
2.378450e-01 
3.218160e-01 
3.771880e-01 
4.017310e-01 
4.066220e-01 
4.143200e-01 
4.191080e-01 
4.122670e-01 
3.942990e-01 
3.650670e-01 
2.935560e-01 
2.057550e-01 
1.004470e-01 
-8.341000e-03 
-6.691800e-02 
-1.060670e-01 
-1.152860e-01 
-1.002770e-01 
-3.830200e-02 
7.112900e-02 
1.496110e-01 
1.954460e-01 
2.272970e-01 
2.382980e-01 
2.318200e-01 
2.115350e-01 
1.770900e-01 
1.369560e-01 
9.113500e-02 
3.955200e-02 
-1.599300e-02 
-7.140200e-02 
-1.266670e-01 
-1.683230e-01 
-2.023550e-01 
-2.266550e-01 
-2.355870e-01 
-2.372980e-01 
-2.327120e-01 
-2.188010e-01 
-2.053870e-01 
-1.907700e-01 
-1.773060e-01 
-1.688780e-01 
-1.574810e-01 
-1.487840e-01 
-1.504690e-01 
-1.436790e-01 
-1.294660e-01 
-9.909700e-02 
-4.349500e-02 
-4.852000e-03 
2.784300e-02 
5.156100e-02 
5.898000e-02 
6.139300e-02 
6.132600e-02 
6.069500e-02 
5.547700e-02 
4.558700e-02 
3.119400e-02 
1.604300e-02 
1.830000e-03 
-1.863900e-02 
-4.185700e-02 
-5.626100e-02 
-6.237200e-02 
-5.717100e-02 
-3.671300e-02 
-3.440000e-03 
2.626600e-02 
5.740900e-02 
8.472900e-02 
1.042120e-01 
1.140970e-01 
1.194500e-01 
1.204630e-01 
1.146610e-01 
1.113040e-01 
1.153360e-01 
1.132520e-01 
1.046290e-01 
9.347400e-02 
7.971500e-02 
6.711800e-02 
5.242600e-02 
3.850200e-02 
2.957300e-02 
2.970200e-02 
3.325000e-02 
3.005000e-02 
2.356900e-02 
1.775600e-02 
1.380500e-02 
1.284300e-02 
1.849600e-02 
2.198000e-02 
1.942000e-02 
1.707400e-02 
1.600900e-02 
1.854100e-02 
2.693500e-02 
3.212300e-02 
2.634700e-02 
1.912200e-02 
1.435100e-02 
1.490000e-02 
1.309400e-02 
6.482000e-03 
-3.187000e-03 
-1.675300e-02 
-3.752300e-02 
-5.674300e-02 
-7.287200e-02 
-8.605700e-02 
-9.083000e-02 
-9.105000e-02 
-8.299000e-02 
-6.325300e-02 
-3.631600e-02 
-1.446900e-02 
-4.072000e-03 
-4.220000e-03 
-1.379100e-02 
-2.848500e-02 
-4.470100e-02 
-5.469600e-02 
-6.269800e-02 
-7.085800e-02 
-7.224500e-02 
-6.935500e-02 
-6.181100e-02 
-4.947000e-02 
-2.962100e-02 
-6.450000e-04 
3.581800e-02 
6.948600e-02 
9.645800e-02 
1.164750e-01 
1.321590e-01 
1.462710e-01 
1.608830e-01 
1.760240e-01 
1.879540e-01 
1.951360e-01 
1.965210e-01 
1.912090e-01 
1.801850e-01 
1.716720e-01 
1.689440e-01 
1.708910e-01 
1.736740e-01 
1.760170e-01 
1.770160e-01 
1.775580e-01 
1.753120e-01 
1.682540e-01 
1.469120e-01 
1.231040e-01 
9.059500e-02 
4.407200e-02 
-3.240000e-03 
-4.289600e-02 
-8.076900e-02 
-1.145670e-01 
-1.400030e-01 
-1.650700e-01 
-1.850300e-01 
-2.030500e-01 
-2.200330e-01 
-2.316210e-01 
-2.386750e-01 
-2.411200e-01 
-2.368550e-01 
-2.229520e-01 
-1.997150e-01 
-1.744820e-01 
-1.505800e-01 
-1.261610e-01 
-1.016050e-01 
-8.089200e-02 
-7.376300e-02 
-7.513800e-02 
-7.543000e-02 
-7.765100e-02 
-7.913800e-02 
-8.358800e-02 
-9.226600e-02 
-1.044940e-01 
-1.141810e-01 
-1.267140e-01 
-1.394030e-01 
-1.463910e-01 
-1.370390e-01 
-1.184420e-01 
-9.898800e-02 
-8.425600e-02 
-6.597300e-02 
-4.766500e-02 
-2.669200e-02 
9.280000e-04 
2.517500e-02 
3.388100e-02 
3.192300e-02 
2.816000e-02 
1.822400e-02 
1.723000e-03 
-1.319600e-02 
-1.809400e-02 
-1.450500e-02 
-5.975000e-03 
1.228900e-02 
3.610000e-02 
5.656100e-02 
7.778800e-02 
9.853800e-02 
1.197270e-01 
1.354920e-01 
1.437530e-01 
1.534440e-01 
1.653760e-01 
1.816670e-01 
1.949760e-01 
2.093190e-01 
2.228080e-01 
2.355920e-01 
2.435160e-01 
2.471110e-01 
2.467940e-01 
2.478520e-01 
2.485780e-01 
2.505180e-01 
2.503880e-01 
2.480760e-01 
2.427640e-01 
2.335560e-01 
2.137480e-01 
1.877580e-01 
1.624400e-01 
1.375080e-01 
1.110410e-01 
8.420000e-02 
6.319800e-02 
4.187100e-02 
1.393300e-02 
-4.353000e-03 
-3.650700e-02 
-7.601200e-02 
-1.074750e-01 
-1.357910e-01 
-1.558450e-01 
-1.685950e-01 
-1.737640e-01 
-1.724470e-01 
-1.683010e-01 
-1.620620e-01 
-1.601860e-01 
-1.633410e-01 
-1.691940e-01 
-1.719700e-01 
-1.738190e-01 
-1.724350e-01 
-1.683900e-01 
-1.601110e-01 
-1.436760e-01 
-9.979200e-02 
-4.543300e-02 
5.408000e-03 
3.815300e-02 
5.413600e-02 
6.004600e-02 
5.991600e-02 
5.819800e-02 
5.315300e-02 
4.752400e-02 
4.130300e-02 
3.597200e-02 
3.003000e-02 
2.140300e-02 
9.027000e-03 
-8.364000e-03 
-3.032800e-02 
-5.049200e-02 
-7.201800e-02 
-8.986400e-02 
-1.022910e-01 
-1.113210e-01 
-1.175800e-01 
-1.226100e-01 
-1.260560e-01 
-1.284680e-01 
-1.293430e-01 
-1.322820e-01 
-1.354300e-01 
-1.387730e-01 
-1.411210e-01 
-1.448170e-01 
-1.485470e-01 
-1.539810e-01 
-1.587330e-01 
-1.617620e-01 
-1.412130e-01 
-1.048190e-01 
-6.787600e-02 
-3.536000e-02 
2.548000e-03 
3.341900e-02 
5.392200e-02 
6.455900e-02 
7.204300e-02 
7.992700e-02 
8.671500e-02 
9.144700e-02 
9.440200e-02 
9.027400e-02 
8.160700e-02 
7.338500e-02 
7.054400e-02 
7.399900e-02 
7.594400e-02 
6.159600e-02 
4.409200e-02 
6.981000e-03 
-3.132100e-02 
-6.961700e-02 
-1.019100e-01 
-1.241470e-01 
-1.393860e-01 
-1.526670e-01 
-1.578650e-01 
-1.534310e-01 
-1.410620e-01 
-1.200620e-01 
-9.937300e-02 
-7.862700e-02 
-6.446100e-02 
-6.064100e-02 
-6.636300e-02 
-8.039700e-02 
-9.636000e-02 
-1.030170e-01 
-1.045420e-01 
-9.506200e-02 
-8.031400e-02 
-4.931000e-02 
-1.335800e-02 
1.562300e-02 
3.681600e-02 
4.845300e-02 
5.430900e-02 
5.571500e-02 
5.585000e-02 
5.690600e-02 
5.890700e-02 
6.217400e-02 
6.689600e-02 
7.357300e-02 
8.330800e-02 
9.674400e-02 
1.120790e-01 
1.242470e-01 
1.302280e-01 
1.241420e-01 
1.144760e-01 
1.065960e-01 
1.012290e-01 
1.010540e-01 
1.040180e-01 
1.073830e-01 
1.051490e-01 
8.255900e-02 
5.001300e-02 
1.818400e-02 
-1.981700e-02 
-5.035400e-02 
-7.791100e-02 
-1.007660e-01 
-1.160850e-01 
-1.258190e-01 
-1.280500e-01 
-1.232260e-01 
-1.004330e-01 
-5.707100e-02 
-2.057100e-02 
2.905000e-03 
1.870200e-02 
3.264600e-02 
4.448900e-02 
5.307200e-02 
5.752700e-02 
5.898400e-02 
6.017200e-02 
5.940100e-02 
5.323600e-02 
4.344300e-02 
3.357900e-02 
3.069900e-02 
3.492200e-02 
4.308900e-02 
5.448800e-02 
6.092600e-02 
5.885100e-02 
5.072200e-02 
3.558700e-02 
1.795000e-02 
7.810000e-04 
-1.630100e-02 
-2.705600e-02 
-3.162300e-02 
-3.312100e-02 
-3.114700e-02 
-2.784800e-02 
-2.423000e-02 
-1.853400e-02 
-8.156000e-03 
8.127000e-03 
2.379000e-02 
4.021700e-02 
5.407300e-02 
6.290900e-02 
6.765700e-02 
6.933600e-02 
6.820900e-02 
6.291600e-02 
5.541400e-02 
3.717800e-02 
1.394500e-02 
-8.589000e-03 
-2.987200e-02 
-5.167600e-02 
-6.291700e-02 
-6.427900e-02 
-5.952700e-02 
-4.344300e-02 
-2.201800e-02 
-3.413000e-03 
1.662500e-02 
2.954800e-02 
3.457400e-02 
3.696200e-02 
3.658500e-02 
3.509300e-02 
3.133900e-02 
2.738400e-02 
2.418100e-02 
2.341100e-02 
2.501600e-02 
2.764700e-02 
3.367500e-02 
3.988200e-02 
4.740400e-02 
5.416900e-02 
5.858300e-02 
6.248100e-02 
6.485000e-02 
6.546700e-02 
6.420000e-02 
6.023000e-02 
5.150900e-02 
3.817900e-02 
2.164400e-02 
5.216000e-03 
-7.101000e-03 
-1.233200e-02 
-1.442100e-02 
-1.143600e-02 
-4.300000e-03 
3.557000e-03 
1.349100e-02 
2.361000e-02 
2.936300e-02 
3.173200e-02 
3.034400e-02 
2.322500e-02 
8.529000e-03 
-8.351000e-03 
-2.424900e-02 
-4.046400e-02 
-5.487900e-02 
-6.279400e-02 
-6.519200e-02 
-6.506900e-02 
-6.204900e-02 
-5.630900e-02 
-5.126700e-02 
-4.520200e-02 
-3.994600e-02 
-3.858500e-02 
-4.116300e-02 
-4.627900e-02 
-5.299500e-02 
-6.047700e-02 
-6.667900e-02 
-6.965600e-02 
-7.155500e-02 
-7.373300e-02 
-7.447600e-02 
-7.557200e-02 
-7.601700e-02 
-7.396300e-02 
-7.002200e-02 
-5.955500e-02 
-3.935900e-02 
-1.972900e-02 
-4.030000e-04 
1.597900e-02 
2.236500e-02 
2.485800e-02 
2.399100e-02 
2.137700e-02 
2.019000e-02 
2.050400e-02 
2.238300e-02 
2.499900e-02 
2.783800e-02 
3.423900e-02 
4.198300e-02 
4.785400e-02 
4.972000e-02 
4.549600e-02 
3.213200e-02 
1.559500e-02 
2.560000e-04 
-8.887000e-03 
-1.416900e-02 
-2.038100e-02 
-2.756100e-02 
-3.797900e-02 
-5.011100e-02 
-6.250100e-02 
-7.334600e-02 
-8.108000e-02 
-8.657700e-02 
-9.081200e-02 
-9.203000e-02 
-9.072600e-02 
-8.718200e-02 
-7.936900e-02 
-6.858500e-02 
-5.707800e-02 
-4.724300e-02 
-3.976500e-02 
-3.341000e-02 
-2.993800e-02 
-2.703300e-02 
-2.391800e-02 
-1.949000e-02 
-1.363500e-02 
-5.187000e-03 
4.283000e-03 
1.253500e-02 
2.024800e-02 
3.078400e-02 
4.473000e-02 
5.737100e-02 
6.658500e-02 
7.706500e-02 
8.556700e-02 
9.177900e-02 
9.510700e-02 
9.576700e-02 
9.343600e-02 
8.663300e-02 
7.419700e-02 
5.642100e-02 
3.794200e-02 
1.990100e-02 
2.119000e-03 
-1.537500e-02 
-2.883100e-02 
-3.766100e-02 
-4.336100e-02 
-4.538700e-02 
-4.482200e-02 
-4.003600e-02 
-3.139000e-02 
-1.676100e-02 
-1.090000e-03 
1.113600e-02 
1.671100e-02 
1.824900e-02 
1.634600e-02 
1.318500e-02 
1.015600e-02 
6.663000e-03 
2.992000e-03 
2.580000e-04 
-1.850000e-04 
2.607000e-03 
9.447000e-03 
1.923100e-02 
2.767800e-02 
3.169600e-02 
3.354300e-02 
3.453700e-02 
3.407800e-02 
3.176300e-02 
2.668600e-02 
1.956000e-02 
1.167300e-02 
3.642000e-03 
-3.041000e-03 
-6.873000e-03 
-6.542000e-03 
5.540000e-04 
1.796300e-02 
3.719700e-02 
5.101200e-02 
5.887300e-02 
6.393200e-02 
6.580100e-02 
6.345400e-02 
5.809800e-02 
4.772700e-02 
3.564900e-02 
2.606600e-02 
2.195000e-02 
2.118600e-02 
2.119400e-02 
2.300800e-02 
2.569700e-02 
2.769700e-02 
2.895900e-02 
2.771800e-02 
2.478600e-02 
2.177800e-02 
1.903400e-02 
1.634800e-02 
1.388100e-02 
1.391600e-02 
1.480100e-02 
1.586700e-02 
1.446000e-02 
1.118400e-02 
6.444000e-03 
1.931000e-03 
-1.390000e-03 
-4.395000e-03 
-6.893000e-03 
-9.344000e-03 
-1.188700e-02 
-1.469000e-02 
-1.615400e-02 
-1.635700e-02 
-1.675400e-02 
-1.650400e-02 
-1.628300e-02 
-1.517200e-02 
-1.378600e-02 
-1.350000e-02 
-1.415800e-02 
-1.632800e-02 
-2.080800e-02 
-2.625300e-02 
-3.082700e-02 
-3.274400e-02 
-3.297500e-02 
-3.133000e-02 
-2.860900e-02 
-2.565000e-02 
-2.294800e-02 
-2.143400e-02 
-1.999000e-02 
-1.786600e-02 
-1.423200e-02 
-7.909000e-03 
6.990000e-04 
1.000000e-02 
2.038200e-02 
2.974100e-02 
3.704800e-02 
4.144800e-02 
4.330100e-02 
4.213300e-02 
3.844700e-02 
3.347500e-02 
2.869400e-02 
2.272700e-02 
1.630000e-02 
1.172600e-02 
9.972000e-03 
1.246800e-02 
1.818600e-02 
2.435800e-02 
2.879600e-02 
3.130000e-02 
3.209300e-02 
3.044500e-02 
2.780600e-02 
2.472600e-02 
2.085100e-02 
1.649600e-02 
1.283400e-02 
8.879000e-03 
4.874000e-03 
-5.900000e-05 
-5.547000e-03 
-1.026900e-02 
-1.250400e-02 
-1.299500e-02 
-1.388100e-02 
-1.427000e-02 
-1.546300e-02 
-1.782100e-02 
-1.949900e-02 
-2.224500e-02 
-2.527800e-02 
-2.958600e-02 
-3.567200e-02 
-4.072400e-02 
-4.460300e-02 
-4.819000e-02 
-4.849100e-02 
-4.768200e-02 
-4.387600e-02 
-3.835100e-02 
-3.185900e-02 
-2.669300e-02 
-2.283900e-02 
-1.973200e-02 
-1.752400e-02 
-1.697800e-02 
-1.737800e-02 
-1.689000e-02 
-1.648800e-02 
-1.580500e-02 
-1.495800e-02 
-1.491500e-02 
-1.570400e-02 
-1.596000e-02 
-1.619300e-02 
-1.606000e-02 
-1.529300e-02 
-1.484600e-02 
-1.375700e-02 
-1.252200e-02 
-1.118900e-02 
-1.068700e-02 
-1.027700e-02 
-8.444000e-03 
-7.296000e-03 
-5.677000e-03 
-3.989000e-03 
-2.399000e-03 
-3.530000e-04 
2.934000e-03 
5.879000e-03 
8.126000e-03 
1.048300e-02 
1.137500e-02 
1.113800e-02 
1.094800e-02 
9.025000e-03 
6.227000e-03 
1.440000e-03 
-3.008000e-03 
-5.791000e-03 
-6.993000e-03 
-5.415000e-03 
-1.850000e-04 
6.754000e-03 
1.426400e-02 
1.974500e-02 
2.221200e-02 
2.262500e-02 
2.118800e-02 
1.868700e-02 
1.514400e-02 
1.205300e-02 
1.010600e-02 
8.593000e-03 
7.556000e-03 
6.151000e-03 
4.711000e-03 
3.621000e-03 
2.512000e-03 
1.342000e-03 
-1.047000e-03 
-2.916000e-03 
-3.592000e-03 
-1.614000e-03 
1.759000e-03 
7.711000e-03 
1.379000e-02 
1.932700e-02 
2.419600e-02 
2.894600e-02 
3.269500e-02 
3.342700e-02 
3.367200e-02 
3.248200e-02 
3.065600e-02 
2.742900e-02 
2.521200e-02 
2.318600e-02 
2.318400e-02 
2.585500e-02 
2.916700e-02 
3.454800e-02 
4.104200e-02 
4.510200e-02 
4.651500e-02 
4.506000e-02 
4.081400e-02 
3.429100e-02 
2.541500e-02 
1.489500e-02 
5.581000e-03 
-4.541000e-03 
-1.693400e-02 
-2.731400e-02 
-3.528700e-02 
-4.140000e-02 
-4.459100e-02 
-4.523300e-02 
-4.372200e-02 
-4.051100e-02 
-3.643400e-02 
-3.279200e-02 
-2.746300e-02 
-2.232300e-02 
-1.916400e-02 
-1.612300e-02 
-1.409400e-02 
-1.242000e-02 
-1.030100e-02 
-7.622000e-03 
-6.820000e-03 
-5.629000e-03 
-3.573000e-03 
-1.949000e-03 
5.320000e-04 
3.929000e-03 
6.120000e-03 
8.590000e-03 
1.010400e-02 
8.483000e-03 
2.659000e-03 
-4.889000e-03 
-1.526100e-02 
-2.374600e-02 
-2.936100e-02 
-3.123400e-02 
-2.881500e-02 
-2.284800e-02 
-1.355900e-02 
-4.431000e-03 
1.820000e-03 
5.496000e-03 
5.229000e-03 
9.620000e-04 
-5.172000e-03 
-1.117100e-02 
-1.692000e-02 
-2.112200e-02 
-2.356700e-02 
-2.469800e-02 
-2.513900e-02 
-2.489800e-02 
-2.507000e-02 
-2.483400e-02 
-2.446000e-02 
-2.342400e-02 
-2.143900e-02 
-1.684700e-02 
-1.108700e-02 
-4.179000e-03 
2.093000e-03 
7.277000e-03 
1.079500e-02 
1.258400e-02 
1.312100e-02 
1.341900e-02 
1.470200e-02 
1.510500e-02 
1.597800e-02 
1.695700e-02 
1.610900e-02 
1.429400e-02 
1.147500e-02 
9.641000e-03 
6.853000e-03 
4.959000e-03 
4.543000e-03 
4.433000e-03 
3.707000e-03 
2.896000e-03 
1.506000e-03 
5.360000e-04 
5.850000e-04 
6.450000e-04 
-7.140000e-04 
-2.067000e-03 
-3.910000e-03 
-5.765000e-03 
-7.074000e-03 
-8.063000e-03 
-7.795000e-03 
-7.523000e-03 
-5.215000e-03 
-2.678000e-03 
-1.100000e-03 
2.130000e-04 
1.980000e-04 
5.700000e-05 
-1.004000e-03 
-2.635000e-03 
-3.993000e-03 
-4.781000e-03 
-3.846000e-03 
-1.026000e-03 
2.959000e-03 
6.985000e-03 
1.029500e-02 
1.138500e-02 
1.171100e-02 
1.078100e-02 
8.418000e-03 
6.305000e-03 
5.367000e-03 
5.061000e-03 
5.616000e-03 
7.149000e-03 
8.727000e-03 
1.089100e-02 
1.417800e-02 
1.883000e-02 
2.410400e-02 
2.855000e-02 
3.249400e-02 
3.554000e-02 
3.627000e-02 
3.391200e-02 
2.888600e-02 
2.076600e-02 
1.337900e-02 
7.415000e-03 
3.881000e-03 
1.656000e-03 
-4.630000e-04 
-3.089000e-03 
-6.340000e-03 
-9.253000e-03 
-1.050900e-02 
-1.042200e-02 
-8.116000e-03 
-3.024000e-03 
1.741000e-03 
5.716000e-03 
8.647000e-03 
9.842000e-03 
8.641000e-03 
7.437000e-03 
7.569000e-03 
7.160000e-03 
8.120000e-03 
8.916000e-03 
9.024000e-03 
8.336000e-03 
5.282000e-03 
4.910000e-04 
-4.335000e-03 
-9.936000e-03 
-1.412000e-02 
-1.768300e-02 
-2.059300e-02 
-2.281100e-02 
-2.405000e-02 
-2.513200e-02 
-2.418500e-02 
-2.244700e-02 
-2.037500e-02 
-1.872500e-02 
-1.745300e-02 
-1.780500e-02 
-1.922000e-02 
-2.176200e-02 
-2.485500e-02 
-2.885800e-02 
-3.312000e-02 
-3.681700e-02 
-3.967900e-02 
-4.151300e-02 
-4.232200e-02 
-4.077500e-02 
-3.620900e-02 
-2.874400e-02 
-1.775200e-02 
-6.850000e-03 
2.438000e-03 
8.976000e-03 
1.201600e-02 
1.306600e-02 
1.246100e-02 
1.023300e-02 
6.295000e-03 
1.975000e-03 
-3.279000e-03 
-7.458000e-03 
-1.084500e-02 
-1.137500e-02 
-1.115300e-02 
-1.044200e-02 
-8.768000e-03 
-6.238000e-03 
-3.226000e-03 
-1.600000e-05 
3.362000e-03 
7.529000e-03 
1.165200e-02 
1.469500e-02 
1.598700e-02 
1.601600e-02 
1.467500e-02 
1.396500e-02 
1.351400e-02 
1.333400e-02 
1.240100e-02 
1.046700e-02 
7.615000e-03 
4.449000e-03 
2.286000e-03 
6.360000e-04 
1.292000e-03 
2.762000e-03 
4.728000e-03 
7.843000e-03 
1.052900e-02 
1.244400e-02 
1.426300e-02 
1.568800e-02 
1.565900e-02 
1.532400e-02 
1.511100e-02 
1.542600e-02 
1.749600e-02 
2.056900e-02 
2.397700e-02 
2.712500e-02 
2.942800e-02 
3.174200e-02 
3.245200e-02 
3.197100e-02 
3.086200e-02 
2.831100e-02 
2.354100e-02 
1.827400e-02 
1.127000e-02 
4.535000e-03 
-7.570000e-04 
-4.292000e-03 
-3.751000e-03 
-7.880000e-04 
3.914000e-03 
8.999000e-03 
1.325100e-02 
1.630200e-02 
1.793500e-02 
1.789400e-02 
1.685200e-02 
1.362800e-02 
9.724000e-03 
5.557000e-03 
1.234000e-03 
-2.482000e-03 
-5.653000e-03 
-7.762000e-03 
-8.179000e-03 
-9.689000e-03 
-1.003400e-02 
-1.030400e-02 
-1.072600e-02 
-1.145400e-02 
-1.125500e-02 
-1.211400e-02 
-1.280100e-02 
-1.259300e-02 
-1.237100e-02 
-1.245500e-02 
-1.143100e-02 
-1.009900e-02 
-1.000700e-02 
-9.427000e-03 
-8.512000e-03 
-7.808000e-03 
-8.018000e-03 
-9.527000e-03 
-1.139200e-02 
-1.491900e-02 
-1.819100e-02 
-2.156500e-02 
-2.397200e-02 
-2.395500e-02 
-2.204300e-02 
-1.689100e-02 
-1.054000e-02 
-4.223000e-03 
5.920000e-04 
5.512000e-03 
1.004900e-02 
1.439900e-02 
1.808900e-02 
2.104400e-02 
2.186500e-02 
2.080900e-02 
1.805200e-02 
1.260800e-02 
6.996000e-03 
2.483000e-03 
-1.791000e-03 
-4.593000e-03 
-6.717000e-03 
-7.602000e-03 
-9.098000e-03 
-9.410000e-03 
-1.041000e-02 
-1.237500e-02 
-1.436700e-02 
-1.723700e-02 
-2.048000e-02 
-2.391800e-02 
-2.775200e-02 
-2.941300e-02 
-2.984900e-02 
-2.914000e-02 
-2.679300e-02 
-2.203400e-02 
-1.759700e-02 
-1.192200e-02 
-5.498000e-03 
6.990000e-04 
6.801000e-03 
1.228600e-02 
1.564100e-02 
1.670600e-02 
1.645400e-02 
1.287400e-02 
8.205000e-03 
3.686000e-03 
5.490000e-04 
-2.255000e-03 
-2.977000e-03 
-2.480000e-04 
4.536000e-03 
1.116400e-02 
1.759600e-02 
2.164700e-02 
2.358800e-02 
2.326300e-02 
2.067200e-02 
1.661300e-02 
1.194000e-02 
7.953000e-03 
4.690000e-03 
2.642000e-03 
1.444000e-03 
2.439000e-03 
4.625000e-03 
7.330000e-03 
9.954000e-03 
1.264200e-02 
1.478500e-02 
1.707700e-02 
1.725700e-02 
1.507800e-02 
1.129200e-02 
4.711000e-03 
-4.043000e-03 
-1.301800e-02 
-1.966600e-02 
-2.424000e-02 
-2.721300e-02 
-2.805600e-02 
-2.600900e-02 
-2.358200e-02 
-2.036800e-02 
-1.692600e-02 
-1.372700e-02 
-1.096400e-02 
-8.158000e-03 
-5.706000e-03 
-6.057000e-03 
-8.919000e-03 
-1.338900e-02 
-1.910500e-02 
-2.432400e-02 
-2.816900e-02 
-3.019800e-02 
-3.059300e-02 
-3.004000e-02 
-2.764600e-02 
-2.291400e-02 
-1.863400e-02 
-1.439100e-02 
-1.239300e-02 
-1.236800e-02 
-1.336300e-02 
-1.387700e-02 
-1.511600e-02 
-1.520900e-02 
-1.304000e-02 
-1.065400e-02 
-7.514000e-03 
-3.244000e-03 
1.198000e-03 
4.979000e-03 
8.170000e-03 
1.062800e-02 
1.170200e-02 
1.075000e-02 
8.016000e-03 
5.450000e-03 
2.724000e-03 
3.500000e-04 
-1.419000e-03 
-1.655000e-03 
-2.544000e-03 
-4.324000e-03 
-4.733000e-03 
-4.030000e-03 
-1.329000e-03 
1.805000e-03 
4.240000e-03 
5.961000e-03 
7.157000e-03 
8.179000e-03 
8.489000e-03 
8.531000e-03 
7.649000e-03 
6.756000e-03 
5.643000e-03 
5.518000e-03 
5.591000e-03 
7.660000e-03 
9.905000e-03 
1.229300e-02 
1.464400e-02 
1.649800e-02 
1.669000e-02 
1.584700e-02 
1.397700e-02 
1.050400e-02 
5.260000e-03 
-5.050000e-04 
-5.720000e-03 
-1.076900e-02 
-1.423400e-02 
-1.742700e-02 
-1.867700e-02 
-1.970600e-02 
-1.888200e-02 
-1.709800e-02 
-1.527100e-02 
-1.471300e-02 
-1.326400e-02 
-1.224900e-02 
-1.365400e-02 
-1.382400e-02 
-1.420800e-02 
-1.420800e-02 
-1.207700e-02 
-9.566000e-03 
-5.697000e-03 
-1.800000e-04 
5.434000e-03 
1.109800e-02 
1.503700e-02 
1.702000e-02 
1.713500e-02 
1.660900e-02 
1.640900e-02 
1.652000e-02 
1.629800e-02 
1.660500e-02 
1.683300e-02 
1.694000e-02 
1.655400e-02 
1.492300e-02 
1.414000e-02 
1.450800e-02 
1.565000e-02 
1.650300e-02 
1.693300e-02 
1.630300e-02 
1.523600e-02 
1.395200e-02 
1.214300e-02 
9.795000e-03 
7.203000e-03 
4.881000e-03 
2.653000e-03 
9.680000e-04 
-1.555000e-03 
-2.506000e-03 
-1.433000e-03 
-2.840000e-04 
1.091000e-03 
2.907000e-03 
5.167000e-03 
6.060000e-03 
6.983000e-03 
7.559000e-03 
7.069000e-03 
5.582000e-03 
3.089000e-03 
7.660000e-04 
-1.676000e-03 
-4.203000e-03 
-5.916000e-03 
-7.031000e-03 
-7.008000e-03 
-7.017000e-03 
-8.343000e-03 
-1.061400e-02 
-1.251100e-02 
-1.448900e-02 
-1.554600e-02 
-1.585700e-02 
-1.576700e-02 
-1.423800e-02 
-1.202500e-02 
-9.444000e-03 
-6.704000e-03 
-4.413000e-03 
-3.298000e-03 
-2.009000e-03 
-1.200000e-03 
-1.462000e-03 
-8.040000e-04 
5.390000e-04 
2.260000e-03 
5.750000e-03 
9.376000e-03 
1.330100e-02 
1.753600e-02 
2.069000e-02 
2.308100e-02 
2.468900e-02 
2.523700e-02 
2.455500e-02 
2.316200e-02 
2.072200e-02 
1.649300e-02 
1.291300e-02 
8.785000e-03 
4.624000e-03 
2.422000e-03 
1.402000e-03 
1.279000e-03 
1.815000e-03 
3.028000e-03 
2.913000e-03 
2.467000e-03 
1.757000e-03 
7.860000e-04 
1.040000e-04 
-3.910000e-04 
-4.190000e-04 
-4.310000e-04 
-6.320000e-04 
-9.170000e-04 
-1.341000e-03 
-2.417000e-03 
-3.378000e-03 
-4.391000e-03 
-3.971000e-03 
-2.171000e-03 
-2.420000e-04 
1.569000e-03 
3.895000e-03 
5.302000e-03 
5.880000e-03 
5.576000e-03 
5.251000e-03 
3.758000e-03 
2.261000e-03 
8.640000e-04 
-1.326000e-03 
-4.206000e-03 
-6.122000e-03 
-7.702000e-03 
-9.002000e-03 
-1.047300e-02 
-1.132000e-02 
-1.161200e-02 
-1.151400e-02 
-1.029600e-02 
-9.033000e-03 
-7.603000e-03 
-5.990000e-03 
-4.660000e-03 
-3.367000e-03 
-1.584000e-03 
1.990000e-04 
6.370000e-04 
7.500000e-05 
-8.090000e-04 
-2.662000e-03 
-5.520000e-03 
-7.559000e-03 
-8.558000e-03 
-8.606000e-03 
-8.470000e-03 
-7.369000e-03 
-5.657000e-03 
-3.511000e-03 
-1.019000e-03 
1.784000e-03 
4.932000e-03 
7.101000e-03 
8.339000e-03 
9.009000e-03 
8.613000e-03 
8.021000e-03 
7.760000e-03 
7.535000e-03 
7.029000e-03 
5.928000e-03 
4.791000e-03 
3.872000e-03 
3.172000e-03 
2.940000e-03 
2.981000e-03 
3.135000e-03 
3.018000e-03 
2.980000e-03 
2.361000e-03 
1.445000e-03 
4.960000e-04 
-2.540000e-04 
-8.070000e-04 
-1.095000e-03 
-1.139000e-03 
-9.800000e-04 
-4.450000e-04 
6.900000e-05 
6.380000e-04 
1.154000e-03 
1.513000e-03 
1.767000e-03 
1.981000e-03 
1.991000e-03 
1.940000e-03 
1.695000e-03 
1.401000e-03 
1.144000e-03 
8.910000e-04 
7.950000e-04 
8.960000e-04 
9.900000e-04 
1.105000e-03 
1.173000e-03 
1.173000e-03 
1.129000e-03 
1.093000e-03 
9.860000e-04 
8.630000e-04 
7.520000e-04 
6.210000e-04 
4.570000e-04 
2.550000e-04 
7.400000e-05 
-1.050000e-04 
-2.690000e-04 
-4.180000e-04 
-5.610000e-04 
-7.060000e-04 
-8.560000e-04 
-9.930000e-04 
-1.116000e-03 
-1.224000e-03 
-1.311000e-03 
-1.389000e-03 
-1.466000e-03 
-1.539000e-03 
-1.613000e-03 
-1.683000e-03 
-1.749000e-03 
-1.813000e-03 
-1.871000e-03 
-1.923000e-03 
-1.970000e-03 
-2.011000e-03 
-2.047000e-03 
-2.077000e-03 
-2.100000e-03 
-2.119000e-03 
-2.132000e-03 
-2.140000e-03 
-2.143000e-03 
-2.142000e-03 
-2.136000e-03 
-2.126000e-03 
-2.112000e-03 
-2.094000e-03 
-2.072000e-03 
-2.046000e-03 
-2.017000e-03 
-1.985000e-03 
-1.950000e-03 
-1.911000e-03 
-1.870000e-03 
