9.806650e+02 
1.000000e-02 
-8.157730e-04 
-1.172674e-03 
-1.611152e-03 
-1.651940e-03 
-1.080899e-03 
-2.651262e-04 
2.447319e-04 
3.874922e-04 
6.016326e-04 
1.182871e-03 
1.764109e-03 
1.651940e-03 
6.628155e-04 
-7.647872e-04 
-1.978249e-03 
-2.559488e-03 
-2.386136e-03 
-1.631546e-03 
-6.322241e-04 
3.059149e-04 
1.080899e-03 
1.662137e-03 
1.917066e-03 
1.753912e-03 
1.417406e-03 
1.182871e-03 
1.040111e-03 
7.647872e-04 
4.180836e-04 
3.059149e-04 
4.996609e-04 
7.138013e-04 
8.157730e-04 
9.687304e-04 
1.182871e-03 
1.131885e-03 
7.851815e-04 
7.341957e-04 
1.346025e-03 
2.049630e-03 
1.906869e-03 
8.259701e-04 
-3.263092e-04 
-8.769559e-04 
-9.687304e-04 
-9.585332e-04 
-6.832099e-04 
9.177446e-05 
9.891247e-04 
1.111491e-03 
-1.835489e-04 
-2.416727e-03 
-4.191034e-03 
-4.221625e-03 
-2.447319e-03 
-1.325631e-04 
1.539771e-03 
2.600276e-03 
3.681176e-03 
4.476554e-03 
3.844330e-03 
1.621349e-03 
-7.036042e-04 
-1.713123e-03 
-1.764109e-03 
-1.968052e-03 
-2.121010e-03 
-1.121688e-03 
9.483361e-04 
2.518699e-03 
2.671656e-03 
2.263770e-03 
2.304559e-03 
2.314756e-03 
1.335828e-03 
-1.835489e-04 
-8.157730e-04 
-2.345347e-04 
4.894638e-04 
6.118297e-04 
7.036042e-04 
1.468391e-03 
2.518699e-03 
3.099937e-03 
3.150923e-03 
3.110134e-03 
2.804220e-03 
1.702926e-03 
-5.098581e-05 
-1.407208e-03 
-1.560166e-03 
-6.730127e-04 
4.690695e-04 
1.356223e-03 
1.866081e-03 
2.019038e-03 
1.927264e-03 
1.723320e-03 
1.295040e-03 
4.384780e-04 
-7.647872e-04 
-1.825292e-03 
-2.365742e-03 
-2.498305e-03 
-2.386136e-03 
-1.774306e-03 
-4.078865e-04 
1.254251e-03 
2.233179e-03 
2.039432e-03 
1.121688e-03 
1.121688e-04 
-8.055758e-04 
-1.549969e-03 
-1.641743e-03 
-5.404496e-04 
1.539771e-03 
3.650584e-03 
5.017004e-03 
5.608439e-03 
5.700214e-03 
5.169961e-03 
3.660781e-03 
1.305237e-03 
-1.060505e-03 
-2.590079e-03 
-3.161120e-03 
-3.008163e-03 
-1.998644e-03 
2.855205e-04 
3.507824e-03 
6.189677e-03 
6.821901e-03 
5.302524e-03 
2.875600e-03 
6.934070e-04 
-9.789276e-04 
-2.233179e-03 
-2.824614e-03 
-2.528896e-03 
-1.580560e-03 
-3.263092e-04 
1.305237e-03 
3.344669e-03 
5.108778e-03 
5.649228e-03 
4.853849e-03 
3.548612e-03 
2.447319e-03 
1.549969e-03 
7.036042e-04 
1.631546e-04 
1.835489e-04 
5.098581e-04 
7.138013e-04 
6.118297e-04 
1.937461e-04 
-5.914354e-04 
-1.560166e-03 
-2.008841e-03 
-1.305237e-03 
3.161120e-04 
2.008841e-03 
3.293683e-03 
4.272611e-03 
4.945624e-03 
4.884441e-03 
3.834133e-03 
2.059827e-03 
-8.157730e-05 
-2.610474e-03 
-5.394299e-03 
-7.576491e-03 
-7.902801e-03 
-5.924551e-03 
-2.498305e-03 
9.789276e-04 
3.670978e-03 
5.526862e-03 
6.617958e-03 
6.465001e-03 
4.496948e-03 
1.050308e-03 
-2.426925e-03 
-4.374583e-03 
-4.303202e-03 
-2.773628e-03 
-5.812382e-04 
1.906869e-03 
4.394977e-03 
6.363029e-03 
7.382745e-03 
7.484717e-03 
6.872887e-03 
5.455482e-03 
3.079543e-03 
2.855205e-04 
-1.590757e-03 
-1.590757e-03 
-2.141404e-04 
1.121688e-03 
1.580560e-03 
1.764109e-03 
2.712445e-03 
4.486751e-03 
5.791988e-03 
5.322919e-03 
3.212106e-03 
1.111491e-03 
7.341957e-04 
2.365742e-03 
4.751878e-03 
6.301846e-03 
6.383423e-03 
5.404496e-03 
3.966696e-03 
2.233179e-03 
1.631546e-04 
-1.988447e-03 
-3.660781e-03 
-4.231822e-03 
-3.385458e-03 
-1.244054e-03 
1.417406e-03 
3.324275e-03 
3.365064e-03 
1.152279e-03 
-2.906191e-03 
-8.086350e-03 
-1.341947e-02 
-1.751872e-02 
-1.883416e-02 
-1.677433e-02 
-1.243034e-02 
-7.607083e-03 
-3.232500e-03 
1.009519e-03 
5.180158e-03 
7.953786e-03 
7.596886e-03 
4.089062e-03 
-5.710411e-04 
-4.160442e-03 
-5.832777e-03 
-5.659425e-03 
-3.354866e-03 
1.580560e-03 
8.545222e-03 
1.571383e-02 
2.142424e-02 
2.522778e-02 
2.720603e-02 
2.709386e-02 
2.457516e-02 
2.019038e-02 
1.524476e-02 
1.098234e-02 
8.341279e-03 
8.127138e-03 
1.051327e-02 
1.446977e-02 
1.825292e-02 
2.055748e-02 
2.074103e-02 
1.818154e-02 
1.265468e-02 
5.537059e-03 
-6.322241e-04 
-4.517343e-03 
-7.056436e-03 
-9.473164e-03 
-1.112510e-02 
-1.069682e-02 
-8.840940e-03 
-8.137335e-03 
-1.007480e-02 
-1.361321e-02 
-1.687630e-02 
-1.927264e-02 
-2.102655e-02 
-2.171996e-02 
-2.056768e-02 
-1.795720e-02 
-1.563225e-02 
-1.511219e-02 
-1.633585e-02 
-1.793681e-02 
-1.828351e-02 
-1.639704e-02 
-1.245073e-02 
-7.821223e-03 
-4.262414e-03 
-2.375939e-03 
-8.361673e-04 
2.406530e-03 
7.923195e-03 
1.403130e-02 
1.831410e-02 
1.991506e-02 
1.982328e-02 
1.933382e-02 
1.882396e-02 
1.839568e-02 
1.880357e-02 
2.070024e-02 
2.337190e-02 
2.519719e-02 
2.560507e-02 
2.573764e-02 
2.656361e-02 
2.739977e-02 
2.685933e-02 
2.468733e-02 
2.163838e-02 
1.799799e-02 
1.336848e-02 
7.892603e-03 
2.681854e-03 
-1.295040e-03 
-3.936105e-03 
-5.353510e-03 
-5.588045e-03 
-5.547256e-03 
-7.250182e-03 
-1.202245e-02 
-1.870160e-02 
-2.442220e-02 
-2.729780e-02 
-2.765470e-02 
-2.678794e-02 
-2.531955e-02 
-2.297421e-02 
-1.937461e-02 
-1.443918e-02 
-8.606405e-03 
-3.028557e-03 
6.118297e-04 
9.687304e-04 
-1.937461e-03 
-6.363029e-03 
-9.493558e-03 
-8.789954e-03 
-3.569007e-03 
4.394977e-03 
1.230797e-02 
1.868120e-02 
2.405511e-02 
2.889876e-02 
3.163160e-02 
2.982670e-02 
2.345347e-02 
1.596876e-02 
1.134944e-02 
1.046229e-02 
1.116589e-02 
1.135964e-02 
1.104353e-02 
1.112510e-02 
1.162476e-02 
1.188989e-02 
1.171654e-02 
1.085998e-02 
7.413337e-03 
-1.386814e-03 
-1.552008e-02 
-3.022439e-02 
-3.911631e-02 
-3.957519e-02 
-3.460917e-02 
-2.929645e-02 
-2.618631e-02 
-2.435082e-02 
-2.185252e-02 
-1.808977e-02 
-1.406189e-02 
-1.151260e-02 
-1.201226e-02 
-1.627467e-02 
-2.313736e-02 
-2.889876e-02 
-2.865403e-02 
-1.982328e-02 
-5.322919e-03 
7.902801e-03 
1.461253e-02 
1.598915e-02 
1.778385e-02 
2.359623e-02 
3.116253e-02 
3.554731e-02 
3.478252e-02 
3.127470e-02 
2.846028e-02 
2.773628e-02 
2.854186e-02 
2.982670e-02 
3.057109e-02 
2.982670e-02 
2.700209e-02 
2.225021e-02 
1.620329e-02 
9.585332e-03 
2.936783e-03 
-3.732161e-03 
-1.047249e-02 
-1.606053e-02 
-1.760030e-02 
-1.337868e-02 
-6.332438e-03 
-2.549291e-03 
-5.292327e-03 
-1.193068e-02 
-1.812036e-02 
-2.304559e-02 
-2.840929e-02 
-3.359965e-02 
-3.509863e-02 
-3.108095e-02 
-2.397353e-02 
-1.753912e-02 
-1.348065e-02 
-1.165536e-02 
-1.157378e-02 
-1.263428e-02 
-1.423524e-02 
-1.683551e-02 
-2.122029e-02 
-2.543172e-02 
-2.455477e-02 
-1.605033e-02 
-3.936105e-03 
5.027201e-03 
8.881728e-03 
1.141062e-02 
1.564245e-02 
1.931343e-02 
1.784503e-02 
1.001361e-02 
-3.263092e-04 
-7.168605e-03 
-6.740324e-03 
-3.874922e-04 
6.811704e-03 
1.161457e-02 
1.619309e-02 
2.377978e-02 
3.098918e-02 
2.910270e-02 
1.473490e-02 
-4.435766e-03 
-1.813055e-02 
-2.495246e-02 
-3.080563e-02 
-3.809660e-02 
-4.235901e-02 
-4.051333e-02 
-3.653643e-02 
-3.592460e-02 
-3.805581e-02 
-3.800482e-02 
-3.382399e-02 
-2.787904e-02 
-2.186272e-02 
-1.467372e-02 
-6.291649e-03 
-4.282808e-04 
-1.091096e-03 
-7.403140e-03 
-1.363361e-02 
-1.425563e-02 
-8.412659e-03 
3.874922e-04 
7.882406e-03 
1.204285e-02 
1.337868e-02 
1.326651e-02 
1.293000e-02 
1.312375e-02 
1.361321e-02 
1.222640e-02 
5.842974e-03 
-6.760718e-03 
-2.315776e-02 
-3.901434e-02 
-5.086344e-02 
-5.690016e-02 
-5.629853e-02 
-4.972136e-02 
-4.001366e-02 
-3.075464e-02 
-2.338209e-02 
-1.708025e-02 
-1.147181e-02 
-7.729449e-03 
-6.220269e-03 
-4.496948e-03 
8.565616e-04 
1.068663e-02 
2.229100e-02 
3.142765e-02 
3.464996e-02 
3.096878e-02 
2.273967e-02 
1.433721e-02 
7.953786e-03 
6.832099e-04 
-1.251192e-02 
-3.253914e-02 
-5.459561e-02 
-7.322582e-02 
-8.692061e-02 
-9.658752e-02 
-1.021042e-01 
-1.030933e-01 
-1.022367e-01 
-1.041130e-01 
-1.103231e-01 
-1.179608e-01 
-1.236508e-01 
-1.268731e-01 
-1.282191e-01 
-1.262817e-01 
-1.183687e-01 
-1.035624e-01 
-8.351476e-02 
-6.096883e-02 
-3.845350e-02 
-1.750853e-02 
2.345347e-03 
2.334130e-02 
4.615236e-02 
6.731147e-02 
8.155690e-02 
8.700219e-02 
8.630878e-02 
8.298451e-02 
7.875268e-02 
7.468402e-02 
7.226729e-02 
7.170644e-02 
7.109461e-02 
6.929991e-02 
6.807625e-02 
6.937129e-02 
7.179822e-02 
7.207354e-02 
6.949366e-02 
6.672003e-02 
6.623057e-02 
6.792330e-02 
7.034002e-02 
7.228768e-02 
7.303208e-02 
7.340937e-02 
7.698857e-02 
8.690022e-02 
9.972825e-02 
1.056222e-01 
9.769901e-02 
7.933392e-02 
5.831757e-02 
3.563908e-02 
5.465679e-03 
-3.328354e-02 
-7.147191e-02 
-9.931016e-02 
-1.173591e-01 
-1.335828e-01 
-1.524782e-01 
-1.722607e-01 
-1.914925e-01 
-2.118460e-01 
-2.321180e-01 
-2.449664e-01 
-2.440385e-01 
-2.324443e-01 
-2.199630e-01 
-2.119786e-01 
-2.047284e-01 
-1.918596e-01 
-1.729337e-01 
-1.529268e-01 
-1.342660e-01 
-1.126277e-01 
-8.273977e-02 
-4.795725e-02 
-2.149562e-02 
-1.514279e-02 
-2.688992e-02 
-4.182876e-02 
-4.638689e-02 
-3.998307e-02 
-3.147864e-02 
-2.657380e-02 
-2.185252e-02 
-1.102313e-02 
6.363029e-03 
2.452417e-02 
3.800482e-02 
4.639709e-02 
5.253578e-02 
5.854191e-02 
6.526184e-02 
7.461264e-02 
8.936793e-02 
1.095481e-01 
1.305951e-01 
1.468493e-01 
1.561287e-01 
1.593001e-01 
1.561899e-01 
1.443714e-01 
1.225189e-01 
9.348758e-02 
6.305925e-02 
3.682195e-02 
1.773286e-02 
5.424890e-03 
-2.335150e-03 
-5.139370e-03 
2.539093e-03 
2.611493e-02 
6.195796e-02 
9.796414e-02 
1.257310e-01 
1.490315e-01 
1.764517e-01 
2.083892e-01 
2.366455e-01 
2.557958e-01 
2.689298e-01 
2.803506e-01 
2.879577e-01 
2.869889e-01 
2.784743e-01 
2.689298e-01 
2.608536e-01 
2.466082e-01 
2.141302e-01 
1.593409e-01 
9.229451e-02 
3.079543e-02 
-1.129846e-02 
-2.906191e-02 
-2.233179e-02 
7.341957e-03 
5.213809e-02 
9.585332e-02 
1.251294e-01 
1.433415e-01 
1.661220e-01 
1.996502e-01 
2.298032e-01 
2.381037e-01 
2.242152e-01 
2.062376e-01 
2.008025e-01 
2.090826e-01 
2.216251e-01 
2.299460e-01 
2.308230e-01 
2.246945e-01 
2.140996e-01 
2.016183e-01 
1.863327e-01 
1.636645e-01 
1.312273e-01 
9.340601e-02 
5.755278e-02 
2.630868e-02 
-3.161120e-03 
-3.231481e-02 
-5.729785e-02 
-7.426593e-02 
-8.682884e-02 
-1.047554e-01 
-1.337970e-01 
-1.687222e-01 
-1.985591e-01 
-2.189127e-01 
-2.373797e-01 
-2.652384e-01 
-3.042119e-01 
-3.432977e-01 
-3.692800e-01 
-3.791407e-01 
-3.809864e-01 
-3.838722e-01 
-3.892563e-01 
-3.929782e-01 
-3.925500e-01 
-3.889911e-01 
-3.817614e-01 
-3.662413e-01 
-3.394227e-01 
-3.060678e-01 
-2.755783e-01 
-2.526347e-01 
-2.341982e-01 
-2.154762e-01 
-1.949595e-01 
-1.721689e-01 
-1.448915e-01 
-1.118221e-01 
-7.477579e-02 
-3.443582e-02 
1.300138e-02 
6.956504e-02 
1.271790e-01 
1.727807e-01 
2.036067e-01 
2.311391e-01 
2.654321e-01 
3.000923e-01 
3.178150e-01 
3.084438e-01 
2.761901e-01 
2.311493e-01 
1.810506e-01 
1.325019e-01 
9.319186e-02 
6.731147e-02 
5.129173e-02 
3.802522e-02 
2.470772e-02 
1.397011e-02 
8.953108e-03 
1.021756e-02 
1.669275e-02 
2.562547e-02 
3.146844e-02 
2.847048e-02 
1.656019e-02 
2.712445e-03 
-5.669622e-03 
-7.698857e-03 
-8.116941e-03 
-1.089057e-02 
-1.565264e-02 
-1.995585e-02 
-2.256632e-02 
-2.357584e-02 
-2.262750e-02 
-1.847726e-02 
-1.013598e-02 
1.937461e-03 
1.547929e-02 
2.670637e-02 
3.165199e-02 
2.889876e-02 
2.182193e-02 
1.700887e-02 
1.859962e-02 
2.323933e-02 
2.171996e-02 
6.730127e-03 
-2.048610e-02 
-5.112857e-02 
-7.540801e-02 
-8.829723e-02 
-9.032646e-02 
-8.552360e-02 
-7.871189e-02 
-7.288931e-02 
-6.717890e-02 
-5.801166e-02 
-4.338892e-02 
-2.572744e-02 
-9.758684e-03 
1.590757e-03 
8.208716e-03 
1.100274e-02 
1.078860e-02 
8.779757e-03 
6.057114e-03 
2.610474e-03 
-1.407208e-03 
-3.324275e-03 
9.891247e-04 
1.290961e-02 
2.987769e-02 
4.923190e-02 
7.112521e-02 
9.613884e-02 
1.226413e-01 
1.498065e-01 
1.814687e-01 
2.219514e-01 
2.664518e-01 
3.000005e-01 
3.095858e-01 
2.962276e-01 
2.724172e-01 
2.490861e-01 
2.284164e-01 
2.078590e-01 
1.859962e-01 
1.621757e-01 
1.349696e-01 
1.052959e-01 
7.944609e-02 
6.489474e-02 
6.273294e-02 
6.720950e-02 
7.304227e-02 
7.967043e-02 
8.721633e-02 
9.225373e-02 
9.089750e-02 
8.377988e-02 
7.351134e-02 
5.772613e-02 
2.940862e-02 
-1.433721e-02 
-6.697496e-02 
-1.187460e-01 
-1.660914e-01 
-2.124987e-01 
-2.608332e-01 
-3.084642e-01 
-3.504255e-01 
-3.846573e-01 
-4.115983e-01 
-4.300755e-01 
-4.372237e-01 
-4.335935e-01 
-4.256092e-01 
-4.205208e-01 
-4.201129e-01 
-4.222951e-01 
-4.276588e-01 
-4.393753e-01 
-4.550178e-01 
-4.629410e-01 
-4.512856e-01 
-4.187159e-01 
-3.731855e-01 
-3.218530e-01 
-2.664111e-01 
-2.076856e-01 
-1.499085e-01 
-9.833123e-02 
-5.456501e-02 
-1.475529e-02 
2.915369e-02 
8.492197e-02 
1.523354e-01 
2.197998e-01 
2.726823e-01 
3.066797e-01 
3.295519e-01 
3.493446e-01 
3.664860e-01 
3.796607e-01 
3.929578e-01 
4.106805e-01 
4.290354e-01 
4.396506e-01 
4.400483e-01 
4.342360e-01 
4.238858e-01 
4.060714e-01 
3.808334e-01 
3.540455e-01 
3.296641e-01 
3.040386e-01 
2.711119e-01 
2.295381e-01 
1.821417e-01 
1.329710e-01 
8.822585e-02 
5.582946e-02 
3.787226e-02 
2.521758e-02 
3.823936e-03 
-3.393616e-02 
-8.670647e-02 
-1.492253e-01 
-2.148134e-01 
-2.741915e-01 
-3.193547e-01 
-3.508538e-01 
-3.775703e-01 
-4.071931e-01 
-4.400789e-01 
-4.735868e-01 
-5.077269e-01 
-5.423055e-01 
-5.706128e-01 
-5.806060e-01 
-5.640458e-01 
-5.225434e-01 
-4.641442e-01 
-3.948647e-01 
-3.153370e-01 
-2.267951e-01 
-1.391811e-01 
-6.889203e-02 
-2.439161e-02 
4.211428e-03 
3.425227e-02 
6.798448e-02 
8.802190e-02 
8.108783e-02 
6.070371e-02 
5.706332e-02 
8.448349e-02 
1.280560e-01 
1.656631e-01 
1.945924e-01 
2.285694e-01 
2.740385e-01 
3.211902e-01 
3.605309e-01 
3.980564e-01 
4.453305e-01 
4.987330e-01 
5.379717e-01 
5.473429e-01 
5.317310e-01 
5.077779e-01 
4.839675e-01 
4.552217e-01 
4.150245e-01 
3.660883e-01 
3.169584e-01 
2.731514e-01 
2.350038e-01 
2.013226e-01 
1.713429e-01 
1.443510e-01 
1.213564e-01 
1.068765e-01 
1.052143e-01 
1.138309e-01 
1.235998e-01 
1.269751e-01 
1.233959e-01 
1.147283e-01 
9.879011e-02 
7.188999e-02 
3.655683e-02 
2.110813e-03 
-2.423865e-02 
-4.410273e-02 
-6.416054e-02 
-8.801171e-02 
-1.138615e-01 
-1.389567e-01 
-1.634299e-01 
-1.890860e-01 
-2.160065e-01 
-2.418257e-01 
-2.644532e-01 
-2.850107e-01 
-3.072711e-01 
-3.340794e-01 
-3.644160e-01 
-3.943141e-01 
-4.199599e-01 
-4.398750e-01 
-4.550076e-01 
-4.678764e-01 
-4.809288e-01 
-4.943278e-01 
-5.055957e-01 
-5.126725e-01 
-5.170573e-01 
-5.219112e-01 
-5.264897e-01 
-5.250417e-01 
-5.124584e-01 
-4.895352e-01 
-4.606262e-01 
-4.274242e-01 
-3.878695e-01 
-3.411155e-01 
-2.905273e-01 
-2.404491e-01 
-1.919310e-01 
-1.436576e-01 
-9.623062e-02 
-5.358609e-02 
-1.918086e-02 
7.790632e-03 
3.121351e-02 
5.281110e-02 
6.941208e-02 
7.648891e-02 
7.428633e-02 
6.880025e-02 
6.588386e-02 
6.558815e-02 
6.367108e-02 
5.754259e-02 
4.910953e-02 
4.186955e-02 
3.776009e-02 
3.760713e-02 
4.323597e-02 
5.765475e-02 
8.351476e-02 
1.211321e-01 
1.666828e-01 
2.123355e-01 
2.507686e-01 
2.812785e-01 
3.098102e-01 
3.408707e-01 
3.710543e-01 
3.930088e-01 
4.041441e-01 
4.082128e-01 
4.088042e-01 
4.057451e-01 
3.987396e-01 
3.902760e-01 
3.818939e-01 
3.708198e-01 
3.540251e-01 
3.338041e-01 
3.149088e-01 
2.968088e-01 
2.729270e-01 
2.387258e-01 
1.972233e-01 
1.550580e-01 
1.158296e-01 
7.979279e-02 
4.764114e-02 
2.073083e-02 
-2.131207e-03 
-2.441201e-02 
-4.750858e-02 
-6.896341e-02 
-8.589070e-02 
-9.834143e-02 
-1.078656e-01 
-1.147487e-01 
-1.184808e-01 
-1.193986e-01 
-1.177568e-01 
-1.119444e-01 
-1.000851e-01 
-8.306608e-02 
-6.418094e-02 
-4.579546e-02 
-2.841949e-02 
-1.289941e-02 
-1.060505e-03 
6.189677e-03 
9.330403e-03 
7.974181e-03 
5.098581e-04 
-1.285862e-02 
-2.855205e-02 
-4.286887e-02 
-5.479955e-02 
-6.441547e-02 
-7.099264e-02 
-7.465342e-02 
-7.691719e-02 
-7.687641e-02 
-7.015648e-02 
-5.606400e-02 
-4.216527e-02 
-3.482331e-02 
-2.694090e-02 
-4.374583e-03 
3.343649e-02 
6.871868e-02 
8.707357e-02 
9.752566e-02 
1.220090e-01 
1.670193e-01 
2.135796e-01 
2.362580e-01 
2.263260e-01 
1.949086e-01 
1.592593e-01 
1.299016e-01 
1.083041e-01 
9.233530e-02 
8.131217e-02 
7.577511e-02 
7.432711e-02 
7.333799e-02 
7.090087e-02 
6.901439e-02 
7.038081e-02 
7.507151e-02 
8.162828e-02 
8.891925e-02 
9.460927e-02 
9.508854e-02 
9.015311e-02 
8.416738e-02 
7.866091e-02 
6.889203e-02 
5.394299e-02 
4.342971e-02 
4.224684e-02 
3.373221e-02 
-4.374583e-03 
-6.535361e-02 
-1.145345e-01 
-1.339193e-01 
-1.471247e-01 
-1.836305e-01 
-2.330357e-01 
-2.575191e-01 
-2.413770e-01 
-2.023831e-01 
-1.553232e-01 
-9.283496e-02 
-1.060505e-02 
7.427613e-02 
1.458806e-01 
2.095211e-01 
2.692153e-01 
3.026212e-01 
2.848781e-01 
2.279270e-01 
1.673558e-01 
1.131681e-01 
4.435766e-02 
-4.174718e-02 
-1.075393e-01 
-1.224985e-01 
-1.102109e-01 
-1.221416e-01 
-1.751261e-01 
-2.393274e-01 
-2.817068e-01 
-2.958095e-01 
-2.878965e-01 
-2.607108e-01 
-2.232771e-01 
-1.976822e-01 
-1.985795e-01 
-2.141608e-01 
-2.207482e-01 
-2.101329e-01 
-1.910030e-01 
-1.692423e-01 
-1.419241e-01 
-1.106698e-01 
-8.664529e-02 
-7.698857e-02 
-7.490835e-02 
-6.867789e-02 
-5.469758e-02 
-3.755615e-02 
-2.270908e-02 
-1.418425e-02 
-1.524476e-02 
-2.500344e-02 
-3.639367e-02 
-4.257315e-02 
-4.460239e-02 
-4.893618e-02 
-5.833796e-02 
-6.967721e-02 
-8.021088e-02 
-9.099947e-02 
-1.029811e-01 
-1.132701e-01 
-1.177772e-01 
-1.151973e-01 
-1.068255e-01 
-9.417079e-02 
-7.875268e-02 
-6.284511e-02 
-4.836514e-02 
-3.523120e-02 
-2.229100e-02 
-9.513952e-03 
2.182193e-03 
1.290961e-02 
2.412649e-02 
3.671998e-02 
4.981314e-02 
6.182539e-02 
7.185940e-02 
7.973161e-02 
8.530946e-02 
8.866432e-02 
9.032646e-02 
9.066297e-02 
8.934753e-02 
8.590089e-02 
8.050660e-02 
7.361331e-02 
6.542499e-02 
5.641070e-02 
4.796745e-02 
4.153304e-02 
3.699530e-02 
3.303881e-02 
2.915369e-02 
2.656361e-02 
2.681854e-02 
3.002045e-02 
3.503745e-02 
4.089062e-02 
4.759016e-02 
5.578867e-02 
6.612860e-02 
7.837539e-02 
9.082612e-02 
1.008601e-01 
1.069070e-01 
1.097419e-01 
1.112001e-01 
1.119750e-01 
1.116691e-01 
1.106902e-01 
1.107310e-01 
1.128928e-01 
1.163904e-01 
1.195719e-01 
1.213462e-01 
1.210913e-01 
1.181341e-01 
1.123727e-01 
1.047962e-01 
9.676087e-02 
8.882748e-02 
8.106744e-02 
7.363371e-02 
6.644471e-02 
5.883763e-02 
5.040457e-02 
4.173698e-02 
3.350787e-02 
2.522778e-02 
1.599935e-02 
6.159086e-03 
-3.079543e-03 
-1.140043e-02 
-1.934402e-02 
-2.690011e-02 
-3.362004e-02 
-4.018702e-02 
-4.783489e-02 
-5.621695e-02 
-6.380364e-02 
-7.109461e-02 
-8.057798e-02 
-9.274319e-02 
-1.046025e-01 
-1.141062e-01 
-1.232939e-01 
-1.344904e-01 
-1.459826e-01 
-1.548235e-01 
-1.617372e-01 
-1.692321e-01 
-1.759214e-01 
-1.775326e-01 
-1.733518e-01 
-1.668562e-01 
-1.591471e-01 
-1.470737e-01 
-1.296059e-01 
-1.114754e-01 
-9.763783e-02 
-8.794033e-02 
-8.010891e-02 
-7.389883e-02 
-6.846375e-02 
-5.972478e-02 
-4.558131e-02 
-3.095858e-02 
-2.176074e-02 
-1.605033e-02 
-7.892603e-03 
1.437800e-03 
4.048273e-03 
-1.784503e-03 
-7.688660e-03 
-7.311365e-03 
-5.006807e-03 
-7.250182e-03 
-1.149220e-02 
-1.088037e-02 
-6.118297e-03 
-4.384780e-03 
-7.321562e-03 
-8.065955e-03 
-1.478589e-03 
9.299812e-03 
1.899731e-02 
2.756293e-02 
3.758674e-02 
4.823258e-02 
5.607419e-02 
6.029582e-02 
6.316122e-02 
6.613879e-02 
6.892262e-02 
7.190019e-02 
7.660108e-02 
8.288253e-02 
8.811368e-02 
9.036725e-02 
9.092809e-02 
9.255964e-02 
9.593490e-02 
9.903484e-02 
9.994239e-02 
9.920819e-02 
9.886149e-02 
9.973844e-02 
1.005542e-01 
9.973844e-02 
9.747467e-02 
9.491519e-02 
9.193761e-02 
8.709396e-02 
7.998654e-02 
7.233867e-02 
6.599603e-02 
6.104021e-02 
5.686957e-02 
5.409595e-02 
5.387161e-02 
5.593143e-02 
5.867447e-02 
6.116258e-02 
6.368128e-02 
6.642431e-02 
6.884104e-02 
7.050318e-02 
7.164526e-02 
7.255281e-02 
7.343996e-02 
7.501032e-02 
7.828361e-02 
8.311707e-02 
8.781796e-02 
9.076494e-02 
9.196821e-02 
9.240668e-02 
9.227412e-02 
9.094849e-02 
8.820545e-02 
8.460585e-02 
8.041482e-02 
7.513269e-02 
6.852493e-02 
6.158066e-02 
5.563572e-02 
5.087364e-02 
4.625433e-02 
4.110476e-02 
3.589401e-02 
3.151943e-02 
2.817476e-02 
2.536034e-02 
2.256632e-02 
1.947658e-02 
1.593816e-02 
1.207344e-02 
8.443250e-03 
5.669622e-03 
3.701570e-03 
1.917066e-03 
-1.427603e-04 
-2.518699e-03 
-5.302524e-03 
-8.953108e-03 
-1.372538e-02 
-1.937461e-02 
-2.556429e-02 
-3.226382e-02 
-3.945282e-02 
-4.690695e-02 
-5.485054e-02 
-6.421153e-02 
-7.554058e-02 
-8.781796e-02 
-9.917760e-02 
-1.086508e-01 
-1.166147e-01 
-1.233959e-01 
-1.286066e-01 
-1.319105e-01 
-1.335012e-01 
-1.334605e-01 
-1.312885e-01 
-1.269037e-01 
-1.213972e-01 
-1.160029e-01 
-1.106188e-01 
-1.042660e-01 
-9.676087e-02 
-8.912320e-02 
-8.212794e-02 
-7.540801e-02 
-6.827000e-02 
-6.094844e-02 
-5.444265e-02 
-4.940525e-02 
-4.571388e-02 
-4.277710e-02 
-3.996268e-02 
-3.670978e-02 
-3.282466e-02 
-2.855205e-02 
-2.403471e-02 
-1.876278e-02 
-1.211423e-02 
-4.364385e-03 
3.365064e-03 
1.022775e-02 
1.634605e-02 
2.207686e-02 
2.733859e-02 
3.197830e-02 
3.627131e-02 
4.039096e-02 
4.385799e-02 
4.633590e-02 
4.860987e-02 
5.179139e-02 
5.542158e-02 
5.743042e-02 
5.666563e-02 
5.471797e-02 
5.445285e-02 
5.671662e-02 
5.927610e-02 
5.865408e-02 
5.291307e-02 
4.300143e-02 
3.202929e-02 
2.318835e-02 
1.759010e-02 
1.382735e-02 
9.921839e-03 
5.730805e-03 
3.140726e-03 
3.762753e-03 
6.934070e-03 
1.023795e-02 
1.193068e-02 
1.245073e-02 
1.369479e-02 
1.697827e-02 
2.186272e-02 
2.684913e-02 
3.098918e-02 
3.444601e-02 
3.738280e-02 
3.899395e-02 
3.800482e-02 
3.391576e-02 
2.711425e-02 
1.814075e-02 
7.321562e-03 
-4.853849e-03 
-1.760030e-02 
-3.026518e-02 
-4.216527e-02 
-5.240322e-02 
-6.041819e-02 
-6.685259e-02 
-7.283833e-02 
-7.816125e-02 
-8.082271e-02 
-7.921156e-02 
-7.377647e-02 
-6.601643e-02 
-5.641070e-02 
-4.474515e-02 
-3.176416e-02 
-1.933382e-02 
-8.718574e-03 
2.039432e-04 
7.627477e-03 
1.278724e-02 
1.481648e-02 
1.399051e-02 
1.145141e-02 
8.076152e-03 
4.170639e-03 
-1.019716e-04 
-4.537737e-03 
-9.330403e-03 
-1.512239e-02 
-2.254593e-02 
-3.164179e-02 
-4.172679e-02 
-5.143449e-02 
-5.898039e-02 
-6.271255e-02 
-6.172342e-02 
-5.624755e-02 
-4.763094e-02 
-3.782127e-02 
-2.843989e-02 
-1.996604e-02 
-1.161457e-02 
-2.294361e-03 
8.422856e-03 
1.993545e-02 
3.090760e-02 
3.984031e-02 
4.566289e-02 
4.820199e-02 
4.822238e-02 
4.645827e-02 
4.269552e-02 
3.611835e-02 
2.646164e-02 
1.456155e-02 
1.539771e-03 
-1.212443e-02 
-2.611493e-02 
-3.936105e-02 
-5.048615e-02 
-5.913334e-02 
-6.617958e-02 
-7.231827e-02 
-7.714153e-02 
-8.011910e-02 
-8.139375e-02 
-8.114902e-02 
-7.855894e-02 
-7.275675e-02 
-6.465001e-02 
-5.624755e-02 
-4.813061e-02 
-3.850448e-02 
-2.574783e-02 
-1.074781e-02 
4.180836e-03 
1.789602e-02 
3.057109e-02 
4.169620e-02 
4.941545e-02 
5.246440e-02 
5.166902e-02 
4.878322e-02 
4.454120e-02 
3.857586e-02 
3.073425e-02 
2.159759e-02 
1.164516e-02 
8.973503e-04 
-1.032973e-02 
-2.075122e-02 
-2.878659e-02 
-3.354866e-02 
-3.496607e-02 
-3.324275e-02 
-2.839910e-02 
-2.058807e-02 
-1.041130e-02 
1.080899e-03 
1.290961e-02 
2.468733e-02 
3.678116e-02 
4.989471e-02 
6.404838e-02 
7.805928e-02 
9.033666e-02 
1.005134e-01 
1.098438e-01 
1.196127e-01 
1.293408e-01 
1.374170e-01 
1.431784e-01 
1.475835e-01 
1.513361e-01 
1.533449e-01 
1.517134e-01 
1.458806e-01 
1.367847e-01 
1.252925e-01 
1.114142e-01 
9.540465e-02 
7.867111e-02 
6.291649e-02 
4.883421e-02 
3.607756e-02 
2.428964e-02 
1.371518e-02 
4.925229e-03 
-1.631546e-03 
-5.853171e-03 
-7.729449e-03 
-7.321562e-03 
-4.823258e-03 
-9.381389e-04 
2.977571e-03 
5.445285e-03 
5.547256e-03 
2.987769e-03 
-2.253573e-03 
-9.779078e-03 
-1.841607e-02 
-2.683893e-02 
-3.492528e-02 
-4.390898e-02 
-5.470777e-02 
-6.642431e-02 
-7.722311e-02 
-8.625779e-02 
-9.410961e-02 
-1.014720e-01 
-1.081409e-01 
-1.136678e-01 
-1.180627e-01 
-1.216012e-01 
-1.244156e-01 
-1.265978e-01 
-1.283925e-01 
-1.299118e-01 
-1.305237e-01 
-1.290349e-01 
-1.246909e-01 
-1.180423e-01 
-1.107718e-01 
-1.046637e-01 
-1.006052e-01 
-9.850459e-02 
-9.776019e-02 
-9.770921e-02 
-9.758684e-02 
-9.658752e-02 
-9.451750e-02 
-9.213136e-02 
-9.036725e-02 
-8.931694e-02 
-8.820545e-02 
-8.650253e-02 
-8.429994e-02 
-8.159769e-02 
-7.764119e-02 
-7.153309e-02 
-6.342635e-02 
-5.451403e-02 
-4.602999e-02 
-3.825975e-02 
-3.084642e-02 
-2.364722e-02 
-1.701906e-02 
-1.117609e-02 
-5.567651e-03 
7.545900e-04 
7.953786e-03 
1.507141e-02 
2.100615e-02 
2.580902e-02 
3.034675e-02 
3.489469e-02 
3.864724e-02 
4.082944e-02 
4.159422e-02 
4.157383e-02 
4.095180e-02 
3.969755e-02 
3.830054e-02 
3.748477e-02 
3.737260e-02 
3.741339e-02 
3.735220e-02 
3.750516e-02 
3.805581e-02 
3.869823e-02 
3.910612e-02 
3.955479e-02 
4.051333e-02 
4.198172e-02 
4.366425e-02 
4.565269e-02 
4.831415e-02 
5.172001e-02 
5.532980e-02 
5.851132e-02 
6.081587e-02 
6.178461e-02 
6.095864e-02 
5.829718e-02 
5.451403e-02 
5.067990e-02 
4.741680e-02 
4.474515e-02 
4.242019e-02 
4.026859e-02 
3.823936e-02 
3.635288e-02 
3.481311e-02 
3.377300e-02 
3.316117e-02 
3.280427e-02 
3.286545e-02 
3.393616e-02 
3.647525e-02 
4.013603e-02 
4.391918e-02 
4.687635e-02 
4.853849e-02 
4.890559e-02 
4.815100e-02 
4.642768e-02 
4.379681e-02 
4.030938e-02 
3.612855e-02 
3.161120e-02 
2.685933e-02 
2.152621e-02 
1.515298e-02 
7.872209e-03 
4.486751e-04 
-6.485395e-03 
-1.286882e-02 
-1.895652e-02 
-2.483009e-02 
-3.054050e-02 
-3.656702e-02 
-4.347050e-02 
-5.130192e-02 
-5.933729e-02 
-6.654668e-02 
-7.219591e-02 
-7.584649e-02 
-7.735567e-02 
-7.698857e-02 
-7.557117e-02 
-7.426593e-02 
-7.405179e-02 
-7.525506e-02 
-7.750863e-02 
-8.005792e-02 
-8.231149e-02 
-8.411639e-02 
-8.571734e-02 
-8.737948e-02 
-8.926596e-02 
-9.151953e-02 
-9.429316e-02 
-9.758684e-02 
-1.009417e-01 
-1.034910e-01 
-1.044087e-01 
-1.033788e-01 
-1.006256e-01 
-9.660791e-02 
-9.165209e-02 
-8.591109e-02 
-7.952767e-02 
-7.265478e-02 
-6.507829e-02 
-5.620676e-02 
-4.563230e-02 
-3.377300e-02 
-2.170976e-02 
-1.026854e-02 
4.282808e-04 
1.045209e-02 
1.936441e-02 
2.650242e-02 
3.182534e-02 
3.608776e-02 
4.010544e-02 
4.404154e-02 
4.755956e-02 
5.027201e-02 
5.198513e-02 
5.257657e-02 
5.216868e-02 
5.131212e-02 
5.084305e-02 
5.148547e-02 
5.369826e-02 
5.783830e-02 
6.421153e-02 
7.276695e-02 
8.307628e-02 
9.450730e-02 
1.064584e-01 
1.182463e-01 
1.291369e-01 
1.386814e-01 
1.468799e-01 
1.540179e-01 
1.602892e-01 
1.658059e-01 
1.707107e-01 
1.749629e-01 
1.779813e-01 
1.788276e-01 
1.768596e-01 
1.719649e-01 
1.643477e-01 
1.542525e-01 
1.422708e-01 
1.294020e-01 
1.165026e-01 
1.037663e-01 
9.088731e-02 
7.771257e-02 
6.441547e-02 
5.106739e-02 
3.757654e-02 
2.408570e-02 
1.114550e-02 
-7.239985e-04 
-1.158398e-02 
-2.168936e-02 
-3.094839e-02 
-3.903474e-02 
-4.598920e-02 
-5.240322e-02 
-5.882743e-02 
-6.524144e-02 
-7.125777e-02 
-7.660108e-02 
-8.126119e-02 
-8.529926e-02 
-8.862354e-02 
-9.118302e-02 
-9.320206e-02 
-9.521090e-02 
-9.767862e-02 
-1.006154e-01 
-1.037357e-01 
-1.069274e-01 
-1.105372e-01 
-1.149424e-01 
-1.198880e-01 
-1.245991e-01 
-1.283925e-01 
-1.311763e-01 
-1.332259e-01 
-1.347045e-01 
-1.356019e-01 
-1.358976e-01 
-1.356121e-01 
-1.345719e-01 
-1.324509e-01 
-1.289227e-01 
-1.237935e-01 
-1.169920e-01 
-1.087731e-01 
-9.979963e-02 
-9.070376e-02 
-8.150592e-02 
-7.167585e-02 
-6.069351e-02 
-4.864046e-02 
-3.587362e-02 
-2.262750e-02 
-8.912320e-03 
5.098581e-03 
1.900751e-02 
3.223323e-02 
4.420470e-02 
5.443245e-02 
6.271255e-02 
6.929991e-02 
7.455145e-02 
7.850795e-02 
8.090428e-02 
8.157730e-02 
8.082271e-02 
7.909939e-02 
7.676424e-02 
7.413337e-02 
7.172684e-02 
7.010549e-02 
6.956504e-02 
7.014628e-02 
7.194098e-02 
7.522447e-02 
8.011910e-02 
8.640055e-02 
9.344679e-02 
1.004318e-01 
1.064176e-01 
1.106800e-01 
1.130661e-01 
1.140145e-01 
1.140043e-01 
1.130151e-01 
1.106596e-01 
1.066419e-01 
1.009315e-01 
9.346719e-02 
8.399402e-02 
7.255281e-02 
5.979616e-02 
4.674379e-02 
3.411970e-02 
2.215843e-02 
1.100274e-02 
8.361673e-04 
-8.239307e-03 
-1.644802e-02 
-2.386136e-02 
-3.016321e-02 
-3.484370e-02 
-3.781108e-02 
-3.952420e-02 
-4.045214e-02 
-4.081924e-02 
-4.071727e-02 
-4.038076e-02 
-4.000347e-02 
-3.969755e-02 
-3.954459e-02 
-3.976893e-02 
-4.052352e-02 
-4.181856e-02 
-4.375602e-02 
-4.656024e-02 
-5.038418e-02 
-5.506468e-02 
-6.036720e-02 
-6.631215e-02 
-7.287912e-02 
-7.961944e-02 
-8.569695e-02 
-9.056100e-02 
-9.424217e-02 
-9.712797e-02 
-9.936115e-02 
-1.007888e-01 
-1.010233e-01 
-9.962627e-02 
-9.642437e-02 
-9.173367e-02 
-8.604365e-02 
-7.943589e-02 
-7.163506e-02 
-6.272274e-02 
-5.341274e-02 
-4.439844e-02 
-3.562888e-02 
-2.668597e-02 
-1.755951e-02 
-8.708376e-03 
-5.302524e-04 
6.821901e-03 
1.294020e-02 
1.718222e-02 
1.916047e-02 
1.907889e-02 
1.733518e-02 
1.421484e-02 
1.013598e-02 
5.791988e-03 
1.876278e-03 
-1.346025e-03 
-3.711767e-03 
-4.802863e-03 
-4.231822e-03 
-2.233179e-03 
4.282808e-04 
3.120332e-03 
5.985734e-03 
9.687304e-03 
1.496943e-02 
2.217883e-02 
3.111154e-02 
4.118634e-02 
5.180158e-02 
6.261058e-02 
7.315444e-02 
8.256642e-02 
8.993897e-02 
9.526189e-02 
9.943253e-02 
1.030525e-01 
1.056018e-01 
1.059893e-01 
1.038683e-01 
9.979963e-02 
9.436454e-02 
8.760382e-02 
7.963984e-02 
7.125777e-02 
6.350793e-02 
5.686957e-02 
5.114897e-02 
4.608098e-02 
4.170639e-02 
3.822916e-02 
3.599598e-02 
3.548612e-02 
3.716866e-02 
4.098239e-02 
4.618295e-02 
5.176079e-02 
5.694095e-02 
6.118297e-02 
6.421153e-02 
6.606741e-02 
6.697496e-02 
6.698516e-02 
6.585327e-02 
6.351812e-02 
6.034681e-02 
5.665543e-02 
5.214829e-02 
4.637669e-02 
3.956499e-02 
3.262072e-02 
2.627809e-02 
2.051669e-02 
1.517338e-02 
1.041130e-02 
6.587367e-03 
3.803541e-03 
1.968052e-03 
1.070702e-03 
1.131885e-03 
2.019038e-03 
3.619993e-03 
5.985734e-03 
9.187643e-03 
1.301158e-02 
1.716182e-02 
2.161798e-02 
2.644124e-02 
3.135627e-02 
3.572066e-02 
3.903474e-02 
4.136989e-02 
4.301163e-02 
4.402115e-02 
4.424549e-02 
4.356228e-02 
4.194093e-02 
3.945282e-02 
3.627131e-02 
3.268190e-02 
2.884777e-02 
2.481989e-02 
2.067984e-02 
1.660098e-02 
1.270566e-02 
8.973503e-03 
5.445285e-03 
2.396333e-03 
-1.019716e-05 
-1.968052e-03 
-3.803541e-03 
-5.598242e-03 
-7.250182e-03 
-8.891925e-03 
-1.088037e-02 
-1.338887e-02 
-1.633585e-02 
-1.974171e-02 
-2.387156e-02 
-2.876619e-02 
-3.408911e-02 
-3.945282e-02 
-4.477574e-02 
-4.987432e-02 
-5.408575e-02 
-5.660445e-02 
-5.722647e-02 
-5.641070e-02 
-5.467718e-02 
-5.235223e-02 
-4.987432e-02 
-4.775331e-02 
-4.616255e-02 
-4.480633e-02 
-4.357247e-02 
-4.289946e-02 
-4.317478e-02 
-4.418430e-02 
-4.549974e-02 
-4.712109e-02 
-4.932367e-02 
-5.189336e-02 
-5.415713e-02 
-5.576828e-02 
-5.711431e-02 
-5.850112e-02 
-5.962281e-02 
-5.987774e-02 
-5.908236e-02 
-5.742022e-02 
-5.498310e-02 
-5.179139e-02 
-4.808982e-02 
-4.434746e-02 
-4.076825e-02 
-3.713806e-02 
-3.334472e-02 
-2.957177e-02 
-2.598237e-02 
-2.228080e-02 
-1.785523e-02 
-1.236916e-02 
-5.995931e-03 
7.851815e-04 
7.566294e-03 
1.408228e-02 
2.006802e-02 
2.510541e-02 
2.872541e-02 
3.069346e-02 
3.118292e-02 
3.069346e-02 
2.969414e-02 
2.839910e-02 
2.692051e-02 
2.538074e-02 
2.395313e-02 
2.266829e-02 
2.136305e-02 
1.983348e-02 
1.796740e-02 
1.578521e-02 
1.346025e-02 
1.148200e-02 
1.053367e-02 
1.112510e-02 
1.313394e-02 
1.587698e-02 
1.872199e-02 
2.146503e-02 
2.407550e-02 
2.635966e-02 
2.799121e-02 
2.888856e-02 
2.909250e-02 
2.846028e-02 
2.671656e-02 
2.385116e-02 
2.012920e-02 
1.576481e-02 
1.074781e-02 
5.200553e-03 
-4.282808e-04 
-5.863368e-03 
-1.133924e-02 
-1.708025e-02 
-2.271928e-02 
-2.743037e-02 
-3.084642e-02 
-3.319176e-02 
-3.481311e-02 
-3.576145e-02 
-3.612855e-02 
-3.624071e-02 
-3.635288e-02 
-3.640387e-02 
-3.622032e-02 
-3.587362e-02 
-3.553711e-02 
-3.521080e-02 
-3.487429e-02 
-3.467035e-02 
-3.469075e-02 
-3.464996e-02 
-3.411970e-02 
-3.314078e-02 
-3.218224e-02 
-3.145825e-02 
-3.058129e-02 
-2.917408e-02 
-2.735899e-02 
-2.547251e-02 
-2.341268e-02 
-2.070024e-02 
-1.725360e-02 
-1.355203e-02 
-1.023795e-02 
-7.515308e-03 
-5.292327e-03 
-3.436444e-03 
-1.906869e-03 
-5.506468e-04 
8.361673e-04 
2.437122e-03 
4.201231e-03 
6.026523e-03 
7.760040e-03 
9.360995e-03 
1.078860e-02 
1.200206e-02 
1.286882e-02 
1.330730e-02 
1.339907e-02 
1.347045e-02 
1.388853e-02 
1.476549e-02 
1.602994e-02 
1.747794e-02 
1.896672e-02 
2.035354e-02 
2.144463e-02 
2.198508e-02 
2.183212e-02 
2.108773e-02 
2.003742e-02 
1.891574e-02 
1.764109e-02 
1.609112e-02 
1.441879e-02 
1.293000e-02 
1.167575e-02 
1.023795e-02 
8.310687e-03 
6.077509e-03 
4.119654e-03 
2.763431e-03 
1.947658e-03 
1.468391e-03 
1.203265e-03 
9.483361e-04 
4.486751e-04 
-3.365064e-04 
-1.091096e-03 
-1.519377e-03 
-1.774306e-03 
-2.355544e-03 
-3.558810e-03 
-5.231144e-03 
-7.107422e-03 
-9.269220e-03 
-1.201226e-02 
-1.546909e-02 
-1.938481e-02 
-2.340249e-02 
-2.725701e-02 
-3.079543e-02 
-3.379340e-02 
-3.610815e-02 
-3.783147e-02 
-3.913671e-02 
-4.001366e-02 
-4.030938e-02 
-4.020741e-02 
-4.030938e-02 
-4.097220e-02 
-4.185935e-02 
-4.235901e-02 
-4.244059e-02 
-4.252217e-02 
-4.276690e-02 
-4.295045e-02 
-4.303202e-02 
-4.340932e-02 
-4.419450e-02 
-4.488791e-02 
-4.510205e-02 
-4.525501e-02 
-4.594841e-02 
-4.704971e-02 
-4.790627e-02 
-4.829376e-02 
-4.848751e-02 
-4.841613e-02 
-4.755956e-02 
-4.576486e-02 
-4.371523e-02 
-4.200211e-02 
-4.043175e-02 
-3.860646e-02 
-3.664860e-02 
-3.491508e-02 
-3.308979e-02 
-3.048951e-02 
-2.703268e-02 
-2.331071e-02 
-1.956835e-02 
-1.539771e-02 
-1.061525e-02 
-5.924551e-03 
-2.171996e-03 
8.667588e-04 
4.303202e-03 
8.902123e-03 
1.431682e-02 
1.972131e-02 
2.479950e-02 
2.987769e-02 
3.517001e-02 
4.019721e-02 
4.418430e-02 
4.679478e-02 
4.835494e-02 
4.931348e-02 
4.980294e-02 
4.981314e-02 
4.968057e-02 
4.986412e-02 
5.043516e-02 
5.096542e-02 
5.110818e-02 
5.096542e-02 
5.080226e-02 
5.064930e-02 
5.058812e-02 
5.104699e-02 
5.248479e-02 
5.473837e-02 
5.716529e-02 
5.922512e-02 
6.081587e-02 
6.187638e-02 
6.215170e-02 
6.153987e-02 
6.029582e-02 
5.875605e-02 
5.681859e-02 
5.410614e-02 
5.049635e-02 
4.618295e-02 
4.133930e-02 
3.597559e-02 
3.008163e-02 
2.381037e-02 
1.736577e-02 
1.087017e-02 
4.221625e-03 
-2.855205e-03 
-1.060505e-02 
-1.885455e-02 
-2.693071e-02 
-3.417069e-02 
-4.037056e-02 
-4.583624e-02 
-5.079206e-02 
-5.504428e-02 
-5.828698e-02 
-6.046917e-02 
-6.181520e-02 
-6.254939e-02 
-6.285531e-02 
-6.287570e-02 
-6.263097e-02 
-6.192737e-02 
-6.056095e-02 
-5.867447e-02 
-5.686957e-02 
-5.576828e-02 
-5.562552e-02 
-5.628833e-02 
-5.754259e-02 
-5.921492e-02 
-6.105041e-02 
-6.262077e-02 
-6.352832e-02 
-6.371187e-02 
-6.337536e-02 
-6.257998e-02 
-6.104021e-02 
-5.830737e-02 
-5.421831e-02 
-4.888520e-02 
-4.247118e-02 
-3.507824e-02 
-2.696130e-02 
-1.851805e-02 
-1.012578e-02 
-1.968052e-03 
5.771594e-03 
1.278724e-02 
1.894633e-02 
2.450378e-02 
2.980630e-02 
3.484370e-02 
3.915710e-02 
4.246098e-02 
4.485732e-02 
4.668261e-02 
4.806942e-02 
4.895658e-02 
4.932367e-02 
4.927269e-02 
4.904835e-02 
4.890559e-02 
4.906874e-02 
4.963979e-02 
5.041477e-02 
5.113877e-02 
5.164863e-02 
5.199533e-02 
5.226046e-02 
5.247460e-02 
5.267854e-02 
5.298445e-02 
5.348412e-02 
5.416733e-02 
5.497290e-02 
5.589065e-02 
5.678800e-02 
5.736923e-02 
5.737943e-02 
5.685938e-02 
5.608439e-02 
5.509527e-02 
5.350451e-02 
5.089404e-02 
4.729444e-02 
4.306262e-02 
3.840251e-02 
3.322235e-02 
2.751194e-02 
2.160779e-02 
1.582600e-02 
1.006460e-02 
3.997288e-03 
-2.335150e-03 
-8.524828e-03 
-1.423524e-02 
-1.940520e-02 
-2.404491e-02 
-2.818496e-02 
-3.197830e-02 
-3.558810e-02 
-3.869823e-02 
-4.065609e-02 
-4.118634e-02 
-4.088042e-02 
-4.053372e-02 
-4.023800e-02 
-3.948341e-02 
-3.805581e-02 
-3.637328e-02 
-3.495587e-02 
-3.390556e-02 
-3.315097e-02 
-3.283486e-02 
-3.301841e-02 
-3.341610e-02 
-3.368123e-02 
-3.395655e-02 
-3.480291e-02 
-3.649564e-02 
-3.873902e-02 
-4.102318e-02 
-4.312380e-02 
-4.506126e-02 
-4.678458e-02 
-4.800824e-02 
-4.842632e-02 
-4.782469e-02 
-4.615236e-02 
-4.341952e-02 
-3.978933e-02 
-3.564928e-02 
-3.147864e-02 
-2.759352e-02 
-2.392254e-02 
-2.025156e-02 
-1.662137e-02 
-1.320532e-02 
-9.972825e-03 
-6.577170e-03 
-2.895994e-03 
7.036042e-04 
3.864724e-03 
6.781113e-03 
9.881050e-03 
1.314414e-02 
1.602994e-02 
1.834469e-02 
2.048610e-02 
2.287223e-02 
2.532975e-02 
2.747115e-02 
2.932704e-02 
3.122371e-02 
3.323255e-02 
3.518021e-02 
3.699530e-02 
3.891237e-02 
4.104358e-02 
4.324616e-02 
4.535698e-02 
4.738621e-02 
4.931348e-02 
5.106739e-02 
5.271933e-02 
5.449363e-02 
5.640050e-02 
5.815442e-02 
5.959222e-02 
6.086686e-02 
6.215170e-02 
6.315103e-02 
6.335497e-02 
6.261058e-02 
6.131554e-02 
5.989813e-02 
5.850112e-02 
5.701233e-02 
5.530941e-02 
5.322919e-02 
5.058812e-02 
4.731483e-02 
4.361326e-02 
3.973834e-02 
3.579204e-02 
3.171317e-02 
2.745076e-02 
2.308638e-02 
1.877298e-02 
1.470431e-02 
1.104353e-02 
7.811026e-03 
4.904835e-03 
2.243376e-03 
-2.039432e-05 
-1.641743e-03 
-2.630868e-03 
-3.293683e-03 
-4.038076e-03 
-4.955821e-03 
-5.893960e-03 
-6.679141e-03 
-7.413337e-03 
-8.351476e-03 
-9.656713e-03 
-1.128826e-02 
-1.310335e-02 
-1.518357e-02 
-1.782464e-02 
-2.122029e-02 
-2.535015e-02 
-3.006123e-02 
-3.536376e-02 
-4.124752e-02 
-4.738621e-02 
-5.309662e-02 
-5.771594e-02 
-6.103002e-02 
-6.322241e-02 
-6.443587e-02 
-6.462961e-02 
-6.368128e-02 
-6.172342e-02 
-5.919453e-02 
-5.650248e-02 
-5.361668e-02 
-5.009866e-02 
-4.561191e-02 
-4.049293e-02 
-3.550652e-02 
-3.102996e-02 
-2.678794e-02 
-2.237257e-02 
-1.799799e-02 
-1.423524e-02 
-1.136984e-02 
-9.167249e-03 
-7.443928e-03 
-6.301846e-03 
-5.802185e-03 
-5.720608e-03 
-5.700214e-03 
-5.588045e-03 
-5.292327e-03 
-4.517343e-03 
-2.916388e-03 
-5.302524e-04 
2.304559e-03 
5.282130e-03 
8.259701e-03 
1.118629e-02 
1.400070e-02 
1.689670e-02 
2.020058e-02 
2.406530e-02 
2.823594e-02 
3.218224e-02 
3.552691e-02 
3.819857e-02 
4.030938e-02 
4.194093e-02 
4.303202e-02 
4.343991e-02 
4.324616e-02 
4.275670e-02 
4.239980e-02 
4.250177e-02 
4.317478e-02 
4.426588e-02 
4.540796e-02 
4.616255e-02 
4.639709e-02 
4.641748e-02 
4.657044e-02 
4.681517e-02 
4.681517e-02 
4.648886e-02 
4.601979e-02 
4.545895e-02 
4.460239e-02 
4.327676e-02 
4.152284e-02 
3.932026e-02 
3.636308e-02 
3.262072e-02 
2.856225e-02 
2.467713e-02 
2.087359e-02 
1.672335e-02 
1.224679e-02 
7.953786e-03 
4.048273e-03 
1.529574e-04 
-4.048273e-03 
-8.280096e-03 
-1.207344e-02 
-1.538752e-02 
-1.846706e-02 
-2.137325e-02 
-2.391235e-02 
-2.620671e-02 
-2.868462e-02 
-3.159081e-02 
-3.474173e-02 
-3.782127e-02 
-4.077845e-02 
-4.364385e-02 
-4.621354e-02 
-4.828356e-02 
-4.990491e-02 
-5.132232e-02 
-5.254598e-02 
-5.323938e-02 
-5.320879e-02 
-5.271933e-02 
-5.213809e-02 
-5.144468e-02 
-5.027201e-02 
-4.844672e-02 
-4.629512e-02 
-4.431687e-02 
-4.266493e-02 
-4.108437e-02 
-3.936105e-02 
-3.753575e-02 
-3.578184e-02 
-3.421148e-02 
-3.284506e-02 
-3.165199e-02 
-3.040794e-02 
-2.877639e-02 
-2.655341e-02 
-2.388175e-02 
-2.095517e-02 
-1.780425e-02 
-1.435760e-02 
-1.078860e-02 
-7.392943e-03 
-4.150245e-03 
-7.341957e-04 
2.957177e-03 
6.505789e-03 
9.483361e-03 
1.204285e-02 
1.464312e-02 
1.734537e-02 
1.976210e-02 
2.163838e-02 
2.326992e-02 
2.497285e-02 
2.659420e-02 
2.778727e-02 
2.865403e-02 
2.981650e-02 
3.168258e-02 
3.404832e-02 
3.639367e-02 
3.848409e-02 
4.044195e-02 
4.241000e-02 
4.434746e-02 
4.617275e-02 
4.795725e-02 
4.974176e-02 
5.144468e-02 
5.276012e-02 
5.345352e-02 
5.346372e-02 
5.290288e-02 
5.189336e-02 
5.055753e-02 
4.907894e-02 
4.751878e-02 
4.565269e-02 
4.304222e-02 
3.949361e-02 
3.529238e-02 
3.093819e-02 
2.668597e-02 
2.248474e-02 
1.832430e-02 
1.435760e-02 
1.058465e-02 
6.638353e-03 
2.345347e-03 
-1.866081e-03 
-5.302524e-03 
-7.902801e-03 
-1.036032e-02 
-1.318493e-02 
-1.612171e-02 
-1.868120e-02 
-2.086339e-02 
-2.313736e-02 
-2.571724e-02 
-2.853166e-02 
-3.169278e-02 
-3.551672e-02 
-3.991169e-02 
-4.426588e-02 
-4.820199e-02 
-5.217888e-02 
-5.667583e-02 
-6.134613e-02 
-6.524144e-02 
-6.800487e-02 
-7.006470e-02 
-7.180842e-02 
-7.295050e-02 
-7.309326e-02 
-7.236926e-02 
-7.113540e-02 
-6.948346e-02 
-6.722989e-02 
-6.442567e-02 
-6.147869e-02 
-5.873565e-02 
-5.614557e-02 
-5.352490e-02 
-5.085325e-02 
-4.831415e-02 
-4.616255e-02 
-4.437805e-02 
-4.272611e-02 
-4.090082e-02 
-3.880020e-02 
-3.638347e-02 
-3.350787e-02 
-3.003064e-02 
-2.623730e-02 
-2.261731e-02 
-1.921145e-02 
-1.539771e-02 
-1.061525e-02 
-5.098581e-03 
5.098581e-04 
5.955143e-03 
1.138003e-02 
1.667236e-02 
2.138345e-02 
2.549291e-02 
2.949019e-02 
3.364044e-02 
3.753575e-02 
4.069687e-02 
4.328695e-02 
4.573427e-02 
4.795725e-02 
4.951742e-02 
5.044536e-02 
5.123054e-02 
5.226046e-02 
5.349431e-02 
5.492192e-02 
5.683898e-02 
5.939847e-02 
6.223328e-02 
6.495592e-02 
6.753580e-02 
6.999332e-02 
7.201236e-02 
7.318503e-02 
7.361331e-02 
7.377647e-02 
7.381726e-02 
7.337878e-02 
7.217551e-02 
7.038081e-02 
6.818842e-02 
6.532302e-02 
6.133593e-02 
5.630873e-02 
5.088384e-02 
4.544875e-02 
3.972814e-02 
3.330393e-02 
2.626789e-02 
1.928283e-02 
1.289941e-02 
7.015648e-03 
1.111491e-03 
-5.098581e-03 
-1.135964e-02 
-1.716182e-02 
-2.228080e-02 
-2.685933e-02 
-3.101977e-02 
-3.462956e-02 
-3.760713e-02 
-4.015642e-02 
-4.257315e-02 
-4.480633e-02 
-4.661123e-02 
-4.805923e-02 
-4.948683e-02 
-5.096542e-02 
-5.208710e-02 
-5.266834e-02 
-5.325978e-02 
-5.464659e-02 
-5.696135e-02 
-5.965340e-02 
-6.219249e-02 
-6.454804e-02 
-6.685259e-02 
-6.906538e-02 
-7.100284e-02 
-7.257320e-02 
-7.361331e-02 
-7.382745e-02 
-7.305247e-02 
-7.148211e-02 
-6.947327e-02 
-6.712792e-02 
-6.430330e-02 
-6.087706e-02 
-5.692056e-02 
-5.256637e-02 
-4.798784e-02 
-4.342971e-02 
-3.917750e-02 
-3.524139e-02 
-3.134608e-02 
-2.721623e-02 
-2.289263e-02 
-1.858943e-02 
-1.451056e-02 
-1.065603e-02 
-6.985056e-03 
-3.426246e-03 
1.529574e-04 
3.854527e-03 
7.647872e-03 
1.146161e-02 
1.536712e-02 
1.951737e-02 
2.397353e-02 
2.855205e-02 
3.291644e-02 
3.690353e-02 
4.054392e-02 
4.394977e-02 
4.719247e-02 
5.024142e-02 
5.306603e-02 
5.557453e-02 
5.774653e-02 
5.970438e-02 
6.168263e-02 
6.390562e-02 
6.628155e-02 
6.852493e-02 
7.032983e-02 
7.163506e-02 
7.239985e-02 
7.252222e-02 
7.199196e-02 
7.114560e-02 
7.042160e-02 
6.989135e-02 
6.904498e-02 
6.741344e-02 
6.521085e-02 
6.302866e-02 
6.106061e-02 
5.881723e-02 
5.581927e-02 
5.218908e-02 
4.851810e-02 
4.520402e-02 
4.220605e-02 
3.927947e-02 
3.625091e-02 
3.302861e-02 
2.957177e-02 
2.592119e-02 
2.202587e-02 
1.774306e-02 
1.290961e-02 
7.576491e-03 
1.947658e-03 
-3.874922e-03 
-9.850459e-03 
-1.586678e-02 
-2.168936e-02 
-2.716524e-02 
-3.232500e-02 
-3.720944e-02 
-4.185935e-02 
-4.636650e-02 
-5.092463e-02 
-5.546236e-02 
-5.960241e-02 
-6.295728e-02 
-6.554736e-02 
-6.763778e-02 
-6.940189e-02 
-7.093146e-02 
-7.237946e-02 
-7.383765e-02 
-7.503072e-02 
-7.543861e-02 
-7.487776e-02 
-7.367450e-02 
-7.228768e-02 
-7.078870e-02 
-6.899400e-02 
-6.692398e-02 
-6.481316e-02 
-6.276353e-02 
-6.047937e-02 
-5.760377e-02 
-5.417752e-02 
-5.064930e-02 
-4.746779e-02 
-4.455140e-02 
-4.136989e-02 
-3.744398e-02 
-3.280427e-02 
-2.776687e-02 
-2.255612e-02 
-1.720261e-02 
-1.191029e-02 
-7.025845e-03 
-2.610474e-03 
1.784503e-03 
6.617958e-03 
1.178792e-02 
1.688650e-02 
2.184232e-02 
2.695110e-02 
3.223323e-02 
3.728082e-02 
4.185935e-02 
4.628492e-02 
5.103680e-02 
5.603341e-02 
6.074449e-02 
6.490494e-02 
6.860651e-02 
7.188999e-02 
7.444948e-02 
7.607083e-02 
7.691719e-02 
7.725370e-02 
7.702936e-02 
7.600965e-02 
7.422514e-02 
7.192058e-02 
6.919794e-02 
6.594505e-02 
6.204973e-02 
5.762416e-02 
5.290288e-02 
4.798784e-02 
4.290966e-02 
3.767851e-02 
3.236579e-02 
2.709386e-02 
2.206666e-02 
1.756971e-02 
1.368459e-02 
1.023795e-02 
7.046239e-03 
4.089062e-03 
1.447997e-03 
-9.687304e-04 
-3.395655e-03 
-5.955143e-03 
-8.484039e-03 
-1.079879e-02 
-1.299118e-02 
-1.526515e-02 
-1.757991e-02 
-1.964993e-02 
-2.139365e-02 
-2.300480e-02 
-2.472812e-02 
-2.650242e-02 
-2.824614e-02 
-3.007143e-02 
-3.220264e-02 
-3.446641e-02 
-3.636308e-02 
-3.760713e-02 
-3.846370e-02 
-3.934065e-02 
-4.035017e-02 
-4.135969e-02 
-4.228763e-02 
-4.319518e-02 
-4.395997e-02 
-4.429647e-02 
-4.409253e-02 
-4.343991e-02 
-4.242019e-02 
-4.099259e-02 
-3.920809e-02 
-3.721964e-02 
-3.501705e-02 
-3.239638e-02 
-2.924546e-02 
-2.583961e-02 
-2.255612e-02 
-1.949697e-02 
-1.662137e-02 
-1.408228e-02 
-1.213462e-02 
-1.078860e-02 
-9.646515e-03 
-8.382067e-03 
-7.046239e-03 
-5.893960e-03 
-4.955821e-03 
-4.109456e-03 
-3.344669e-03 
-2.885797e-03 
-2.926586e-03 
-3.395655e-03 
-3.997288e-03 
-4.507146e-03 
-4.833455e-03 
-4.976215e-03 
-4.853849e-03 
-4.415371e-03 
-3.670978e-03 
-2.753234e-03 
-1.794701e-03 
-9.585332e-04 
-2.651262e-04 
4.282808e-04 
1.366420e-03 
2.559488e-03 
3.752556e-03 
4.649906e-03 
5.343313e-03 
6.118297e-03 
7.056436e-03 
7.800829e-03 
7.984378e-03 
7.607083e-03 
6.974859e-03 
6.383423e-03 
5.924551e-03 
5.618636e-03 
5.435087e-03 
5.302524e-03 
5.282130e-03 
5.720608e-03 
6.974859e-03 
9.014291e-03 
1.121688e-02 
1.296059e-02 
1.405169e-02 
1.463293e-02 
1.483687e-02 
1.462273e-02 
1.401090e-02 
1.320532e-02 
1.251192e-02 
1.212443e-02 
1.207344e-02 
1.217541e-02 
1.222640e-02 
1.217541e-02 
1.217541e-02 
1.242014e-02 
1.287902e-02 
1.334809e-02 
1.372538e-02 
1.395991e-02 
1.401090e-02 
1.384775e-02 
1.355203e-02 
1.320532e-02 
1.277704e-02 
1.200206e-02 
1.080899e-02 
9.269220e-03 
7.494914e-03 
5.373904e-03 
2.834811e-03 
1.019716e-05 
-2.885797e-03 
-5.893960e-03 
-9.197840e-03 
-1.276685e-02 
-1.628487e-02 
-1.941540e-02 
-2.204626e-02 
-2.415708e-02 
-2.569685e-02 
-2.665538e-02 
-2.714485e-02 
-2.727741e-02 
-2.705307e-02 
-2.638006e-02 
-2.522778e-02 
-2.368801e-02 
-2.191370e-02 
-2.002723e-02 
-1.812036e-02 
-1.629507e-02 
-1.457174e-02 
-1.293000e-02 
-1.145141e-02 
-1.028894e-02 
-9.585332e-03 
-9.299812e-03 
-9.197840e-03 
-8.861334e-03 
-7.994575e-03 
-6.566972e-03 
-4.741680e-03 
-2.579882e-03 
-8.157730e-05 
2.641065e-03 
5.149567e-03 
7.127816e-03 
8.789954e-03 
1.067643e-02 
1.304217e-02 
1.560166e-02 
1.801839e-02 
2.035354e-02 
2.286204e-02 
2.550310e-02 
2.793003e-02 
2.993887e-02 
3.170298e-02 
3.344669e-02 
3.521080e-02 
3.698511e-02 
3.880020e-02 
4.063569e-02 
4.230803e-02 
4.375602e-02 
4.516323e-02 
4.661123e-02 
4.779410e-02 
4.820199e-02 
4.778390e-02 
4.697833e-02 
4.602999e-02 
4.466357e-02 
4.246098e-02 
3.945282e-02 
3.602657e-02 
3.240658e-02 
2.859284e-02 
2.470772e-02 
2.112852e-02 
1.806937e-02 
1.534673e-02 
1.262409e-02 
9.870853e-03 
7.331760e-03 
5.190356e-03 
3.365064e-03 
1.713123e-03 
2.141404e-04 
-1.101294e-03 
-2.284164e-03 
-3.507824e-03 
-4.976215e-03 
-6.730127e-03 
-8.749165e-03 
-1.103333e-02 
-1.353163e-02 
-1.615230e-02 
-1.879337e-02 
-2.152621e-02 
-2.454457e-02 
-2.796062e-02 
-3.160101e-02 
-3.518021e-02 
-3.856567e-02 
-4.174718e-02 
-4.470436e-02 
-4.738621e-02 
-4.978255e-02 
-5.190356e-02 
-5.355550e-02 
-5.440186e-02 
-5.446304e-02 
-5.410614e-02 
-5.365747e-02 
-5.297426e-02 
-5.167922e-02 
-4.974176e-02 
-4.748818e-02 
-4.528560e-02 
-4.314419e-02 
-4.083963e-02 
-3.817818e-02 
-3.501705e-02 
-3.125430e-02 
-2.695110e-02 
-2.243376e-02 
-1.816115e-02 
-1.441879e-02 
-1.114550e-02 
-8.065955e-03 
-4.996609e-03 
-1.968052e-03 
9.075474e-04 
3.599598e-03 
6.097903e-03 
8.341279e-03 
1.021756e-02 
1.171654e-02 
1.290961e-02 
1.385794e-02 
1.456155e-02 
1.520397e-02 
1.606053e-02 
1.733518e-02 
1.899731e-02 
2.095517e-02 
2.323933e-02 
2.580902e-02 
2.849087e-02 
3.127470e-02 
3.445621e-02 
3.815778e-02 
4.199191e-02 
4.546915e-02 
4.874243e-02 
5.248479e-02 
5.686957e-02 
6.103002e-02 
6.396680e-02 
6.554736e-02 
6.641412e-02 
6.702595e-02 
6.721969e-02 
6.666905e-02 
6.532302e-02 
6.326319e-02 
6.045897e-02 
5.685938e-02 
5.260716e-02 
4.798784e-02 
4.332774e-02 
3.894296e-02 
3.503745e-02 
3.149903e-02 
2.796062e-02 
2.417747e-02 
2.028216e-02 
1.653980e-02 
1.301158e-02 
9.575135e-03 
6.240663e-03 
3.120332e-03 
2.753234e-04 
-2.498305e-03 
-5.363707e-03 
-8.310687e-03 
-1.125767e-02 
-1.431682e-02 
-1.770227e-02 
-2.148542e-02 
-2.533995e-02 
-2.890895e-02 
-3.224343e-02 
-3.588381e-02 
-4.023800e-02 
-4.508165e-02 
-4.980294e-02 
-5.416733e-02 
-5.858270e-02 
-6.340595e-02 
-6.831079e-02 
-7.252222e-02 
-7.572413e-02 
-7.823263e-02 
-8.047600e-02 
-8.243386e-02 
-8.374929e-02 
-8.410619e-02 
-8.342298e-02 
-8.177104e-02 
-7.932372e-02 
-7.632576e-02 
-7.289951e-02 
-6.902459e-02 
-6.470099e-02 
-6.013267e-02 
-5.555414e-02 
-5.101640e-02 
-4.640728e-02 
-4.177777e-02 
-3.734201e-02 
-3.313058e-02 
-2.887836e-02 
-2.426925e-02 
-1.929303e-02 
-1.419445e-02 
-9.157052e-03 
-4.089062e-03 
1.091096e-03 
6.240663e-03 
1.102313e-02 
1.530594e-02 
1.932362e-02 
2.343308e-02 
2.767510e-02 
3.179475e-02 
3.558810e-02 
3.912651e-02 
4.265473e-02 
4.633590e-02 
5.026181e-02 
5.460580e-02 
5.941886e-02 
6.449705e-02 
6.962622e-02 
7.472480e-02 
7.981319e-02 
8.460585e-02 
8.864393e-02 
9.176426e-02 
9.406882e-02 
9.563918e-02 
9.630200e-02 
9.603687e-02 
9.501716e-02 
9.329384e-02 
9.061198e-02 
8.687982e-02 
8.255622e-02 
7.817144e-02 
7.374588e-02 
6.892262e-02 
6.359970e-02 
5.810343e-02 
5.268874e-02 
4.734542e-02 
4.204290e-02 
3.691373e-02 
3.190692e-02 
2.669617e-02 
2.113872e-02 
1.549969e-02 
1.008499e-02 
4.925229e-03 
-8.157730e-05 
-4.751878e-03 
-8.963306e-03 
-1.298099e-02 
-1.726380e-02 
-2.181173e-02 
-2.617612e-02 
-3.001025e-02 
-3.347728e-02 
-3.703609e-02 
-4.094161e-02 
-4.515303e-02 
-4.957860e-02 
-5.412654e-02 
-5.870506e-02 
-6.324280e-02 
-6.765817e-02 
-7.188999e-02 
-7.582610e-02 
-7.947668e-02 
-8.289273e-02 
-8.602326e-02 
-8.859294e-02 
-9.034686e-02 
-9.120342e-02 
-9.125440e-02 
-9.053041e-02 
-8.889886e-02 
-8.626799e-02 
-8.272958e-02 
-7.851815e-02 
-7.399061e-02 
-6.948346e-02 
-6.515987e-02 
-6.093824e-02 
-5.660445e-02 
-5.212789e-02 
-4.761055e-02 
-4.312380e-02 
-3.850448e-02 
-3.366083e-02 
-2.878659e-02 
-2.414688e-02 
-1.970092e-02 
-1.502042e-02 
-9.901444e-03 
-4.639709e-03 
3.059149e-04 
4.813061e-03 
9.157052e-03 
1.340927e-02 
1.731478e-02 
2.058807e-02 
2.321894e-02 
2.529916e-02 
2.672676e-02 
2.733859e-02 
2.718563e-02 
2.659420e-02 
2.586000e-02 
2.504423e-02 
2.413668e-02 
2.317815e-02 
2.235218e-02 
2.195449e-02 
2.216863e-02 
2.298440e-02 
2.415708e-02 
2.550310e-02 
2.716524e-02 
2.942901e-02 
3.229441e-02 
3.541474e-02 
3.836172e-02 
4.096200e-02 
4.330735e-02 
4.544875e-02 
4.730464e-02 
4.871184e-02 
4.942564e-02 
4.925229e-02 
4.818159e-02 
4.634610e-02 
4.388859e-02 
4.082944e-02 
3.728082e-02 
3.358945e-02 
3.006123e-02 
2.666558e-02 
2.322914e-02 
1.982328e-02 
1.680492e-02 
1.429642e-02 
1.198167e-02 
9.534347e-03 
7.066633e-03 
4.915032e-03 
3.171317e-03 
1.641743e-03 
1.631546e-04 
-1.142082e-03 
-2.141404e-03 
-2.977571e-03 
-3.936105e-03 
-5.180158e-03 
-6.730127e-03 
-8.616602e-03 
-1.089057e-02 
-1.353163e-02 
-1.637664e-02 
-1.921145e-02 
-2.199528e-02 
-2.476891e-02 
-2.761392e-02 
-3.050991e-02 
-3.330393e-02 
-3.575125e-02 
-3.779068e-02 
-3.971795e-02 
-4.195113e-02 
-4.458199e-02 
-4.702931e-02 
-4.849770e-02 
-4.870165e-02 
-4.802863e-02 
-4.702931e-02 
-4.583624e-02 
-4.436785e-02 
-4.262414e-02 
-4.078865e-02 
-3.891237e-02 
-3.687294e-02 
-3.464996e-02 
-3.234540e-02 
-3.001025e-02 
-2.757313e-02 
-2.504423e-02 
-2.259691e-02 
-2.029235e-02 
-1.791641e-02 
-1.532633e-02 
-1.268527e-02 
-1.016657e-02 
-7.668266e-03 
-4.915032e-03 
-1.886475e-03 
1.213462e-03 
4.333794e-03 
7.545900e-03 
1.079879e-02 
1.395991e-02 
1.703946e-02 
2.023117e-02 
2.354525e-02 
2.669617e-02 
2.942901e-02 
3.183554e-02 
3.407892e-02 
3.615914e-02 
3.801502e-02 
3.980972e-02 
4.175738e-02 
4.377642e-02 
4.556092e-02 
4.692734e-02 
4.798784e-02 
4.888520e-02 
4.958880e-02 
5.003747e-02 
5.033319e-02 
5.054733e-02 
5.055753e-02 
5.019043e-02 
4.939505e-02 
4.831415e-02 
4.705990e-02 
4.555072e-02 
4.364385e-02 
4.126792e-02 
3.854527e-02 
3.555750e-02 
3.231481e-02 
2.873560e-02 
2.484029e-02 
2.079201e-02 
1.671315e-02 
1.260369e-02 
8.473842e-03 
4.425568e-03 
6.322241e-04 
-2.885797e-03 
-6.199875e-03 
-9.401783e-03 
-1.244054e-02 
-1.523456e-02 
-1.774306e-02 
-1.999663e-02 
-2.201567e-02 
-2.390215e-02 
-2.576823e-02 
-2.766490e-02 
-2.950039e-02 
-3.116253e-02 
-3.267171e-02 
-3.419108e-02 
-3.570026e-02 
-3.700550e-02 
-3.790285e-02 
-3.849429e-02 
-3.902454e-02 
-3.950381e-02 
-3.966696e-02 
-3.927947e-02 
-3.854527e-02 
-3.784167e-02 
-3.726043e-02 
-3.653643e-02 
-3.548612e-02 
-3.435424e-02 
-3.343649e-02 
-3.260033e-02 
-3.140726e-02 
-2.949019e-02 
-2.685933e-02 
-2.383077e-02 
-2.075122e-02 
-1.782464e-02 
-1.509180e-02 
-1.237935e-02 
-9.442572e-03 
-6.230466e-03 
-2.885797e-03 
4.486751e-04 
3.701570e-03 
6.862690e-03 
9.840261e-03 
1.253231e-02 
1.497963e-02 
1.733518e-02 
1.975190e-02 
2.219922e-02 
2.445279e-02 
2.631888e-02 
2.775668e-02 
2.897014e-02 
3.007143e-02 
3.099937e-02 
3.171317e-02 
3.229441e-02 
3.282466e-02 
3.320196e-02 
3.329373e-02 
3.316117e-02 
3.296743e-02 
3.259013e-02 
3.179475e-02 
3.062208e-02 
2.949019e-02 
2.862343e-02 
2.766490e-02 
2.618631e-02 
2.426925e-02 
2.235218e-02 
2.063906e-02 
1.895652e-02 
1.718222e-02 
1.540791e-02 
1.371518e-02 
1.200206e-02 
1.020736e-02 
8.514630e-03 
7.066633e-03 
5.812382e-03 
4.639709e-03 
3.569007e-03 
2.671656e-03 
1.886475e-03 
9.687304e-04 
-2.141404e-04 
-1.692729e-03 
-3.405852e-03 
-5.312721e-03 
-7.392943e-03 
-9.677107e-03 
-1.219581e-02 
-1.490825e-02 
-1.770227e-02 
-2.045551e-02 
-2.312716e-02 
-2.570705e-02 
-2.812377e-02 
-3.032636e-02 
-3.236579e-02 
-3.424207e-02 
-3.585322e-02 
-3.700550e-02 
-3.760713e-02 
-3.774989e-02 
-3.750516e-02 
-3.689333e-02 
-3.592460e-02 
-3.468055e-02 
-3.324275e-02 
-3.165199e-02 
-2.983690e-02 
-2.764451e-02 
-2.502384e-02 
-2.217883e-02 
-1.944599e-02 
-1.698847e-02 
-1.469411e-02 
-1.244054e-02 
-1.043170e-02 
-8.953108e-03 
-7.902801e-03 
-6.781113e-03 
-5.373904e-03 
-4.078865e-03 
-3.436444e-03 
-3.375261e-03 
-3.232500e-03 
-2.569685e-03 
-1.672335e-03 
-1.070702e-03 
-8.055758e-04 
-3.365064e-04 
8.565616e-04 
2.743037e-03 
4.823258e-03 
6.760718e-03 
8.596208e-03 
1.059485e-02 
1.288921e-02 
1.534673e-02 
1.778385e-02 
2.011900e-02 
2.236238e-02 
2.448339e-02 
2.633927e-02 
2.771589e-02 
2.843989e-02 
2.846028e-02 
2.787904e-02 
2.691031e-02 
2.572744e-02 
2.435082e-02 
2.266829e-02 
2.058807e-02 
1.828351e-02 
1.604014e-02 
1.398031e-02 
1.199186e-02 
9.921839e-03 
7.882406e-03 
6.108100e-03 
4.721286e-03 
3.589401e-03 
2.467713e-03 
1.315434e-03 
1.937461e-04 
-8.667588e-04 
-1.896672e-03 
-2.906191e-03 
-3.803541e-03 
-4.527540e-03 
-5.139370e-03 
-5.761397e-03 
-6.434409e-03 
-7.138013e-03 
-7.892603e-03 
-8.759362e-03 
-9.799473e-03 
-1.112510e-02 
-1.272606e-02 
-1.442898e-02 
-1.589738e-02 
-1.688650e-02 
-1.749833e-02 
-1.800819e-02 
-1.850785e-02 
-1.874238e-02 
-1.842627e-02 
-1.763089e-02 
-1.669275e-02 
-1.581580e-02 
-1.493884e-02 
-1.403130e-02 
-1.306256e-02 
-1.193068e-02 
-1.046229e-02 
-8.769559e-03 
-7.362351e-03 
-6.617958e-03 
-6.291649e-03 
-5.751199e-03 
-4.843652e-03 
-3.956499e-03 
-3.375261e-03 
-2.783825e-03 
-1.794701e-03 
-5.404496e-04 
5.302524e-04 
1.447997e-03 
2.620671e-03 
4.231822e-03 
5.995931e-03 
7.637674e-03 
9.289615e-03 
1.111491e-02 
1.294020e-02 
1.443918e-02 
1.549969e-02 
1.629507e-02 
1.691709e-02 
1.740656e-02 
1.790622e-02 
1.847726e-02 
1.883416e-02 
1.854864e-02 
1.754932e-02 
1.615230e-02 
1.470431e-02 
1.318493e-02 
1.151260e-02 
9.717896e-03 
7.943589e-03 
6.261058e-03 
4.762075e-03 
3.518021e-03 
2.396333e-03 
1.040111e-03 
-6.322241e-04 
-2.304559e-03 
-3.569007e-03 
-4.486751e-03 
-5.424890e-03 
-6.556775e-03 
-7.729449e-03 
-8.810348e-03 
-9.891247e-03 
-1.113530e-02 
-1.256290e-02 
-1.405169e-02 
-1.544870e-02 
-1.660098e-02 
-1.739636e-02 
-1.796740e-02 
-1.856903e-02 
-1.935421e-02 
-2.014959e-02 
-2.067984e-02 
-2.096537e-02 
-2.118970e-02 
-2.143443e-02 
-2.153641e-02 
-2.128148e-02 
-2.061866e-02 
-1.959895e-02 
-1.826312e-02 
-1.668256e-02 
-1.497963e-02 
-1.330730e-02 
-1.160437e-02 
-9.615924e-03 
-7.138013e-03 
-4.405174e-03 
-1.957855e-03 
-1.019716e-04 
1.366420e-03 
2.783825e-03 
4.191034e-03 
5.363707e-03 
6.220269e-03 
6.954465e-03 
7.668266e-03 
8.239307e-03 
8.463645e-03 
8.412659e-03 
8.290293e-03 
8.239307e-03 
8.320884e-03 
8.718574e-03 
9.544544e-03 
1.067643e-02 
1.200206e-02 
1.366420e-02 
1.591777e-02 
1.867100e-02 
2.145483e-02 
2.400412e-02 
2.651262e-02 
2.930664e-02 
3.231481e-02 
3.521080e-02 
3.784167e-02 
4.027879e-02 
4.247118e-02 
4.415371e-02 
4.513264e-02 
4.554053e-02 
4.560171e-02 
4.524481e-02 
4.421489e-02 
4.255276e-02 
4.062549e-02 
3.869823e-02 
3.669959e-02 
3.448680e-02 
3.231481e-02 
3.052011e-02 
2.912310e-02 
2.781786e-02 
2.650242e-02 
2.543172e-02 
2.471792e-02 
2.397353e-02 
2.282125e-02 
2.150581e-02 
2.058807e-02 
2.009861e-02 
1.947658e-02 
1.836509e-02 
1.704966e-02 
1.597895e-02 
1.514279e-02 
1.419445e-02 
1.299118e-02 
1.168595e-02 
1.032973e-02 
8.881728e-03 
7.392943e-03 
5.975537e-03 
4.476554e-03 
2.539093e-03 
3.059149e-05 
-2.692051e-03 
-5.200553e-03 
-7.423534e-03 
-9.554741e-03 
-1.168595e-02 
-1.374577e-02 
-1.572402e-02 
-1.770227e-02 
-1.967033e-02 
-2.150581e-02 
-2.313736e-02 
-2.468733e-02 
-2.623730e-02 
-2.771589e-02 
-2.898033e-02 
-3.001025e-02 
-3.084642e-02 
-3.151943e-02 
-3.198850e-02 
-3.220264e-02 
-3.211086e-02 
-3.171317e-02 
-3.111154e-02 
-3.053030e-02 
-3.010202e-02 
-2.975532e-02 
-2.926586e-02 
-2.852146e-02 
-2.760372e-02 
-2.660440e-02 
-2.556429e-02 
-2.452417e-02 
-2.349426e-02 
-2.241336e-02 
-2.121010e-02 
-1.991506e-02 
-1.866081e-02 
-1.745754e-02 
-1.610132e-02 
-1.442898e-02 
-1.260369e-02 
-1.096195e-02 
-9.615924e-03 
-8.422856e-03 
-7.260379e-03 
-6.220269e-03 
-5.322919e-03 
-4.415371e-03 
-3.354866e-03 
-2.222981e-03 
-1.101294e-03 
7.138013e-05 
1.386814e-03 
2.763431e-03 
4.099259e-03 
5.577848e-03 
7.515308e-03 
9.891247e-03 
1.224679e-02 
1.426583e-02 
1.615230e-02 
1.827331e-02 
2.060846e-02 
2.274987e-02 
2.431003e-02 
2.529916e-02 
2.596197e-02 
2.645144e-02 
2.672676e-02 
2.666558e-02 
2.614552e-02 
2.519719e-02 
2.400412e-02 
2.272947e-02 
2.138345e-02 
1.979269e-02 
1.789602e-02 
1.587698e-02 
1.393952e-02 
1.213462e-02 
1.039091e-02 
8.698179e-03 
7.127816e-03 
5.679819e-03 
4.221625e-03 
2.671656e-03 
1.152279e-03 
-2.243376e-04 
-1.468391e-03 
-2.702248e-03 
-3.956499e-03 
-5.180158e-03 
-6.393621e-03 
-7.627477e-03 
-8.932714e-03 
-1.031953e-02 
-1.186950e-02 
-1.361321e-02 
-1.536712e-02 
-1.690689e-02 
-1.826312e-02 
-1.972131e-02 
-2.140384e-02 
-2.304559e-02 
-2.433043e-02 
-2.531955e-02 
-2.631888e-02 
-2.746096e-02 
-2.852146e-02 
-2.929645e-02 
-2.983690e-02 
-3.036715e-02 
-3.092799e-02 
-3.139706e-02 
-3.166219e-02 
-3.171317e-02 
-3.155002e-02 
-3.121351e-02 
-3.080563e-02 
-3.038754e-02 
-2.990828e-02 
-2.912310e-02 
-2.788924e-02 
-2.627809e-02 
-2.450378e-02 
-2.279066e-02 
-2.122029e-02 
-1.978249e-02 
-1.843647e-02 
-1.712104e-02 
-1.575462e-02 
-1.430662e-02 
-1.290961e-02 
-1.166555e-02 
-1.059485e-02 
-9.564938e-03 
-8.433053e-03 
-7.219591e-03 
-6.087706e-03 
-5.118975e-03 
-4.231822e-03 
-3.191712e-03 
-1.906869e-03 
-5.098581e-04 
7.545900e-04 
1.815095e-03 
2.855205e-03 
4.068668e-03 
5.404496e-03 
6.566972e-03 
7.423534e-03 
8.178124e-03 
9.106066e-03 
1.023795e-02 
1.136984e-02 
1.232837e-02 
1.307276e-02 
1.357242e-02 
1.379676e-02 
1.389873e-02 
1.420465e-02 
1.491845e-02 
1.585659e-02 
1.660098e-02 
1.691709e-02 
1.688650e-02 
1.669275e-02 
1.629507e-02 
1.560166e-02 
1.468391e-02 
1.382735e-02 
1.331749e-02 
1.313394e-02 
1.303197e-02 
1.277704e-02 
1.235896e-02 
1.197147e-02 
1.183891e-02 
1.200206e-02 
1.238955e-02 
1.286882e-02 
1.335828e-02 
1.384775e-02 
1.434741e-02 
1.480628e-02 
1.508160e-02 
1.506121e-02 
1.469411e-02 
1.398031e-02 
1.280764e-02 
1.104353e-02 
8.728771e-03 
6.108100e-03 
3.497627e-03 
1.019716e-03 
-1.346025e-03 
-3.569007e-03 
-5.588045e-03 
-7.382745e-03 
-8.973503e-03 
-1.024815e-02 
-1.097215e-02 
-1.098234e-02 
-1.042150e-02 
-9.564938e-03 
-8.677785e-03 
-7.974181e-03 
-7.627477e-03 
-7.719252e-03 
-8.178124e-03 
-8.800151e-03 
-9.462966e-03 
-1.019716e-02 
-1.110471e-02 
-1.224679e-02 
-1.355203e-02 
-1.491845e-02 
-1.626447e-02 
-1.761050e-02 
-1.903810e-02 
-2.056768e-02 
-2.199528e-02 
-2.304559e-02 
-2.350446e-02 
-2.338209e-02 
-2.279066e-02 
-2.188311e-02 
-2.076142e-02 
-1.947658e-02 
-1.807957e-02 
-1.663157e-02 
-1.522436e-02 
-1.388853e-02 
-1.245073e-02 
-1.066623e-02 
-8.545222e-03 
-6.424212e-03 
-4.649906e-03 
-3.212106e-03 
-1.896672e-03 
-5.812382e-04 
6.220269e-04 
1.570363e-03 
2.233179e-03 
2.661459e-03 
2.895994e-03 
2.997966e-03 
3.069346e-03 
3.171317e-03 
3.283486e-03 
3.507824e-03 
4.099259e-03 
5.169961e-03 
6.424212e-03 
7.494914e-03 
8.433053e-03 
9.748487e-03 
1.180831e-02 
1.449017e-02 
1.734537e-02 
2.009861e-02 
2.273967e-02 
2.530936e-02 
2.773628e-02 
2.996946e-02 
3.196810e-02 
3.367103e-02 
3.494567e-02 
3.573086e-02 
3.601638e-02 
3.578184e-02 
3.493548e-02 
3.350787e-02 
3.166219e-02 
2.962276e-02 
2.751194e-02 
2.548271e-02 
2.366761e-02 
2.211764e-02 
2.073083e-02 
1.938481e-02 
1.818154e-02 
1.727399e-02 
1.667236e-02 
1.615230e-02 
1.559146e-02 
1.505101e-02 
1.458194e-02 
1.400070e-02 
1.301158e-02 
1.154319e-02 
9.758684e-03 
7.841618e-03 
5.914354e-03 
3.987090e-03 
2.029235e-03 
2.039432e-05 
-2.029235e-03 
-4.027879e-03 
-5.853171e-03 
-7.413337e-03 
-8.708376e-03 
-9.768881e-03 
-1.065603e-02 
-1.151260e-02 
-1.242014e-02 
-1.329710e-02 
-1.394972e-02 
-1.438820e-02 
-1.480628e-02 
-1.536712e-02 
-1.591777e-02 
-1.619309e-02 
-1.619309e-02 
-1.615230e-02 
-1.617270e-02 
-1.607073e-02 
-1.561186e-02 
-1.491845e-02 
-1.435760e-02 
-1.418425e-02 
-1.440859e-02 
-1.494904e-02 
-1.563225e-02 
-1.622368e-02 
-1.647861e-02 
-1.644802e-02 
-1.639704e-02 
-1.649901e-02 
-1.661118e-02 
-1.650921e-02 
-1.636645e-02 
-1.664177e-02 
-1.744734e-02 
-1.827331e-02 
-1.845686e-02 
-1.782464e-02 
-1.682532e-02 
-1.592797e-02 
-1.513259e-02 
-1.417406e-02 
-1.300138e-02 
-1.196127e-02 
-1.130865e-02 
-1.072741e-02 
-9.646515e-03 
-7.953786e-03 
-6.169283e-03 
-4.711089e-03 
-3.456838e-03 
-1.998644e-03 
-3.670978e-04 
9.993219e-04 
1.896672e-03 
2.590079e-03 
3.456838e-03 
4.527540e-03 
5.639031e-03 
6.791310e-03 
8.014969e-03 
9.228432e-03 
1.038071e-02 
1.166555e-02 
1.325631e-02 
1.493884e-02 
1.629507e-02 
1.730458e-02 
1.845686e-02 
2.023117e-02 
2.259691e-02 
2.523798e-02 
2.793003e-02 
3.060168e-02 
3.307959e-02 
3.511903e-02 
3.664860e-02 
3.778049e-02 
3.868803e-02 
3.947321e-02 
4.023800e-02 
4.111496e-02 
4.205310e-02 
4.280769e-02 
4.308301e-02 
4.278729e-02 
4.205310e-02 
4.094161e-02 
3.936105e-02 
3.712787e-02 
3.419108e-02 
3.088720e-02 
2.788924e-02 
2.566626e-02 
2.406530e-02 
2.240317e-02 
2.007821e-02 
1.695788e-02 
1.329710e-02 
9.360995e-03 
5.363707e-03 
1.672335e-03 
-1.315434e-03 
-3.518021e-03 
-5.465679e-03 
-7.882406e-03 
-1.106392e-02 
-1.458194e-02 
-1.776346e-02 
-2.044531e-02 
-2.297421e-02 
-2.575803e-02 
-2.877639e-02 
-3.176416e-02 
-3.466015e-02 
-3.766832e-02 
-4.076825e-02 
-4.354188e-02 
-4.548954e-02 
-4.661123e-02 
-4.739641e-02 
-4.824277e-02 
-4.904835e-02 
-4.951742e-02 
-4.962959e-02 
-4.960919e-02 
-4.953781e-02 
-4.929308e-02 
-4.878322e-02 
-4.820199e-02 
-4.765134e-02 
-4.692734e-02 
-4.572407e-02 
-4.407213e-02 
-4.223665e-02 
-4.031958e-02 
-3.804561e-02 
-3.519041e-02 
-3.188653e-02 
-2.838890e-02 
-2.467713e-02 
-2.059827e-02 
-1.620329e-02 
-1.188989e-02 
-8.014969e-03 
-4.517343e-03 
-1.101294e-03 
2.386136e-03 
5.904157e-03 
9.411981e-03 
1.290961e-02 
1.629507e-02 
1.929303e-02 
2.173015e-02 
2.368801e-02 
2.533995e-02 
2.676755e-02 
2.796062e-02 
2.906191e-02 
3.038754e-02 
3.203948e-02 
3.378320e-02 
3.538415e-02 
3.690353e-02 
3.856567e-02 
4.027879e-02 
4.174718e-02 
4.289946e-02 
4.394977e-02 
4.504087e-02 
4.585664e-02 
4.599940e-02 
4.539777e-02 
4.427608e-02 
4.273631e-02 
4.062549e-02 
3.787226e-02 
3.467035e-02 
3.127470e-02 
2.778727e-02 
2.413668e-02 
2.026176e-02 
1.618290e-02 
1.199186e-02 
7.902801e-03 
4.089062e-03 
5.302524e-04 
-2.855205e-03 
-6.087706e-03 
-9.044883e-03 
-1.161457e-02 
-1.377637e-02 
-1.556087e-02 
-1.704966e-02 
-1.839568e-02 
-1.980289e-02 
-2.122029e-02 
-2.234198e-02 
-2.301499e-02 
-2.346367e-02 
-2.393274e-02 
-2.429984e-02 
-2.436102e-02 
-2.444260e-02 
-2.516660e-02 
-2.657380e-02 
-2.784845e-02 
-2.825634e-02 
-2.799121e-02 
-2.777707e-02 
-2.787904e-02 
-2.798101e-02 
-2.788924e-02 
-2.785865e-02 
-2.800141e-02 
-2.793003e-02 
-2.720603e-02 
-2.593138e-02 
-2.447319e-02 
-2.286204e-02 
-2.091438e-02 
-1.870160e-02 
-1.658059e-02 
-1.455135e-02 
-1.214482e-02 
-9.075474e-03 
-5.649228e-03 
-2.447319e-03 
4.078865e-04 
3.171317e-03 
5.965340e-03 
8.626799e-03 
1.099254e-02 
1.310335e-02 
1.496943e-02 
1.645822e-02 
1.743715e-02 
1.797760e-02 
1.820193e-02 
1.813055e-02 
1.784503e-02 
1.756971e-02 
1.752892e-02 
1.762070e-02 
1.753912e-02 
1.717202e-02 
1.678453e-02 
1.660098e-02 
1.646842e-02 
1.605033e-02 
1.527535e-02 
1.442898e-02 
1.373558e-02 
1.310335e-02 
1.238955e-02 
1.168595e-02 
1.108432e-02 
1.042150e-02 
9.330403e-03 
7.760040e-03 
6.128494e-03 
4.833455e-03 
3.844330e-03 
2.875600e-03 
1.855884e-03 
8.973503e-04 
3.059149e-05 
-8.667588e-04 
-1.815095e-03 
-2.569685e-03 
-2.997966e-03 
-3.232500e-03 
-3.426246e-03 
-3.558810e-03 
-3.436444e-03 
-3.069346e-03 
-2.661459e-03 
-2.345347e-03 
-2.070024e-03 
-1.815095e-03 
-1.784503e-03 
-2.273967e-03 
-3.365064e-03 
-4.823258e-03 
-6.332438e-03 
-7.719252e-03 
-9.177446e-03 
-1.093136e-02 
-1.294020e-02 
-1.476549e-02 
-1.590757e-02 
-1.627467e-02 
-1.616250e-02 
-1.583619e-02 
-1.530594e-02 
-1.442898e-02 
-1.317473e-02 
-1.174713e-02 
-1.039091e-02 
-9.228432e-03 
-8.167927e-03 
-6.872887e-03 
-4.925229e-03 
-2.273967e-03 
6.016326e-04 
2.916388e-03 
4.160442e-03 
4.242019e-03 
3.324275e-03 
1.590757e-03 
-5.914354e-04 
-2.671656e-03 
-4.201231e-03 
-5.261736e-03 
-6.352832e-03 
-7.882406e-03 
-9.789276e-03 
-1.181851e-02 
-1.375597e-02 
-1.546909e-02 
-1.669275e-02 
-1.711084e-02 
-1.662137e-02 
-1.546909e-02 
-1.403130e-02 
-1.258330e-02 
-1.116589e-02 
-9.850459e-03 
-8.891925e-03 
-8.514630e-03 
-8.677785e-03 
-9.095869e-03 
-9.564938e-03 
-1.015637e-02 
-1.096195e-02 
-1.173693e-02 
-1.209383e-02 
-1.193068e-02 
-1.157378e-02 
-1.140043e-02 
-1.145141e-02 
-1.154319e-02 
-1.145141e-02 
-1.106392e-02 
-1.025835e-02 
-9.095869e-03 
-7.811026e-03 
-6.668944e-03 
-5.730805e-03 
-4.853849e-03 
-3.793344e-03 
-2.263770e-03 
-5.098581e-05 
2.773628e-03 
5.700214e-03 
8.137335e-03 
9.972825e-03 
1.146161e-02 
1.268527e-02 
1.330730e-02 
1.310335e-02 
1.225699e-02 
1.120668e-02 
1.016657e-02 
9.187643e-03 
8.433053e-03 
8.157730e-03 
8.371870e-03 
8.871531e-03 
9.452769e-03 
1.007480e-02 
1.062544e-02 
1.095175e-02 
1.101294e-02 
1.102313e-02 
1.128826e-02 
1.191029e-02 
1.284842e-02 
1.407208e-02 
1.563225e-02 
1.751872e-02 
1.954796e-02 
2.128148e-02 
2.214824e-02 
2.180153e-02 
2.046570e-02 
1.878317e-02 
1.729439e-02 
1.605033e-02 
1.480628e-02 
1.343986e-02 
1.199186e-02 
1.050308e-02 
8.922517e-03 
7.178802e-03 
5.292327e-03 
3.293683e-03 
1.274645e-03 
-5.812382e-04 
-2.029235e-03 
-2.895994e-03 
-3.099937e-03 
-2.671656e-03 
-1.825292e-03 
-9.483361e-04 
-3.467035e-04 
-4.078865e-05 
1.937461e-04 
4.588723e-04 
5.914354e-04 
4.588723e-04 
7.138013e-05 
-5.710411e-04 
-1.611152e-03 
-3.130529e-03 
-4.915032e-03 
-6.587367e-03 
-7.963984e-03 
-9.146854e-03 
-1.031953e-02 
-1.157378e-02 
-1.296059e-02 
-1.450036e-02 
-1.611152e-02 
-1.761050e-02 
-1.885455e-02 
-1.973151e-02 
-2.008841e-02 
-1.972131e-02 
-1.866081e-02 
-1.721281e-02 
-1.573422e-02 
-1.431682e-02 
-1.290961e-02 
-1.158398e-02 
-1.044189e-02 
-9.534347e-03 
-8.759362e-03 
-8.055758e-03 
-7.423534e-03 
-6.801507e-03 
-6.097903e-03 
-5.353510e-03 
-4.762075e-03 
-4.496948e-03 
-4.517343e-03 
-4.588723e-03 
-4.425568e-03 
-3.834133e-03 
-2.712445e-03 
-1.142082e-03 
7.647872e-04 
2.936783e-03 
5.363707e-03 
7.892603e-03 
1.029913e-02 
1.255271e-02 
1.502042e-02 
1.796740e-02 
2.127128e-02 
2.451398e-02 
2.745076e-02 
3.016321e-02 
3.267171e-02 
3.473153e-02 
3.615914e-02 
3.703609e-02 
3.759694e-02 
3.792325e-02 
3.796403e-02 
3.776009e-02 
3.733181e-02 
3.655683e-02 
3.528218e-02 
3.366083e-02 
3.211086e-02 
3.087701e-02 
2.980630e-02 
2.863363e-02 
2.736918e-02 
2.615572e-02 
2.500344e-02 
2.381037e-02 
2.263770e-02 
2.174035e-02 
2.123049e-02 
2.089399e-02 
2.031275e-02 
1.919106e-02 
1.747794e-02 
1.531614e-02 
1.296059e-02 
1.062544e-02 
8.290293e-03 
5.741002e-03 
2.906191e-03 
-4.078865e-05 
-2.936783e-03 
-5.934748e-03 
-9.279418e-03 
-1.277704e-02 
-1.579540e-02 
-1.802858e-02 
-1.984368e-02 
-2.175055e-02 
-2.370840e-02 
-2.525837e-02 
-2.624750e-02 
-2.705307e-02 
-2.798101e-02 
-2.883757e-02 
-2.919448e-02 
-2.904152e-02 
-2.868462e-02 
-2.834811e-02 
-2.801160e-02 
-2.775668e-02 
-2.782806e-02 
-2.833791e-02 
-2.908231e-02 
-2.989808e-02 
-3.090760e-02 
-3.221284e-02 
-3.342630e-02 
-3.397694e-02 
-3.378320e-02 
-3.348748e-02 
-3.362004e-02 
-3.393616e-02 
-3.381379e-02 
-3.301841e-02 
-3.180495e-02 
-3.031616e-02 
-2.828693e-02 
-2.555409e-02 
-2.250514e-02 
-1.970092e-02 
-1.716182e-02 
-1.441879e-02 
-1.121688e-02 
-7.872209e-03 
-4.823258e-03 
-2.019038e-03 
8.973503e-04 
4.170639e-03 
7.586689e-03 
1.079879e-02 
1.364380e-02 
1.623388e-02 
1.870160e-02 
2.111832e-02 
2.343308e-02 
2.555409e-02 
2.740997e-02 
2.895994e-02 
3.022439e-02 
3.127470e-02 
3.221284e-02 
3.313058e-02 
3.403813e-02 
3.492528e-02 
3.580224e-02 
3.667919e-02 
3.753575e-02 
3.820877e-02 
3.862685e-02 
3.899395e-02 
3.963637e-02 
4.067648e-02 
4.182876e-02 
4.276690e-02 
4.339912e-02 
4.385799e-02 
4.416391e-02 
4.399056e-02 
4.308301e-02 
4.149225e-02 
3.952420e-02 
3.739299e-02 
3.495587e-02 
3.199869e-02 
2.859284e-02 
2.521758e-02 
2.222981e-02 
1.958875e-02 
1.694768e-02 
1.412307e-02 
1.129846e-02 
8.708376e-03 
6.271255e-03 
3.813739e-03 
1.386814e-03 
-7.545900e-04 
-2.549291e-03 
-4.252217e-03 
-6.108100e-03 
-8.106744e-03 
-1.002381e-02 
-1.174713e-02 
-1.326651e-02 
-1.461253e-02 
-1.589738e-02 
-1.737596e-02 
-1.928283e-02 
-2.164858e-02 
-2.421826e-02 
-2.677775e-02 
-2.930664e-02 
-3.187633e-02 
-3.447661e-02 
-3.707688e-02 
-3.964657e-02 
-4.216527e-02 
-4.454120e-02 
-4.666221e-02 
-4.852829e-02 
-5.015984e-02 
-5.155685e-02 
-5.254598e-02 
-5.291307e-02 
-5.262755e-02 
-5.182198e-02 
-5.073088e-02 
-4.949702e-02 
-4.819179e-02 
-4.682537e-02 
-4.544875e-02 
-4.410273e-02 
-4.278729e-02 
-4.145146e-02 
-3.995248e-02 
-3.820877e-02 
-3.621012e-02 
-3.404832e-02 
-3.175396e-02 
-2.925566e-02 
-2.646164e-02 
-2.349426e-02 
-2.062886e-02 
-1.799799e-02 
-1.540791e-02 
-1.251192e-02 
-9.320206e-03 
-6.159086e-03 
-3.314078e-03 
-7.953786e-04 
1.580560e-03 
3.966696e-03 
6.424212e-03 
9.055080e-03 
1.182871e-02 
1.445958e-02 
1.662137e-02 
1.827331e-02 
1.972131e-02 
2.125089e-02 
2.287223e-02 
2.441201e-02 
2.579882e-02 
2.713465e-02 
2.853166e-02 
3.000005e-02 
3.144805e-02 
3.280427e-02 
3.404832e-02 
3.522100e-02 
3.635288e-02 
3.747457e-02 
3.864724e-02 
3.987090e-02 
4.111496e-02 
4.231822e-02 
4.336853e-02 
4.412312e-02 
4.437805e-02 
4.393957e-02 
4.281788e-02 
4.118634e-02 
3.932026e-02 
3.737260e-02 
3.529238e-02 
3.300821e-02 
3.050991e-02 
2.787904e-02 
2.520738e-02 
2.259691e-02 
2.021078e-02 
1.813055e-02 
1.640723e-02 
1.498983e-02 
1.382735e-02 
1.285862e-02 
1.203265e-02 
1.123727e-02 
1.038071e-02 
9.391586e-03 
8.320884e-03 
7.280774e-03 
6.332438e-03 
5.404496e-03 
4.303202e-03 
2.916388e-03 
1.305237e-03 
-4.078865e-04 
-2.171996e-03 
-4.068668e-03 
-6.199875e-03 
-8.524828e-03 
-1.098234e-02 
-1.345006e-02 
-1.580560e-02 
-1.798779e-02 
-2.010880e-02 
-2.243376e-02 
-2.501364e-02 
-2.751194e-02 
-2.956157e-02 
-3.121351e-02 
-3.286545e-02 
-3.469075e-02 
-3.638347e-02 
-3.755615e-02 
-3.829034e-02 
-3.890217e-02 
-3.936105e-02 
-3.933045e-02 
-3.879000e-02 
-3.817818e-02 
-3.787226e-02 
-3.761733e-02 
-3.686274e-02 
-3.554731e-02 
-3.418089e-02 
-3.318157e-02 
-3.242698e-02 
-3.159081e-02 
-3.060168e-02 
-2.968394e-02 
-2.890895e-02 
-2.822574e-02 
-2.763431e-02 
-2.721623e-02 
-2.687972e-02 
-2.626789e-02 
-2.516660e-02 
-2.366761e-02 
-2.200548e-02 
-2.026176e-02 
-1.834469e-02 
-1.622368e-02 
-1.398031e-02 
-1.161457e-02 
-9.024488e-03 
-6.159086e-03 
-3.181515e-03 
-2.957177e-04 
2.416727e-03 
5.027201e-03 
7.556097e-03 
1.000342e-02 
1.240995e-02 
1.486746e-02 
1.738616e-02 
1.989466e-02 
2.226040e-02 
2.446299e-02 
2.648203e-02 
2.830732e-02 
2.985729e-02 
3.117272e-02 
3.231481e-02 
3.332433e-02 
3.411970e-02 
3.461937e-02 
3.482331e-02 
3.483351e-02 
3.478252e-02 
3.476213e-02 
3.479272e-02 
3.481311e-02 
3.472134e-02 
3.442562e-02 
3.395655e-02 
3.339571e-02 
3.282466e-02 
3.223323e-02 
3.151943e-02 
3.050991e-02 
2.911290e-02 
2.738958e-02 
2.548271e-02 
2.344328e-02 
2.112852e-02 
1.841607e-02 
1.534673e-02 
1.204285e-02 
8.616602e-03 
5.149567e-03 
1.804898e-03 
-1.325631e-03 
-4.262414e-03 
-7.025845e-03 
-9.554741e-03 
-1.179812e-02 
-1.389873e-02 
-1.612171e-02 
-1.852824e-02 
-2.087359e-02 
-2.293342e-02 
-2.472812e-02 
-2.638006e-02 
-2.786884e-02 
-2.910270e-02 
-3.010202e-02 
-3.099937e-02 
-3.189672e-02 
-3.282466e-02 
-3.380359e-02 
-3.475193e-02 
-3.543514e-02 
-3.566967e-02 
-3.555750e-02 
-3.530258e-02 
-3.491508e-02 
-3.420128e-02 
-3.309999e-02 
-3.177436e-02 
-3.024478e-02 
-2.822574e-02 
-2.552350e-02 
-2.238277e-02 
-1.928283e-02 
-1.640723e-02 
-1.363361e-02 
-1.090077e-02 
-8.443250e-03 
-6.393621e-03 
-4.558131e-03 
-2.579882e-03 
-3.161120e-04 
2.039432e-03 
4.272611e-03 
6.291649e-03 
8.178124e-03 
1.002381e-02 
1.185930e-02 
1.358262e-02 
1.509180e-02 
1.638684e-02 
1.764109e-02 
1.900751e-02 
2.052689e-02 
2.209725e-02 
2.362682e-02 
2.506462e-02 
2.634947e-02 
2.743037e-02 
2.828693e-02 
2.891915e-02 
2.933724e-02 
2.941881e-02 
2.915369e-02 
2.866422e-02 
2.807279e-02 
2.737938e-02 
2.638006e-02 
2.484029e-02 
2.271928e-02 
2.012920e-02 
1.730458e-02 
1.440859e-02 
1.146161e-02 
8.371870e-03 
5.088384e-03 
1.764109e-03 
-1.356223e-03 
-4.119654e-03 
-6.607761e-03 
-8.902123e-03 
-1.099254e-02 
-1.279744e-02 
-1.429642e-02 
-1.562205e-02 
-1.683551e-02 
-1.791641e-02 
-1.881376e-02 
-1.952757e-02 
-2.014959e-02 
-2.077162e-02 
-2.142424e-02 
-2.211764e-02 
-2.283145e-02 
-2.370840e-02 
-2.489127e-02 
-2.641065e-02 
-2.803200e-02 
-2.945960e-02 
-3.059149e-02 
-3.150923e-02 
-3.221284e-02 
-3.247796e-02 
-3.215165e-02 
-3.134608e-02 
-3.018360e-02 
-2.863363e-02 
-2.649223e-02 
-2.372880e-02 
-2.052689e-02 
-1.713123e-02 
-1.367439e-02 
-1.023795e-02 
-6.913676e-03 
-3.793344e-03 
-7.749843e-04 
2.304559e-03 
5.475876e-03 
8.535025e-03 
1.119648e-02 
1.330730e-02 
1.491845e-02 
1.615230e-02 
1.713123e-02 
1.792661e-02 
1.855884e-02 
1.903810e-02 
1.943579e-02 
1.983348e-02 
2.030255e-02 
2.091438e-02 
2.170976e-02 
2.267849e-02 
2.372880e-02 
2.473832e-02 
2.570705e-02 
2.679814e-02 
2.813397e-02 
2.961256e-02 
3.099937e-02 
3.213126e-02 
3.297762e-02 
3.352827e-02 
3.376280e-02 
3.360985e-02 
3.301841e-02 
3.189672e-02 
3.010202e-02 
2.766490e-02 
2.483009e-02 
2.195449e-02 
1.918086e-02 
1.640723e-02 
1.352144e-02 
1.050308e-02 
7.413337e-03 
4.272611e-03 
1.121688e-03 
-1.917066e-03 
-4.690695e-03 
-7.107422e-03 
-9.157052e-03 
-1.079879e-02 
-1.204285e-02 
-1.293000e-02 
-1.357242e-02 
-1.403130e-02 
-1.434741e-02 
-1.463293e-02 
-1.494904e-02 
-1.527535e-02 
-1.557107e-02 
-1.586678e-02 
-1.633585e-02 
-1.705985e-02 
-1.797760e-02 
-1.895652e-02 
-1.998644e-02 
-2.111832e-02 
-2.234198e-02 
-2.357584e-02 
-2.471792e-02 
-2.566626e-02 
-2.636986e-02 
-2.673696e-02 
-2.679814e-02 
-2.663499e-02 
-2.624750e-02 
-2.550310e-02 
-2.421826e-02 
-2.241336e-02 
-2.037393e-02 
-1.832430e-02 
-1.628487e-02 
-1.415366e-02 
-1.196127e-02 
-9.921839e-03 
-8.188321e-03 
-6.668944e-03 
-5.210750e-03 
-3.823936e-03 
-2.702248e-03 
-1.927264e-03 
-1.335828e-03 
-7.443928e-04 
-1.121688e-04 
4.792666e-04 
9.381389e-04 
1.264448e-03 
1.447997e-03 
1.509180e-03 
1.560166e-03 
1.702926e-03 
1.957855e-03 
2.294361e-03 
2.783825e-03 
3.528218e-03 
4.456160e-03 
5.353510e-03 
6.108100e-03 
6.862690e-03 
7.770238e-03 
8.800151e-03 
9.809670e-03 
1.085998e-02 
1.208364e-02 
1.342966e-02 
1.466352e-02 
1.567304e-02 
1.661118e-02 
1.762070e-02 
1.863022e-02 
1.943579e-02 
2.002723e-02 
2.045551e-02 
2.067984e-02 
2.056768e-02 
2.011900e-02 
1.949697e-02 
1.884436e-02 
1.811016e-02 
1.726380e-02 
1.635625e-02 
1.549969e-02 
1.478589e-02 
1.420465e-02 
1.367439e-02 
1.306256e-02 
1.231817e-02 
1.165536e-02 
1.133924e-02 
1.134944e-02 
1.131885e-02 
1.100274e-02 
1.053367e-02 
1.022775e-02 
1.007480e-02 
9.799473e-03 
9.269220e-03 
8.596208e-03 
7.943589e-03 
7.280774e-03 
6.536381e-03 
5.741002e-03 
4.925229e-03 
4.058471e-03 
3.089740e-03 
2.049630e-03 
1.009519e-03 
-3.059149e-05 
-1.101294e-03 
-2.192390e-03 
-3.242698e-03 
-4.323597e-03 
-5.537059e-03 
-6.913676e-03 
-8.290293e-03 
-9.513952e-03 
-1.054387e-02 
-1.144122e-02 
-1.224679e-02 
-1.298099e-02 
-1.367439e-02 
-1.435760e-02 
-1.501022e-02 
-1.554048e-02 
-1.583619e-02 
-1.586678e-02 
-1.569343e-02 
-1.544870e-02 
-1.516318e-02 
-1.481648e-02 
-1.434741e-02 
-1.373558e-02 
-1.303197e-02 
-1.224679e-02 
-1.142082e-02 
-1.052347e-02 
-9.452769e-03 
-8.157730e-03 
-6.699536e-03 
-5.271933e-03 
-3.966696e-03 
-2.661459e-03 
-1.274645e-03 
8.157730e-05 
1.244054e-03 
2.355544e-03 
3.732161e-03 
5.465679e-03 
7.188999e-03 
8.626799e-03 
9.972825e-03 
1.159417e-02 
1.346025e-02 
1.519377e-02 
1.656019e-02 
1.782464e-02 
1.919106e-02 
2.048610e-02 
2.137325e-02 
2.190350e-02 
2.247455e-02 
2.328012e-02 
2.407550e-02 
2.451398e-02 
2.459556e-02 
2.461595e-02 
2.467713e-02 
2.458536e-02 
2.408570e-02 
2.320874e-02 
2.221962e-02 
2.136305e-02 
2.055748e-02 
1.956835e-02 
1.825292e-02 
1.680492e-02 
1.540791e-02 
1.400070e-02 
1.238955e-02 
1.050308e-02 
8.565616e-03 
6.791310e-03 
5.169961e-03 
3.538415e-03 
1.804898e-03 
5.098581e-05 
-1.641743e-03 
-3.201909e-03 
-4.629512e-03 
-6.006128e-03 
-7.403140e-03 
-8.820545e-03 
-1.009519e-02 
-1.116589e-02 
-1.218561e-02 
-1.333789e-02 
-1.457174e-02 
-1.566284e-02 
-1.661118e-02 
-1.760030e-02 
-1.858943e-02 
-1.930323e-02 
-1.962954e-02 
-1.991506e-02 
-2.046570e-02 
-2.103675e-02 
-2.103675e-02 
-2.032294e-02 
-1.933382e-02 
-1.852824e-02 
-1.787563e-02 
-1.707005e-02 
-1.607073e-02 
-1.505101e-02 
-1.408228e-02 
-1.305237e-02 
-1.190009e-02 
-1.069682e-02 
-9.564938e-03 
-8.453447e-03 
-7.270577e-03 
-5.995931e-03 
-4.711089e-03 
-3.467035e-03 
-2.263770e-03 
-1.121688e-03 
-8.157730e-05 
8.973503e-04 
1.947658e-03 
3.181515e-03 
4.527540e-03 
5.842974e-03 
6.995253e-03 
8.045561e-03 
9.106066e-03 
1.011558e-02 
1.098234e-02 
1.170634e-02 
1.245073e-02 
1.330730e-02 
1.417406e-02 
1.489805e-02 
1.536712e-02 
1.557107e-02 
1.550988e-02 
1.527535e-02 
1.501022e-02 
1.469411e-02 
1.411287e-02 
1.316454e-02 
1.199186e-02 
1.078860e-02 
9.452769e-03 
7.770238e-03 
5.934748e-03 
4.415371e-03 
3.436444e-03 
2.702248e-03 
1.866081e-03 
1.070702e-03 
5.506468e-04 
2.243376e-04 
-2.549291e-04 
-9.585332e-04 
-1.672335e-03 
-2.345347e-03 
-3.242698e-03 
-4.547934e-03 
-5.985734e-03 
-7.260379e-03 
-8.443250e-03 
-9.728093e-03 
-1.095175e-02 
-1.168595e-02 
-1.166555e-02 
-1.103333e-02 
-1.002381e-02 
-8.789954e-03 
-7.494914e-03 
-6.403818e-03 
-5.700214e-03 
-5.220947e-03 
-4.690695e-03 
-4.027879e-03 
-3.385458e-03 
-2.834811e-03 
-2.386136e-03 
-2.059827e-03 
-1.947658e-03 
-2.090418e-03 
-2.345347e-03 
-2.518699e-03 
-2.488108e-03 
-2.222981e-03 
-1.764109e-03 
-1.193068e-03 
-5.812382e-04 
1.529574e-04 
1.131885e-03 
2.284164e-03 
3.293683e-03 
3.925907e-03 
4.272611e-03 
4.639709e-03 
5.108778e-03 
5.526862e-03 
5.720608e-03 
5.761397e-03 
5.781791e-03 
5.873565e-03 
6.036720e-03 
6.230466e-03 
6.281452e-03 
6.057114e-03 
5.649228e-03 
5.343313e-03 
5.271933e-03 
5.159764e-03 
4.598920e-03 
3.619993e-03 
2.610474e-03 
1.835489e-03 
1.111491e-03 
1.325631e-04 
-1.152279e-03 
-2.559488e-03 
-3.976893e-03 
-5.465679e-03 
-7.036042e-03 
-8.565616e-03 
-9.952430e-03 
-1.121688e-02 
-1.247113e-02 
-1.376617e-02 
-1.506121e-02 
-1.626447e-02 
-1.734537e-02 
-1.829371e-02 
-1.911968e-02 
-1.983348e-02 
-2.048610e-02 
-2.106734e-02 
-2.156700e-02 
-2.205646e-02 
-2.262750e-02 
-2.331071e-02 
-2.402451e-02 
-2.469753e-02 
-2.528896e-02 
-2.577843e-02 
-2.606395e-02 
-2.607414e-02 
-2.588040e-02 
-2.552350e-02 
-2.497285e-02 
-2.420806e-02 
-2.333111e-02 
-2.247455e-02 
-2.160779e-02 
-2.052689e-02 
-1.927264e-02 
-1.809996e-02 
-1.715163e-02 
-1.619309e-02 
-1.489805e-02 
-1.335828e-02 
-1.188989e-02 
-1.064584e-02 
-9.401783e-03 
-7.994575e-03 
-6.546578e-03 
-5.210750e-03 
-3.925907e-03 
-2.590079e-03 
-1.274645e-03 
-9.177446e-05 
1.029913e-03 
2.233179e-03 
3.538415e-03 
4.884441e-03 
6.301846e-03 
7.790632e-03 
9.177446e-03 
1.019716e-02 
1.088037e-02 
1.151260e-02 
1.218561e-02 
1.272606e-02 
1.309316e-02 
1.355203e-02 
1.423524e-02 
1.479608e-02 
1.474510e-02 
1.417406e-02 
1.354183e-02 
1.304217e-02 
1.237935e-02 
1.131885e-02 
1.016657e-02 
9.299812e-03 
8.759362e-03 
8.249504e-03 
7.658069e-03 
7.097225e-03 
6.658747e-03 
6.281452e-03 
5.944946e-03 
5.710411e-03 
5.526862e-03 
5.210750e-03 
4.660103e-03 
4.099259e-03 
3.803541e-03 
3.752556e-03 
3.630190e-03 
3.161120e-03 
2.375939e-03 
1.529574e-03 
8.157730e-04 
1.937461e-04 
-4.792666e-04 
-1.295040e-03 
-2.161798e-03 
-2.865403e-03 
-3.252895e-03 
-3.405852e-03 
-3.558810e-03 
-3.874922e-03 
-4.252217e-03 
-4.415371e-03 
-4.180836e-03 
-3.579204e-03 
-2.763431e-03 
-1.784503e-03 
-6.322241e-04 
6.730127e-04 
1.937461e-03 
3.038754e-03 
3.997288e-03 
4.904835e-03 
5.741002e-03 
6.434409e-03 
7.036042e-03 
7.698857e-03 
8.433053e-03 
9.055080e-03 
9.432375e-03 
9.575135e-03 
9.564938e-03 
9.432375e-03 
9.218235e-03 
9.106066e-03 
9.167249e-03 
9.269220e-03 
9.228432e-03 
9.085671e-03 
9.014291e-03 
9.014291e-03 
8.840940e-03 
8.351476e-03 
7.698857e-03 
7.117619e-03 
6.607761e-03 
6.057114e-03 
5.496270e-03 
5.078187e-03 
4.823258e-03 
4.496948e-03 
3.874922e-03 
2.987769e-03 
2.070024e-03 
1.254251e-03 
4.486751e-04 
-4.894638e-04 
-1.519377e-03 
-2.345347e-03 
-2.814417e-03 
-3.089740e-03 
-3.528218e-03 
-4.170639e-03 
-4.741680e-03 
-4.976215e-03 
-4.945624e-03 
-4.802863e-03 
-4.598920e-03 
-4.242019e-03 
-3.772950e-03 
-3.365064e-03 
-3.008163e-03 
-2.569685e-03 
-1.896672e-03 
-1.091096e-03 
-2.855205e-04 
4.486751e-04 
1.070702e-03 
1.570363e-03 
2.019038e-03 
2.488108e-03 
2.957177e-03 
3.293683e-03 
3.507824e-03 
3.772950e-03 
4.140048e-03 
4.466357e-03 
4.660103e-03 
4.915032e-03 
5.455482e-03 
6.189677e-03 
6.832099e-03 
7.321562e-03 
7.902801e-03 
8.667588e-03 
9.432375e-03 
9.952430e-03 
1.025835e-02 
1.046229e-02 
1.058465e-02 
1.059485e-02 
1.051327e-02 
1.032973e-02 
9.901444e-03 
9.146854e-03 
8.259701e-03 
7.545900e-03 
7.056436e-03 
6.628155e-03 
6.250860e-03 
6.057114e-03 
6.148889e-03 
6.342635e-03 
6.546578e-03 
6.903479e-03 
7.566294e-03 
8.422856e-03 
9.248826e-03 
9.911642e-03 
1.047249e-02 
1.093136e-02 
1.128826e-02 
1.155338e-02 
1.172674e-02 
1.166555e-02 
1.121688e-02 
1.051327e-02 
9.891247e-03 
9.462966e-03 
8.963306e-03 
8.116941e-03 
7.025845e-03 
6.016326e-03 
5.169961e-03 
4.343991e-03 
3.436444e-03 
2.620671e-03 
2.008841e-03 
1.468391e-03 
8.463645e-04 
1.835489e-04 
-3.161120e-04 
-5.710411e-04 
-7.239985e-04 
-8.157730e-04 
-8.055758e-04 
-6.526184e-04 
-4.792666e-04 
-4.282808e-04 
-4.384780e-04 
-4.078865e-04 
-3.772950e-04 
-4.792666e-04 
-7.647872e-04 
-1.111491e-03 
-1.447997e-03 
-1.917066e-03 
-2.712445e-03 
-3.834133e-03 
-5.149567e-03 
-6.566972e-03 
-8.157730e-03 
-9.942233e-03 
-1.180831e-02 
-1.361321e-02 
-1.527535e-02 
-1.683551e-02 
-1.827331e-02 
-1.954796e-02 
-2.062886e-02 
-2.147522e-02 
-2.204626e-02 
-2.235218e-02 
-2.244395e-02 
-2.242356e-02 
-2.240317e-02 
-2.243376e-02 
-2.247455e-02 
-2.234198e-02 
-2.188311e-02 
-2.122029e-02 
-2.062886e-02 
-2.030255e-02 
-2.009861e-02 
-1.980289e-02 
-1.941540e-02 
-1.908909e-02 
-1.880357e-02 
-1.836509e-02 
-1.769208e-02 
-1.691709e-02 
-1.608092e-02 
-1.509180e-02 
-1.390893e-02 
-1.269547e-02 
-1.153299e-02 
-1.022775e-02 
-8.606405e-03 
-6.842296e-03 
-5.241341e-03 
-3.823936e-03 
-2.294361e-03 
-4.282808e-04 
1.682532e-03 
3.813739e-03 
5.873565e-03 
7.821223e-03 
9.666910e-03 
1.153299e-02 
1.349085e-02 
1.533653e-02 
1.665197e-02 
1.727399e-02 
1.753912e-02 
1.792661e-02 
1.854864e-02 
1.910948e-02 
1.929303e-02 
1.905850e-02 
1.859962e-02 
1.811016e-02 
1.767168e-02 
1.713123e-02 
1.635625e-02 
1.544870e-02 
1.497963e-02 
