1 
1.000000e-02 
-2.338166e-04 
-3.866400e-04 
-6.751773e-04 
-9.000437e-04 
-6.693517e-04 
1.134999e-04 
9.992552e-04 
1.521722e-03 
1.658878e-03 
1.612422e-03 
1.554471e-03 
1.495566e-03 
1.506216e-03 
1.706056e-03 
2.058686e-03 
2.518734e-03 
2.855594e-03 
2.929740e-03 
2.724388e-03 
2.538511e-03 
2.573153e-03 
2.756399e-03 
2.771745e-03 
2.382008e-03 
1.622922e-03 
8.811529e-04 
4.730040e-04 
2.665294e-04 
-3.184652e-04 
-1.534972e-03 
-2.825930e-03 
-3.467774e-03 
-3.416525e-03 
-3.267866e-03 
-3.295075e-03 
-3.382837e-03 
-3.609316e-03 
-4.079345e-03 
-4.462006e-03 
-4.180464e-03 
-3.314567e-03 
-2.686986e-03 
-2.682148e-03 
-2.821761e-03 
-2.512069e-03 
-1.839027e-03 
-1.220435e-03 
-4.572735e-04 
8.314666e-04 
2.403207e-03 
3.408029e-03 
3.457891e-03 
3.255528e-03 
3.710918e-03 
4.776072e-03 
5.608122e-03 
5.701115e-03 
5.351030e-03 
4.954532e-03 
4.400558e-03 
3.583220e-03 
2.811588e-03 
2.483382e-03 
2.366813e-03 
1.873104e-03 
8.821917e-04 
6.026762e-05 
-1.722286e-04 
-2.791314e-04 
-9.391720e-04 
-2.010481e-03 
-2.615373e-03 
-2.316129e-03 
-1.869550e-03 
-2.353488e-03 
-3.648642e-03 
-4.630980e-03 
-4.436194e-03 
-3.497371e-03 
-2.641276e-03 
-1.845463e-03 
-4.379005e-04 
1.535195e-03 
3.002432e-03 
3.095287e-03 
2.277937e-03 
1.809561e-03 
2.572665e-03 
4.233085e-03 
5.799081e-03 
6.317471e-03 
5.569388e-03 
4.325187e-03 
3.644395e-03 
3.921624e-03 
4.697921e-03 
5.147027e-03 
4.822384e-03 
3.751630e-03 
2.398700e-03 
1.389624e-03 
9.515841e-04 
2.862920e-04 
-1.680080e-03 
-4.492332e-03 
-5.881529e-03 
-4.243320e-03 
-1.013715e-03 
5.131550e-04 
-1.125859e-03 
-4.218217e-03 
-6.335033e-03 
-6.831779e-03 
-6.276259e-03 
-4.553687e-03 
-1.470641e-03 
1.336876e-03 
1.389189e-03 
-1.550278e-03 
-4.549194e-03 
-4.813287e-03 
-2.850056e-03 
-1.024991e-03 
-2.273388e-04 
6.508306e-04 
2.378466e-03 
4.187647e-03 
5.460435e-03 
6.597178e-03 
7.660942e-03 
7.586039e-03 
5.897448e-03 
4.202285e-03 
4.458559e-03 
5.930361e-03 
5.671770e-03 
2.398516e-03 
-1.613774e-03 
-3.092605e-03 
-1.310648e-03 
1.503775e-03 
2.953228e-03 
2.545603e-03 
1.480955e-03 
1.281047e-03 
2.683719e-03 
5.116687e-03 
6.866263e-03 
6.172891e-03 
2.916174e-03 
-1.080806e-03 
-3.640116e-03 
-3.898452e-03 
-2.655711e-03 
-1.284875e-03 
-4.564319e-04 
2.622250e-04 
1.741313e-03 
4.132156e-03 
6.397604e-03 
6.992872e-03 
5.079863e-03 
1.567453e-03 
-1.555843e-03 
-2.424471e-03 
-7.308645e-04 
1.836137e-03 
2.677966e-03 
3.718656e-04 
-4.006790e-03 
-7.743541e-03 
-8.650692e-03 
-6.381046e-03 
-2.221983e-03 
1.869376e-03 
3.859923e-03 
2.696557e-03 
-6.254005e-04 
-3.415238e-03 
-3.508316e-03 
-1.448025e-03 
3.533578e-04 
3.154522e-04 
-7.791945e-04 
-1.318929e-03 
-8.578400e-04 
-3.081310e-04 
-5.783442e-04 
-1.314169e-03 
-1.129220e-03 
1.134686e-03 
4.961556e-03 
7.986198e-03 
7.603943e-03 
3.402907e-03 
-2.009307e-03 
-4.854386e-03 
-3.342586e-03 
8.739098e-04 
4.384775e-03 
4.917376e-03 
3.081966e-03 
1.799318e-03 
3.519589e-03 
7.850377e-03 
1.165422e-02 
1.187390e-02 
8.267460e-03 
3.583252e-03 
7.974783e-04 
7.057161e-04 
1.760123e-03 
1.637581e-03 
-9.345437e-04 
-5.021985e-03 
-7.470476e-03 
-5.089934e-03 
1.808502e-03 
8.054498e-03 
7.391835e-03 
-1.147823e-03 
-1.155925e-02 
-1.639813e-02 
-1.387217e-02 
-8.645399e-03 
-6.364312e-03 
-8.694819e-03 
-1.326594e-02 
-1.689006e-02 
-1.706458e-02 
-1.252791e-02 
-4.318890e-03 
3.258320e-03 
5.338544e-03 
1.581113e-03 
-2.468628e-03 
-1.231082e-03 
4.386290e-03 
7.827513e-03 
4.769646e-03 
-1.307038e-03 
-2.885113e-03 
3.210087e-03 
1.255072e-02 
1.801321e-02 
1.674017e-02 
1.186917e-02 
8.503354e-03 
9.318012e-03 
1.324766e-02 
1.733732e-02 
1.900295e-02 
1.750067e-02 
1.385179e-02 
9.867990e-03 
7.140563e-03 
6.312317e-03 
6.838746e-03 
7.361729e-03 
6.650499e-03 
4.896522e-03 
3.660193e-03 
3.760550e-03 
3.732343e-03 
1.435905e-03 
-2.806286e-03 
-6.068790e-03 
-6.220075e-03 
-4.569253e-03 
-3.995210e-03 
-5.514424e-03 
-7.867594e-03 
-9.580865e-03 
-1.003232e-02 
-8.932038e-03 
-6.245641e-03 
-3.334260e-03 
-2.508845e-03 
-4.735413e-03 
-8.373190e-03 
-1.107421e-02 
-1.189746e-02 
-1.135345e-02 
-9.669456e-03 
-6.890744e-03 
-4.217706e-03 
-3.832158e-03 
-6.378299e-03 
-9.670542e-03 
-1.025245e-02 
-6.567859e-03 
6.395726e-05 
7.058840e-03 
1.255451e-02 
1.579360e-02 
1.653536e-02 
1.474830e-02 
1.111285e-02 
7.206559e-03 
4.547919e-03 
3.795788e-03 
4.751866e-03 
7.088507e-03 
1.049112e-02 
1.401773e-02 
1.616858e-02 
1.603530e-02 
1.428673e-02 
1.247779e-02 
1.170435e-02 
1.188633e-02 
1.218538e-02 
1.169986e-02 
1.004693e-02 
8.125014e-03 
7.839157e-03 
9.844618e-03 
1.178503e-02 
9.965737e-03 
3.398833e-03 
-4.503840e-03 
-9.392582e-03 
-1.011687e-02 
-9.017293e-03 
-8.905604e-03 
-1.039329e-02 
-1.212642e-02 
-1.226623e-02 
-1.009531e-02 
-6.512121e-03 
-3.499118e-03 
-2.296995e-03 
-2.315865e-03 
-2.127846e-03 
-1.929208e-03 
-3.645155e-03 
-8.319578e-03 
-1.356818e-02 
-1.473663e-02 
-9.073399e-03 
1.261090e-03 
1.087724e-02 
1.599585e-02 
1.726088e-02 
1.762713e-02 
1.870654e-02 
1.999295e-02 
2.087185e-02 
2.134470e-02 
2.104335e-02 
1.896002e-02 
1.550256e-02 
1.298455e-02 
1.266882e-02 
1.253409e-02 
1.005677e-02 
6.537125e-03 
5.965621e-03 
8.728788e-03 
9.022983e-03 
4.822984e-04 
-1.645592e-02 
-3.404930e-02 
-4.359429e-02 
-4.180293e-02 
-3.225735e-02 
-2.225231e-02 
-1.790298e-02 
-2.028009e-02 
-2.500637e-02 
-2.611870e-02 
-2.085663e-02 
-1.140979e-02 
-2.543755e-03 
1.969097e-03 
1.544887e-03 
-1.292094e-03 
-2.947559e-03 
-1.096391e-03 
4.295170e-03 
1.176627e-02 
1.933231e-02 
2.460469e-02 
2.576364e-02 
2.383198e-02 
2.301554e-02 
2.645018e-02 
3.187452e-02 
3.314866e-02 
2.758052e-02 
2.014565e-02 
1.839659e-02 
2.394252e-02 
2.982132e-02 
2.720376e-02 
1.391382e-02 
-3.589170e-03 
-1.580215e-02 
-1.794197e-02 
-1.323503e-02 
-9.139657e-03 
-1.061284e-02 
-1.635139e-02 
-2.123254e-02 
-2.151709e-02 
-1.741374e-02 
-1.193332e-02 
-8.787514e-03 
-1.046939e-02 
-1.610860e-02 
-2.067877e-02 
-1.827299e-02 
-8.312521e-03 
2.874599e-03 
7.909539e-03 
6.090973e-03 
3.647507e-03 
5.785999e-03 
1.050758e-02 
1.124415e-02 
5.357953e-03 
-2.011654e-03 
-3.643928e-03 
1.754004e-03 
8.142377e-03 
9.016802e-03 
3.827018e-03 
-2.251867e-03 
-3.816580e-03 
4.281977e-04 
7.018255e-03 
1.003990e-02 
4.999489e-03 
-7.338631e-03 
-2.077199e-02 
-2.849291e-02 
-2.868555e-02 
-2.486558e-02 
-2.147894e-02 
-1.976885e-02 
-1.822653e-02 
-1.513539e-02 
-1.030976e-02 
-5.101633e-03 
-1.910296e-03 
-2.624644e-03 
-6.392677e-03 
-9.443822e-03 
-8.966234e-03 
-7.582637e-03 
-1.182684e-02 
-2.479024e-02 
-4.055948e-02 
-4.806647e-02 
-4.086226e-02 
-2.228118e-02 
-1.382180e-03 
1.437883e-02 
2.196927e-02 
2.157151e-02 
1.579273e-02 
9.716138e-03 
8.316222e-03 
1.193623e-02 
1.585811e-02 
1.567689e-02 
1.210308e-02 
9.430320e-03 
9.943063e-03 
1.163052e-02 
1.097802e-02 
6.518471e-03 
-6.222549e-05 
-5.729712e-03 
-8.907394e-03 
-1.194372e-02 
-2.010769e-02 
-3.650806e-02 
-5.770274e-02 
-7.548037e-02 
-8.367595e-02 
-8.209231e-02 
-7.476035e-02 
-6.647653e-02 
-6.171367e-02 
-6.336323e-02 
-6.941750e-02 
-7.177719e-02 
-6.157371e-02 
-3.687986e-02 
-4.068396e-03 
2.796762e-02 
5.301734e-02 
6.855860e-02 
7.566265e-02 
7.943952e-02 
8.669444e-02 
9.921003e-02 
1.103963e-01 
1.107055e-01 
9.670892e-02 
7.356040e-02 
4.901578e-02 
2.657686e-02 
4.639625e-03 
-1.944826e-02 
-4.579530e-02 
-7.175874e-02 
-9.502942e-02 
-1.167995e-01 
-1.414626e-01 
-1.724476e-01 
-2.080320e-01 
-2.410923e-01 
-2.625869e-01 
-2.670040e-01 
-2.546572e-01 
-2.294286e-01 
-2.079555e-01 
-1.950337e-01 
-1.819917e-01 
-1.623158e-01 
-1.153733e-01 
-5.674939e-02 
9.784335e-03 
6.925084e-02 
1.101484e-01 
1.518005e-01 
1.840877e-01 
2.225114e-01 
2.486781e-01 
2.547327e-01 
2.459336e-01 
2.263295e-01 
2.030215e-01 
1.876959e-01 
1.695852e-01 
1.429891e-01 
1.130362e-01 
6.888497e-02 
3.707209e-02 
8.039773e-04 
-2.564724e-02 
-4.674828e-02 
-7.512967e-02 
-9.908366e-02 
-1.193168e-01 
-1.191888e-01 
-9.774475e-02 
-6.610379e-02 
-3.927428e-02 
-2.076899e-02 
-1.860629e-02 
-1.099620e-02 
3.943120e-03 
2.956186e-02 
5.899981e-02 
7.232037e-02 
7.721777e-02 
7.002919e-02 
5.993110e-02 
5.032876e-02 
3.737794e-02 
2.151990e-02 
6.814245e-04 
-2.410668e-02 
-4.411429e-02 
-6.145342e-02 
-7.850433e-02 
-9.666593e-02 
-1.244531e-01 
-1.544880e-01 
-1.778992e-01 
-1.886015e-01 
-1.766735e-01 
-1.572415e-01 
-1.410936e-01 
-1.316535e-01 
-1.309131e-01 
-1.229836e-01 
-1.153364e-01 
-1.100439e-01 
-1.119757e-01 
-1.199612e-01 
-1.226304e-01 
-1.169002e-01 
-1.037041e-01 
-8.744180e-02 
-7.035831e-02 
-5.363387e-02 
-3.666614e-02 
-3.052826e-02 
-3.302158e-02 
-4.007216e-02 
-4.121709e-02 
-2.897382e-02 
-1.160220e-02 
1.001527e-02 
3.199691e-02 
5.916280e-02 
9.445874e-02 
1.332160e-01 
1.662832e-01 
1.813545e-01 
1.723214e-01 
1.460870e-01 
1.151028e-01 
8.830853e-02 
6.736528e-02 
4.463650e-02 
1.598701e-02 
-2.036515e-02 
-6.127836e-02 
-9.439012e-02 
-1.123945e-01 
-1.102359e-01 
-9.422934e-02 
-7.853447e-02 
-5.921907e-02 
-3.220412e-02 
1.496321e-02 
7.872111e-02 
1.416661e-01 
1.977948e-01 
3.569779e-01 
5.893874e-01 
1.304208e-01 
-1.502928e-01 
6.730058e-01 
5.674208e-01 
3.399977e-01 
7.227704e-01 
2.849262e-01 
2.129708e-01 
1.086435e-01 
-6.765890e-02 
3.441696e-01 
-2.595814e-01 
2.142679e-04 
7.444011e-02 
-2.054351e-01 
3.277655e-03 
-4.932963e-02 
1.274046e-01 
7.593926e-02 
-1.562700e-01 
9.640729e-02 
1.897364e-01 
1.202799e-01 
3.439272e-01 
3.647785e-01 
4.062754e-01 
3.623939e-01 
1.179212e-01 
4.358458e-01 
3.219107e-01 
3.100491e-01 
3.639999e-01 
3.344320e-01 
3.342115e-01 
2.053756e-01 
1.558805e-01 
3.282530e-01 
1.127022e-01 
7.628904e-02 
8.074310e-02 
-3.173297e-02 
-9.277584e-02 
1.503101e-01 
-2.391456e-01 
6.932954e-02 
3.258807e-01 
-7.485294e-01 
2.993389e-01 
-2.263080e-01 
-3.074919e-01 
-2.430394e-01 
-3.553028e-01 
-1.853984e-01 
-3.566380e-01 
-2.812853e-01 
-4.947007e-01 
-7.479683e-01 
-6.254906e-01 
-6.149892e-01 
-5.766273e-01 
-1.688110e-01 
-4.985071e-01 
-4.408757e-01 
-3.864944e-01 
-3.631448e-01 
-6.340290e-02 
-3.373794e-01 
-7.536980e-02 
-6.145416e-02 
-1.966272e-01 
2.554076e-01 
-8.788769e-02 
-3.630684e-01 
-1.381892e-01 
2.471346e-01 
4.638616e-01 
2.876232e-01 
7.078514e-01 
4.205784e-01 
7.298463e-01 
6.541414e-01 
3.833316e-01 
3.793882e-01 
4.997986e-01 
2.731956e-01 
4.220578e-01 
2.751739e-01 
-7.093427e-02 
-3.607061e-01 
-2.646297e-01 
-3.879018e-01 
-2.458661e-01 
-3.000236e-01 
-6.018914e-01 
-6.201414e-01 
-4.420990e-01 
-5.256315e-01 
-6.311723e-01 
-8.262110e-01 
-5.829638e-01 
-2.645152e-01 
-2.554535e-01 
-2.676304e-01 
-1.086638e-01 
1.674126e-02 
1.436044e-02 
2.851085e-01 
4.959537e-01 
2.006392e-01 
3.841372e-01 
3.922728e-01 
4.958590e-01 
1.496374e+00 
6.102446e-01 
4.049399e-01 
3.339081e-01 
7.384272e-01 
7.332496e-01 
5.415871e-01 
3.674560e-01 
2.680131e-01 
2.933940e-01 
3.958913e-01 
4.298601e-01 
1.227629e-01 
-1.508238e-01 
-2.730933e-01 
-3.408212e-01 
-2.279303e-01 
-8.492088e-02 
-3.139855e-01 
-6.561910e-01 
-1.292127e+00 
-5.278742e-01 
-5.150556e-01 
-5.238437e-01 
-5.914139e-01 
-6.969574e-01 
-6.530902e-01 
-4.935174e-01 
-4.347929e-01 
-3.061035e-01 
-2.467863e-01 
-2.194381e-01 
-4.634906e-02 
1.704723e-01 
1.669965e-01 
1.911863e-01 
1.539000e-01 
3.296280e-02 
2.636655e-01 
8.417695e-01 
2.315139e+00 
1.085608e+00 
4.559821e-01 
8.519827e-02 
6.403496e-01 
7.246044e-02 
1.820814e+00 
7.166433e-01 
2.924880e-01 
-5.522003e-02 
6.319518e-01 
2.175680e-01 
3.000592e-01 
2.811880e-01 
-2.328168e-01 
-1.788927e-01 
7.271787e-03 
-3.289905e-01 
-4.631188e-01 
-3.502963e-01 
-5.725278e-01 
-4.114240e-01 
-1.721694e-01 
-3.157241e-01 
-3.290701e-01 
-2.524779e-01 
-4.286612e-01 
-2.857726e-01 
-6.949250e-02 
-1.189665e-01 
-8.888665e-02 
-8.863390e-02 
-3.335308e-01 
-3.729031e-01 
-3.439908e-01 
-4.118568e-01 
-2.862574e-01 
-1.403703e-01 
-2.556120e-01 
-3.003549e-01 
3.987482e-01 
4.501335e-02 
1.726605e-01 
5.896282e-01 
-1.890277e-01 
2.268741e-01 
-1.607781e-01 
-1.937048e-01 
8.766264e-02 
-5.424350e-01 
1.797246e-01 
6.674538e-02 
-2.372517e-01 
-6.521688e-02 
2.227947e-01 
-1.853992e-01 
2.045692e-01 
-2.435294e-01 
3.601017e-01 
2.299836e-01 
-2.223164e-01 
2.365145e-01 
2.479999e-01 
-7.445813e-02 
3.129271e-01 
-1.263328e-01 
3.676579e-01 
1.413867e-01 
-4.873090e-03 
2.989709e-01 
1.883695e-01 
3.101593e-02 
1.786704e-01 
-8.200838e-02 
2.569189e-01 
-1.535330e-01 
7.904347e-03 
-1.048018e-01 
-9.065008e-02 
-3.079139e-02 
-4.331754e-02 
-7.689597e-02 
-2.454140e-01 
-3.402802e-01 
-2.454948e-01 
-3.137618e-02 
-9.386742e-02 
8.116273e-02 
-2.554999e-01 
-3.326596e-01 
-2.301363e-01 
-2.576625e-01 
-3.229598e-01 
-1.685650e-01 
-2.852248e-01 
-6.850384e-01 
-9.085825e-02 
-3.327829e-01 
-1.261683e-01 
-1.538827e-02 
-1.012203e-01 
-8.478255e-02 
-1.671799e-01 
-6.472533e-02 
2.708343e-02 
-1.493240e-01 
3.480741e-01 
1.911189e-01 
-3.508504e-02 
-6.639478e-02 
2.824449e-01 
4.772765e-01 
6.511169e-01 
6.702625e-01 
5.032205e-01 
4.419727e-01 
5.091870e-01 
4.941235e-01 
4.835706e-01 
4.188936e-01 
2.760743e-01 
2.683890e-01 
3.474071e-01 
3.346967e-01 
3.626735e-01 
3.108480e-01 
5.818707e-02 
-1.907154e-01 
-3.461975e-01 
-1.595939e-01 
-7.650476e-02 
-2.093018e-01 
-3.931245e-01 
-5.480515e-01 
-5.978491e-01 
-4.979241e-01 
-4.263796e-01 
-4.395280e-01 
-4.266206e-01 
-3.938119e-01 
-3.336903e-01 
-2.397222e-01 
-2.240685e-01 
-2.690297e-01 
-2.489046e-01 
-1.548827e-01 
1.604565e-03 
1.761481e-01 
2.547661e-01 
2.551829e-01 
2.925450e-01 
3.954214e-01 
5.575715e-01 
7.181127e-01 
7.082634e-01 
4.557680e-01 
5.296572e-01 
6.655975e-01 
6.577456e-01 
7.127184e-01 
5.049439e-01 
-2.147331e-01 
7.050024e-01 
-3.818704e-01 
8.307242e-01 
1.356541e-01 
-2.081829e-01 
-3.785247e-01 
-3.311028e-01 
-3.127856e-01 
-2.787926e-01 
-6.636558e-01 
-7.367159e-01 
-9.254415e-01 
-1.013789e+00 
-9.663096e-01 
-7.043238e-01 
-6.332287e-01 
-3.892073e-01 
3.627837e-01 
-2.684009e-01 
-8.040517e-01 
-8.682077e-01 
-4.835127e-01 
-1.169656e-01 
-4.164330e-01 
-2.356930e-01 
2.330868e-01 
-1.850278e-01 
1.467788e-01 
-1.740029e-01 
-6.854753e-03 
3.208310e-01 
6.131281e-01 
4.447991e-01 
5.385573e-01 
2.966564e-01 
6.632439e-01 
5.345288e-01 
7.648561e-01 
4.816924e-01 
3.589837e-01 
2.503665e-01 
1.641063e-01 
2.686749e-01 
1.900002e-01 
1.172953e-02 
-1.421972e-02 
-2.192883e-01 
-4.016998e-01 
-5.346555e-01 
-5.431784e-01 
-1.427013e+00 
-6.003706e-01 
-6.155322e-01 
-2.713654e-01 
-5.638367e-01 
-8.245488e-01 
-8.704086e-01 
-7.609759e-01 
-5.877654e-01 
-2.890168e-01 
-3.123100e-01 
-7.502868e-02 
9.836415e-02 
1.086844e-01 
-3.088814e-01 
1.770529e-01 
-1.287256e-01 
4.145813e-01 
5.940516e-01 
3.222554e-01 
7.280307e-01 
9.371917e-01 
1.105011e+00 
1.226784e+00 
8.332318e-01 
9.841708e-01 
1.400555e+00 
1.070073e+00 
1.160139e-01 
1.700350e-02 
2.888828e-01 
-3.185024e-01 
9.011378e-02 
3.511871e-01 
-4.898383e-01 
-5.516472e-01 
-5.862502e-01 
-1.254097e+00 
-1.001686e+00 
-7.290819e-01 
-1.065662e+00 
-7.578166e-01 
-7.443604e-01 
-1.137171e+00 
-1.068373e+00 
-4.597172e-01 
-6.586928e-01 
-2.007853e-01 
2.582107e-01 
9.275339e-02 
3.187394e-01 
5.967179e-01 
3.251669e-01 
5.731714e-01 
6.701986e-01 
2.397310e-01 
1.013976e+00 
4.012200e-01 
1.341319e+00 
1.311860e+00 
1.329949e-01 
3.317360e-01 
7.147029e-01 
7.687368e-01 
5.982623e-01 
3.447391e-01 
2.693916e-02 
-1.002318e-01 
-1.338947e-01 
-1.904635e-01 
-1.079841e-01 
-1.212446e+00 
-5.378731e-01 
-1.021840e-01 
-1.050352e-03 
2.172561e-01 
8.497233e-03 
-3.736924e-01 
-6.027965e-01 
-3.001747e-01 
-1.462443e-01 
-1.381429e-01 
-3.147453e-01 
-3.492930e-01 
-4.130895e-01 
-1.934069e-01 
-1.342381e-01 
-1.035802e-01 
-9.965035e-02 
-6.196383e-02 
-1.132394e-01 
-2.087923e-02 
-1.816922e-02 
3.042148e-02 
1.379089e-01 
2.724916e-01 
3.185011e-01 
3.877740e-01 
3.370221e-01 
2.949695e-01 
3.264065e-01 
4.064767e-01 
4.582249e-01 
5.115068e-01 
4.446003e-01 
3.388493e-01 
2.638777e-01 
2.141118e-01 
1.690358e-01 
1.472144e-01 
6.374867e-02 
-3.816155e-02 
-1.221067e-01 
-2.086106e-01 
-2.966272e-01 
-3.586364e-01 
-4.261421e-01 
-4.564015e-01 
-4.320280e-01 
-4.019173e-01 
-1.023340e+00 
-4.236616e-01 
-1.292192e-01 
1.723901e-01 
-7.806243e-02 
-2.543554e-01 
-3.634672e-01 
-2.402105e-01 
-9.943284e-02 
-1.033577e-01 
-6.079276e-02 
-2.277841e-03 
-1.481018e-02 
1.673604e-01 
1.738520e-01 
-1.273926e-02 
-1.073215e-01 
-2.624361e-01 
-2.142066e-01 
8.553140e-02 
2.578676e-01 
2.700011e-01 
2.302684e-01 
4.942072e-02 
-3.727794e-02 
7.043394e-02 
1.779803e-01 
4.819231e-01 
2.972109e-01 
2.548940e-02 
8.250661e-02 
5.022719e-02 
4.883523e-02 
1.015185e-02 
-7.008150e-02 
-1.248976e-01 
-7.471089e-02 
-1.251315e-01 
-5.699784e-02 
-9.656629e-02 
-1.643918e-01 
-2.036479e-01 
-1.668562e-02 
-2.641761e-01 
-1.696376e-01 
-3.569851e-01 
-6.035805e-02 
1.390002e-02 
5.711268e-02 
-7.613018e-02 
-6.217387e-02 
-7.559281e-02 
-3.833762e-02 
-5.975568e-02 
-3.648886e-02 
-3.800076e-03 
-2.100257e-02 
5.422838e-03 
-2.631126e-03 
-4.460449e-03 
-2.314705e-02 
9.703316e-03 
3.719032e-02 
5.691404e-02 
6.815993e-02 
7.991638e-02 
7.510391e-02 
9.895223e-02 
1.191587e-01 
1.390187e-01 
1.575989e-01 
1.678543e-01 
1.505502e-01 
-1.330587e-02 
5.970916e-02 
8.518550e-02 
-1.494637e-01 
5.309138e-02 
-1.872815e-01 
-2.734384e-03 
-2.837042e-02 
-1.782808e-01 
-3.872736e-01 
1.602528e-01 
-3.706021e-01 
1.661735e-01 
-3.421969e-01 
1.978331e-01 
-4.302943e-01 
2.378524e-01 
2.278463e-01 
2.038736e-02 
-3.766280e-01 
3.777605e-01 
3.052865e-01 
-3.064754e-01 
3.397041e-01 
2.566697e-01 
4.049404e-01 
-5.533811e-02 
7.873731e-02 
5.621840e-02 
7.550794e-03 
1.882857e-01 
1.791870e-01 
2.293541e-01 
8.783060e-02 
9.456487e-02 
4.284319e-02 
8.173791e-02 
-3.669865e-02 
2.892537e-02 
-7.382456e-03 
-1.945545e-03 
-1.356429e-01 
-1.324159e-01 
1.503416e-02 
1.321283e-01 
-4.237351e-01 
-2.237957e-01 
3.638254e-01 
1.657986e-01 
2.687375e-01 
2.139688e-02 
-2.256245e-02 
2.118140e-01 
9.219526e-02 
-1.439910e-01 
-5.183588e-01 
2.724649e-01 
-4.573063e-01 
2.475316e-01 
-5.110621e-01 
3.109306e-01 
-5.213513e-01 
2.611128e-01 
-3.712083e-01 
2.970981e-01 
-4.106455e-01 
2.684205e-01 
-3.033241e-01 
2.977929e-01 
-3.198604e-01 
4.543884e-01 
-4.216569e-01 
5.373806e-01 
-2.975118e-01 
3.410723e-01 
2.309850e-01 
-2.971236e-01 
1.688032e-01 
2.658861e-01 
3.075892e-01 
2.402146e-01 
2.455900e-01 
2.451902e-01 
2.350755e-01 
3.069536e-01 
1.095121e-01 
2.384539e-01 
2.143837e-01 
-8.225512e-02 
1.941981e-01 
-1.244676e-01 
1.192052e-01 
-1.871268e-01 
-2.069700e-01 
-9.928515e-02 
-5.734319e-02 
-1.654496e-01 
-3.014182e-01 
-3.163371e-01 
-4.307671e-01 
-2.704796e-01 
-2.370549e-01 
-2.903932e-01 
-2.779779e-01 
-2.839076e-01 
-3.020778e-01 
-2.289849e-01 
-1.186327e-01 
-3.026111e-01 
-2.916111e-02 
-1.062091e-01 
1.622933e-01 
6.369244e-02 
9.545241e-02 
1.931980e-01 
6.591270e-02 
-7.190252e-02 
2.308710e-01 
4.890206e-01 
5.454467e-01 
5.224794e-01 
4.319665e-01 
2.816399e-01 
3.171470e-01 
3.885344e-01 
3.342213e-01 
2.962772e-01 
2.438322e-01 
1.804884e-01 
2.371723e-01 
2.199551e-01 
8.957724e-02 
-4.391625e-02 
-1.301803e-01 
-1.587460e-01 
-3.741212e-02 
-1.116339e-01 
-9.727406e-02 
-8.843329e-02 
1.399536e-02 
-1.281406e-01 
-1.748501e-01 
-4.765422e-02 
-5.478250e-02 
-2.989189e-01 
-2.199240e-03 
-6.198940e-02 
-8.755847e-02 
3.915186e-02 
-1.910363e-01 
1.921745e-01 
-1.468613e-01 
9.450027e-02 
2.928293e-01 
1.394410e-02 
-2.429925e-01 
-1.433315e-01 
1.506141e-01 
-8.065034e-02 
-2.526996e-01 
1.637798e-01 
-3.909485e-02 
6.518687e-02 
-7.958655e-03 
9.074392e-02 
3.398415e-02 
2.391407e-01 
-2.385157e-01 
2.254000e-01 
-4.300625e-02 
1.395918e-01 
1.002905e-02 
2.087800e-01 
9.005989e-02 
2.240701e-01 
-1.372761e-01 
2.754597e-01 
-5.010679e-02 
1.432737e-01 
-6.583396e-02 
9.786164e-02 
-5.905803e-02 
2.271942e-02 
-2.667659e-01 
1.373523e-01 
-2.087352e-01 
-2.018722e-03 
-1.561898e-01 
1.379459e-02 
-1.643427e-01 
9.136682e-02 
-3.525420e-01 
7.155798e-02 
-2.990315e-01 
-1.655782e-02 
-1.017704e-01 
-6.194915e-02 
-1.822802e-01 
1.102141e-01 
-2.060507e-01 
1.563143e-01 
-1.952860e-01 
1.062907e-01 
-7.320974e-02 
3.664498e-02 
-6.495454e-02 
1.285605e-01 
-1.661147e-01 
1.675687e-01 
-1.438515e-01 
1.032170e-01 
-8.792134e-02 
9.092519e-02 
-1.211202e-01 
1.783162e-01 
-1.760511e-01 
3.564446e-01 
-1.500762e-01 
1.231805e-01 
-1.069451e-02 
6.182085e-02 
9.097755e-02 
1.252780e-01 
-2.836739e-02 
2.680567e-01 
-1.640207e-01 
2.145659e-01 
-1.401322e-01 
1.543189e-01 
-1.257102e-01 
3.022852e-02 
-1.900480e-01 
9.211458e-02 
-2.813117e-01 
5.142126e-02 
-2.332502e-01 
-3.484632e-02 
-2.464024e-01 
-1.417358e-01 
-2.101171e-01 
5.170807e-04 
-2.354611e-01 
1.133823e-01 
-2.600026e-01 
1.575328e-01 
-2.502210e-01 
2.976626e-02 
-1.185958e-01 
6.071281e-02 
-3.855905e-02 
1.488157e-01 
-2.211664e-02 
2.192191e-01 
-6.967057e-03 
2.687418e-01 
9.888570e-03 
1.865878e-01 
-7.396384e-02 
1.462266e-01 
-1.995082e-01 
2.173612e-01 
-1.120349e-01 
2.429210e-01 
-5.924343e-03 
1.180403e-01 
-1.626983e-02 
1.762841e-01 
-7.881968e-02 
1.859062e-01 
-1.396125e-01 
1.725909e-01 
-1.445276e-01 
4.948240e-02 
-1.109358e-01 
8.775896e-02 
-1.518047e-01 
1.315019e-01 
-1.955941e-01 
7.024420e-02 
-1.132227e-01 
2.963327e-02 
-1.300515e-01 
3.026897e-02 
-1.440570e-01 
1.077208e-01 
-1.865225e-01 
8.912329e-02 
-1.358262e-01 
1.045141e-01 
-1.519191e-01 
1.039416e-01 
-1.545316e-01 
1.246480e-01 
-1.853853e-01 
1.122589e-01 
-1.283097e-01 
9.473081e-02 
-1.237331e-01 
6.270508e-02 
-1.067753e-01 
7.446095e-02 
-1.459195e-01 
9.091044e-02 
-1.191384e-01 
8.351975e-02 
-1.198230e-01 
1.060124e-01 
-7.986765e-02 
1.428987e-01 
-8.089270e-02 
1.773318e-01 
-6.166040e-02 
1.653105e-01 
-6.188648e-02 
1.634423e-01 
-3.797885e-02 
1.404580e-01 
-7.189777e-02 
1.412329e-01 
-8.209444e-02 
1.227310e-01 
-9.483383e-02 
1.116018e-01 
-1.117105e-01 
6.925636e-02 
-1.476005e-01 
5.431978e-02 
-1.656584e-01 
2.653155e-02 
-1.811188e-01 
3.007448e-03 
-2.238258e-01 
-4.036140e-02 
-1.239319e-01 
5.550112e-02 
-1.747324e-01 
-1.783407e-02 
-2.396424e-01 
-1.011774e-02 
-2.291824e-01 
3.625873e-02 
-7.848221e-02 
9.870699e-02 
-6.778551e-02 
1.412384e-01 
2.769392e-02 
1.789002e-01 
-7.505190e-02 
1.934653e-01 
3.326501e-02 
9.546218e-02 
-6.469689e-02 
1.431863e-01 
8.545586e-02 
2.218162e-01 
-4.696187e-02 
1.690214e-01 
-3.521752e-02 
3.319809e-02 
-1.296903e-01 
7.215150e-02 
-5.912233e-02 
6.487636e-02 
-1.595777e-01 
8.684560e-02 
-8.624986e-02 
2.510644e-02 
-1.161085e-01 
1.994294e-02 
-7.864812e-02 
2.737394e-02 
-8.843012e-02 
1.453157e-01 
-5.096887e-02 
7.368581e-02 
-5.657891e-02 
6.517070e-02 
1.342619e-02 
1.367316e-01 
1.082839e-01 
2.861421e-01 
1.231341e-01 
1.653350e-01 
2.044863e-01 
9.746853e-02 
1.911561e-01 
6.173048e-02 
1.036740e-01 
6.010064e-02 
1.752973e-01 
9.344085e-02 
1.159358e-02 
-9.531193e-02 
2.055767e-02 
-1.236200e-01 
-1.063659e-02 
-2.406956e-01 
-7.707075e-03 
-3.241663e-02 
-1.148685e-01 
-1.393066e-01 
2.849753e-02 
-1.685753e-01 
-2.984685e-02 
-1.883146e-01 
-8.276867e-02 
-1.015244e-01 
-1.235601e-01 
-4.159069e-02 
-1.619322e-01 
-2.588336e-02 
-1.330428e-01 
-7.741136e-02 
-1.860529e-01 
5.343422e-02 
-2.479486e-01 
9.749536e-02 
-1.452574e-01 
1.144121e-01 
-6.550488e-02 
1.250456e-01 
-1.272347e-01 
1.763140e-01 
-1.429160e-01 
1.261037e-01 
-5.184900e-02 
1.300388e-01 
-4.259688e-02 
1.617311e-01 
-1.238081e-01 
2.490023e-01 
-8.235912e-02 
1.801317e-01 
-3.858788e-02 
1.422006e-01 
4.321927e-03 
1.279321e-01 
-3.228469e-02 
1.969279e-01 
-7.953169e-02 
1.506346e-01 
-1.716489e-01 
1.091471e-01 
-1.647826e-01 
9.432280e-02 
-2.397592e-01 
1.123104e-01 
-3.037965e-01 
9.834668e-02 
-2.112264e-01 
-9.227791e-02 
-1.717428e-01 
-6.745591e-02 
-2.329832e-01 
1.684129e-01 
-3.964885e-01 
1.074794e-01 
-2.704629e-01 
-3.449997e-02 
-1.448101e-01 
-4.904550e-03 
-1.218813e-01 
1.142396e-01 
-2.681412e-01 
2.049311e-01 
-1.774058e-01 
1.828124e-01 
-8.667196e-02 
1.029235e-01 
-1.157322e-01 
1.727922e-01 
-1.841106e-01 
1.592281e-01 
-9.517425e-02 
1.693727e-01 
-1.126673e-01 
2.120501e-01 
-1.309445e-01 
3.325106e-01 
-2.467469e-01 
2.292085e-01 
-1.027862e-01 
1.087483e-01 
-5.537754e-02 
1.065244e-01 
-1.505648e-02 
2.549104e-01 
-1.814193e-01 
2.584927e-01 
-1.665894e-01 
1.705280e-01 
-1.637759e-01 
1.363757e-01 
-1.193624e-01 
1.913231e-01 
-2.376928e-01 
2.164069e-01 
-2.143458e-01 
1.367592e-01 
-2.005866e-01 
1.090271e-01 
-1.207348e-01 
1.401499e-01 
-1.683705e-01 
2.390010e-01 
-1.742707e-01 
2.172165e-01 
-1.708826e-01 
2.185949e-01 
-9.031056e-02 
2.243732e-01 
-9.841461e-02 
2.876475e-01 
-1.283959e-01 
2.414317e-01 
-1.499112e-01 
2.268602e-01 
-1.220800e-01 
1.825663e-01 
-1.389257e-01 
2.047751e-01 
-2.038612e-01 
1.671210e-01 
-2.505525e-01 
1.456563e-01 
-2.663626e-01 
6.532370e-02 
-2.907805e-01 
1.119962e-01 
-2.867772e-01 
1.115644e-01 
-2.913309e-01 
1.007661e-01 
-2.130069e-01 
3.457550e-02 
-2.883101e-01 
7.735926e-02 
-2.728952e-01 
1.853404e-01 
-2.961477e-01 
2.448989e-01 
-2.266986e-01 
1.944383e-01 
-2.205897e-01 
1.847491e-01 
-1.665300e-01 
1.958954e-01 
-1.473963e-01 
2.201414e-01 
-1.523517e-01 
1.967452e-01 
-1.152784e-01 
2.288837e-01 
-1.824015e-01 
2.343989e-01 
-1.488478e-01 
3.006148e-01 
-1.957819e-01 
2.482113e-01 
-1.436340e-01 
2.271060e-01 
-1.641114e-01 
2.123671e-01 
-1.286837e-01 
2.459672e-01 
-2.068377e-01 
2.296987e-01 
-1.904699e-01 
1.909455e-01 
-2.424024e-01 
1.779560e-01 
-2.239045e-01 
1.688610e-01 
-2.723264e-01 
1.673781e-01 
-2.495295e-01 
1.295125e-01 
-2.674829e-01 
1.301338e-01 
-2.322583e-01 
1.309167e-01 
-2.537799e-01 
1.804875e-01 
-2.328871e-01 
1.770089e-01 
-2.286490e-01 
2.153711e-01 
-1.874574e-01 
2.261638e-01 
-1.695923e-01 
2.751634e-01 
-1.449904e-01 
2.786538e-01 
-9.070308e-02 
3.687839e-01 
-1.045439e-01 
1.873625e-01 
-1.519246e-01 
2.372881e-01 
-1.151488e-01 
3.060009e-01 
-1.476558e-01 
4.178334e-01 
-1.524868e-01 
3.301810e-01 
-8.268412e-02 
2.432887e-01 
2.081599e-02 
2.173558e-01 
-1.188845e-01 
2.982096e-01 
-1.538679e-01 
2.997291e-01 
-2.154795e-01 
2.105129e-01 
-2.030010e-01 
1.007430e-01 
-2.468976e-01 
2.809999e-01 
-4.040813e-01 
1.376077e-01 
-2.268591e-01 
7.753991e-02 
-1.236221e-01 
6.637855e-02 
-3.327582e-01 
1.582576e-01 
-3.746618e-01 
2.629230e-02 
-3.089666e-01 
9.030235e-02 
-2.929387e-01 
1.215522e-01 
-3.607271e-01 
2.178420e-01 
-3.043363e-01 
1.604284e-01 
-1.683962e-01 
1.794616e-01 
-1.497217e-01 
1.331432e-01 
-1.697464e-01 
1.786115e-01 
-1.273180e-01 
2.553044e-01 
-1.804208e-01 
3.114497e-01 
-2.002205e-01 
2.942455e-01 
-2.653572e-01 
2.963107e-01 
-5.841320e-02 
1.685667e-01 
-9.655680e-02 
1.725067e-01 
-1.004433e-01 
2.459390e-01 
-1.643184e-01 
2.967838e-01 
-1.347662e-01 
2.229943e-01 
-1.816065e-01 
2.275755e-01 
-1.250995e-01 
2.468214e-01 
-2.089132e-01 
2.724810e-01 
-2.018985e-01 
1.545549e-01 
-1.836432e-01 
1.547591e-01 
-1.801376e-01 
1.137527e-01 
-2.586523e-01 
1.200323e-01 
-2.910752e-01 
1.672480e-01 
-1.964669e-01 
1.515915e-01 
-2.398365e-01 
2.579039e-02 
-2.330103e-01 
1.432346e-01 
-2.586673e-01 
2.110826e-01 
-1.974288e-01 
1.999006e-01 
-2.036412e-01 
1.636283e-01 
-1.414871e-01 
1.694586e-01 
-1.987747e-01 
1.718997e-01 
-1.738875e-01 
1.996688e-01 
-1.520513e-01 
1.927978e-01 
-1.184010e-01 
1.496412e-01 
-1.963805e-01 
1.922067e-01 
-1.467424e-01 
2.386916e-01 
-1.288567e-01 
2.243483e-01 
-1.380294e-01 
1.544439e-01 
-1.655722e-01 
1.898834e-01 
-1.376053e-01 
1.923470e-01 
-1.722480e-01 
1.661772e-01 
-1.770836e-01 
1.214624e-01 
-1.798409e-01 
1.416314e-01 
-1.970773e-01 
1.182873e-01 
-2.060268e-01 
1.432182e-01 
-1.787352e-01 
1.306575e-01 
-1.741482e-01 
1.260632e-01 
-1.792129e-01 
1.388550e-01 
-1.403444e-01 
1.975654e-01 
-1.220242e-01 
1.704129e-01 
-1.320944e-01 
1.590829e-01 
-1.376586e-01 
1.714133e-01 
-1.183657e-01 
1.756939e-01 
-1.519581e-01 
1.277547e-01 
-1.704320e-01 
1.090824e-01 
-1.807305e-01 
9.375428e-02 
-1.873648e-01 
8.589503e-02 
-2.015598e-01 
9.235950e-02 
-1.686608e-01 
1.094895e-01 
-1.586865e-01 
1.185226e-01 
-1.365532e-01 
1.448491e-01 
-1.097986e-01 
1.727865e-01 
-9.044820e-02 
1.602524e-01 
-1.085105e-01 
1.470235e-01 
-1.019039e-01 
1.468538e-01 
-1.121190e-01 
1.309601e-01 
-1.370076e-01 
9.459662e-02 
-1.539611e-01 
9.502760e-02 
-1.388470e-01 
9.921557e-02 
-1.370650e-01 
1.014769e-01 
-1.301257e-01 
1.075171e-01 
-1.128552e-01 
1.230547e-01 
-9.966721e-02 
1.216109e-01 
-9.252098e-02 
1.375984e-01 
-7.358369e-02 
1.487127e-01 
-6.437071e-02 
1.465735e-01 
-6.665076e-02 
1.437247e-01 
-5.309371e-02 
1.588695e-01 
-4.310004e-02 
1.539710e-01 
-5.190153e-02 
1.400953e-01 
-5.794825e-02 
1.326480e-01 
-5.736427e-02 
1.228172e-01 
-7.390583e-02 
1.001635e-01 
-8.956812e-02 
8.399671e-02 
-9.943806e-02 
7.109175e-02 
-1.075697e-01 
5.868266e-02 
-1.143128e-01 
5.563065e-02 
-1.052181e-01 
6.451633e-02 
-9.350652e-02 
7.116059e-02 
-7.768634e-02 
8.847955e-02 
-4.760703e-02 
1.208230e-01 
-1.323316e-02 
1.436285e-01 
7.595593e-03 
1.616180e-01 
4.275216e-02 
1.964572e-01 
3.853149e-02 
1.755372e-01 
4.243481e-02 
1.321264e-01 
3.076648e-03 
9.892783e-02 
1.346412e-02 
1.653218e-01 
1.053719e-02 
1.186963e-01 
-3.606947e-02 
8.688760e-02 
-4.921509e-02 
5.389362e-02 
-2.375008e-02 
8.354442e-02 
-2.939825e-02 
7.301615e-02 
-3.819277e-03 
8.928189e-02 
-2.510419e-03 
6.279379e-02 
-5.013110e-03 
7.251794e-02 
-8.529581e-03 
9.415944e-02 
1.719615e-02 
9.534095e-02 
-2.605912e-02 
3.695173e-02 
-3.724486e-02 
2.785556e-02 
-3.560185e-02 
3.947658e-02 
-2.560477e-02 
1.311634e-02 
-6.173892e-02 
-1.479923e-02 
-5.771955e-02 
-1.607390e-02 
-7.065507e-02 
-4.915775e-02 
-9.854136e-02 
1.993252e-02 
-5.072108e-02 
-4.369761e-02 
-6.967798e-03 
-5.678176e-02 
-2.837334e-02 
-4.790019e-02 
-1.549866e-01 
4.709193e-02 
-8.807278e-02 
-6.068066e-03 
1.921682e-03 
-2.976709e-02 
5.046731e-02 
-5.116275e-02 
2.853012e-03 
3.117175e-02 
-1.952992e-03 
2.729012e-02 
4.195740e-02 
4.927321e-02 
7.919989e-02 
1.757048e-02 
3.754609e-02 
6.840109e-02 
-1.595481e-03 
5.982324e-02 
5.215100e-02 
5.211354e-02 
7.218920e-02 
-2.929403e-02 
4.080414e-02 
-4.090804e-02 
-2.024542e-02 
-4.971759e-02 
-2.317542e-02 
-5.868293e-02 
-5.154108e-02 
-1.289269e-01 
-6.389223e-02 
-1.327699e-01 
-1.060877e-01 
-1.245230e-01 
-8.490000e-02 
-1.113279e-01 
-5.733414e-02 
-1.098430e-01 
1.257838e-03 
-7.989040e-02 
1.056254e-02 
-3.891575e-02 
5.014628e-02 
1.082451e-02 
8.011278e-02 
2.910991e-02 
1.147412e-01 
9.801296e-03 
8.842017e-02 
6.758397e-03 
9.253602e-02 
1.042144e-02 
8.885826e-02 
-4.290063e-03 
8.421169e-02 
-4.890528e-02 
5.365491e-02 
-6.218056e-02 
4.219989e-02 
-7.440894e-02 
1.834472e-02 
-8.376320e-02 
1.296044e-02 
-1.112433e-01 
5.869389e-03 
-1.158009e-01 
1.543526e-03 
-1.223129e-01 
4.974516e-03 
-1.043322e-01 
2.511972e-02 
-1.059792e-01 
3.418519e-02 
-1.049160e-01 
3.846463e-02 
-9.774478e-02 
5.995155e-02 
-6.455583e-02 
7.930295e-02 
-6.109001e-02 
9.196975e-02 
-5.455092e-02 
1.051443e-01 
-4.209839e-02 
1.267273e-01 
-2.575936e-02 
1.297943e-01 
-3.356326e-02 
1.288706e-01 
-4.420140e-02 
1.162226e-01 
-6.650350e-02 
9.730744e-02 
-8.969336e-02 
7.071946e-02 
-1.113747e-01 
5.759219e-02 
-1.338884e-01 
3.594984e-02 
-1.577552e-01 
2.713278e-02 
-1.626684e-01 
3.258475e-02 
-1.502716e-01 
5.050611e-02 
-1.417030e-01 
6.096782e-02 
-1.284502e-01 
8.788831e-02 
-1.032444e-01 
1.138655e-01 
-8.079159e-02 
1.309914e-01 
-7.555648e-02 
1.380089e-01 
-6.932506e-02 
1.500447e-01 
-6.558159e-02 
1.552109e-01 
-6.362540e-02 
1.573105e-01 
-6.802851e-02 
1.544359e-01 
-7.362742e-02 
1.489275e-01 
-9.808902e-02 
1.250857e-01 
-1.114982e-01 
1.195881e-01 
-1.115537e-01 
1.145496e-01 
-1.275713e-01 
1.052300e-01 
-1.530140e-01 
9.346095e-02 
-1.618746e-01 
9.082629e-02 
-1.627171e-01 
8.440150e-02 
-1.667947e-01 
8.049626e-02 
-1.756897e-01 
7.862027e-02 
-1.793317e-01 
7.956146e-02 
-1.755370e-01 
8.984370e-02 
-1.600094e-01 
1.097139e-01 
-1.499450e-01 
1.256711e-01 
-1.426036e-01 
1.383097e-01 
-1.294860e-01 
1.574686e-01 
-1.078183e-01 
1.733447e-01 
-1.006349e-01 
1.779975e-01 
-1.015936e-01 
1.808557e-01 
-1.025944e-01 
1.796044e-01 
-1.111014e-01 
1.648183e-01 
-1.321235e-01 
1.457696e-01 
-1.554945e-01 
1.261611e-01 
-1.772921e-01 
1.099036e-01 
-1.924684e-01 
9.872424e-02 
-2.003568e-01 
9.515349e-02 
-2.068255e-01 
9.060184e-02 
-2.135140e-01 
9.181048e-02 
-2.111650e-01 
9.550218e-02 
-2.101939e-01 
9.783321e-02 
-2.108752e-01 
1.030317e-01 
-2.038506e-01 
1.169719e-01 
-1.884216e-01 
1.333616e-01 
-1.728395e-01 
1.491765e-01 
-1.589929e-01 
1.652595e-01 
-1.466203e-01 
1.793587e-01 
-1.376156e-01 
1.879156e-01 
-1.324797e-01 
1.920738e-01 
-1.333862e-01 
1.898851e-01 
-1.409097e-01 
1.818783e-01 
-1.526117e-01 
1.705944e-01 
-1.662807e-01 
1.557791e-01 
-1.828006e-01 
1.419951e-01 
-1.948880e-01 
1.357797e-01 
-1.997225e-01 
1.363014e-01 
-1.993250e-01 
1.388488e-01 
-1.970421e-01 
1.442632e-01 
-1.896088e-01 
1.564583e-01 
-1.749864e-01 
1.759793e-01 
-1.557085e-01 
1.950946e-01 
-1.402744e-01 
2.082647e-01 
-1.318752e-01 
2.143183e-01 
-1.292702e-01 
2.178433e-01 
-1.282443e-01 
2.180280e-01 
-1.324332e-01 
2.106688e-01 
-1.449470e-01 
1.957520e-01 
-1.599999e-01 
1.838600e-01 
-1.766865e-01 
1.698763e-01 
-1.840486e-01 
1.600781e-01 
-1.900631e-01 
1.568946e-01 
-1.939378e-01 
1.609868e-01 
-2.045995e-01 
1.529610e-01 
-2.069231e-01 
1.470992e-01 
-2.062123e-01 
1.567588e-01 
-1.900639e-01 
1.619480e-01 
-1.921880e-01 
1.610051e-01 
-1.844748e-01 
1.714758e-01 
-1.823722e-01 
1.850302e-01 
-1.756455e-01 
1.870148e-01 
-1.822661e-01 
1.810039e-01 
-1.825561e-01 
1.688843e-01 
-1.910680e-01 
1.665458e-01 
-1.890484e-01 
1.647769e-01 
-1.931285e-01 
1.626738e-01 
-1.959407e-01 
1.568521e-01 
-1.978684e-01 
1.684843e-01 
-1.845382e-01 
1.821766e-01 
-1.756977e-01 
1.915508e-01 
-1.709512e-01 
1.896079e-01 
-1.661216e-01 
1.982201e-01 
-1.578869e-01 
2.009220e-01 
-1.580613e-01 
1.988131e-01 
-1.645854e-01 
1.888301e-01 
-1.701307e-01 
1.855926e-01 
-1.755542e-01 
1.802174e-01 
-1.778955e-01 
1.801734e-01 
-1.823528e-01 
1.725623e-01 
-1.869295e-01 
1.666129e-01 
-1.922032e-01 
1.631199e-01 
-1.900285e-01 
1.661560e-01 
-1.897305e-01 
1.649650e-01 
-1.893295e-01 
1.650088e-01 
-1.884286e-01 
1.683535e-01 
-1.814713e-01 
1.742795e-01 
-1.780182e-01 
1.782700e-01 
-1.710472e-01 
1.832745e-01 
-1.646820e-01 
1.892994e-01 
-1.569310e-01 
1.939905e-01 
-1.531477e-01 
1.969799e-01 
-1.512224e-01 
1.939410e-01 
-1.567666e-01 
1.872190e-01 
-1.617811e-01 
1.805756e-01 
-1.676019e-01 
1.745815e-01 
-1.732162e-01 
1.674997e-01 
-1.763137e-01 
1.667170e-01 
-1.731181e-01 
1.691276e-01 
-1.690582e-01 
1.726526e-01 
-1.642973e-01 
1.768782e-01 
-1.570008e-01 
1.837058e-01 
-1.504283e-01 
1.865599e-01 
-1.466421e-01 
1.882694e-01 
-1.456595e-01 
1.858786e-01 
-1.475452e-01 
1.813249e-01 
-1.518240e-01 
1.748954e-01 
-1.559613e-01 
1.689442e-01 
-1.626077e-01 
1.581077e-01 
-1.734149e-01 
1.449770e-01 
-1.847766e-01 
1.337459e-01 
-1.911625e-01 
1.282016e-01 
-1.925090e-01 
1.282532e-01 
-1.874685e-01 
1.337328e-01 
-1.786479e-01 
1.422694e-01 
-1.662207e-01 
1.541974e-01 
-1.512359e-01 
1.682181e-01 
-1.351807e-01 
1.809529e-01 
-1.227961e-01 
1.890188e-01 
-1.152121e-01 
1.921106e-01 
-1.118611e-01 
1.917954e-01 
-1.124489e-01 
1.858363e-01 
-1.193195e-01 
1.747471e-01 
-1.298639e-01 
1.603238e-01 
-1.433836e-01 
1.438014e-01 
-1.580761e-01 
1.270244e-01 
-1.715950e-01 
1.128821e-01 
-1.817603e-01 
1.027034e-01 
-1.866298e-01 
9.826750e-02 
-1.860577e-01 
9.934161e-02 
-1.792916e-01 
1.068023e-01 
-1.671700e-01 
1.181746e-01 
-1.517801e-01 
1.322852e-01 
-1.344878e-01 
1.479874e-01 
-1.150600e-01 
1.649270e-01 
-9.743513e-02 
1.775563e-01 
-8.372332e-02 
1.884764e-01 
-7.058197e-02 
1.969326e-01 
-6.348746e-02 
1.965503e-01 
-6.519251e-02 
1.891142e-01 
-7.254976e-02 
1.765601e-01 
-8.461382e-02 
1.602949e-01 
-9.884984e-02 
1.431490e-01 
-1.131118e-01 
1.261993e-01 
-1.275841e-01 
1.084755e-01 
-1.425219e-01 
9.215892e-02 
-1.529109e-01 
8.275114e-02 
-1.559036e-01 
7.957398e-02 
-1.540271e-01 
8.044314e-02 
-1.485943e-01 
8.469322e-02 
-1.393648e-01 
9.316489e-02 
-1.264906e-01 
1.032654e-01 
-1.138042e-01 
1.131025e-01 
-1.003030e-01 
1.238613e-01 
-8.722986e-02 
1.328954e-01 
-7.547688e-02 
1.419194e-01 
-6.330242e-02 
1.503443e-01 
-5.303765e-02 
1.557386e-01 
-4.718225e-02 
1.555080e-01 
-4.668062e-02 
1.512312e-01 
-4.963511e-02 
1.424439e-01 
-5.826662e-02 
1.285119e-01 
-7.042331e-02 
1.119211e-01 
-8.432824e-02 
9.491639e-02 
-9.855027e-02 
7.613161e-02 
-1.156493e-01 
5.484215e-02 
-1.342051e-01 
3.366589e-02 
-1.501224e-01 
1.789821e-02 
-1.577412e-01 
1.263797e-02 
-1.542430e-01 
1.703478e-02 
-1.441185e-01 
2.518907e-02 
-1.312411e-01 
3.659886e-02 
-1.143350e-01 
5.293456e-02 
-9.193919e-02 
7.369485e-02 
-6.729299e-02 
9.492277e-02 
-4.325550e-02 
1.145683e-01 
-2.181522e-02 
1.307538e-01 
-4.497968e-03 
1.417022e-01 
5.833617e-03 
1.439190e-01 
6.324777e-03 
1.352365e-01 
-4.125913e-03 
1.181446e-01 
-1.943935e-02 
9.866393e-02 
-3.617065e-02 
7.765817e-02 
-5.541258e-02 
5.279287e-02 
-7.794841e-02 
2.693066e-02 
-9.952193e-02 
3.981879e-03 
-1.150049e-01 
-9.632536e-03 
-1.212083e-01 
-1.684172e-02 
-1.227098e-01 
-1.948443e-02 
-1.189011e-01 
-1.555698e-02 
-1.077882e-01 
-4.242809e-03 
-8.975980e-02 
1.336550e-02 
-6.577685e-02 
3.603333e-02 
-3.855788e-02 
6.027972e-02 
-1.055377e-02 
8.481711e-02 
1.742506e-02 
1.089297e-01 
4.130581e-02 
1.245294e-01 
6.213527e-02 
1.361502e-01 
3.905868e-02 
1.058050e-01 
4.681893e-02 
1.143367e-01 
6.823995e-02 
9.361552e-02 
3.596331e-02 
8.194254e-02 
-1.222343e-02 
4.841968e-02 
-3.359545e-02 
3.070384e-02 
-4.172461e-02 
-7.165683e-03 
-5.026656e-02 
-2.521116e-02 
-8.550946e-02 
-6.028811e-02 
-1.101111e-01 
-1.030247e-01 
-1.461910e-01 
-4.146162e-02 
-1.237666e-02 
-6.161679e-02 
-9.034459e-02 
-2.826583e-02 
-2.626804e-02 
-4.550539e-02 
-1.403006e-01 
-8.102627e-03 
2.062696e-03 
-1.529260e-02 
-1.232089e-02 
5.023019e-02 
4.881335e-02 
1.090597e-02 
-1.958451e-02 
6.310011e-02 
6.506595e-02 
1.969698e-02 
5.464083e-02 
8.238958e-02 
9.698732e-02 
6.139665e-02 
7.019689e-02 
4.066086e-02 
9.387553e-04 
-1.136558e-02 
1.544981e-02 
9.024190e-02 
3.124619e-02 
2.217263e-02 
5.793080e-02 
-5.108380e-02 
-1.542483e-03 
-9.871303e-02 
-1.617424e-03 
-2.406959e-02 
-3.343896e-02 
-3.270642e-02 
-1.591939e-02 
-4.822085e-02 
-6.390706e-02 
-9.248968e-02 
-5.000288e-02 
-7.076221e-02 
-5.387717e-02 
-3.746352e-02 
8.950830e-03 
-5.475618e-02 
-6.830945e-03 
-9.177952e-02 
1.021625e-02 
-6.281376e-02 
2.227331e-02 
6.343397e-03 
7.333148e-02 
9.801518e-03 
4.796707e-02 
-2.002772e-03 
6.784423e-02 
1.108775e-03 
8.046294e-02 
4.497713e-02 
1.047750e-01 
3.072668e-02 
9.142411e-02 
1.218829e-02 
8.888775e-02 
-1.784327e-02 
6.996624e-02 
-2.016845e-03 
7.093729e-02 
-1.420285e-02 
5.564705e-02 
-2.875130e-02 
3.041585e-02 
-7.721767e-02 
1.808136e-02 
-6.839279e-02 
2.496562e-02 
-7.097099e-02 
2.224388e-02 
-8.385070e-02 
1.498911e-03 
-1.138266e-01 
5.046725e-03 
-9.214251e-02 
1.613770e-02 
-8.389933e-02 
2.316222e-02 
-8.163071e-02 
1.184981e-02 
-9.298778e-02 
2.747557e-02 
-8.085922e-02 
3.862087e-02 
-6.970860e-02 
5.742594e-02 
-5.903463e-02 
5.654923e-02 
-6.546284e-02 
6.440702e-02 
-6.246527e-02 
6.874784e-02 
-4.905830e-02 
8.753100e-02 
-4.278475e-02 
7.786415e-02 
-5.504758e-02 
7.200369e-02 
-6.631182e-02 
7.140644e-02 
-6.023067e-02 
8.085286e-02 
-6.495914e-02 
6.686209e-02 
-7.838995e-02 
5.912886e-02 
-9.064861e-02 
5.506178e-02 
-8.748513e-02 
6.114536e-02 
-8.979937e-02 
5.837426e-02 
-9.067397e-02 
5.649825e-02 
-9.907633e-02 
5.606148e-02 
-9.577338e-02 
6.503463e-02 
-9.091370e-02 
7.293482e-02 
-8.453981e-02 
7.406616e-02 
-8.958710e-02 
7.761458e-02 
-7.982707e-02 
9.106813e-02 
-6.980966e-02 
1.022537e-01 
-6.497518e-02 
9.934726e-02 
-7.260651e-02 
9.888416e-02 
-7.067698e-02 
1.036648e-01 
-6.978872e-02 
1.066223e-01 
-7.199550e-02 
9.994640e-02 
-8.199648e-02 
9.423721e-02 
-8.870469e-02 
8.882817e-02 
-9.346656e-02 
8.976349e-02 
-9.462451e-02 
8.770309e-02 
-9.865139e-02 
8.539971e-02 
-1.029467e-01 
8.510687e-02 
-9.957681e-02 
9.482308e-02 
-9.314353e-02 
9.930763e-02 
-9.090503e-02 
1.034864e-01 
-8.748741e-02 
1.118014e-01 
-7.608662e-02 
1.233590e-01 
-7.105003e-02 
1.284491e-01 
-6.900241e-02 
1.302789e-01 
-7.131722e-02 
1.256245e-01 
-7.765520e-02 
1.185843e-01 
-8.821130e-02 
1.093760e-01 
-9.942534e-02 
9.775046e-02 
-1.164264e-01 
8.247251e-02 
-1.294021e-01 
7.220605e-02 
-1.392113e-01 
6.538187e-02 
-1.470213e-01 
5.842552e-02 
-1.548219e-01 
5.498294e-02 
-1.542361e-01 
5.971159e-02 
-1.477872e-01 
6.952849e-02 
-1.380808e-01 
8.032256e-02 
-1.276626e-01 
9.469983e-02 
-1.132197e-01 
1.095531e-01 
-9.870436e-02 
1.250150e-01 
-8.561594e-02 
1.364222e-01 
-7.815325e-02 
1.408606e-01 
-7.587065e-02 
1.442588e-01 
-7.484433e-02 
1.471369e-01 
-7.588279e-02 
1.416000e-01 
-8.473425e-02 
1.283670e-01 
-9.999390e-02 
1.111881e-01 
-1.182733e-01 
9.526518e-02 
-1.357164e-01 
8.109343e-02 
-1.496719e-01 
6.796769e-02 
-1.615864e-01 
5.824029e-02 
-1.688229e-01 
5.576835e-02 
-1.681330e-01 
6.210409e-02 
-1.583974e-01 
7.281784e-02 
-1.466839e-01 
8.597700e-02 
-1.308439e-01 
1.046253e-01 
-1.097726e-01 
1.288273e-01 
-8.726046e-02 
1.495729e-01 
-6.889511e-02 
1.653095e-01 
-5.634049e-02 
1.747183e-01 
-5.003848e-02 
1.796673e-01 
-4.124331e-02 
1.881849e-01 
-8.572716e-02 
1.416435e-01 
-7.922649e-02 
1.450826e-01 
-5.566245e-02 
1.314550e-01 
-8.623115e-02 
1.321662e-01 
-1.378379e-01 
1.129563e-01 
-1.510150e-01 
1.040522e-01 
-1.436383e-01 
7.763946e-02 
-1.290356e-01 
8.967457e-02 
-1.432061e-01 
7.927210e-02 
-1.508387e-01 
7.145030e-02 
-1.430983e-01 
8.163815e-02 
-1.077017e-01 
1.106103e-01 
-1.179683e-01 
1.119201e-01 
-1.265137e-01 
1.254536e-01 
-1.063486e-01 
1.472267e-01 
-6.543296e-02 
1.530813e-01 
-7.429412e-02 
1.468699e-01 
-7.850915e-02 
1.473367e-01 
-7.977946e-02 
1.451822e-01 
-7.726967e-02 
1.294048e-01 
-9.635172e-02 
1.175668e-01 
-1.153167e-01 
9.729448e-02 
-1.439836e-01 
8.048871e-02 
-1.454517e-01 
7.116490e-02 
-1.442681e-01 
6.777104e-02 
-1.560427e-01 
5.244648e-02 
-1.664128e-01 
6.263713e-02 
-1.456086e-01 
8.142540e-02 
-1.256739e-01 
9.502967e-02 
-1.182947e-01 
1.025271e-01 
-1.044395e-01 
1.288014e-01 
-7.888534e-02 
1.453921e-01 
-5.938882e-02 
1.553729e-01 
-5.240578e-02 
1.561681e-01 
-5.179765e-02 
1.557581e-01 
-5.890303e-02 
1.471516e-01 
-6.239007e-02 
1.422994e-01 
-7.081766e-02 
1.261431e-01 
-8.945606e-02 
1.062932e-01 
-1.093710e-01 
9.326282e-02 
-1.132528e-01 
8.579955e-02 
-1.229648e-01 
6.966956e-02 
-1.357232e-01 
6.004846e-02 
-1.389686e-01 
6.463828e-02 
-1.290819e-01 
7.147524e-02 
-1.240372e-01 
7.399595e-02 
-1.175089e-01 
7.987114e-02 
-1.098525e-01 
8.807381e-02 
-1.010531e-01 
9.443253e-02 
-9.107798e-02 
1.036032e-01 
-8.154806e-02 
1.056256e-01 
-8.167645e-02 
1.053586e-01 
-7.893852e-02 
1.082294e-01 
-7.454147e-02 
1.091420e-01 
-7.671288e-02 
9.924468e-02 
-8.600534e-02 
9.090664e-02 
-8.982697e-02 
8.766647e-02 
-9.037168e-02 
8.439738e-02 
-9.300448e-02 
7.916591e-02 
-9.400985e-02 
7.877284e-02 
-9.198424e-02 
7.958127e-02 
-8.871482e-02 
8.234554e-02 
-8.320434e-02 
8.701381e-02 
-7.503337e-02 
9.296424e-02 
-6.817115e-02 
9.771227e-02 
-6.093966e-02 
1.033830e-01 
-5.405883e-02 
1.068450e-01 
-5.040248e-02 
1.056458e-01 
-5.119116e-02 
1.029256e-01 
-5.158796e-02 
9.896512e-02 
-5.680048e-02 
8.856254e-02 
-6.742336e-02 
7.399736e-02 
-7.976535e-02 
6.158978e-02 
-8.843402e-02 
5.046887e-02 
-9.795831e-02 
3.938332e-02 
-1.050881e-01 
3.179544e-02 
-1.086898e-01 
2.786129e-02 
-1.093441e-01 
2.577289e-02 
-1.074884e-01 
2.809947e-02 
-1.012659e-01 
3.170518e-02 
-9.577406e-02 
3.580553e-02 
-8.736471e-02 
4.459610e-02 
-7.361321e-02 
5.709936e-02 
-5.966592e-02 
6.562739e-02 
-5.146329e-02 
7.050229e-02 
-4.420185e-02 
7.582156e-02 
-3.716353e-02 
7.830527e-02 
-3.556915e-02 
7.483313e-02 
-3.756478e-02 
7.009690e-02 
-4.052929e-02 
6.351167e-02 
-4.583944e-02 
5.492795e-02 
-5.225480e-02 
4.628340e-02 
-5.775999e-02 
3.815326e-02 
-6.445225e-02 
2.868479e-02 
-7.013381e-02 
2.260536e-02 
-7.200950e-02 
1.892355e-02 
-7.331034e-02 
1.428285e-02 
-7.535475e-02 
1.188374e-02 
-7.142865e-02 
1.649260e-02 
-6.253714e-02 
2.403008e-02 
-5.139168e-02 
3.325077e-02 
-3.893926e-02 
4.389051e-02 
-2.553652e-02 
5.301153e-02 
-1.684103e-02 
5.650232e-02 
-1.267713e-02 
5.601312e-02 
-1.272884e-02 
5.141602e-02 
-1.619942e-02 
4.452688e-02 
-1.955146e-02 
4.082884e-02 
-1.873418e-02 
3.931198e-02 
-1.853465e-02 
3.545067e-02 
-2.119701e-02 
2.918277e-02 
-2.464726e-02 
2.370695e-02 
-2.782518e-02 
1.654157e-02 
-3.309295e-02 
9.534377e-03 
-3.534012e-02 
6.509304e-03 
-3.458153e-02 
4.897997e-03 
-3.328648e-02 
3.764845e-03 
-3.140424e-02 
3.317877e-03 
-2.902979e-02 
2.795352e-03 
-2.739511e-02 
1.254924e-03 
-2.613590e-02 
1.002542e-03 
-2.171207e-02 
4.288643e-03 
-1.532009e-02 
7.696850e-03 
-9.267590e-03 
1.175843e-02 
-1.161735e-03 
1.837494e-02 
8.243333e-03 
2.396330e-02 
1.512247e-02 
2.755139e-02 
2.159650e-02 
3.089222e-02 
2.559537e-02 
2.930175e-02 
2.439776e-02 
2.433625e-02 
2.199317e-02 
1.960256e-02 
2.029012e-02 
1.505765e-02 
1.769009e-02 
9.008759e-03 
1.448996e-02 
4.024426e-03 
1.257771e-02 
-1.323568e-03 
8.152961e-03 
-1.043017e-02 
7.396652e-04 
-1.977445e-02 
-4.135997e-03 
-2.568147e-02 
-6.579754e-03 
-3.022597e-02 
-7.525383e-03 
-3.222013e-02 
-4.462363e-03 
-2.893441e-02 
3.713966e-03 
-2.232090e-02 
1.362605e-02 
-1.382466e-02 
2.619630e-02 
-2.991578e-03 
3.975286e-02 
7.356845e-03 
5.139509e-02 
1.445395e-02 
5.904965e-02 
1.856060e-02 
6.601666e-02 
2.229519e-02 
6.988473e-02 
2.019218e-02 
6.658595e-02 
1.108827e-02 
5.817998e-02 
-2.795471e-04 
4.923638e-02 
-1.256318e-02 
3.836505e-02 
-2.640771e-02 
2.739783e-02 
-3.911525e-02 
1.826929e-02 
-4.936387e-02 
1.169876e-02 
-5.765261e-02 
7.220126e-03 
-6.248315e-02 
6.690539e-03 
-6.428996e-02 
8.052395e-03 
-6.489242e-02 
1.007271e-02 
-6.478568e-02 
1.442015e-02 
-6.060489e-02 
2.246973e-02 
-5.404000e-02 
3.223732e-02 
-4.607913e-02 
4.225283e-02 
-3.939662e-02 
5.001361e-02 
-3.578875e-02 
5.440335e-02 
-3.446623e-02 
5.788906e-02 
-3.362601e-02 
5.988664e-02 
-3.544604e-02 
5.921604e-02 
-3.959212e-02 
5.623669e-02 
-4.522490e-02 
5.274292e-02 
-5.180920e-02 
4.662541e-02 
-6.144961e-02 
3.924301e-02 
-7.006546e-02 
3.441649e-02 
-7.495339e-02 
3.419782e-02 
-7.505250e-02 
3.806670e-02 
-7.145589e-02 
4.564894e-02 
-6.490382e-02 
5.461510e-02 
-5.830526e-02 
6.268558e-02 
-5.299498e-02 
6.968087e-02 
-4.812392e-02 
7.605477e-02 
-4.519469e-02 
7.917210e-02 
-4.605136e-02 
7.858600e-02 
-4.974497e-02 
7.661707e-02 
-5.344199e-02 
7.487629e-02 
-5.732841e-02 
7.327051e-02 
-6.011049e-02 
7.278308e-02 
-6.278186e-02 
7.149574e-02 
-6.607246e-02 
7.013364e-02 
-6.890409e-02 
7.030647e-02 
-6.886341e-02 
7.359548e-02 
-6.680477e-02 
7.743038e-02 
-6.462024e-02 
8.183973e-02 
-6.119667e-02 
8.779033e-02 
-5.644829e-02 
9.406310e-02 
-5.285588e-02 
9.807717e-02 
-5.183705e-02 
9.924976e-02 
-5.373736e-02 
9.746793e-02 
-5.872951e-02 
9.286344e-02 
-6.563736e-02 
8.713924e-02 
-7.333137e-02 
8.055405e-02 
-8.164740e-02 
7.345920e-02 
-9.094504e-02 
6.493510e-02 
-1.010359e-01 
5.687158e-02 
-1.097388e-01 
5.059208e-02 
-1.159914e-01 
4.720146e-02 
-1.195183e-01 
4.653840e-02 
-1.194169e-01 
5.048367e-02 
-1.149764e-01 
5.703517e-02 
-1.092192e-01 
6.458534e-02 
-1.023301e-01 
7.348002e-02 
-9.436585e-02 
8.257627e-02 
-8.664855e-02 
9.074337e-02 
-8.063428e-02 
9.732467e-02 
-7.605298e-02 
1.015526e-01 
-7.463436e-02 
1.031192e-01 
-7.477162e-02 
1.034308e-01 
-7.583213e-02 
1.025451e-01 
-7.919566e-02 
9.866211e-02 
-8.512910e-02 
9.349949e-02 
-9.129320e-02 
8.793814e-02 
-9.782003e-02 
8.286038e-02 
-1.031926e-01 
7.875165e-02 
-1.074897e-01 
7.646710e-02 
-1.096341e-01 
7.591429e-02 
-1.100584e-01 
7.750558e-02 
-1.075936e-01 
8.231264e-02 
-1.027076e-01 
8.805549e-02 
-9.777095e-02 
9.333972e-02 
-9.339136e-02 
9.855167e-02 
-8.842249e-02 
1.044173e-01 
-8.327923e-02 
1.096099e-01 
-7.939488e-02 
1.137942e-01 
-7.531024e-02 
1.191445e-01 
-7.000182e-02 
1.244758e-01 
-6.627410e-02 
1.275060e-01 
-6.484989e-02 
1.277758e-01 
-6.688507e-02 
1.240202e-01 
-7.317733e-02 
1.163395e-01 
-8.191193e-02 
1.083687e-01 
-8.920197e-02 
1.020472e-01 
-9.569408e-02 
9.608354e-02 
-1.010761e-01 
9.198735e-02 
-1.040434e-01 
9.048991e-02 
-1.049440e-01 
8.995645e-02 
-1.056521e-01 
8.948205e-02 
-1.058792e-01 
8.977509e-02 
-1.052919e-01 
9.052989e-02 
-1.045116e-01 
9.177994e-02 
-1.022284e-01 
9.528162e-02 
-9.805515e-02 
9.925279e-02 
-9.461202e-02 
1.018116e-01 
-9.271988e-02 
1.031800e-01 
-9.105311e-02 
1.050306e-01 
-8.918065e-02 
1.059685e-01 
-8.912649e-02 
1.046368e-01 
-9.117613e-02 
1.016965e-01 
-9.425133e-02 
9.796130e-02 
-9.818431e-02 
9.364310e-02 
-1.014647e-01 
9.085788e-02 
-1.039023e-01 
8.677459e-02 
-1.091445e-01 
8.059324e-02 
-1.139597e-01 
7.687087e-02 
-1.161913e-01 
7.449798e-02 
-1.179267e-01 
7.248460e-02 
-1.188155e-01 
7.225384e-02 
-1.167726e-01 
7.516821e-02 
-1.126771e-01 
7.889154e-02 
-1.073907e-01 
8.503840e-02 
-9.968729e-02 
9.171211e-02 
-9.312541e-02 
9.726153e-02 
-8.656816e-02 
1.033675e-01 
-7.983479e-02 
1.087359e-01 
-7.483795e-02 
1.110262e-01 
-7.387178e-02 
1.095976e-01 
-7.510714e-02 
1.067268e-01 
-7.893114e-02 
9.937125e-02 
-8.783801e-02 
8.812932e-02 
-9.860434e-02 
7.593565e-02 
-1.105808e-01 
6.232683e-02 
-1.231547e-01 
4.958740e-02 
-1.330843e-01 
4.063652e-02 
-1.394470e-01 
3.462733e-02 
-1.422571e-01 
3.350872e-02 
-1.389109e-01 
3.888974e-02 
-1.297964e-01 
4.888868e-02 
-1.165438e-01 
6.266861e-02 
-9.995267e-02 
8.020427e-02 
-7.941700e-02 
1.001327e-01 
-5.843205e-02 
1.190627e-01 
-3.927187e-02 
1.338950e-01 
-2.701669e-02 
1.415648e-01 
-2.094941e-02 
1.466370e-01 
-1.471937e-02 
1.477991e-01 
-1.546023e-02 
1.390441e-01 
-2.631097e-02 
1.247055e-01 
-4.370299e-02 
1.064429e-01 
-6.116898e-02 
8.608035e-02 
-8.173551e-02 
6.172920e-02 
-1.035028e-01 
3.838327e-02 
-1.244354e-01 
1.890013e-02 
-1.386240e-01 
6.225384e-03 
-1.462573e-01 
5.086459e-03 
-1.411614e-01 
3.418655e-03 
-1.416303e-01 
3.929801e-03 
-1.297157e-01 
1.970531e-02 
-1.133482e-01 
4.442832e-02 
-8.919355e-02 
6.335592e-02 
-6.910829e-02 
8.126304e-02 
-4.519352e-02 
9.804479e-02 
-2.805537e-02 
1.148139e-01 
-1.150817e-02 
1.240293e-01 
-4.040935e-03 
1.269512e-01 
-2.111699e-03 
1.207493e-01 
-7.963543e-03 
1.163528e-01 
-1.480333e-02 
1.057012e-01 
-2.738429e-02 
8.835748e-02 
-4.497537e-02 
6.559095e-02 
-6.120526e-02 
5.057605e-02 
-7.464756e-02 
3.398382e-02 
-8.847868e-02 
2.032091e-02 
-9.914438e-02 
8.889272e-03 
-1.029581e-01 
7.179501e-03 
-1.013485e-01 
9.257402e-03 
-9.543259e-02 
1.552084e-02 
-8.588607e-02 
2.399068e-02 
-7.211192e-02 
3.561201e-02 
-5.780611e-02 
4.968358e-02 
-3.962744e-02 
6.556420e-02 
-2.463458e-02 
7.673054e-02 
-1.189461e-02 
8.552318e-02 
-2.073686e-03 
9.267559e-02 
5.094602e-03 
9.336568e-02 
2.621554e-03 
8.533182e-02 
-4.569042e-03 
7.377561e-02 
-1.456750e-02 
6.076398e-02 
-2.575373e-02 
4.650362e-02 
-3.745249e-02 
3.408355e-02 
-4.690622e-02 
2.231651e-02 
-5.550341e-02 
1.263248e-02 
-6.184663e-02 
5.144173e-03 
-6.513109e-02 
1.863604e-03 
-6.464271e-02 
8.724778e-04 
-6.133211e-02 
3.637763e-03 
-5.445706e-02 
9.242929e-03 
-4.505249e-02 
1.715514e-02 
-3.478885e-02 
2.550695e-02 
-2.273015e-02 
3.603754e-02 
-9.788830e-03 
4.585921e-02 
1.612459e-03 
5.323251e-02 
9.229630e-03 
5.650557e-02 
1.379705e-02 
5.715889e-02 
1.525699e-02 
5.432659e-02 
1.348353e-02 
4.880797e-02 
9.328487e-03 
4.154295e-02 
3.869678e-03 
3.240534e-02 
-4.032648e-03 
2.106096e-02 
-1.330640e-02 
8.994811e-03 
-2.313631e-02 
-3.684350e-03 
-3.336756e-02 
-1.580721e-02 
-4.114847e-02 
-2.373902e-02 
-4.440800e-02 
-2.787067e-02 
-4.420796e-02 
-2.814602e-02 
-3.994974e-02 
-2.443131e-02 
-3.163239e-02 
-1.689743e-02 
-2.030233e-02 
-7.419931e-03 
-7.667252e-03 
3.335872e-03 
5.848353e-03 
1.394983e-02 
1.841773e-02 
2.326189e-02 
2.954030e-02 
3.099044e-02 
3.923183e-02 
3.734428e-02 
4.630117e-02 
3.898657e-02 
4.727616e-02 
3.483047e-02 
4.404257e-02 
2.787600e-02 
3.831969e-02 
1.789923e-02 
2.906729e-02 
4.523815e-03 
1.684977e-02 
-1.115692e-02 
3.813455e-03 
-2.612209e-02 
-8.137867e-03 
-3.996369e-02 
-1.803852e-02 
-5.014164e-02 
-2.385454e-02 
-5.746503e-02 
-2.749657e-02 
-6.156807e-02 
-2.628675e-02 
-5.977535e-02 
-1.912592e-02 
-5.276793e-02 
-7.481473e-03 
-4.175287e-02 
7.116084e-03 
-2.910832e-02 
2.321863e-02 
-1.442079e-02 
4.050477e-02 
-6.327100e-04 
5.512881e-02 
1.013127e-02 
6.708929e-02 
1.791396e-02 
7.471033e-02 
1.959738e-02 
7.497044e-02 
1.390175e-02 
6.938845e-02 
3.954046e-03 
5.924652e-02 
-1.181718e-02 
4.276626e-02 
-3.258865e-02 
2.445622e-02 
-5.183213e-02 
9.099362e-03 
-6.845638e-02 
-4.501476e-03 
-8.336570e-02 
-1.463080e-02 
-9.248111e-02 
-1.804211e-02 
-9.535043e-02 
-1.619370e-02 
-9.383299e-02 
-1.003391e-02 
-8.683633e-02 
3.099424e-03 
-7.257905e-02 
2.162664e-02 
-5.547163e-02 
4.185309e-02 
-3.625360e-02 
6.390335e-02 
-1.705431e-02 
8.377422e-02 
-2.227714e-03 
9.722857e-02 
6.194072e-03 
1.063570e-01 
1.180178e-02 
1.114585e-01 
1.013238e-02 
1.066590e-01 
-1.134276e-03 
9.498125e-02 
-1.653133e-02 
8.019874e-02 
-3.475929e-02 
6.283811e-02 
-5.543434e-02 
4.408071e-02 
-7.530644e-02 
2.755203e-02 
-9.319325e-02 
1.185518e-02 
-1.097562e-01 
5.060625e-04 
-1.186619e-01 
-1.711871e-03 
-1.193092e-01 
2.049796e-03 
-1.155578e-01 
9.810391e-03 
-1.071872e-01 
2.301441e-02 
-9.363902e-02 
3.991211e-02 
-7.791663e-02 
5.748673e-02 
-6.268504e-02 
7.445732e-02 
-4.786340e-02 
8.991432e-02 
-3.652823e-02 
1.007400e-01 
-2.953436e-02 
1.076794e-01 
-2.612320e-02 
1.107562e-01 
-2.765889e-02 
1.076637e-01 
-3.572813e-02 
9.924074e-02 
-4.667517e-02 
8.988569e-02 
-5.761334e-02 
8.060382e-02 
-6.929744e-02 
6.962934e-02 
-8.205052e-02 
5.940128e-02 
-9.282772e-02 
5.091993e-02 
-1.023770e-01 
4.383501e-02 
-1.092779e-01 
4.102100e-02 
-1.109862e-01 
4.323842e-02 
-1.084844e-01 
4.876087e-02 
-1.026857e-01 
5.807168e-02 
-9.281055e-02 
7.090372e-02 
-8.087740e-02 
8.376602e-02 
-7.031962e-02 
9.505313e-02 
-6.097086e-02 
1.047903e-01 
-5.420123e-02 
1.109189e-01 
-5.118071e-02 
1.137153e-01 
-5.124240e-02 
1.132046e-01 
-5.477835e-02 
1.092372e-01 
-6.163724e-02 
1.021108e-01 
-7.114020e-02 
9.337278e-02 
-8.083725e-02 
8.476228e-02 
-9.137970e-02 
7.473730e-02 
-1.017294e-01 
6.766496e-02 
-1.077469e-01 
6.380517e-02 
-1.121950e-01 
6.099537e-02 
-1.148123e-01 
6.082039e-02 
-1.146418e-01 
6.347533e-02 
-1.113724e-01 
6.895401e-02 
-1.059396e-01 
7.610579e-02 
-9.896475e-02 
8.438003e-02 
-9.159272e-02 
9.193770e-02 
-8.573597e-02 
9.813305e-02 
-8.035906e-02 
1.041403e-01 
-7.604571e-02 
1.074056e-01 
-7.537572e-02 
1.077747e-01 
-7.605759e-02 
1.074381e-01 
-7.798316e-02 
1.044864e-01 
-8.354606e-02 
9.785016e-02 
-9.191389e-02 
8.965074e-02 
-1.002921e-01 
8.255034e-02 
-1.076121e-01 
7.572275e-02 
-1.145292e-01 
7.064909e-02 
-1.181738e-01 
6.887716e-02 
-1.198126e-01 
6.816519e-02 
-1.197353e-01 
7.053221e-02 
-1.159107e-01 
7.585577e-02 
-1.102225e-01 
8.215319e-02 
-1.046062e-01 
8.792421e-02 
-9.778112e-02 
9.695898e-02 
-8.804012e-02 
1.064778e-01 
-7.948981e-02 
1.145595e-01 
-7.235073e-02 
1.207319e-01 
-6.785738e-02 
1.235889e-01 
-6.695735e-02 
1.229200e-01 
-6.891412e-02 
1.199783e-01 
-7.303252e-02 
1.148570e-01 
-7.914003e-02 
1.072293e-01 
-8.838683e-02 
9.732028e-02 
-9.765355e-02 
8.870569e-02 
-1.056035e-01 
8.133651e-02 
-1.117590e-01 
7.623643e-02 
-1.153438e-01 
7.414494e-02 
-1.155196e-01 
7.487756e-02 
-1.134850e-01 
7.866456e-02 
-1.066207e-01 
8.776645e-02 
-9.547092e-02 
9.979975e-02 
-8.244298e-02 
1.124594e-01 
-6.972285e-02 
1.250283e-01 
-5.654833e-02 
1.371211e-01 
-4.519841e-02 
1.463105e-01 
-3.797085e-02 
1.505487e-01 
-3.511631e-02 
1.510177e-01 
-3.678363e-02 
1.458272e-01 
-4.360194e-02 
1.365483e-01 
-5.436901e-02 
1.234566e-01 
-6.767411e-02 
1.086468e-01 
-8.328643e-02 
9.173679e-02 
-9.828910e-02 
7.784947e-02 
-1.102023e-01 
6.597728e-02 
-1.201211e-01 
5.690476e-02 
-1.261758e-01 
5.338974e-02 
-1.248800e-01 
5.708029e-02 
-1.182376e-01 
6.476344e-02 
-1.072199e-01 
7.726629e-02 
-9.206943e-02 
9.210354e-02 
-7.700302e-02 
1.047906e-01 
-6.429399e-02 
1.161250e-01 
-5.268740e-02 
1.248900e-01 
-4.517926e-02 
1.293295e-01 
-4.139367e-02 
1.301248e-01 
-4.146781e-02 
1.270637e-01 
-4.554236e-02 
1.190196e-01 
-5.521800e-02 
1.059089e-01 
-6.870724e-02 
9.068663e-02 
-8.243289e-02 
7.580754e-02 
-9.658713e-02 
5.999547e-02 
-1.100850e-01 
4.753279e-02 
-1.187295e-01 
3.958237e-02 
-1.232275e-01 
3.610853e-02 
-1.229147e-01 
3.773927e-02 
-1.172010e-01 
4.371474e-02 
-1.091112e-01 
5.147932e-02 
-9.794103e-02 
6.312274e-02 
-8.373875e-02 
7.546723e-02 
-7.132396e-02 
8.497301e-02 
-6.130302e-02 
9.281379e-02 
-5.227366e-02 
9.946481e-02 
-4.592729e-02 
1.013386e-01 
-4.544834e-02 
9.738385e-02 
-4.989686e-02 
8.986458e-02 
-5.706790e-02 
7.972780e-02 
-6.660695e-02 
6.776139e-02 
-7.691761e-02 
5.638748e-02 
-8.577987e-02 
4.624603e-02 
-9.368845e-02 
3.781022e-02 
-9.816437e-02 
3.414483e-02 
-9.773000e-02 
3.468047e-02 
-9.368986e-02 
3.778738e-02 
-8.829747e-02 
4.263780e-02 
-7.939188e-02 
5.107468e-02 
-6.906790e-02 
5.907754e-02 
-5.875830e-02 
6.843472e-02 
-4.725079e-02 
7.728497e-02 
-3.750943e-02 
8.387857e-02 
-3.043225e-02 
8.667584e-02 
-2.791456e-02 
8.577661e-02 
-2.811179e-02 
8.125802e-02 
-3.358996e-02 
7.192388e-02 
-4.138208e-02 
6.128219e-02 
-5.144410e-02 
4.831498e-02 
-6.165906e-02 
3.690456e-02 
-7.115599e-02 
2.524825e-02 
-7.912697e-02 
1.732505e-02 
-8.378753e-02 
1.084565e-02 
-8.721425e-02 
7.448822e-03 
-8.571031e-02 
9.295842e-03 
-7.984514e-02 
1.418798e-02 
-7.188785e-02 
2.074283e-02 
-6.201695e-02 
2.979337e-02 
-4.966821e-02 
3.947672e-02 
-3.899278e-02 
4.780247e-02 
-2.817125e-02 
5.540282e-02 
-2.043073e-02 
5.905633e-02 
-1.571885e-02 
6.006879e-02 
-1.380716e-02 
5.852744e-02 
-1.424617e-02 
5.371183e-02 
-1.968613e-02 
4.396947e-02 
-2.756319e-02 
3.397082e-02 
-3.474803e-02 
2.517589e-02 
-4.086653e-02 
1.651818e-02 
-4.725859e-02 
8.194940e-03 
-5.267174e-02 
7.043304e-04 
-5.758982e-02 
-6.192369e-03 
-6.144404e-02 
-1.140023e-02 
-6.254013e-02 
-1.204848e-02 
-5.839336e-02 
-9.248540e-03 
-5.230114e-02 
-4.466754e-03 
-4.428659e-02 
2.494835e-03 
-3.302348e-02 
1.262620e-02 
-2.087663e-02 
2.099975e-02 
-1.126983e-02 
2.719932e-02 
-3.849212e-03 
3.103205e-02 
2.179611e-03 
3.491660e-02 
7.739276e-03 
3.644218e-02 
9.861984e-03 
3.417109e-02 
7.758884e-03 
2.754967e-02 
2.127123e-03 
1.905128e-02 
-3.236060e-03 
1.266572e-02 
-6.310121e-03 
6.642719e-03 
-1.145147e-02 
-2.142283e-03 
-1.805060e-02 
-1.087463e-02 
-2.375907e-02 
-1.755990e-02 
-2.598389e-02 
-2.049546e-02 
-2.541349e-02 
-2.140166e-02 
-2.254257e-02 
-1.915949e-02 
-1.596809e-02 
-1.341498e-02 
-6.705321e-03 
-5.552539e-03 
4.296542e-03 
3.250841e-03 
1.496578e-02 
1.057560e-02 
2.429152e-02 
1.788477e-02 
3.460908e-02 
2.570354e-02 
4.371312e-02 
3.028519e-02 
4.687151e-02 
2.641652e-02 
4.181872e-02 
1.763013e-02 
3.552281e-02 
9.188711e-03 
2.872333e-02 
-1.316293e-03 
1.908073e-02 
-1.477444e-02 
7.246547e-03 
-2.811727e-02 
-1.531387e-03 
-3.699267e-02 
-6.731054e-03 
-4.362095e-02 
-1.024697e-02 
-4.847400e-02 
-1.209513e-02 
-5.238062e-02 
-1.295556e-02 
-5.338438e-02 
-8.596732e-03 
-4.854482e-02 
-3.482312e-04 
-4.258083e-02 
7.945724e-03 
-3.616062e-02 
1.683932e-02 
-2.931214e-02 
2.636706e-02 
-2.142158e-02 
3.675739e-02 
-1.347591e-02 
4.552697e-02 
-9.344897e-03 
4.981878e-02 
-7.909751e-03 
5.393263e-02 
-5.494735e-03 
5.746188e-02 
-6.425119e-03 
5.638401e-02 
-1.097858e-02 
5.329094e-02 
-1.660125e-02 
4.921628e-02 
-2.330756e-02 
4.430802e-02 
-3.065989e-02 
3.803073e-02 
-4.025642e-02 
2.996399e-02 
-4.989483e-02 
2.335134e-02 
-5.775747e-02 
1.783353e-02 
-6.473116e-02 
1.379461e-02 
-6.979047e-02 
1.142365e-02 
-7.306497e-02 
1.219910e-02 
-7.111387e-02 
1.915194e-02 
-6.412291e-02 
2.896463e-02 
-5.555822e-02 
4.014616e-02 
-4.553441e-02 
5.250456e-02 
-3.486957e-02 
6.500328e-02 
-2.427605e-02 
7.677306e-02 
-1.561271e-02 
8.585597e-02 
-9.858360e-03 
9.152441e-02 
-8.003717e-03 
9.316238e-02 
-9.793151e-03 
9.145090e-02 
-1.518419e-02 
8.564189e-02 
-2.414130e-02 
7.765807e-02 
-3.450555e-02 
6.827977e-02 
-4.561169e-02 
5.876748e-02 
-5.720190e-02 
4.872213e-02 
-6.795219e-02 
4.077878e-02 
-7.630444e-02 
3.490728e-02 
-8.256906e-02 
3.145628e-02 
-8.646731e-02 
3.063400e-02 
-8.631565e-02 
3.442431e-02 
-8.273524e-02 
4.053259e-02 
-7.656633e-02 
4.951860e-02 
-6.791233e-02 
5.992889e-02 
-5.902043e-02 
6.998002e-02 
-5.025868e-02 
8.033711e-02 
-4.116343e-02 
9.002202e-02 
-3.436103e-02 
9.605068e-02 
-3.165557e-02 
9.809346e-02 
-3.224407e-02 
9.759675e-02 
-3.541210e-02 
9.366702e-02 
-4.214041e-02 
8.707134e-02 
-5.033567e-02 
7.961382e-02 
-5.959414e-02 
7.065195e-02 
-6.999728e-02 
6.147991e-02 
-7.939182e-02 
5.382334e-02 
-8.808296e-02 
4.594898e-02 
-9.647573e-02 
3.973700e-02 
-1.016607e-01 
3.816217e-02 
-1.019876e-01 
3.886676e-02 
-1.031933e-01 
3.802899e-02 
-1.032510e-01 
4.159142e-02 
-9.854612e-02 
4.796839e-02 
-9.205593e-02 
5.604969e-02 
-8.430181e-02 
6.541891e-02 
-7.433704e-02 
7.660095e-02 
-6.456875e-02 
8.569117e-02 
-5.702329e-02 
9.334433e-02 
-5.064989e-02 
9.920840e-02 
-4.662623e-02 
1.023540e-01 
-4.565719e-02 
1.020702e-01 
-4.794226e-02 
9.875035e-02 
-5.319971e-02 
9.299217e-02 
-5.985324e-02 
8.675562e-02 
-6.589230e-02 
8.200135e-02 
-7.075881e-02 
7.674867e-02 
-7.721254e-02 
7.048509e-02 
-8.295192e-02 
6.621442e-02 
-8.646298e-02 
6.388741e-02 
-8.723291e-02 
6.596936e-02 
-8.279699e-02 
7.159172e-02 
-7.817481e-02 
7.482012e-02 
-7.595822e-02 
7.740512e-02 
-7.226230e-02 
8.283514e-02 
-6.532276e-02 
9.030565e-02 
-5.838373e-02 
9.670496e-02 
-5.156670e-02 
1.043212e-01 
-4.412754e-02 
1.092828e-01 
-4.291437e-02 
1.067031e-01 
-4.768770e-02 
1.009424e-01 
-5.318304e-02 
9.527441e-02 
-5.919362e-02 
8.796246e-02 
-6.748770e-02 
7.815704e-02 
-7.839176e-02 
6.541186e-02 
-9.172352e-02 
5.254309e-02 
-1.017798e-01 
4.473633e-02 
-1.078615e-01 
3.836441e-02 
-1.136167e-01 
3.365334e-02 
-1.148008e-01 
3.532362e-02 
-1.103520e-01 
4.009376e-02 
-1.047039e-01 
4.643845e-02 
-9.523090e-02 
5.825656e-02 
-8.143775e-02 
7.009799e-02 
-7.180658e-02 
7.764649e-02 
-6.184475e-02 
9.054585e-02 
-4.577485e-02 
1.045676e-01 
-3.622063e-02 
1.069028e-01 
-3.681625e-02 
1.057458e-01 
-3.546131e-02 
1.063464e-01 
-3.689880e-02 
9.907206e-02 
-4.810297e-02 
8.434908e-02 
-6.125689e-02 
7.284716e-02 
-6.997973e-02 
6.262820e-02 
-8.110865e-02 
4.944296e-02 
-9.231303e-02 
3.969482e-02 
-9.863818e-02 
3.292162e-02 
-1.050166e-01 
2.571437e-02 
-1.082075e-01 
2.591425e-02 
-1.034587e-01 
3.045758e-02 
-9.766787e-02 
3.519292e-02 
-9.038319e-02 
4.447020e-02 
-7.651589e-02 
5.796582e-02 
-6.332907e-02 
6.773603e-02 
-5.357346e-02 
7.551992e-02 
-4.448200e-02 
8.427436e-02 
-3.146223e-02 
9.368228e-02 
-3.668012e-02 
8.588434e-02 
-3.112427e-02 
8.750091e-02 
-2.190721e-02 
8.691333e-02 
-2.901985e-02 
8.225272e-02 
-4.439544e-02 
7.443780e-02 
-5.223112e-02 
6.309062e-02 
-5.869295e-02 
4.689114e-02 
-6.242846e-02 
4.212303e-02 
-7.015049e-02 
3.406919e-02 
-7.783229e-02 
2.345996e-02 
-8.217743e-02 
1.836925e-02 
-7.946079e-02 
2.026057e-02 
-8.170853e-02 
2.021229e-02 
-8.389798e-02 
2.143494e-02 
-7.829665e-02 
2.757978e-02 
-6.212671e-02 
3.688739e-02 
-5.300610e-02 
4.475388e-02 
-4.280060e-02 
5.703275e-02 
-2.722486e-02 
6.905774e-02 
-1.374663e-02 
7.483776e-02 
-7.556873e-03 
8.056119e-02 
-1.295690e-03 
8.495770e-02 
-7.824720e-04 
8.142090e-02 
-3.004734e-03 
7.238896e-02 
-9.519565e-03 
6.129162e-02 
-2.190590e-02 
4.448129e-02 
-3.819964e-02 
2.984736e-02 
-4.699985e-02 
1.998828e-02 
-5.355719e-02 
1.079563e-02 
-6.134080e-02 
9.581543e-04 
-6.777504e-02 
-1.465405e-03 
-6.377964e-02 
1.836955e-03 
-5.667030e-02 
4.667016e-03 
-5.104161e-02 
9.271320e-03 
-4.183231e-02 
1.876471e-02 
-3.073479e-02 
2.685772e-02 
-1.986304e-02 
3.531786e-02 
-9.796314e-03 
4.174313e-02 
-1.871955e-03 
4.669152e-02 
3.088687e-03 
4.901369e-02 
8.337655e-03 
5.055812e-02 
1.030841e-02 
4.580864e-02 
4.758856e-03 
3.574712e-02 
-3.912159e-03 
2.563732e-02 
-1.069834e-02 
1.566669e-02 
-2.036609e-02 
1.552453e-03 
-3.210461e-02 
-1.229373e-02 
-4.202929e-02 
-2.178766e-02 
-4.647274e-02 
-2.672845e-02 
-4.690953e-02 
-2.789933e-02 
-4.290417e-02 
-2.447620e-02 
-3.491186e-02 
-1.661234e-02 
-2.273850e-02 
-6.248009e-03 
-9.590710e-03 
5.274558e-03 
5.534957e-03 
1.731363e-02 
1.947224e-02 
2.819099e-02 
3.256057e-02 
3.760106e-02 
4.201169e-02 
4.054752e-02 
4.322712e-02 
3.536942e-02 
3.923371e-02 
2.789991e-02 
3.216403e-02 
1.450165e-02 
1.909375e-02 
-4.866378e-04 
8.215422e-03 
-1.413235e-02 
-4.049470e-03 
-2.979301e-02 
-1.542178e-02 
-4.028358e-02 
-1.934830e-02 
-4.479876e-02 
-2.181029e-02 
-5.179240e-02 
-2.634143e-02 
-5.700425e-02 
-2.511849e-02 
-5.398068e-02 
-1.451607e-02 
-4.166410e-02 
3.154335e-03 
-2.628670e-02 
1.966039e-02 
-1.596013e-02 
2.894079e-02 
-1.139014e-02 
3.634350e-02 
-5.732481e-03 
4.602236e-02 
2.705833e-03 
5.760884e-02 
9.239666e-03 
6.188941e-02 
5.080270e-03 
5.544032e-02 
-7.801835e-03 
4.360573e-02 
-2.156052e-02 
3.473250e-02 
-3.136647e-02 
2.818470e-02 
-4.136340e-02 
1.913435e-02 
-5.527355e-02 
6.822386e-03 
-6.964650e-02 
-2.838247e-03 
-7.952961e-02 
-7.614464e-03 
-8.498460e-02 
-9.068110e-03 
-8.773666e-02 
-6.441222e-03 
-8.393467e-02 
3.376395e-03 
-7.459041e-02 
1.735592e-02 
-6.207468e-02 
3.224758e-02 
-5.128211e-02 
4.417230e-02 
-4.309934e-02 
5.441574e-02 
-3.578213e-02 
6.429333e-02 
-2.866772e-02 
7.369685e-02 
-2.147575e-02 
8.492548e-02 
-1.223573e-02 
9.457911e-02 
-9.306073e-03 
9.615957e-02 
-1.314450e-02 
9.272748e-02 
-2.203345e-02 
8.289294e-02 
-3.759813e-02 
6.817584e-02 
-5.474150e-02 
5.492950e-02 
-6.892484e-02 
4.413573e-02 
-8.204128e-02 
3.386127e-02 
-9.356903e-02 
2.783361e-02 
-9.773190e-02 
2.992617e-02 
-9.685391e-02 
3.164889e-02 
-1.004527e-01 
2.948533e-02 
-1.021323e-01 
3.685352e-02 
-9.002345e-02 
5.497102e-02 
-7.500851e-02 
7.048642e-02 
-6.238532e-02 
8.630241e-02 
-4.832648e-02 
1.018718e-01 
-3.776520e-02 
1.115159e-01 
-3.247915e-02 
1.185586e-01 
-2.811423e-02 
1.233732e-01 
-2.970750e-02 
1.190500e-01 
-4.008365e-02 
1.096883e-01 
-5.101910e-02 
1.013163e-01 
-6.303807e-02 
8.914092e-02 
-7.887797e-02 
7.608571e-02 
-9.196975e-02 
6.721317e-02 
-1.018628e-01 
6.006006e-02 
-1.103838e-01 
5.473780e-02 
-1.163214e-01 
5.260486e-02 
-1.190539e-01 
5.314255e-02 
-1.194134e-01 
5.611172e-02 
-1.168170e-01 
6.309806e-02 
-1.090030e-01 
7.475975e-02 
-9.929659e-02 
8.534807e-02 
-9.132242e-02 
9.573671e-02 
-8.251559e-02 
1.050416e-01 
-7.786350e-02 
1.091264e-01 
-7.641591e-02 
1.134471e-01 
-7.219805e-02 
1.202881e-01 
-6.831586e-02 
1.231265e-01 
-7.040457e-02 
1.207069e-01 
-7.542307e-02 
1.168592e-01 
-8.171858e-02 
1.112607e-01 
-9.033505e-02 
1.031256e-01 
-1.004329e-01 
9.520850e-02 
-1.090689e-01 
8.900513e-02 
-1.161985e-01 
8.417718e-02 
-1.213307e-01 
8.243885e-02 
-1.223386e-01 
8.501347e-02 
-1.199466e-01 
8.941792e-02 
-1.164823e-01 
9.549066e-02 
-1.098898e-01 
1.057006e-01 
-9.985315e-02 
1.164864e-01 
-9.204435e-02 
1.246799e-01 
-8.451171e-02 
1.349917e-01 
-7.495261e-02 
1.439790e-01 
-7.095386e-02 
1.458578e-01 
-7.160199e-02 
1.468073e-01 
-7.119597e-02 
1.474891e-01 
-7.464516e-02 
1.411078e-01 
-8.520498e-02 
1.309056e-01 
-9.528630e-02 
1.231622e-01 
-1.040411e-01 
1.135945e-01 
-1.175147e-01 
9.937383e-02 
-1.313896e-01 
8.975279e-02 
-1.389000e-01 
8.467300e-02 
-1.440046e-01 
8.188754e-02 
-1.451210e-01 
8.438742e-02 
-1.414148e-01 
8.970816e-02 
-1.365907e-01 
9.554174e-02 
-1.304346e-01 
1.043031e-01 
-1.204512e-01 
1.159707e-01 
-1.097608e-01 
1.259205e-01 
-1.015496e-01 
1.346300e-01 
-9.275145e-02 
1.438923e-01 
-8.569296e-02 
1.484377e-01 
-8.478321e-02 
1.476638e-01 
-8.674382e-02 
1.456746e-01 
-8.998457e-02 
1.414266e-01 
-9.616171e-02 
1.345295e-01 
-1.036852e-01 
1.272066e-01 
-1.117766e-01 
1.182587e-01 
-1.222988e-01 
1.072504e-01 
-1.325173e-01 
9.904790e-02 
-1.399506e-01 
9.119280e-02 
-1.489797e-01 
8.210360e-02 
-1.566276e-01 
7.691701e-02 
-1.591337e-01 
7.690729e-02 
-1.575386e-01 
7.907960e-02 
-1.547606e-01 
8.349887e-02 
-1.471195e-01 
9.373873e-02 
-1.356836e-01 
1.047942e-01 
-1.249109e-01 
1.151448e-01 
-1.137867e-01 
1.271905e-01 
-1.007814e-01 
1.389750e-01 
-9.023117e-02 
1.484907e-01 
-7.996424e-02 
1.584840e-01 
-7.103518e-02 
1.637007e-01 
-6.931212e-02 
1.618445e-01 
-7.231633e-02 
1.576652e-01 
-7.649194e-02 
1.516433e-01 
-8.413234e-02 
1.410715e-01 
-9.578440e-02 
1.280720e-01 
-1.075919e-01 
1.165675e-01 
-1.181184e-01 
1.044756e-01 
-1.303355e-01 
9.180655e-02 
-1.401616e-01 
8.422448e-02 
-1.441270e-01 
8.109905e-02 
-1.452656e-01 
8.072844e-02 
-1.417813e-01 
8.689920e-02 
-1.319641e-01 
9.644826e-02 
-1.218849e-01 
1.050636e-01 
-1.116994e-01 
1.152665e-01 
-9.966205e-02 
1.258505e-01 
-8.957592e-02 
1.325487e-01 
-8.305986e-02 
1.380901e-01 
-7.548944e-02 
1.442534e-01 
-6.970182e-02 
1.459577e-01 
-7.001968e-02 
1.412497e-01 
-7.548826e-02 
1.328809e-01 
-8.390620e-02 
1.218719e-01 
-9.397094e-02 
1.107869e-01 
-1.027202e-01 
1.010388e-01 
-1.113608e-01 
8.985587e-02 
-1.217010e-01 
7.821527e-02 
-1.301400e-01 
7.034958e-02 
-1.343746e-01 
6.589273e-02 
-1.362158e-01 
6.354481e-02 
-1.348413e-01 
6.573307e-02 
-1.288576e-01 
7.051918e-02 
-1.227427e-01 
7.454881e-02 
-1.155976e-01 
8.244362e-02 
-1.045789e-01 
9.083836e-02 
-9.517550e-02 
9.774857e-02 
-8.674168e-02 
1.034724e-01 
-7.989345e-02 
1.067762e-01 
-7.738137e-02 
1.044086e-01 
-7.944317e-02 
9.966774e-02 
-8.219973e-02 
9.419766e-02 
-8.650124e-02 
8.657920e-02 
-9.279975e-02 
7.832709e-02 
-9.766152e-02 
7.223855e-02 
-1.016169e-01 
6.540210e-02 
-1.059569e-01 
5.965583e-02 
-1.080710e-01 
5.667999e-02 
-1.076611e-01 
5.522117e-02 
-1.063357e-01 
5.521329e-02 
-1.017752e-01 
5.933736e-02 
-9.427927e-02 
6.427390e-02 
-8.747596e-02 
6.799195e-02 
-8.112679e-02 
7.281116e-02 
-7.240876e-02 
7.938822e-02 
-6.383213e-02 
8.411440e-02 
-5.800709e-02 
8.583224e-02 
-5.458267e-02 
8.625033e-02 
-5.163442e-02 
8.578384e-02 
-5.020355e-02 
8.395440e-02 
-4.972303e-02 
8.105869e-02 
-5.053752e-02 
7.673070e-02 
-5.275727e-02 
7.116632e-02 
-5.515242e-02 
6.692552e-02 
-5.571990e-02 
6.325427e-02 
-5.749256e-02 
5.784093e-02 
-5.975647e-02 
5.367544e-02 
-5.946233e-02 
5.205244e-02 
-5.792380e-02 
5.016529e-02 
-5.682879e-02 
4.906933e-02 
-5.350517e-02 
5.065740e-02 
-4.797806e-02 
5.338644e-02 
-4.211695e-02 
5.620436e-02 
-3.582609e-02 
5.965002e-02 
-2.948804e-02 
6.221782e-02 
-2.415380e-02 
6.455114e-02 
-1.824299e-02 
6.673773e-02 
-1.451265e-02 
6.536323e-02 
-1.389387e-02 
6.192682e-02 
-1.459266e-02 
5.759231e-02 
-1.628100e-02 
5.094186e-02 
-2.228612e-02 
3.930284e-02 
-3.132561e-02 
2.742706e-02 
-3.902902e-02 
1.674382e-02 
-4.678903e-02 
4.903874e-03 
-5.527532e-02 
-6.228750e-03 
-6.170279e-02 
-1.424532e-02 
-6.396910e-02 
-1.760877e-02 
-6.164789e-02 
-1.642327e-02 
-5.495935e-02 
-1.227159e-02 
-4.710472e-02 
-7.382187e-03 
-3.785229e-02 
-4.919104e-04 
-2.561765e-02 
1.022772e-02 
-1.046991e-02 
2.089856e-02 
1.890592e-03 
2.790818e-02 
1.099570e-02 
3.242534e-02 
1.802981e-02 
3.406564e-02 
2.038059e-02 
2.968987e-02 
1.721157e-02 
2.146141e-02 
1.179495e-02 
1.186959e-02 
5.572293e-03 
1.692534e-03 
-1.532451e-03 
-9.166941e-03 
-8.283000e-03 
-1.923714e-02 
-1.494894e-02 
-2.999285e-02 
-2.164832e-02 
-3.859921e-02 
-2.406689e-02 
-4.227185e-02 
-2.238413e-02 
-4.341550e-02 
-1.910318e-02 
-4.227468e-02 
-1.176732e-02 
-3.604701e-02 
3.662036e-04 
-2.609604e-02 
1.419272e-02 
-1.697986e-02 
2.587674e-02 
-9.395463e-03 
3.731688e-02 
-2.208517e-03 
4.668568e-02 
1.388759e-03 
5.224956e-02 
2.086194e-03 
5.574840e-02 
8.214203e-04 
5.690671e-02 
-3.024766e-03 
5.588198e-02 
-8.768705e-03 
5.251668e-02 
-1.732960e-02 
4.618187e-02 
-2.868739e-02 
3.755201e-02 
-4.126437e-02 
2.965191e-02 
-5.134620e-02 
2.473975e-02 
-5.909522e-02 
2.091849e-02 
-6.690816e-02 
1.678655e-02 
-7.368898e-02 
1.587928e-02 
-7.625941e-02 
1.858069e-02 
-7.560367e-02 
2.522038e-02 
-7.044429e-02 
3.518226e-02 
-6.416266e-02 
4.485853e-02 
-5.834035e-02 
5.445518e-02 
-5.180558e-02 
