9.806650e+02 
1.000000e-02 
-1.040111e-03 
5.098581e-05 
1.529574e-03 
2.314756e-03 
1.927264e-03 
1.070702e-03 
7.953786e-04 
1.111491e-03 
8.973503e-04 
-5.200553e-04 
-2.355544e-03 
-3.161120e-03 
-2.345347e-03 
-5.302524e-04 
1.213462e-03 
2.019038e-03 
1.458194e-03 
-9.177446e-05 
-1.447997e-03 
-1.702926e-03 
-1.182871e-03 
-9.177446e-04 
-9.687304e-04 
-3.670978e-04 
1.152279e-03 
2.324953e-03 
2.008841e-03 
9.075474e-04 
5.914354e-04 
1.233857e-03 
1.447997e-03 
4.486751e-04 
-8.973503e-04 
-1.468391e-03 
-1.397011e-03 
-1.539771e-03 
-2.008841e-03 
-2.090418e-03 
-1.356223e-03 
-3.059149e-04 
3.467035e-04 
3.569007e-04 
-9.177446e-05 
-7.036042e-04 
-1.264448e-03 
-1.692729e-03 
-2.059827e-03 
-2.314756e-03 
-2.192390e-03 
-1.346025e-03 
-1.019716e-05 
1.080899e-03 
1.213462e-03 
3.772950e-04 
-8.565616e-04 
-1.896672e-03 
-2.539093e-03 
-2.997966e-03 
-3.395655e-03 
-3.518021e-03 
-2.916388e-03 
-1.570363e-03 
-1.325631e-04 
7.239985e-04 
1.029913e-03 
1.305237e-03 
1.672335e-03 
1.631546e-03 
8.259701e-04 
-4.282808e-04 
-1.560166e-03 
-2.416727e-03 
-2.926586e-03 
-2.600276e-03 
-1.050308e-03 
1.162476e-03 
2.763431e-03 
3.089740e-03 
2.549291e-03 
1.662137e-03 
2.957177e-04 
-1.621349e-03 
-3.273289e-03 
-3.599598e-03 
-2.508502e-03 
-8.055758e-04 
8.973503e-04 
2.426925e-03 
3.263092e-03 
2.579882e-03 
4.282808e-04 
-1.723320e-03 
-2.406530e-03 
-1.672335e-03 
-7.953786e-04 
-7.239985e-04 
-1.325631e-03 
-2.080221e-03 
-2.600276e-03 
-2.528896e-03 
-1.611152e-03 
-5.098581e-05 
1.264448e-03 
1.458194e-03 
3.976893e-04 
-1.131885e-03 
-2.090418e-03 
-2.090418e-03 
-1.590757e-03 
-1.295040e-03 
-1.142082e-03 
-4.180836e-04 
1.142082e-03 
2.681854e-03 
3.110134e-03 
2.304559e-03 
9.177446e-04 
-7.138013e-04 
-2.824614e-03 
-5.067990e-03 
-6.108100e-03 
-4.792666e-03 
-1.488786e-03 
2.345347e-03 
5.465679e-03 
7.270577e-03 
7.382745e-03 
5.618636e-03 
2.365742e-03 
-1.254251e-03 
-4.089062e-03 
-5.567651e-03 
-5.710411e-03 
-4.904835e-03 
-3.538415e-03 
-1.631546e-03 
1.029913e-03 
4.242019e-03 
6.913676e-03 
7.739646e-03 
6.414015e-03 
3.793344e-03 
1.131885e-03 
-7.545900e-04 
-1.458194e-03 
-9.687304e-04 
1.325631e-04 
7.851815e-04 
2.345347e-04 
-1.152279e-03 
-2.243376e-03 
-1.978249e-03 
5.098581e-05 
3.334472e-03 
6.424212e-03 
7.607083e-03 
6.189677e-03 
3.354866e-03 
1.142082e-03 
6.118297e-04 
1.111491e-03 
1.397011e-03 
8.463645e-04 
-4.282808e-04 
-2.100615e-03 
-3.742359e-03 
-4.598920e-03 
-3.854527e-03 
-1.335828e-03 
2.192390e-03 
5.537059e-03 
7.678463e-03 
8.106744e-03 
6.811704e-03 
4.303202e-03 
1.417406e-03 
-1.193068e-03 
-3.314078e-03 
-4.976215e-03 
-6.077509e-03 
-6.118297e-03 
-4.507146e-03 
-1.193068e-03 
2.916388e-03 
6.077509e-03 
6.689338e-03 
4.700892e-03 
1.825292e-03 
1.529574e-04 
3.161120e-04 
1.111491e-03 
9.381389e-04 
-4.996609e-04 
-1.957855e-03 
-1.906869e-03 
9.177446e-05 
3.099937e-03 
5.465679e-03 
6.159086e-03 
5.424890e-03 
4.445963e-03 
4.007485e-03 
3.640387e-03 
2.467713e-03 
6.730127e-04 
-4.690695e-04 
-8.157730e-05 
1.060505e-03 
1.519377e-03 
8.769559e-04 
-1.223659e-04 
-1.060505e-03 
-2.324953e-03 
-3.936105e-03 
-4.527540e-03 
-2.661459e-03 
1.162476e-03 
4.537737e-03 
5.312721e-03 
3.375261e-03 
9.177446e-05 
-3.354866e-03 
-6.597564e-03 
-9.585332e-03 
-1.177772e-02 
-1.205305e-02 
-9.473164e-03 
-4.272611e-03 
1.621349e-03 
5.771594e-03 
7.066633e-03 
6.393621e-03 
5.067990e-03 
3.059149e-03 
-6.628155e-04 
-6.148889e-03 
-1.147181e-02 
-1.400070e-02 
-1.238955e-02 
-7.433731e-03 
-1.264448e-03 
4.252217e-03 
8.667588e-03 
1.257310e-02 
1.588718e-02 
1.703946e-02 
1.455135e-02 
9.422178e-03 
4.813061e-03 
2.712445e-03 
1.968052e-03 
4.894638e-04 
-1.244054e-03 
-4.180836e-04 
4.547934e-03 
1.190009e-02 
1.844667e-02 
2.215843e-02 
2.239297e-02 
1.882396e-02 
1.167575e-02 
2.987769e-03 
-3.772950e-03 
-5.965340e-03 
-3.619993e-03 
8.769559e-04 
4.405174e-03 
4.945624e-03 
2.702248e-03 
-5.098581e-05 
-1.009519e-03 
-2.243376e-04 
-1.733518e-04 
-2.997966e-03 
-8.137335e-03 
-1.300138e-02 
-1.557107e-02 
-1.554048e-02 
-1.333789e-02 
-9.483361e-03 
-5.190356e-03 
-2.651262e-03 
-3.518021e-03 
-7.178802e-03 
-1.108432e-02 
-1.276685e-02 
-1.136984e-02 
-7.464323e-03 
-2.202587e-03 
3.008163e-03 
6.730127e-03 
8.004772e-03 
6.964662e-03 
4.649906e-03 
2.375939e-03 
9.993219e-04 
7.647872e-04 
1.447997e-03 
2.722642e-03 
4.527540e-03 
7.107422e-03 
1.070702e-02 
1.495924e-02 
1.869140e-02 
2.055748e-02 
2.018018e-02 
1.855884e-02 
1.703946e-02 
1.590757e-02 
1.436780e-02 
1.205305e-02 
9.728093e-03 
8.320884e-03 
7.607083e-03 
6.597564e-03 
5.006807e-03 
3.660781e-03 
3.232500e-03 
3.354866e-03 
2.987769e-03 
1.325631e-03 
-1.702926e-03 
-5.292327e-03 
-7.882406e-03 
-8.086350e-03 
-5.955143e-03 
-2.916388e-03 
-4.282808e-04 
9.789276e-04 
9.279418e-04 
-1.386814e-03 
-6.118297e-03 
-1.150240e-02 
-1.481648e-02 
-1.460234e-02 
-1.146161e-02 
-6.668944e-03 
-1.019716e-03 
4.894638e-03 
1.007480e-02 
1.340927e-02 
1.449017e-02 
1.403130e-02 
1.339907e-02 
1.326651e-02 
1.220600e-02 
7.525506e-03 
-1.182871e-03 
-9.554741e-03 
-1.120668e-02 
-4.078865e-03 
7.219591e-03 
1.594836e-02 
1.892593e-02 
1.693749e-02 
1.157378e-02 
4.099259e-03 
-3.507824e-03 
-8.912320e-03 
-1.173693e-02 
-1.324611e-02 
-1.336848e-02 
-9.972825e-03 
-2.233179e-03 
6.923873e-03 
1.328690e-02 
1.486746e-02 
1.198167e-02 
5.506468e-03 
-2.926586e-03 
-1.011558e-02 
-1.353163e-02 
-1.437800e-02 
-1.627467e-02 
-2.022097e-02 
-2.281105e-02 
-2.009861e-02 
-1.179812e-02 
-9.381389e-04 
8.871531e-03 
1.471450e-02 
1.503062e-02 
1.098234e-02 
6.363029e-03 
4.221625e-03 
3.854527e-03 
2.732839e-03 
8.157730e-04 
9.687304e-04 
5.108778e-03 
1.175733e-02 
1.791641e-02 
2.149562e-02 
2.144463e-02 
1.734537e-02 
1.059485e-02 
4.802863e-03 
3.161120e-03 
5.567651e-03 
9.279418e-03 
1.190009e-02 
1.288921e-02 
1.256290e-02 
1.117609e-02 
8.810348e-03 
5.312721e-03 
5.200553e-04 
-4.792666e-03 
-8.718574e-03 
-1.014618e-02 
-1.039091e-02 
-1.140043e-02 
-1.258330e-02 
-1.136984e-02 
-7.138013e-03 
-2.579882e-03 
-4.996609e-04 
-1.203265e-03 
-3.915710e-03 
-8.769559e-03 
-1.542831e-02 
-2.132227e-02 
-2.342288e-02 
-2.109793e-02 
-1.547929e-02 
-7.352154e-03 
2.008841e-03 
8.840940e-03 
8.963306e-03 
2.049630e-03 
-8.167927e-03 
-1.786543e-02 
-2.468733e-02 
-2.582941e-02 
-1.881376e-02 
-5.710411e-03 
6.913676e-03 
1.451056e-02 
1.841607e-02 
2.106734e-02 
2.082261e-02 
1.507141e-02 
6.026523e-03 
-1.519377e-03 
-7.127816e-03 
-1.442898e-02 
-2.339229e-02 
-2.827673e-02 
-2.525837e-02 
-1.793681e-02 
-1.215502e-02 
-8.565616e-03 
-3.987090e-03 
2.019038e-03 
6.291649e-03 
6.974859e-03 
4.996609e-03 
6.424212e-04 
-7.290971e-03 
-1.746774e-02 
-2.458536e-02 
-2.464654e-02 
-2.018018e-02 
-1.750853e-02 
-1.942559e-02 
-2.262750e-02 
-2.215843e-02 
-1.676413e-02 
-9.146854e-03 
-2.345347e-03 
2.416727e-03 
4.568329e-03 
2.600276e-03 
-4.741680e-03 
-1.586678e-02 
-2.636986e-02 
-3.275328e-02 
-3.493548e-02 
-3.408911e-02 
-2.937802e-02 
-1.927264e-02 
-5.567651e-03 
6.638353e-03 
1.375597e-02 
1.626447e-02 
1.578521e-02 
1.288921e-02 
9.442572e-03 
9.513952e-03 
1.422504e-02 
1.762070e-02 
1.268527e-02 
9.177446e-04 
-8.453447e-03 
-9.901444e-03 
-7.739646e-03 
-9.462966e-03 
-1.718222e-02 
-2.869481e-02 
-4.287907e-02 
-5.883763e-02 
-7.175743e-02 
-7.529585e-02 
-6.892262e-02 
-5.894979e-02 
-5.153646e-02 
-4.782469e-02 
-4.676419e-02 
-4.867105e-02 
-5.376964e-02 
-5.986754e-02 
-6.432370e-02 
-6.665885e-02 
-6.700555e-02 
-6.351812e-02 
-5.429989e-02 
-4.135969e-02 
-2.971453e-02 
-2.176074e-02 
-1.456155e-02 
-3.915710e-03 
1.012578e-02 
2.293342e-02 
3.007143e-02 
3.070366e-02 
2.610474e-02 
1.630526e-02 
1.733518e-04 
-2.049630e-02 
-3.927947e-02 
-4.997629e-02 
-5.249499e-02 
-5.089404e-02 
-4.555072e-02 
-3.149903e-02 
-6.709733e-03 
2.156700e-02 
4.319518e-02 
5.572749e-02 
6.435429e-02 
7.262419e-02 
7.862012e-02 
8.115921e-02 
8.386146e-02 
9.011232e-02 
9.764802e-02 
1.020736e-01 
1.029607e-01 
1.028486e-01 
1.021552e-01 
9.912661e-02 
9.363034e-02 
8.627819e-02 
7.435771e-02 
5.315781e-02 
2.320874e-02 
-7.912998e-03 
-3.320196e-02 
-5.256637e-02 
-6.881045e-02 
-8.027206e-02 
-8.228090e-02 
-7.533663e-02 
-6.765817e-02 
-6.743383e-02 
-7.494914e-02 
-8.419797e-02 
-9.068336e-02 
-9.531287e-02 
-1.008907e-01 
-1.070906e-01 
-1.105270e-01 
-1.089771e-01 
-1.035624e-01 
-9.633259e-02 
-8.756303e-02 
-7.756981e-02 
-7.043180e-02 
-7.262419e-02 
-8.581932e-02 
-1.026038e-01 
-1.120260e-01 
-1.098846e-01 
-1.022775e-01 
-9.871873e-02 
-1.025631e-01 
-1.083347e-01 
-1.070702e-01 
-9.419119e-02 
-7.315444e-02 
-5.217888e-02 
-3.696471e-02 
-2.693071e-02 
-1.873219e-02 
-1.146161e-02 
-5.985734e-03 
-3.772950e-04 
9.524149e-03 
2.380018e-02 
3.679136e-02 
4.391918e-02 
4.681517e-02 
4.807962e-02 
4.463298e-02 
3.197830e-02 
1.407208e-02 
2.121010e-03 
2.131207e-03 
8.535025e-03 
1.294020e-02 
1.506121e-02 
2.134266e-02 
3.652623e-02 
6.104021e-02 
9.410961e-02 
1.335930e-01 
1.725870e-01 
2.017814e-01 
2.169038e-01 
2.207686e-01 
2.173117e-01 
2.076958e-01 
1.940622e-01 
1.821723e-01 
1.759826e-01 
1.719445e-01 
1.632362e-01 
1.476039e-01 
1.263632e-01 
9.690363e-02 
5.410614e-02 
2.029235e-03 
-4.091101e-02 
-5.387161e-02 
-2.951059e-02 
2.321894e-02 
8.829723e-02 
1.504591e-01 
1.977026e-01 
2.242560e-01 
2.347897e-01 
2.426925e-01 
2.600072e-01 
2.869685e-01 
3.104220e-01 
3.130223e-01 
2.861732e-01 
2.362275e-01 
1.790418e-01 
1.294020e-01 
9.579214e-02 
8.183223e-02 
8.661470e-02 
1.031035e-01 
1.213258e-01 
1.360301e-01 
1.476141e-01 
1.545686e-01 
1.509384e-01 
1.342966e-01 
1.101599e-01 
8.396343e-02 
5.526862e-02 
2.594158e-02 
6.169283e-03 
2.365742e-03 
5.017004e-03 
7.443928e-04 
-8.259701e-03 
-1.194088e-02 
-1.707005e-02 
-4.464318e-02 
-9.814769e-02 
-1.527535e-01 
-1.851907e-01 
-1.987733e-01 
-2.081241e-01 
-2.153131e-01 
-2.168427e-01 
-2.198916e-01 
-2.306088e-01 
-2.357380e-01 
-2.193410e-01 
-1.933076e-01 
-1.859758e-01 
-1.993749e-01 
-2.034946e-01 
-1.808569e-01 
-1.522436e-01 
-1.443408e-01 
-1.533041e-01 
-1.595550e-01 
-1.626447e-01 
-1.770737e-01 
-2.014551e-01 
-2.157108e-01 
-2.089195e-01 
-1.898610e-01 
-1.670907e-01 
-1.362137e-01 
-9.328364e-02 
-4.697833e-02 
-9.860656e-03 
1.245073e-02 
1.787563e-02 
4.170639e-03 
-2.343308e-02 
-4.960919e-02 
-6.302866e-02 
-6.814763e-02 
-7.610142e-02 
-8.915379e-02 
-1.015229e-01 
-1.097725e-01 
-1.124645e-01 
-1.026140e-01 
-7.166566e-02 
-2.245415e-02 
2.991847e-02 
7.255281e-02 
1.039805e-01 
1.277602e-01 
1.440043e-01 
1.511525e-01 
1.506019e-01 
1.438208e-01 
1.277093e-01 
9.852498e-02 
6.003069e-02 
2.337190e-02 
-1.733518e-03 
-1.305237e-02 
-1.314414e-02 
-4.486751e-03 
1.017677e-02 
2.562547e-02 
3.599598e-02 
3.954459e-02 
3.950381e-02 
3.948341e-02 
3.932026e-02 
3.619993e-02 
2.849087e-02 
1.698847e-02 
2.692051e-03 
-1.468391e-02 
-3.485390e-02 
-5.472817e-02 
-6.939169e-02 
-7.559156e-02 
-7.388864e-02 
-6.779073e-02 
-6.145830e-02 
-5.757318e-02 
-5.579887e-02 
-5.287229e-02 
-4.514284e-02 
-3.193751e-02 
-1.622368e-02 
-1.570363e-03 
1.094155e-02 
2.277026e-02 
3.538415e-02 
4.832435e-02 
5.914354e-02 
6.447666e-02 
6.158066e-02 
4.997629e-02 
3.222303e-02 
1.356223e-02 
2.855205e-04 
-1.957855e-03 
1.076820e-02 
3.961597e-02 
8.170986e-02 
1.293816e-01 
1.724442e-01 
2.029337e-01 
2.180357e-01 
2.181275e-01 
2.039840e-01 
1.790418e-01 
1.531920e-01 
1.381308e-01 
1.349696e-01 
1.304931e-01 
1.107820e-01 
7.693759e-02 
4.222645e-02 
1.566284e-02 
-4.731483e-03 
-2.094497e-02 
-2.508502e-02 
-6.424212e-03 
3.462956e-02 
8.539104e-02 
1.329608e-01 
1.727093e-01 
2.040350e-01 
2.230527e-01 
2.232567e-01 
2.022607e-01 
1.645924e-01 
1.176854e-01 
6.727068e-02 
1.699867e-02 
-3.053030e-02 
-7.451066e-02 
-1.151362e-01 
-1.491539e-01 
-1.693851e-01 
-1.742083e-01 
-1.751669e-01 
-1.862104e-01 
-2.036679e-01 
-2.067169e-01 
-1.835693e-01 
-1.486440e-01 
-1.254251e-01 
-1.205814e-01 
-1.266080e-01 
-1.423116e-01 
-1.723218e-01 
-2.071553e-01 
-2.247251e-01 
-2.175463e-01 
-2.003334e-01 
-1.816726e-01 
-1.481444e-01 
-9.266161e-02 
-4.080904e-02 
-2.324953e-02 
-3.066287e-02 
-2.448339e-02 
8.198518e-03 
3.806601e-02 
3.810679e-02 
1.759010e-02 
-1.957855e-03 
-1.938481e-02 
-4.109456e-02 
-5.546236e-02 
-4.907894e-02 
-3.840251e-02 
-5.340254e-02 
-8.871531e-02 
-1.009723e-01 
-6.462961e-02 
-6.709733e-03 
2.880698e-02 
3.314078e-02 
3.234540e-02 
4.778390e-02 
7.639714e-02 
1.038989e-01 
1.196535e-01 
1.194903e-01 
1.084570e-01 
1.007989e-01 
1.051939e-01 
1.104863e-01 
9.871873e-02 
7.133935e-02 
4.816120e-02 
3.974854e-02 
3.708708e-02 
3.185593e-02 
2.843989e-02 
2.743037e-02 
1.652960e-02 
-6.148889e-03 
-1.573422e-02 
9.024488e-03 
4.576486e-02 
4.385799e-02 
-1.679473e-02 
-1.015943e-01 
-1.615638e-01 
-1.811832e-01 
-1.773694e-01 
-1.667542e-01 
-1.498371e-01 
-1.210607e-01 
-7.990496e-02 
-3.180495e-02 
1.316454e-02 
4.299124e-02 
5.183218e-02 
4.581585e-02 
3.556770e-02 
2.349426e-02 
2.243376e-03 
-3.451739e-02 
-8.288253e-02 
-1.301056e-01 
-1.647148e-01 
-1.856189e-01 
-1.983552e-01 
-1.978555e-01 
-1.623286e-01 
-8.153651e-02 
7.290971e-03 
3.691373e-02 
-1.579540e-02 
-8.677785e-02 
-8.344338e-02 
1.477569e-02 
1.383959e-01 
2.121724e-01 
2.291404e-01 
2.284368e-01 
2.283349e-01 
2.122947e-01 
1.711696e-01 
1.253231e-01 
9.633259e-02 
7.850795e-02 
5.317820e-02 
2.001703e-02 
6.118297e-05 
1.147181e-02 
5.294367e-02 
1.101905e-01 
1.696604e-01 
2.241132e-01 
2.711629e-01 
3.107381e-01 
3.419720e-01 
3.602148e-01 
3.584201e-01 
3.334982e-01 
2.906803e-01 
2.401024e-01 
1.895041e-01 
1.414652e-01 
9.681186e-02 
5.746101e-02 
2.426925e-02 
-5.730805e-03 
-3.628150e-02 
-6.571051e-02 
-8.610484e-02 
-9.089750e-02 
-8.302529e-02 
-7.425573e-02 
-7.622379e-02 
-9.199880e-02 
-1.162578e-01 
-1.428724e-01 
-1.708738e-01 
-2.021485e-01 
-2.345041e-01 
-2.605477e-01 
-2.754559e-01 
-2.833995e-01 
-2.924546e-01 
-3.036613e-01 
-3.091066e-01 
-3.015709e-01 
-2.822676e-01 
-2.578454e-01 
-2.334538e-01 
-2.109895e-01 
-1.909623e-01 
-1.731274e-01 
-1.576787e-01 
-1.481546e-01 
-1.497861e-01 
-1.609010e-01 
-1.689160e-01 
-1.610744e-01 
-1.391301e-01 
-1.182361e-01 
-1.108024e-01 
-1.162680e-01 
-1.278316e-01 
-1.428826e-01 
-1.626549e-01 
-1.856495e-01 
-2.068290e-01 
-2.220942e-01 
-2.300582e-01 
-2.299970e-01 
-2.210439e-01 
-2.034334e-01 
-1.788990e-01 
-1.506325e-01 
-1.239567e-01 
-1.039907e-01 
-8.930675e-02 
-6.951405e-02 
-3.355886e-02 
1.915027e-02 
7.853854e-02 
1.342558e-01 
1.831614e-01 
2.268359e-01 
2.653302e-01 
2.945756e-01 
3.086477e-01 
3.049461e-01 
2.886613e-01 
2.700718e-01 
2.538787e-01 
2.340759e-01 
2.047896e-01 
1.736271e-01 
1.549051e-01 
1.485930e-01 
1.369173e-01 
1.078962e-01 
7.333799e-02 
5.418772e-02 
5.427949e-02 
5.920472e-02 
5.806264e-02 
5.312721e-02 
4.724345e-02 
3.490489e-02 
1.293000e-02 
-9.228432e-03 
-1.888514e-02 
-1.585659e-02 
-1.083958e-02 
-1.077840e-02 
-1.259350e-02 
-1.014618e-02 
-1.070702e-03 
1.357242e-02 
3.065267e-02 
4.567309e-02 
5.722647e-02 
7.151270e-02 
9.706679e-02 
1.327365e-01 
1.650717e-01 
1.804796e-01 
1.769412e-01 
1.617678e-01 
1.415978e-01 
1.182973e-01 
9.190702e-02 
6.259018e-02 
2.975532e-02 
-6.974859e-03 
-4.505106e-02 
-7.944609e-02 
-1.067643e-01 
-1.268221e-01 
-1.394156e-01 
-1.414550e-01 
-1.294632e-01 
-1.047147e-01 
-7.430672e-02 
-4.606058e-02 
-2.225021e-02 
1.131885e-03 
2.859284e-02 
5.959222e-02 
8.979621e-02 
1.179506e-01 
1.481852e-01 
1.820499e-01 
2.092458e-01 
2.116115e-01 
1.797352e-01 
1.243544e-01 
6.853513e-02 
2.909250e-02 
6.689338e-03 
-7.586689e-03 
-1.979269e-02 
-2.852146e-02 
-3.073425e-02 
-2.929645e-02 
-3.218224e-02 
-4.288926e-02 
-5.319859e-02 
-4.904835e-02 
-2.478930e-02 
1.076820e-02 
4.403135e-02 
6.939169e-02 
9.002055e-02 
1.092728e-01 
1.259961e-01 
1.373762e-01 
1.412307e-01 
1.352144e-01 
1.186440e-01 
9.644476e-02 
7.635635e-02 
6.048957e-02 
4.482672e-02 
2.914349e-02 
1.982328e-02 
1.819174e-02 
1.486746e-02 
4.802863e-03 
-1.080899e-03 
5.618636e-03 
7.535703e-03 
-1.925224e-02 
-5.910275e-02 
-5.785870e-02 
1.067643e-02 
1.007480e-01 
1.465944e-01 
1.473694e-01 
1.614925e-01 
2.109793e-01 
2.321180e-01 
1.506325e-01 
-1.871179e-02 
-1.853436e-01 
-2.892833e-01 
-3.568599e-01 
-4.424141e-01 
-5.489336e-01 
-6.307149e-01 
-6.546068e-01 
-6.273804e-01 
-5.661974e-01 
-4.716086e-01 
-3.410951e-01 
-1.919004e-01 
-5.374924e-02 
5.597222e-02 
1.382021e-01 
1.958671e-01 
2.234198e-01 
2.178114e-01 
1.936645e-01 
1.792967e-01 
1.935625e-01 
2.271418e-01 
2.493410e-01 
2.370330e-01 
1.973661e-01 
1.595142e-01 
1.425053e-01 
1.344394e-01 
1.075393e-01 
5.221967e-02 
-9.085671e-03 
-4.464318e-02 
-4.673359e-02 
-3.851468e-02 
-4.903815e-02 
-8.586011e-02 
-1.337052e-01 
-1.750853e-01 
-2.059113e-01 
-2.305884e-01 
-2.486476e-01 
-2.523798e-01 
-2.367475e-01 
-2.060541e-01 
-1.687120e-01 
-1.288004e-01 
-8.615582e-02 
-4.300143e-02 
-6.301846e-03 
1.787563e-02 
3.013261e-02 
3.679136e-02 
4.434746e-02 
5.534000e-02 
6.846375e-02 
8.124079e-02 
9.204978e-02 
9.983022e-02 
1.028588e-01 
9.920819e-02 
8.872551e-02 
7.333799e-02 
5.520744e-02 
3.560849e-02 
1.611152e-02 
-1.080899e-03 
-1.503062e-02 
-2.697149e-02 
-3.808640e-02 
-4.744740e-02 
-5.333116e-02 
-5.536039e-02 
-5.382062e-02 
-4.785528e-02 
-3.637328e-02 
-2.060846e-02 
-3.915710e-03 
1.126786e-02 
2.478930e-02 
3.697491e-02 
4.701911e-02 
5.380023e-02 
5.737943e-02 
5.913334e-02 
6.101982e-02 
6.504770e-02 
7.209394e-02 
8.040462e-02 
8.616602e-02 
8.665548e-02 
8.262760e-02 
7.676424e-02 
7.027884e-02 
6.197835e-02 
5.067990e-02 
3.699530e-02 
2.225021e-02 
6.801507e-03 
-9.401783e-03 
-2.527876e-02 
-3.887158e-02 
-4.896677e-02 
-5.507487e-02 
-5.616597e-02 
-5.137330e-02 
-4.243039e-02 
-3.375261e-02 
-2.893955e-02 
-2.831752e-02 
-3.071385e-02 
-3.559829e-02 
-4.176758e-02 
-4.585664e-02 
-4.495929e-02 
-3.996268e-02 
-3.374241e-02 
-2.702248e-02 
-1.884436e-02 
-1.046229e-02 
-5.190356e-03 
-3.813739e-03 
-3.599598e-03 
-2.284164e-03 
2.039432e-04 
4.700892e-03 
1.293000e-02 
2.312716e-02 
3.024478e-02 
3.340590e-02 
3.805581e-02 
4.649906e-02 
5.167922e-02 
4.727404e-02 
4.003406e-02 
4.244059e-02 
5.375944e-02 
5.892940e-02 
4.964998e-02 
3.695452e-02 
3.615914e-02 
4.644807e-02 
5.449363e-02 
5.422851e-02 
5.277031e-02 
5.634952e-02 
6.034681e-02 
5.685938e-02 
4.513264e-02 
2.864383e-02 
6.923873e-03 
-2.236238e-02 
-5.548276e-02 
-8.429994e-02 
-1.064584e-01 
-1.264142e-01 
-1.436678e-01 
-1.479404e-01 
-1.334707e-01 
-1.128316e-01 
-1.058363e-01 
-1.144631e-01 
-1.194801e-01 
-1.061932e-01 
-8.351476e-02 
-6.912656e-02 
-6.343655e-02 
-5.114897e-02 
-2.631888e-02 
-1.672335e-03 
1.083958e-02 
1.661118e-02 
2.811358e-02 
4.661123e-02 
6.387502e-02 
7.669286e-02 
8.930675e-02 
1.032973e-01 
1.141980e-01 
1.190009e-01 
1.191538e-01 
1.156256e-01 
1.079981e-01 
9.995258e-02 
9.776019e-02 
1.005440e-01 
9.910622e-02 
8.913339e-02 
7.902801e-02 
7.854874e-02 
8.451408e-02 
8.532985e-02 
7.715173e-02 
6.782133e-02 
6.467040e-02 
6.575130e-02 
6.496612e-02 
6.052016e-02 
5.484034e-02 
4.990491e-02 
4.661123e-02 
4.648886e-02 
5.008846e-02 
5.414693e-02 
5.347392e-02 
4.657044e-02 
3.774989e-02 
3.292664e-02 
3.414010e-02 
3.861665e-02 
4.211428e-02 
4.251197e-02 
4.082944e-02 
3.957519e-02 
4.025840e-02 
4.208369e-02 
4.266493e-02 
4.014623e-02 
3.476213e-02 
2.825634e-02 
2.166897e-02 
1.410268e-02 
4.201231e-03 
-7.199196e-03 
-1.682532e-02 
-2.201567e-02 
-2.337190e-02 
-2.343308e-02 
-2.311697e-02 
-2.106734e-02 
-1.657039e-02 
-1.127806e-02 
-7.188999e-03 
-4.078865e-03 
-5.608439e-04 
3.181515e-03 
5.475876e-03 
6.026523e-03 
7.107422e-03 
1.091096e-02 
1.691709e-02 
2.262750e-02 
2.624750e-02 
2.770569e-02 
2.764451e-02 
2.641065e-02 
2.418767e-02 
2.129167e-02 
1.824272e-02 
1.578521e-02 
1.440859e-02 
1.332769e-02 
1.026854e-02 
3.242698e-03 
-7.454126e-03 
-1.980289e-02 
-3.240658e-02 
-4.487771e-02 
-5.595183e-02 
-6.300826e-02 
-6.471119e-02 
-6.295728e-02 
-6.046917e-02 
-5.755278e-02 
-5.287229e-02 
-4.687635e-02 
-4.194093e-02 
-3.866764e-02 
-3.441542e-02 
-2.704287e-02 
-1.820193e-02 
-1.113530e-02 
-6.515987e-03 
-2.732839e-03 
6.118297e-04 
2.019038e-03 
9.993219e-04 
-1.162476e-03 
-3.976893e-03 
-8.902123e-03 
-1.679473e-02 
-2.610474e-02 
-3.482331e-02 
-4.264453e-02 
-4.989471e-02 
-5.575808e-02 
-5.882743e-02 
-5.887841e-02 
-5.676760e-02 
-5.343313e-02 
-4.955821e-02 
-4.569348e-02 
-4.182876e-02 
-3.756635e-02 
-3.322235e-02 
-2.962276e-02 
-2.673696e-02 
-2.411629e-02 
-2.274987e-02 
-2.418767e-02 
-2.712445e-02 
-2.775668e-02 
-2.514620e-02 
-2.291302e-02 
-2.336170e-02 
-2.334130e-02 
-1.974171e-02 
-1.593816e-02 
-1.699867e-02 
-2.070024e-02 
-1.993545e-02 
-1.427603e-02 
-1.106392e-02 
-1.253231e-02 
-9.391586e-03 
6.577170e-03 
2.858265e-02 
4.110476e-02 
3.873902e-02 
3.187633e-02 
3.279407e-02 
4.192053e-02 
5.011905e-02 
5.064930e-02 
4.581585e-02 
4.361326e-02 
4.980294e-02 
6.229446e-02 
7.222650e-02 
7.188999e-02 
6.246782e-02 
5.239302e-02 
4.704971e-02 
4.239980e-02 
3.034675e-02 
9.197840e-03 
-1.392932e-02 
-3.073425e-02 
-3.973834e-02 
-4.607078e-02 
-5.449363e-02 
-6.400759e-02 
-6.940189e-02 
-6.750521e-02 
-6.073430e-02 
-5.375944e-02 
-4.751878e-02 
-3.830054e-02 
-2.342288e-02 
-5.639031e-03 
9.819867e-03 
2.131207e-02 
3.156022e-02 
4.223665e-02 
5.038418e-02 
5.138350e-02 
4.451061e-02 
3.375261e-02 
2.356564e-02 
1.526515e-02 
7.607083e-03 
-6.730127e-04 
-1.010539e-02 
-2.149562e-02 
-3.597559e-02 
-5.321899e-02 
-7.053377e-02 
-8.442231e-02 
-9.271260e-02 
-9.462966e-02 
-8.970444e-02 
-7.785533e-02 
-6.050996e-02 
-4.040116e-02 
-1.962954e-02 
1.213462e-03 
2.182193e-02 
4.075806e-02 
5.596203e-02 
6.591446e-02 
7.003411e-02 
6.859631e-02 
6.325300e-02 
5.727746e-02 
5.386141e-02 
5.358609e-02 
5.366766e-02 
5.021083e-02 
4.112515e-02 
2.712445e-02 
1.036032e-02 
-7.484717e-03 
-2.594158e-02 
-4.512244e-02 
-6.451744e-02 
-8.231149e-02 
-9.578194e-02 
-1.028180e-01 
-1.032463e-01 
-9.884109e-02 
-9.159091e-02 
-8.197499e-02 
-6.900420e-02 
-5.208710e-02 
-3.249836e-02 
-1.273626e-02 
5.537059e-03 
2.252553e-02 
3.913671e-02 
5.500349e-02 
6.812724e-02 
7.651950e-02 
7.966023e-02 
7.823263e-02 
7.277715e-02 
6.352832e-02 
5.143449e-02 
3.821896e-02 
2.492186e-02 
1.096195e-02 
-4.639709e-03 
-2.119990e-02 
-3.673018e-02 
-5.030260e-02 
-6.322241e-02 
-7.714153e-02 
-9.130539e-02 
-1.022469e-01 
-1.061423e-01 
-1.013088e-01 
-8.864393e-02 
-7.045219e-02 
-4.907894e-02 
-2.657380e-02 
-4.833455e-03 
1.486746e-02 
3.278388e-02 
5.070029e-02 
7.017687e-02 
9.085671e-02 
1.108228e-01 
1.284027e-01 
1.430050e-01 
1.540893e-01 
1.603912e-01 
1.608194e-01 
1.552620e-01 
1.440655e-01 
1.273014e-01 
1.055610e-01 
8.095527e-02 
5.623735e-02 
3.302861e-02 
1.151260e-02 
-8.188321e-03 
-2.549291e-02 
-4.026859e-02 
-5.329037e-02 
-6.506809e-02 
-7.468402e-02 
-8.045561e-02 
-8.165887e-02 
-7.909939e-02 
-7.433731e-02 
-6.862690e-02 
-6.263097e-02 
-5.638011e-02 
-4.881382e-02 
-3.799463e-02 
-2.282125e-02 
-4.935426e-03 
1.208364e-02 
2.600276e-02 
3.773970e-02 
4.877303e-02 
5.761397e-02 
6.076489e-02 
5.752219e-02 
5.177099e-02 
4.763094e-02 
4.502047e-02 
4.090082e-02 
3.376280e-02 
2.462615e-02 
1.424544e-02 
1.774306e-03 
-1.311355e-02 
-2.851127e-02 
-4.157383e-02 
-5.062891e-02 
-5.535020e-02 
-5.594163e-02 
-5.291307e-02 
-4.733523e-02 
-4.056431e-02 
-3.383418e-02 
-2.821555e-02 
-2.413668e-02 
-2.098576e-02 
-1.793681e-02 
-1.557107e-02 
-1.576481e-02 
-1.929303e-02 
-2.468733e-02 
-3.024478e-02 
-3.607756e-02 
-4.299124e-02 
-5.007826e-02 
-5.520744e-02 
-5.797087e-02 
-6.069351e-02 
-6.585327e-02 
-7.327681e-02 
-8.032305e-02 
-8.429994e-02 
-8.429994e-02 
-8.108783e-02 
-7.572413e-02 
-6.859631e-02 
-5.980636e-02 
-5.028221e-02 
-4.175738e-02 
-3.519041e-02 
-2.971453e-02 
-2.396333e-02 
-1.799799e-02 
-1.291980e-02 
-8.932714e-03 
-5.078187e-03 
-1.121688e-03 
1.764109e-03 
2.549291e-03 
1.641743e-03 
-1.325631e-04 
-2.936783e-03 
-7.219591e-03 
-1.230797e-02 
-1.670295e-02 
-1.960914e-02 
-2.115911e-02 
-2.135286e-02 
-1.961934e-02 
-1.579540e-02 
-1.075801e-02 
-5.842974e-03 
-1.764109e-03 
1.570363e-03 
4.711089e-03 
8.106744e-03 
1.202245e-02 
1.677433e-02 
2.285184e-02 
3.041813e-02 
3.857586e-02 
4.556092e-02 
4.986412e-02 
5.115916e-02 
5.004767e-02 
4.730464e-02 
4.370504e-02 
4.036037e-02 
3.835153e-02 
3.780088e-02 
3.761733e-02 
3.637328e-02 
3.357925e-02 
2.983690e-02 
2.597217e-02 
2.239297e-02 
1.921145e-02 
1.673354e-02 
1.545890e-02 
1.554048e-02 
1.649901e-02 
1.778385e-02 
1.938481e-02 
2.164858e-02 
2.432023e-02 
2.618631e-02 
2.612513e-02 
2.415708e-02 
2.121010e-02 
1.786543e-02 
1.377637e-02 
8.514630e-03 
2.508502e-03 
-3.456838e-03 
-9.411981e-03 
-1.613191e-02 
-2.394294e-02 
-3.188653e-02 
-3.870843e-02 
-4.426588e-02 
-4.932367e-02 
-5.400417e-02 
-5.737943e-02 
-5.855210e-02 
-5.770574e-02 
-5.532980e-02 
-5.110818e-02 
-4.426588e-02 
-3.508843e-02 
-2.511561e-02 
-1.573422e-02 
-7.158408e-03 
9.585332e-04 
8.218913e-03 
1.358262e-02 
1.627467e-02 
1.640723e-02 
1.470431e-02 
1.227738e-02 
1.033992e-02 
9.687304e-03 
1.013598e-02 
1.071722e-02 
1.023795e-02 
7.811026e-03 
2.987769e-03 
-3.997288e-03 
-1.234876e-02 
-2.118970e-02 
-2.985729e-02 
-3.769891e-02 
-4.366425e-02 
-4.666221e-02 
-4.622374e-02 
-4.245079e-02 
-3.564928e-02 
-2.648203e-02 
-1.658059e-02 
-7.882406e-03 
-1.386814e-03 
3.212106e-03 
6.271255e-03 
7.372548e-03 
6.128494e-03 
3.242698e-03 
-1.223659e-04 
-3.803541e-03 
-8.698179e-03 
-1.518357e-02 
-2.217883e-02 
-2.813397e-02 
-3.260033e-02 
-3.625091e-02 
-3.976893e-02 
-4.317478e-02 
-4.629512e-02 
-4.926249e-02 
-5.178119e-02 
-5.216868e-02 
-4.797765e-02 
-3.800482e-02 
-2.337190e-02 
-6.261058e-03 
1.206324e-02 
3.120332e-02 
4.993550e-02 
6.577170e-02 
7.694779e-02 
8.436112e-02 
9.082612e-02 
9.845360e-02 
1.073455e-01 
1.160743e-01 
1.226515e-01 
1.250682e-01 
1.221314e-01 
1.145855e-01 
1.048880e-01 
9.492538e-02 
8.416738e-02 
7.077850e-02 
5.439166e-02 
3.719925e-02 
2.178114e-02 
8.749165e-03 
-3.008163e-03 
-1.430662e-02 
-2.458536e-02 
-3.291644e-02 
-3.892257e-02 
-4.236921e-02 
-4.266493e-02 
-3.956499e-02 
-3.399734e-02 
-2.744056e-02 
-2.067984e-02 
-1.369479e-02 
-6.934070e-03 
-1.397011e-03 
2.661459e-03 
6.465001e-03 
1.133924e-02 
1.730458e-02 
2.359623e-02 
2.995926e-02 
3.650584e-02 
4.251197e-02 
4.641748e-02 
4.703951e-02 
4.424549e-02 
3.839232e-02 
2.988788e-02 
1.946638e-02 
8.106744e-03 
-3.538415e-03 
-1.490825e-02 
-2.467713e-02 
-3.139706e-02 
-3.535356e-02 
-3.881040e-02 
-4.352149e-02 
-4.875263e-02 
-5.280091e-02 
-5.558473e-02 
-5.822580e-02 
-6.062213e-02 
-6.095864e-02 
-5.819520e-02 
-5.339234e-02 
-4.785528e-02 
-4.120673e-02 
-3.240658e-02 
-2.204626e-02 
-1.204285e-02 
-3.660781e-03 
3.314078e-03 
9.259023e-03 
1.394972e-02 
1.719242e-02 
1.937461e-02 
2.073083e-02 
2.077162e-02 
1.894633e-02 
1.550988e-02 
1.108432e-02 
5.853171e-03 
-3.059149e-04 
-7.117619e-03 
-1.399051e-02 
-2.072063e-02 
-2.763431e-02 
-3.483351e-02 
-4.159422e-02 
-4.687635e-02 
-5.011905e-02 
-5.140389e-02 
-5.075128e-02 
-4.766154e-02 
-4.139028e-02 
-3.181515e-02 
-1.988447e-02 
-7.352154e-03 
4.038076e-03 
1.328690e-02 
2.046570e-02 
2.668597e-02 
3.341610e-02 
4.144127e-02 
5.015984e-02 
5.791988e-02 
6.304905e-02 
6.469080e-02 
6.264117e-02 
5.706332e-02 
4.849770e-02 
3.791305e-02 
2.648203e-02 
1.514279e-02 
4.619314e-03 
-4.466357e-03 
-1.160437e-02 
-1.659078e-02 
-1.924204e-02 
-1.928283e-02 
-1.669275e-02 
-1.200206e-02 
-5.883763e-03 
1.407208e-03 
9.646515e-03 
1.791641e-02 
2.487088e-02 
2.997966e-02 
3.372202e-02 
3.648545e-02 
3.786206e-02 
3.745418e-02 
3.579204e-02 
3.373221e-02 
3.130529e-02 
2.777707e-02 
2.249494e-02 
1.509180e-02 
5.027201e-03 
-7.933392e-03 
-2.265809e-02 
-3.670978e-02 
-4.806942e-02 
-5.646169e-02 
-6.280432e-02 
-6.783152e-02 
-7.168605e-02 
-7.420475e-02 
-7.509190e-02 
-7.374588e-02 
-6.980977e-02 
-6.355891e-02 
-5.576828e-02 
-4.686616e-02 
-3.687294e-02 
-2.584981e-02 
-1.428622e-02 
-2.987769e-03 
7.168605e-03 
1.545890e-02 
2.161798e-02 
2.584981e-02 
2.817476e-02 
2.812377e-02 
2.519719e-02 
1.967033e-02 
1.237935e-02 
3.854527e-03 
-5.588045e-03 
-1.487766e-02 
-2.243376e-02 
-2.784845e-02 
-3.252895e-02 
-3.791305e-02 
-4.334814e-02 
-4.669281e-02 
-4.674379e-02 
-4.409253e-02 
-3.965676e-02 
-3.327334e-02 
-2.451398e-02 
-1.398031e-02 
-3.140726e-03 
6.883084e-03 
1.585659e-02 
2.414688e-02 
3.239638e-02 
4.136989e-02 
5.133251e-02 
6.130534e-02 
6.951405e-02 
7.451066e-02 
7.583629e-02 
7.369489e-02 
6.856572e-02 
6.148889e-02 
5.384102e-02 
4.617275e-02 
3.766832e-02 
2.745076e-02 
1.613191e-02 
5.445285e-03 
-3.864724e-03 
-1.257310e-02 
-2.110813e-02 
-2.809318e-02 
-3.142765e-02 
-3.045892e-02 
-2.604355e-02 
-1.888514e-02 
-9.095869e-03 
2.651262e-03 
1.478589e-02 
2.645144e-02 
3.839232e-02 
5.130192e-02 
6.387502e-02 
7.382745e-02 
8.053719e-02 
8.518709e-02 
8.832782e-02 
8.866432e-02 
8.517690e-02 
7.899742e-02 
7.200216e-02 
6.439508e-02 
5.512586e-02 
4.446982e-02 
3.448680e-02 
2.672676e-02 
2.067984e-02 
1.531614e-02 
1.101294e-02 
8.963306e-03 
9.340601e-03 
1.129846e-02 
1.441879e-02 
1.911968e-02 
2.548271e-02 
3.265131e-02 
3.973834e-02 
4.662143e-02 
5.336175e-02 
5.937808e-02 
6.387502e-02 
6.661806e-02 
6.801507e-02 
6.828020e-02 
6.715851e-02 
6.430330e-02 
5.965340e-02 
5.339234e-02 
4.581585e-02 
3.737260e-02 
2.864383e-02 
2.013940e-02 
1.213462e-02 
4.782469e-03 
-1.886475e-03 
-7.933392e-03 
-1.351124e-02 
-1.862002e-02 
-2.302519e-02 
-2.631888e-02 
-2.820535e-02 
-2.870501e-02 
-2.818496e-02 
-2.721623e-02 
-2.621690e-02 
-2.526857e-02 
-2.415708e-02 
-2.269888e-02 
-2.085320e-02 
-1.870160e-02 
-1.614211e-02 
-1.293000e-02 
-9.065277e-03 
-5.088384e-03 
-1.723320e-03 
8.157730e-04 
2.885797e-03 
4.680497e-03 
5.741002e-03 
5.679819e-03 
5.037398e-03 
4.823258e-03 
5.292327e-03 
5.730805e-03 
5.649228e-03 
5.384102e-03 
5.363707e-03 
5.414693e-03 
5.404496e-03 
5.761397e-03 
6.658747e-03 
7.107422e-03 
5.741002e-03 
2.253573e-03 
-2.620671e-03 
-8.596208e-03 
-1.600954e-02 
-2.460575e-02 
-3.318157e-02 
-4.077845e-02 
-4.734542e-02 
-5.249499e-02 
-5.472817e-02 
-5.305583e-02 
-4.856908e-02 
-4.351129e-02 
-3.892257e-02 
-3.435424e-02 
-2.945960e-02 
-2.479950e-02 
-2.070024e-02 
-1.665197e-02 
-1.235896e-02 
-8.616602e-03 
-6.261058e-03 
-5.098581e-03 
-4.242019e-03 
-3.354866e-03 
-2.794022e-03 
-2.926586e-03 
-3.946302e-03 
-6.169283e-03 
-9.697501e-03 
-1.391913e-02 
-1.792661e-02 
-2.152621e-02 
-2.500344e-02 
-2.783825e-02 
-2.867442e-02 
-2.708366e-02 
-2.459556e-02 
-2.320874e-02 
-2.318835e-02 
-2.323933e-02 
-2.258671e-02 
-2.191370e-02 
-2.174035e-02 
-2.105714e-02 
-1.816115e-02 
-1.253231e-02 
-5.017004e-03 
3.385458e-03 
1.220600e-02 
2.082261e-02 
2.824614e-02 
3.393616e-02 
3.818837e-02 
4.129851e-02 
4.263433e-02 
4.133930e-02 
3.763773e-02 
3.284506e-02 
2.799121e-02 
2.301499e-02 
1.744734e-02 
1.140043e-02 
5.353510e-03 
-5.200553e-04 
-6.485395e-03 
-1.253231e-02 
-1.795720e-02 
-2.180153e-02 
-2.367781e-02 
-2.407550e-02 
-2.388175e-02 
-2.360643e-02 
-2.309657e-02 
-2.192390e-02 
-1.995585e-02 
-1.739636e-02 
-1.444938e-02 
-1.124747e-02 
-8.096547e-03 
-5.526862e-03 
-3.783147e-03 
-2.600276e-03 
-1.590757e-03 
-7.953786e-04 
-6.730127e-04 
-1.600954e-03 
-3.548612e-03 
-6.046917e-03 
-8.484039e-03 
-1.032973e-02 
-1.132905e-02 
-1.146161e-02 
-1.064584e-02 
-8.942911e-03 
-6.913676e-03 
-5.598242e-03 
-5.588045e-03 
-6.342635e-03 
-6.821901e-03 
-6.577170e-03 
-5.883763e-03 
-4.802863e-03 
-3.018360e-03 
-7.239985e-04 
9.279418e-04 
9.483361e-04 
-3.976893e-04 
-2.039432e-03 
-3.569007e-03 
-5.333116e-03 
-7.413337e-03 
-9.136657e-03 
-9.819867e-03 
-9.544544e-03 
-8.535025e-03 
-6.668944e-03 
-3.925907e-03 
-1.182871e-03 
3.976893e-04 
6.322241e-04 
3.874922e-04 
1.835489e-04 
-4.792666e-04 
-2.192390e-03 
-4.527540e-03 
-6.403818e-03 
-7.341957e-03 
-7.494914e-03 
-6.934070e-03 
-5.486073e-03 
-3.569007e-03 
-2.406530e-03 
-2.895994e-03 
-4.588723e-03 
-6.342635e-03 
-7.678463e-03 
-8.851137e-03 
-9.768881e-03 
-9.687304e-03 
-8.310687e-03 
-6.424212e-03 
-5.149567e-03 
-4.609117e-03 
-4.160442e-03 
-3.569007e-03 
-3.365064e-03 
-3.987090e-03 
-5.261736e-03 
-6.934070e-03 
-9.248826e-03 
-1.258330e-02 
-1.645822e-02 
-1.967033e-02 
-2.126108e-02 
-2.128148e-02 
-2.047590e-02 
-1.964993e-02 
-1.935421e-02 
-1.990486e-02 
-2.136305e-02 
-2.338209e-02 
-2.533995e-02 
-2.657380e-02 
-2.680834e-02 
-2.613533e-02 
-2.470772e-02 
-2.246435e-02 
-1.926244e-02 
-1.528555e-02 
-1.125767e-02 
-8.147533e-03 
-6.546578e-03 
-6.444606e-03 
-7.596886e-03 
-9.881050e-03 
-1.325631e-02 
-1.739636e-02 
-2.154660e-02 
-2.485048e-02 
-2.696130e-02 
-2.825634e-02 
-2.930664e-02 
-3.013261e-02 
-3.009183e-02 
-2.865403e-02 
-2.624750e-02 
-2.385116e-02 
-2.204626e-02 
-2.060846e-02 
-1.911968e-02 
-1.742695e-02 
-1.528555e-02 
-1.215502e-02 
-7.862012e-03 
-3.201909e-03 
6.934070e-04 
3.528218e-03 
5.904157e-03 
8.167927e-03 
9.870853e-03 
1.067643e-02 
1.110471e-02 
1.200206e-02 
1.352144e-02 
1.515298e-02 
1.651940e-02 
1.763089e-02 
1.832430e-02 
1.797760e-02 
1.588718e-02 
1.188989e-02 
6.607761e-03 
1.407208e-03 
-2.284164e-03 
-3.905513e-03 
-4.109456e-03 
-3.915710e-03 
-3.803541e-03 
-3.711767e-03 
-3.813739e-03 
-4.415371e-03 
-5.190356e-03 
-5.129173e-03 
-3.660781e-03 
-1.131885e-03 
1.896672e-03 
5.363707e-03 
9.289615e-03 
1.311355e-02 
1.618290e-02 
1.843647e-02 
2.014959e-02 
2.140384e-02 
2.213804e-02 
2.261731e-02 
2.288243e-02 
2.227060e-02 
2.003742e-02 
1.663157e-02 
1.325631e-02 
1.021756e-02 
6.556775e-03 
1.560166e-03 
-4.109456e-03 
-9.422178e-03 
-1.400070e-02 
-1.780425e-02 
-2.034334e-02 
-2.117951e-02 
-2.059827e-02 
-1.919106e-02 
-1.675394e-02 
-1.272606e-02 
-7.382745e-03 
-1.947658e-03 
2.692051e-03 
6.617958e-03 
1.008499e-02 
1.290961e-02 
1.486746e-02 
1.620329e-02 
1.724340e-02 
1.782464e-02 
1.740656e-02 
1.557107e-02 
1.234876e-02 
8.280096e-03 
4.252217e-03 
9.177446e-04 
-1.988447e-03 
-5.394299e-03 
-9.993219e-03 
-1.575462e-02 
-2.242356e-02 
-2.964315e-02 
-3.649564e-02 
-4.152284e-02 
-4.403135e-02 
-4.488791e-02 
-4.527540e-02 
-4.502047e-02 
-4.291986e-02 
-3.848409e-02 
-3.246776e-02 
-2.575803e-02 
-1.852824e-02 
-1.094155e-02 
-3.813739e-03 
1.998644e-03 
6.332438e-03 
9.289615e-03 
1.061525e-02 
1.008499e-02 
8.106744e-03 
5.455482e-03 
2.365742e-03 
-1.315434e-03 
-5.282130e-03 
-8.789954e-03 
-1.149220e-02 
-1.362341e-02 
-1.525495e-02 
-1.582600e-02 
-1.475529e-02 
-1.221620e-02 
-8.861334e-03 
-5.312721e-03 
-1.957855e-03 
9.585332e-04 
3.721964e-03 
7.219591e-03 
1.223659e-02 
1.852824e-02 
2.497285e-02 
3.059149e-02 
3.520060e-02 
3.911631e-02 
4.246098e-02 
4.492870e-02 
4.605038e-02 
4.560171e-02 
4.388859e-02 
4.147186e-02 
3.877981e-02 
3.570026e-02 
3.194771e-02 
2.763431e-02 
2.311697e-02 
1.858943e-02 
1.382735e-02 
8.749165e-03 
3.772950e-03 
-5.608439e-04 
-4.089062e-03 
-6.995253e-03 
-9.422178e-03 
-1.135964e-02 
-1.274645e-02 
-1.341947e-02 
-1.313394e-02 
-1.186950e-02 
-9.921839e-03 
-7.505111e-03 
-4.252217e-03 
2.855205e-04 
5.781791e-03 
1.116589e-02 
1.557107e-02 
1.900751e-02 
2.186272e-02 
2.409589e-02 
2.528896e-02 
2.518699e-02 
2.389195e-02 
2.164858e-02 
1.859962e-02 
1.487766e-02 
1.057446e-02 
5.679819e-03 
1.427603e-04 
-5.822580e-03 
-1.167575e-02 
-1.691709e-02 
-2.129167e-02 
-2.488108e-02 
-2.785865e-02 
-3.023459e-02 
-3.170298e-02 
-3.176416e-02 
-3.025498e-02 
-2.772608e-02 
-2.504423e-02 
-2.239297e-02 
-1.909928e-02 
-1.451056e-02 
-8.871531e-03 
-2.997966e-03 
2.590079e-03 
7.780435e-03 
1.233857e-02 
1.573422e-02 
1.785523e-02 
1.914007e-02 
1.984368e-02 
1.953776e-02 
1.784503e-02 
1.527535e-02 
1.286882e-02 
1.112510e-02 
9.779078e-03 
8.565616e-03 
7.719252e-03 
7.423534e-03 
7.433731e-03 
7.464323e-03 
7.678463e-03 
8.259701e-03 
8.851137e-03 
8.871531e-03 
8.280096e-03 
7.688660e-03 
7.586689e-03 
7.892603e-03 
8.473842e-03 
9.615924e-03 
1.164516e-02 
1.429642e-02 
1.680492e-02 
1.876278e-02 
2.037393e-02 
2.181173e-02 
2.260711e-02 
2.219922e-02 
2.084300e-02 
1.959895e-02 
1.921145e-02 
1.934402e-02 
1.909928e-02 
1.812036e-02 
1.678453e-02 
1.550988e-02 
1.432701e-02 
1.300138e-02 
1.140043e-02 
9.462966e-03 
7.321562e-03 
5.455482e-03 
4.476554e-03 
4.456160e-03 
4.884441e-03 
5.353510e-03 
6.148889e-03 
7.698857e-03 
9.830064e-03 
1.201226e-02 
1.410268e-02 
1.634605e-02 
1.858943e-02 
2.015979e-02 
2.073083e-02 
2.073083e-02 
2.064925e-02 
2.026176e-02 
1.912988e-02 
1.735557e-02 
1.543850e-02 
1.356223e-02 
1.157378e-02 
9.381389e-03 
6.740324e-03 
2.926586e-03 
-2.743037e-03 
-9.860656e-03 
-1.699867e-02 
-2.303539e-02 
-2.785865e-02 
-3.167239e-02 
-3.411970e-02 
-3.476213e-02 
-3.384438e-02 
-3.213126e-02 
-3.010202e-02 
-2.785865e-02 
-2.553369e-02 
-2.316795e-02 
-2.029235e-02 
-1.624408e-02 
-1.091096e-02 
-4.874243e-03 
1.325631e-03 
7.443928e-03 
1.299118e-02 
1.703946e-02 
1.900751e-02 
1.918086e-02 
1.804898e-02 
1.552008e-02 
1.119648e-02 
5.333116e-03 
-1.182871e-03 
-7.617280e-03 
-1.375597e-02 
-1.940520e-02 
-2.395313e-02 
-2.670637e-02 
-2.743037e-02 
-2.660440e-02 
-2.520738e-02 
-2.396333e-02 
-2.281105e-02 
-2.110813e-02 
-1.859962e-02 
-1.574442e-02 
-1.296059e-02 
-9.758684e-03 
-5.414693e-03 
-1.937461e-04 
4.731483e-03 
8.698179e-03 
1.180831e-02 
1.400070e-02 
1.450036e-02 
1.310335e-02 
1.100274e-02 
9.687304e-03 
9.513952e-03 
1.005440e-02 
1.147181e-02 
1.421484e-02 
1.755951e-02 
1.962954e-02 
1.943579e-02 
1.814075e-02 
1.768188e-02 
1.867100e-02 
2.023117e-02 
2.146503e-02 
2.239297e-02 
2.348406e-02 
2.494226e-02 
2.660440e-02 
2.814417e-02 
2.908231e-02 
2.900073e-02 
2.773628e-02 
2.538074e-02 
2.195449e-02 
1.747794e-02 
1.236916e-02 
7.423534e-03 
3.232500e-03 
-2.243376e-04 
-3.314078e-03 
-6.138692e-03 
-8.463645e-03 
-1.009519e-02 
-1.098234e-02 
-1.105372e-02 
-1.026854e-02 
-8.922517e-03 
-7.709055e-03 
-7.168605e-03 
-7.178802e-03 
-7.138013e-03 
-6.414015e-03 
-4.711089e-03 
-2.049630e-03 
1.162476e-03 
4.119654e-03 
5.883763e-03 
6.046917e-03 
4.996609e-03 
3.446641e-03 
1.804898e-03 
9.177446e-05 
-1.519377e-03 
-2.590079e-03 
-2.814417e-03 
-2.457516e-03 
-2.110813e-03 
-2.070024e-03 
-2.202587e-03 
-2.304559e-03 
-2.528896e-03 
-3.201909e-03 
-4.415371e-03 
-6.006128e-03 
-7.882406e-03 
-1.008499e-02 
-1.256290e-02 
-1.492865e-02 
-1.665197e-02 
-1.753912e-02 
-1.780425e-02 
-1.785523e-02 
-1.795720e-02 
-1.817134e-02 
-1.840588e-02 
-1.841607e-02 
-1.790622e-02 
-1.679473e-02 
-1.534673e-02 
-1.393952e-02 
-1.263428e-02 
-1.129846e-02 
-9.901444e-03 
-8.698179e-03 
-7.872209e-03 
-7.301168e-03 
-6.689338e-03 
-5.975537e-03 
-5.282130e-03 
-4.772272e-03 
-4.445963e-03 
-4.119654e-03 
-3.416049e-03 
-2.059827e-03 
-1.631546e-04 
1.835489e-03 
3.701570e-03 
5.781791e-03 
8.575813e-03 
1.195107e-02 
1.521417e-02 
1.785523e-02 
2.001703e-02 
2.198508e-02 
2.362682e-02 
2.447319e-02 
2.439161e-02 
2.376958e-02 
2.298440e-02 
2.204626e-02 
2.074103e-02 
1.896672e-02 
1.684571e-02 
1.438820e-02 
1.150240e-02 
8.157730e-03 
4.700892e-03 
1.713123e-03 
-4.996609e-04 
-2.121010e-03 
-3.599598e-03 
-5.180158e-03 
-6.709733e-03 
-7.923195e-03 
-8.789954e-03 
-9.493558e-03 
-1.016657e-02 
-1.071722e-02 
-1.085998e-02 
-1.028894e-02 
-9.106066e-03 
-7.851815e-03 
-7.138013e-03 
-6.985056e-03 
-6.740324e-03 
-5.781791e-03 
-4.323597e-03 
-3.324275e-03 
-3.630190e-03 
-5.384102e-03 
-8.178124e-03 
-1.149220e-02 
-1.482667e-02 
-1.760030e-02 
-1.919106e-02 
-1.943579e-02 
-1.875258e-02 
-1.776346e-02 
-1.675394e-02 
-1.545890e-02 
-1.341947e-02 
-1.061525e-02 
-7.494914e-03 
-4.711089e-03 
-2.641065e-03 
-1.315434e-03 
-6.730127e-04 
-7.953786e-04 
-1.774306e-03 
-3.589401e-03 
-6.067311e-03 
-9.044883e-03 
-1.235896e-02 
-1.573422e-02 
-1.871179e-02 
-2.089399e-02 
-2.206666e-02 
-2.226040e-02 
-2.159759e-02 
-2.022097e-02 
-1.844667e-02 
-1.660098e-02 
-1.482667e-02 
-1.303197e-02 
-1.114550e-02 
-9.228432e-03 
-7.362351e-03 
-5.455482e-03 
-3.375261e-03 
-1.305237e-03 
3.365064e-04 
1.366420e-03 
1.937461e-03 
2.192390e-03 
2.039432e-03 
1.427603e-03 
6.424212e-04 
5.098581e-05 
-3.263092e-04 
-5.098581e-04 
-1.121688e-04 
1.529574e-03 
4.547934e-03 
8.310687e-03 
1.210403e-02 
1.576481e-02 
1.942559e-02 
2.299460e-02 
2.624750e-02 
2.916388e-02 
3.183554e-02 
3.407892e-02 
3.553711e-02 
3.611835e-02 
3.599598e-02 
3.520060e-02 
3.348748e-02 
3.075464e-02 
2.727741e-02 
2.320874e-02 
1.839568e-02 
1.280764e-02 
7.087028e-03 
2.192390e-03 
-1.498983e-03 
-4.354188e-03 
-6.842296e-03 
-8.912320e-03 
-1.019716e-02 
-1.069682e-02 
-1.082939e-02 
-1.093136e-02 
-1.092116e-02 
-1.047249e-02 
-9.483361e-03 
-8.137335e-03 
-6.668944e-03 
-5.118975e-03 
-3.416049e-03 
-1.611152e-03 
2.141404e-04 
2.110813e-03 
4.231822e-03 
6.444606e-03 
7.963984e-03 
7.841618e-03 
5.720608e-03 
2.151601e-03 
-1.906869e-03 
-5.965340e-03 
-1.012578e-02 
-1.453096e-02 
-1.881376e-02 
-2.247455e-02 
-2.549291e-02 
-2.833791e-02 
-3.129509e-02 
-3.399734e-02 
-3.591441e-02 
-3.704629e-02 
-3.770911e-02 
-3.790285e-02 
-3.715846e-02 
-3.532297e-02 
-3.288585e-02 
-3.033656e-02 
-2.746096e-02 
-2.381037e-02 
-1.958875e-02 
-1.565264e-02 
-1.248133e-02 
-9.860656e-03 
-7.596886e-03 
-6.087706e-03 
-5.791988e-03 
-6.414015e-03 
-7.158408e-03 
-7.443928e-03 
-7.301168e-03 
-6.934070e-03 
-6.352832e-03 
-5.486073e-03 
-4.405174e-03 
-3.201909e-03 
-1.855884e-03 
-2.753234e-04 
1.509180e-03 
3.293683e-03 
4.721286e-03 
5.547256e-03 
5.914354e-03 
6.169283e-03 
6.475198e-03 
6.730127e-03 
6.954465e-03 
7.668266e-03 
9.259023e-03 
1.132905e-02 
1.289941e-02 
1.349085e-02 
1.358262e-02 
1.387834e-02 
1.443918e-02 
1.481648e-02 
1.489805e-02 
1.506121e-02 
1.570363e-02 
1.671315e-02 
1.770227e-02 
1.850785e-02 
1.935421e-02 
2.044531e-02 
2.159759e-02 
2.221962e-02 
2.191370e-02 
2.103675e-02 
2.040452e-02 
2.048610e-02 
2.094497e-02 
2.129167e-02 
2.148542e-02 
2.167917e-02 
2.157720e-02 
2.069004e-02 
1.909928e-02 
1.741675e-02 
1.586678e-02 
1.393952e-02 
1.128826e-02 
8.412659e-03 
5.955143e-03 
3.854527e-03 
1.580560e-03 
-8.973503e-04 
-2.977571e-03 
-4.354188e-03 
-5.180158e-03 
-5.506468e-03 
-4.955821e-03 
-3.303881e-03 
-8.259701e-04 
2.090418e-03 
5.078187e-03 
7.454126e-03 
8.310687e-03 
7.535703e-03 
6.159086e-03 
5.251538e-03 
4.619314e-03 
3.375261e-03 
1.376617e-03 
-4.690695e-04 
-1.458194e-03 
-1.917066e-03 
-2.549291e-03 
-3.579204e-03 
-4.813061e-03 
-6.077509e-03 
-7.392943e-03 
-8.789954e-03 
-1.048268e-02 
-1.281783e-02 
-1.570363e-02 
-1.838548e-02 
-2.003742e-02 
-2.042492e-02 
-1.986407e-02 
-1.866081e-02 
-1.696808e-02 
-1.514279e-02 
-1.357242e-02 
-1.230797e-02 
-1.112510e-02 
-9.891247e-03 
-8.698179e-03 
-7.464323e-03 
-5.842974e-03 
-3.721964e-03 
-1.519377e-03 
3.263092e-04 
1.702926e-03 
2.722642e-03 
3.375261e-03 
3.640387e-03 
3.721964e-03 
3.844330e-03 
3.793344e-03 
3.110134e-03 
1.774306e-03 
5.200553e-04 
2.039432e-04 
9.585332e-04 
2.171996e-03 
3.263092e-03 
4.282808e-03 
5.588045e-03 
7.046239e-03 
7.851815e-03 
7.311365e-03 
5.679819e-03 
4.048273e-03 
3.293683e-03 
3.456838e-03 
4.038076e-03 
4.802863e-03 
5.944946e-03 
7.709055e-03 
1.004420e-02 
1.268527e-02 
1.546909e-02 
1.833450e-02 
2.110813e-02 
2.350446e-02 
2.532975e-02 
2.667578e-02 
2.762411e-02 
2.803200e-02 
2.765470e-02 
2.662479e-02 
2.546231e-02 
2.459556e-02 
2.386136e-02 
2.270908e-02 
2.090418e-02 
1.865061e-02 
1.605033e-02 
1.280764e-02 
8.698179e-03 
4.099259e-03 
-1.835489e-04 
-3.711767e-03 
-6.668944e-03 
-9.483361e-03 
-1.232837e-02 
-1.519377e-02 
-1.814075e-02 
-2.127128e-02 
-2.447319e-02 
-2.736918e-02 
-2.946980e-02 
-3.047932e-02 
-3.049971e-02 
-2.988788e-02 
-2.901093e-02 
-2.800141e-02 
-2.683893e-02 
-2.542153e-02 
-2.369820e-02 
-2.156700e-02 
-1.908909e-02 
-1.660098e-02 
-1.462273e-02 
-1.328690e-02 
-1.231817e-02 
-1.131885e-02 
-1.035012e-02 
-9.656713e-03 
-9.289615e-03 
-9.004094e-03 
-8.677785e-03 
-8.545222e-03 
-8.891925e-03 
-9.717896e-03 
-1.072741e-02 
-1.161457e-02 
-1.227738e-02 
-1.277704e-02 
-1.307276e-02 
-1.305237e-02 
-1.255271e-02 
-1.151260e-02 
-1.004420e-02 
-8.310687e-03 
-6.363029e-03 
-4.170639e-03 
-1.855884e-03 
2.039432e-04 
1.570363e-03 
2.070024e-03 
1.998644e-03 
1.835489e-03 
1.845686e-03 
1.957855e-03 
1.988447e-03 
1.917066e-03 
1.804898e-03 
1.509180e-03 
7.749843e-04 
-4.078865e-04 
-1.743715e-03 
-2.946980e-03 
-4.027879e-03 
-4.976215e-03 
-5.588045e-03 
-5.618636e-03 
-5.180158e-03 
-4.649906e-03 
-4.272611e-03 
-4.038076e-03 
-3.966696e-03 
-4.180836e-03 
-4.680497e-03 
-5.322919e-03 
-6.006128e-03 
-6.760718e-03 
-7.382745e-03 
-7.392943e-03 
-6.475198e-03 
-4.864046e-03 
-2.967374e-03 
-9.381389e-04 
1.131885e-03 
2.906191e-03 
3.854527e-03 
3.803541e-03 
3.079543e-03 
2.059827e-03 
1.009519e-03 
2.651262e-04 
3.670978e-04 
1.672335e-03 
3.905513e-03 
6.352832e-03 
8.320884e-03 
9.585332e-03 
1.026854e-02 
1.046229e-02 
9.983022e-03 
8.473842e-03 
5.893960e-03 
2.865403e-03 
1.223659e-04 
-2.131207e-03 
-4.150245e-03 
-5.924551e-03 
-6.832099e-03 
-6.301846e-03 
-4.517343e-03 
-2.314756e-03 
-3.467035e-04 
1.346025e-03 
3.059149e-03 
4.955821e-03 
6.934070e-03 
8.677785e-03 
9.870853e-03 
1.037051e-02 
1.045209e-02 
1.047249e-02 
1.058465e-02 
1.070702e-02 
1.076820e-02 
1.072741e-02 
1.029913e-02 
8.983700e-03 
6.607761e-03 
3.660781e-03 
8.157730e-04 
-1.743715e-03 
-4.252217e-03 
-6.750521e-03 
-8.891925e-03 
-1.037051e-02 
-1.128826e-02 
-1.199186e-02 
-1.262409e-02 
-1.307276e-02 
-1.316454e-02 
-1.265468e-02 
-1.125767e-02 
-8.851137e-03 
-5.690016e-03 
-2.294361e-03 
9.177446e-04 
3.844330e-03 
6.485395e-03 
8.820545e-03 
1.082939e-02 
1.252212e-02 
1.387834e-02 
1.474510e-02 
1.503062e-02 
1.484707e-02 
1.456155e-02 
1.465332e-02 
1.548949e-02 
1.711084e-02 
1.906869e-02 
2.061866e-02 
2.135286e-02 
2.138345e-02 
2.112852e-02 
2.070024e-02 
1.991506e-02 
1.860982e-02 
1.688650e-02 
1.493884e-02 
1.297079e-02 
1.128826e-02 
1.014618e-02 
9.524149e-03 
9.034686e-03 
8.361673e-03 
7.678463e-03 
7.362351e-03 
7.535703e-03 
8.065955e-03 
8.830742e-03 
9.768881e-03 
1.072741e-02 
1.135964e-02 
1.150240e-02 
1.132905e-02 
1.095175e-02 
1.022775e-02 
8.912320e-03 
7.056436e-03 
5.037398e-03 
3.181515e-03 
1.468391e-03 
-2.855205e-04 
-2.253573e-03 
-4.578526e-03 
-7.433731e-03 
-1.079879e-02 
-1.432701e-02 
-1.751872e-02 
-1.996604e-02 
-2.156700e-02 
-2.234198e-02 
-2.230119e-02 
-2.145483e-02 
-1.986407e-02 
-1.778385e-02 
-1.558126e-02 
-1.363361e-02 
-1.209383e-02 
-1.087017e-02 
-9.799473e-03 
-8.759362e-03 
-7.688660e-03 
-6.465001e-03 
-4.955821e-03 
-3.283486e-03 
-1.702926e-03 
-3.874922e-04 
7.239985e-04 
1.621349e-03 
2.059827e-03 
1.702926e-03 
5.812382e-04 
-8.973503e-04 
-2.375939e-03 
-3.793344e-03 
-5.088384e-03 
-5.995931e-03 
-6.261058e-03 
-6.046917e-03 
-5.781791e-03 
-5.710411e-03 
-5.741002e-03 
-5.720608e-03 
-5.700214e-03 
-5.700214e-03 
-5.496270e-03 
-4.741680e-03 
-3.324275e-03 
-1.488786e-03 
5.200553e-04 
2.630868e-03 
4.935426e-03 
7.494914e-03 
1.023795e-02 
1.307276e-02 
1.596876e-02 
1.901771e-02 
2.225021e-02 
2.551330e-02 
2.837870e-02 
3.037735e-02 
3.124410e-02 
3.098918e-02 
2.979611e-02 
2.794022e-02 
2.564586e-02 
2.291302e-02 
1.948678e-02 
1.523456e-02 
1.055406e-02 
6.128494e-03 
2.324953e-03 
-1.009519e-03 
-3.946302e-03 
-6.138692e-03 
-7.138013e-03 
-7.117619e-03 
-6.689338e-03 
-6.189677e-03 
-5.394299e-03 
-4.068668e-03 
-2.477910e-03 
-1.080899e-03 
7.138013e-05 
1.264448e-03 
2.702248e-03 
4.252217e-03 
5.720608e-03 
7.056436e-03 
8.218913e-03 
9.004094e-03 
9.116263e-03 
8.341279e-03 
6.740324e-03 
4.568329e-03 
2.253573e-03 
1.019716e-04 
-1.886475e-03 
-3.976893e-03 
-6.403818e-03 
-9.034686e-03 
-1.151260e-02 
-1.374577e-02 
-1.594836e-02 
-1.833450e-02 
-2.060846e-02 
-2.222981e-02 
-2.293342e-02 
-2.298440e-02 
-2.277026e-02 
-2.234198e-02 
-2.152621e-02 
-2.036373e-02 
-1.922165e-02 
-1.838548e-02 
-1.768188e-02 
-1.669275e-02 
-1.513259e-02 
-1.313394e-02 
-1.113530e-02 
-9.554741e-03 
-8.657391e-03 
-8.484039e-03 
-8.881728e-03 
-9.677107e-03 
-1.068663e-02 
-1.177772e-02 
-1.281783e-02 
-1.376617e-02 
-1.457174e-02 
-1.511219e-02 
-1.524476e-02 
-1.498983e-02 
-1.445958e-02 
-1.369479e-02 
-1.259350e-02 
-1.105372e-02 
-9.146854e-03 
-7.076831e-03 
-4.955821e-03 
-2.865403e-03 
-8.157730e-04 
1.213462e-03 
3.252895e-03 
5.169961e-03 
6.770916e-03 
8.055758e-03 
9.432375e-03 
1.138003e-02 
1.389873e-02 
1.656019e-02 
1.903810e-02 
2.144463e-02 
2.401432e-02 
2.663499e-02 
2.880698e-02 
3.015301e-02 
3.064247e-02 
3.048951e-02 
2.977571e-02 
2.837870e-02 
2.619651e-02 
2.335150e-02 
2.027196e-02 
1.743715e-02 
1.514279e-02 
1.354183e-02 
1.269547e-02 
1.260369e-02 
1.314414e-02 
1.399051e-02 
1.488786e-02 
1.578521e-02 
1.679473e-02 
1.792661e-02 
1.892593e-02 
1.938481e-02 
1.897692e-02 
1.770227e-02 
1.587698e-02 
1.391913e-02 
1.210403e-02 
1.046229e-02 
8.922517e-03 
7.423534e-03 
5.934748e-03 
4.517343e-03 
3.293683e-03 
2.396333e-03 
1.774306e-03 
1.101294e-03 
-1.529574e-04 
-2.437122e-03 
-5.863368e-03 
-1.014618e-02 
-1.470431e-02 
-1.897692e-02 
-2.273967e-02 
-2.605375e-02 
-2.884777e-02 
-3.077504e-02 
-3.142765e-02 
-3.079543e-02 
-2.931684e-02 
-2.750175e-02 
-2.564586e-02 
-2.381037e-02 
-2.192390e-02 
-1.981309e-02 
-1.744734e-02 
-1.504081e-02 
-1.300138e-02 
-1.166555e-02 
-1.111491e-02 
-1.123727e-02 
-1.181851e-02 
-1.258330e-02 
-1.336848e-02 
-1.414346e-02 
-1.495924e-02 
-1.571383e-02 
-1.618290e-02 
-1.629507e-02 
-1.618290e-02 
-1.594836e-02 
-1.546909e-02 
-1.478589e-02 
-1.427603e-02 
-1.433721e-02 
-1.496943e-02 
-1.578521e-02 
-1.645822e-02 
-1.698847e-02 
-1.746774e-02 
-1.792661e-02 
-1.839568e-02 
-1.879337e-02 
-1.892593e-02 
-1.863022e-02 
-1.799799e-02 
-1.719242e-02 
-1.588718e-02 
-1.341947e-02 
-9.575135e-03 
-5.047595e-03 
-6.730127e-04 
3.548612e-03 
8.229110e-03 
1.350104e-02 
1.871179e-02 
2.326992e-02 
2.727741e-02 
3.101977e-02 
3.411970e-02 
3.577164e-02 
3.562888e-02 
3.414010e-02 
3.177436e-02 
2.857245e-02 
2.440181e-02 
1.963973e-02 
1.505101e-02 
1.104353e-02 
7.382745e-03 
3.691373e-03 
2.039432e-05 
-3.242698e-03 
-5.863368e-03 
-7.933392e-03 
-9.554741e-03 
-1.059485e-02 
-1.085998e-02 
-1.032973e-02 
-9.024488e-03 
-6.934070e-03 
-4.231822e-03 
-1.437800e-03 
9.177446e-04 
2.804220e-03 
4.476554e-03 
5.904157e-03 
6.526184e-03 
5.893960e-03 
4.231822e-03 
2.222981e-03 
3.772950e-04 
-1.152279e-03 
-2.365742e-03 
-3.232500e-03 
-3.752556e-03 
-4.068668e-03 
-4.354188e-03 
-4.741680e-03 
-5.404496e-03 
-6.546578e-03 
-8.116941e-03 
-9.595530e-03 
-1.029913e-02 
-9.840261e-03 
-8.412659e-03 
-6.485395e-03 
-4.425568e-03 
-2.355544e-03 
-3.670978e-04 
1.356223e-03 
2.620671e-03 
3.416049e-03 
3.864724e-03 
4.017682e-03 
3.874922e-03 
3.477232e-03 
2.926586e-03 
2.233179e-03 
1.295040e-03 
1.529574e-04 
-9.483361e-04 
-1.845686e-03 
-2.794022e-03 
-4.170639e-03 
-5.822580e-03 
-7.229788e-03 
-8.076152e-03 
-8.586011e-03 
-9.065277e-03 
-9.422178e-03 
-9.381389e-03 
-8.963306e-03 
-8.514630e-03 
-8.229110e-03 
-7.953786e-03 
-7.464323e-03 
-6.658747e-03 
-5.547256e-03 
-4.242019e-03 
-2.967374e-03 
-1.978249e-03 
-1.356223e-03 
-9.585332e-04 
-7.036042e-04 
-6.016326e-04 
-5.710411e-04 
-3.059149e-04 
4.894638e-04 
1.845686e-03 
3.558810e-03 
5.496270e-03 
7.627477e-03 
1.003401e-02 
1.270566e-02 
1.540791e-02 
1.769208e-02 
1.922165e-02 
2.014959e-02 
2.086339e-02 
2.145483e-02 
2.158739e-02 
2.106734e-02 
2.022097e-02 
1.949697e-02 
1.885455e-02 
1.793681e-02 
1.671315e-02 
1.546909e-02 
1.427603e-02 
1.295040e-02 
1.153299e-02 
1.040111e-02 
9.666910e-03 
8.953108e-03 
8.025167e-03 
7.331760e-03 
7.423534e-03 
8.065955e-03 
8.545222e-03 
8.586011e-03 
8.575813e-03 
8.718574e-03 
8.616602e-03 
7.923195e-03 
6.913676e-03 
5.985734e-03 
4.996609e-03 
3.497627e-03 
1.560166e-03 
-2.957177e-04 
-1.835489e-03 
-3.467035e-03 
-5.649228e-03 
-8.208716e-03 
-1.062544e-02 
-1.264448e-02 
-1.442898e-02 
-1.619309e-02 
-1.781444e-02 
-1.890554e-02 
-1.918086e-02 
-1.872199e-02 
-1.786543e-02 
-1.690689e-02 
-1.586678e-02 
-1.458194e-02 
-1.311355e-02 
-1.174713e-02 
-1.061525e-02 
-9.493558e-03 
-8.086350e-03 
-6.424212e-03 
-4.782469e-03 
-3.344669e-03 
-1.998644e-03 
-5.302524e-04 
1.080899e-03 
2.579882e-03 
3.670978e-03 
4.211428e-03 
4.405174e-03 
4.578526e-03 
4.741680e-03 
4.578526e-03 
3.813739e-03 
2.743037e-03 
1.927264e-03 
1.570363e-03 
1.376617e-03 
1.193068e-03 
1.315434e-03 
1.937461e-03 
2.732839e-03 
3.263092e-03 
3.538415e-03 
3.895316e-03 
4.405174e-03 
4.813061e-03 
5.006807e-03 
5.251538e-03 
5.822580e-03 
6.526184e-03 
7.005450e-03 
7.229788e-03 
7.403140e-03 
7.668266e-03 
7.892603e-03 
7.953786e-03 
7.882406e-03 
7.821223e-03 
7.912998e-03 
8.147533e-03 
8.402462e-03 
8.463645e-03 
8.208716e-03 
7.780435e-03 
7.341957e-03 
6.832099e-03 
6.046917e-03 
4.843652e-03 
3.375261e-03 
1.876278e-03 
4.486751e-04 
-1.101294e-03 
-3.079543e-03 
-5.588045e-03 
-8.310687e-03 
-1.067643e-02 
-1.229778e-02 
-1.329710e-02 
-1.412307e-02 
-1.494904e-02 
-1.553028e-02 
-1.558126e-02 
-1.521417e-02 
-1.468391e-02 
-1.394972e-02 
-1.270566e-02 
-1.087017e-02 
-8.769559e-03 
-6.791310e-03 
-5.037398e-03 
-3.436444e-03 
-1.957855e-03 
-4.894638e-04 
1.223659e-03 
3.324275e-03 
5.445285e-03 
6.974859e-03 
7.668266e-03 
7.749843e-03 
7.494914e-03 
6.832099e-03 
5.526862e-03 
3.558810e-03 
1.152279e-03 
-1.346025e-03 
-3.609795e-03 
-5.465679e-03 
-7.066633e-03 
-8.687982e-03 
-1.032973e-02 
-1.153299e-02 
-1.194088e-02 
-1.182871e-02 
-1.174713e-02 
-1.169614e-02 
-1.115570e-02 
-9.891247e-03 
-8.310687e-03 
-6.954465e-03 
-5.720608e-03 
-4.201231e-03 
-2.345347e-03 
-5.914354e-04 
8.259701e-04 
2.131207e-03 
3.569007e-03 
4.986412e-03 
5.934748e-03 
6.159086e-03 
5.812382e-03 
5.169961e-03 
4.354188e-03 
3.263092e-03 
1.794701e-03 
1.019716e-05 
-1.774306e-03 
-3.273289e-03 
-4.394977e-03 
-5.271933e-03 
-6.026523e-03 
-6.607761e-03 
-6.862690e-03 
-6.689338e-03 
-6.087706e-03 
-5.139370e-03 
-3.905513e-03 
-2.355544e-03 
-4.690695e-04 
1.702926e-03 
3.976893e-03 
6.128494e-03 
8.045561e-03 
9.666910e-03 
1.094155e-02 
1.183891e-02 
1.240995e-02 
1.261389e-02 
1.224679e-02 
1.112510e-02 
9.452769e-03 
7.698857e-03 
6.179480e-03 
4.813061e-03 
3.385458e-03 
1.917066e-03 
6.220269e-04 
-4.384780e-04 
-1.386814e-03 
-2.375939e-03 
-3.344669e-03 
-4.119654e-03 
-4.700892e-03 
-5.251538e-03 
-6.026523e-03 
-7.025845e-03 
-7.872209e-03 
-8.106744e-03 
-7.617280e-03 
-6.811704e-03 
-6.220269e-03 
-5.965340e-03 
-5.863368e-03 
-5.761397e-03 
-5.761397e-03 
-6.067311e-03 
-6.730127e-03 
-7.627477e-03 
-8.535025e-03 
-9.238629e-03 
-9.646515e-03 
-9.758684e-03 
-9.605727e-03 
-9.167249e-03 
-8.433053e-03 
-7.454126e-03 
-6.301846e-03 
-4.955821e-03 
-3.446641e-03 
-1.927264e-03 
-6.526184e-04 
3.263092e-04 
1.162476e-03 
1.988447e-03 
2.712445e-03 
3.161120e-03 
3.273289e-03 
3.120332e-03 
2.722642e-03 
2.049630e-03 
1.111491e-03 
-1.019716e-04 
-1.478589e-03 
-2.845008e-03 
-3.925907e-03 
-4.568329e-03 
-4.853849e-03 
-4.904835e-03 
-4.731483e-03 
-4.293005e-03 
-3.742359e-03 
-3.324275e-03 
-3.191712e-03 
-3.263092e-03 
-3.303881e-03 
-3.099937e-03 
-2.559488e-03 
-1.845686e-03 
-1.305237e-03 
-1.172674e-03 
-1.335828e-03 
-1.458194e-03 
-1.376617e-03 
-1.203265e-03 
-1.172674e-03 
-1.397011e-03 
-1.845686e-03 
-2.447319e-03 
-3.120332e-03 
-3.885119e-03 
-4.823258e-03 
-5.914354e-03 
-6.842296e-03 
-7.178802e-03 
-6.852493e-03 
-6.179480e-03 
-5.445285e-03 
-4.639709e-03 
-3.732161e-03 
-2.926586e-03 
-2.416727e-03 
-2.049630e-03 
-1.529574e-03 
-9.177446e-04 
-5.914354e-04 
-7.647872e-04 
-1.182871e-03 
-1.498983e-03 
-1.621349e-03 
-1.713123e-03 
-1.835489e-03 
-1.968052e-03 
-2.080221e-03 
-2.202587e-03 
-2.324953e-03 
-2.498305e-03 
-2.743037e-03 
-2.997966e-03 
-3.171317e-03 
-3.191712e-03 
-2.987769e-03 
-2.263770e-03 
-6.628155e-04 
1.723320e-03 
4.282808e-03 
6.597564e-03 
8.932714e-03 
1.181851e-02 
1.513259e-02 
1.821213e-02 
2.081241e-02 
2.344328e-02 
2.647183e-02 
2.938822e-02 
3.131548e-02 
3.211086e-02 
3.236579e-02 
3.250855e-02 
3.229441e-02 
3.126450e-02 
2.934743e-02 
2.679814e-02 
2.389195e-02 
2.088379e-02 
1.804898e-02 
1.557107e-02 
1.340927e-02 
1.145141e-02 
9.717896e-03 
8.331081e-03 
7.413337e-03 
6.985056e-03 
6.985056e-03 
7.321562e-03 
7.933392e-03 
8.912320e-03 
1.048268e-02 
1.276685e-02 
1.546909e-02 
1.797760e-02 
1.982328e-02 
2.093477e-02 
2.148542e-02 
2.166897e-02 
2.160779e-02 
2.143443e-02 
2.121010e-02 
2.074103e-02 
1.980289e-02 
1.832430e-02 
1.649901e-02 
1.460234e-02 
1.269547e-02 
1.072741e-02 
8.687982e-03 
6.709733e-03 
4.976215e-03 
3.609795e-03 
2.651262e-03 
2.059827e-03 
1.651940e-03 
1.284842e-03 
8.565616e-04 
3.772950e-04 
-1.835489e-04 
-8.769559e-04 
-1.631546e-03 
-2.304559e-03 
-2.773628e-03 
-3.048951e-03 
-3.089740e-03 
-2.722642e-03 
-1.804898e-03 
-5.098581e-04 
6.526184e-04 
1.305237e-03 
1.386814e-03 
1.050308e-03 
3.670978e-04 
-5.710411e-04 
-1.682532e-03 
-2.875600e-03 
-4.129851e-03 
-5.435087e-03 
-6.668944e-03 
-7.678463e-03 
-8.473842e-03 
-9.218235e-03 
-1.009519e-02 
-1.117609e-02 
-1.240995e-02 
-1.373558e-02 
-1.505101e-02 
-1.612171e-02 
-1.673354e-02 
-1.681512e-02 
-1.654999e-02 
-1.624408e-02 
-1.611152e-02 
-1.610132e-02 
-1.586678e-02 
-1.516318e-02 
-1.409248e-02 
-1.290961e-02 
-1.169614e-02 
-1.028894e-02 
-8.626799e-03 
-6.934070e-03 
-5.486073e-03 
-4.303202e-03 
-3.130529e-03 
-1.764109e-03 
-1.427603e-04 
1.682532e-03 
3.548612e-03 
5.210750e-03 
6.465001e-03 
7.321562e-03 
7.892603e-03 
8.137335e-03 
8.035364e-03 
7.821223e-03 
7.811026e-03 
7.943589e-03 
7.658069e-03 
6.617958e-03 
5.139370e-03 
3.742359e-03 
2.416727e-03 
7.545900e-04 
-1.315434e-03 
-3.354866e-03 
-4.996609e-03 
-6.312043e-03 
-7.362351e-03 
-7.882406e-03 
-7.617280e-03 
-6.760718e-03 
-5.741002e-03 
-4.670300e-03 
-3.487429e-03 
-2.365742e-03 
-1.692729e-03 
-1.458194e-03 
-1.203265e-03 
-6.628155e-04 
-1.223659e-04 
-5.098581e-05 
-3.772950e-04 
-6.424212e-04 
-6.016326e-04 
-5.608439e-04 
-8.871531e-04 
-1.549969e-03 
-2.161798e-03 
-2.539093e-03 
-2.916388e-03 
-3.670978e-03 
-4.833455e-03 
-5.965340e-03 
-6.730127e-03 
-7.352154e-03 
-8.280096e-03 
-9.534347e-03 
-1.055406e-02 
-1.094155e-02 
-1.094155e-02 
-1.105372e-02 
-1.127806e-02 
-1.121688e-02 
-1.081919e-02 
-1.059485e-02 
-1.102313e-02 
-1.203265e-02 
-1.314414e-02 
-1.404149e-02 
-1.453096e-02 
-1.449017e-02 
-1.392932e-02 
-1.320532e-02 
-1.281783e-02 
-1.280764e-02 
-1.282803e-02 
-1.262409e-02 
-1.247113e-02 
-1.273626e-02 
-1.338887e-02 
-1.400070e-02 
-1.421484e-02 
-1.397011e-02 
-1.338887e-02 
-1.257310e-02 
-1.165536e-02 
-1.092116e-02 
-1.062544e-02 
-1.064584e-02 
-1.067643e-02 
-1.048268e-02 
-1.009519e-02 
-9.595530e-03 
-9.014291e-03 
-8.341279e-03 
-7.709055e-03 
-7.168605e-03 
-6.577170e-03 
-5.628833e-03 
-4.201231e-03 
-2.467713e-03 
-8.463645e-04 
2.243376e-04 
3.467035e-04 
-5.404496e-04 
-2.070024e-03 
-3.426246e-03 
-3.813739e-03 
-2.977571e-03 
-1.254251e-03 
6.628155e-04 
2.161798e-03 
2.967374e-03 
3.110134e-03 
2.855205e-03 
2.467713e-03 
2.131207e-03 
1.978249e-03 
2.070024e-03 
2.375939e-03 
2.926586e-03 
3.772950e-03 
4.935426e-03 
6.230466e-03 
7.413337e-03 
8.402462e-03 
9.350798e-03 
1.024815e-02 
1.085998e-02 
1.099254e-02 
1.087017e-02 
1.096195e-02 
1.145141e-02 
1.212443e-02 
1.266488e-02 
1.284842e-02 
1.240995e-02 
1.108432e-02 
8.963306e-03 
6.526184e-03 
4.180836e-03 
1.947658e-03 
-2.141404e-04 
-2.008841e-03 
-3.161120e-03 
-3.915710e-03 
-4.823258e-03 
-5.853171e-03 
-6.322241e-03 
-5.690016e-03 
-4.242019e-03 
-2.702248e-03 
-1.366420e-03 
-9.177446e-05 
1.091096e-03 
1.876278e-03 
2.192390e-03 
2.498305e-03 
3.232500e-03 
4.150245e-03 
4.527540e-03 
3.936105e-03 
2.671656e-03 
1.315434e-03 
4.078865e-05 
-1.468391e-03 
-3.477232e-03 
-5.802185e-03 
-7.912998e-03 
-9.442572e-03 
-1.033992e-02 
-1.059485e-02 
-1.006460e-02 
-8.647193e-03 
-6.628155e-03 
-4.588723e-03 
-2.916388e-03 
-1.549969e-03 
-2.345347e-04 
1.019716e-03 
2.019038e-03 
2.661459e-03 
3.048951e-03 
3.212106e-03 
3.028557e-03 
2.365742e-03 
1.356223e-03 
2.345347e-04 
-8.973503e-04 
-2.141404e-03 
-3.579204e-03 
-5.139370e-03 
-6.689338e-03 
-8.147533e-03 
-9.432375e-03 
-1.054387e-02 
-1.144122e-02 
-1.198167e-02 
-1.190009e-02 
-1.107412e-02 
-9.666910e-03 
-8.106744e-03 
-6.577170e-03 
-4.945624e-03 
-2.977571e-03 
-7.138013e-04 
1.682532e-03 
4.048273e-03 
6.301846e-03 
8.331081e-03 
1.014618e-02 
1.194088e-02 
1.390893e-02 
1.584639e-02 
1.727399e-02 
1.789602e-02 
1.780425e-02 
1.718222e-02 
1.601974e-02 
1.425563e-02 
1.214482e-02 
1.008499e-02 
8.280096e-03 
6.648550e-03 
5.149567e-03 
3.905513e-03 
2.987769e-03 
2.355544e-03 
1.906869e-03 
1.692729e-03 
1.906869e-03 
2.692051e-03 
3.997288e-03 
5.649228e-03 
7.423534e-03 
9.269220e-03 
1.119648e-02 
1.305237e-02 
1.436780e-02 
1.467372e-02 
1.390893e-02 
1.251192e-02 
1.097215e-02 
9.513952e-03 
8.045561e-03 
6.465001e-03 
4.711089e-03 
2.865403e-03 
1.121688e-03 
-2.243376e-04 
-1.029913e-03 
-1.458194e-03 
-1.784503e-03 
-1.968052e-03 
-1.713123e-03 
-9.483361e-04 
-6.118297e-05 
4.078865e-04 
3.263092e-04 
-2.039432e-05 
-2.345347e-04 
-1.631546e-04 
9.177446e-05 
3.263092e-04 
3.670978e-04 
1.325631e-04 
-4.690695e-04 
-1.376617e-03 
-2.508502e-03 
-3.701570e-03 
-4.864046e-03 
-5.863368e-03 
-6.536381e-03 
-6.934070e-03 
-7.423534e-03 
-8.463645e-03 
-1.008499e-02 
-1.173693e-02 
-1.289941e-02 
-1.362341e-02 
-1.441879e-02 
-1.546909e-02 
-1.620329e-02 
-1.577501e-02 
-1.395991e-02 
-1.131885e-02 
-8.647193e-03 
-6.424212e-03 
-4.772272e-03 
-3.599598e-03 
-2.732839e-03 
-1.866081e-03 
-9.075474e-04 
-3.059149e-05 
5.098581e-04 
8.361673e-04 
1.346025e-03 
2.192390e-03 
3.110134e-03 
3.803541e-03 
4.242019e-03 
4.517343e-03 
4.456160e-03 
3.874922e-03 
3.059149e-03 
2.549291e-03 
2.630868e-03 
3.130529e-03 
3.823936e-03 
4.721286e-03 
5.700214e-03 
6.393621e-03 
6.566972e-03 
6.414015e-03 
6.210072e-03 
6.046917e-03 
6.108100e-03 
6.964662e-03 
8.993897e-03 
1.158398e-02 
1.337868e-02 
1.360301e-02 
1.268527e-02 
1.158398e-02 
1.082939e-02 
1.051327e-02 
1.074781e-02 
1.168595e-02 
1.324611e-02 
1.501022e-02 
1.648881e-02 
1.731478e-02 
1.723320e-02 
1.622368e-02 
1.458194e-02 
1.258330e-02 
1.013598e-02 
7.209394e-03 
4.456160e-03 
3.130529e-03 
3.997288e-03 
6.403818e-03 
8.606405e-03 
9.034686e-03 
7.290971e-03 
4.272611e-03 
1.519377e-03 
2.855205e-04 
8.055758e-04 
2.335150e-03 
3.670978e-03 
3.946302e-03 
3.028557e-03 
1.631546e-03 
9.075474e-04 
1.672335e-03 
3.772950e-03 
6.169283e-03 
7.760040e-03 
8.055758e-03 
7.280774e-03 
5.924551e-03 
4.456160e-03 
3.201909e-03 
2.284164e-03 
1.600954e-03 
1.009519e-03 
4.282808e-04 
-2.447319e-04 
-1.274645e-03 
-2.845008e-03 
-4.782469e-03 
-6.658747e-03 
-8.351476e-03 
-1.008499e-02 
-1.198167e-02 
-1.367439e-02 
-1.459214e-02 
-1.476549e-02 
-1.478589e-02 
-1.526515e-02 
-1.618290e-02 
-1.705985e-02 
-1.756971e-02 
-1.789602e-02 
-1.835489e-02 
-1.888514e-02 
-1.902790e-02 
-1.849765e-02 
-1.767168e-02 
-1.707005e-02 
-1.666216e-02 
-1.586678e-02 
-1.443918e-02 
-1.285862e-02 
-1.163496e-02 
-1.060505e-02 
-9.320206e-03 
-7.912998e-03 
-7.148211e-03 
-7.403140e-03 
-8.239307e-03 
-9.034686e-03 
-9.626121e-03 
-1.004420e-02 
-1.004420e-02 
-9.381389e-03 
-8.157730e-03 
-6.719930e-03 
-5.047595e-03 
-2.906191e-03 
-4.588723e-04 
1.815095e-03 
3.783147e-03 
5.812382e-03 
8.188321e-03 
1.059485e-02 
1.260369e-02 
1.415366e-02 
1.525495e-02 
1.566284e-02 
1.521417e-02 
1.446977e-02 
1.432701e-02 
1.485727e-02 
1.515298e-02 
1.431682e-02 
1.238955e-02 
9.921839e-03 
7.178802e-03 
4.140048e-03 
1.121688e-03 
-1.233857e-03 
-2.518699e-03 
-2.875600e-03 
-2.692051e-03 
-2.222981e-03 
-1.580560e-03 
-8.157730e-04 
1.937461e-04 
1.590757e-03 
3.212106e-03 
4.578526e-03 
5.363707e-03 
5.822580e-03 
6.475198e-03 
7.423534e-03 
8.198518e-03 
8.229110e-03 
7.403140e-03 
6.036720e-03 
4.558131e-03 
3.252895e-03 
2.243376e-03 
1.468391e-03 
6.220269e-04 
-7.851815e-04 
-3.140726e-03 
-6.373226e-03 
-9.830064e-03 
-1.257310e-02 
-1.406189e-02 
-1.442898e-02 
-1.423524e-02 
-1.383755e-02 
-1.309316e-02 
-1.178792e-02 
-1.006460e-02 
-8.494236e-03 
-7.443928e-03 
-6.740324e-03 
-5.791988e-03 
-4.282808e-03 
-2.457516e-03 
-9.075474e-04 
7.138013e-05 
6.526184e-04 
1.213462e-03 
1.876278e-03 
2.528896e-03 
3.018360e-03 
3.242698e-03 
3.130529e-03 
2.630868e-03 
1.784503e-03 
7.138013e-04 
-4.894638e-04 
-1.713123e-03 
-2.671656e-03 
-3.038754e-03 
-2.834811e-03 
-2.498305e-03 
-2.437122e-03 
-2.528896e-03 
-2.416727e-03 
-2.039432e-03 
-1.621349e-03 
-1.244054e-03 
-6.220269e-04 
4.486751e-04 
1.784503e-03 
3.273289e-03 
5.149567e-03 
7.607083e-03 
1.003401e-02 
1.133924e-02 
1.104353e-02 
9.840261e-03 
8.942911e-03 
8.871531e-03 
9.218235e-03 
9.371192e-03 
9.126460e-03 
8.626799e-03 
8.035364e-03 
7.352154e-03 
6.526184e-03 
5.577848e-03 
4.588723e-03 
3.711767e-03 
3.171317e-03 
3.069346e-03 
3.212106e-03 
3.150923e-03 
2.528896e-03 
1.315434e-03 
-2.651262e-04 
-1.957855e-03 
-3.650584e-03 
-5.292327e-03 
-6.903479e-03 
-8.545222e-03 
-1.015637e-02 
-1.147181e-02 
-1.207344e-02 
-1.177772e-02 
-1.083958e-02 
-9.830064e-03 
-9.146854e-03 
-8.789954e-03 
-8.514630e-03 
-8.035364e-03 
-7.280774e-03 
-6.322241e-03 
-5.343313e-03 
-4.354188e-03 
-3.079543e-03 
-1.029913e-03 
2.161798e-03 
6.403818e-03 
1.097215e-02 
1.461253e-02 
1.596876e-02 
1.423524e-02 
9.840261e-03 
4.323597e-03 
-6.016326e-04 
-4.099259e-03 
-6.352832e-03 
-7.719252e-03 
-8.229110e-03 
-7.984378e-03 
-7.851815e-03 
-9.085671e-03 
-1.219581e-02 
-1.626447e-02 
-1.973151e-02 
-2.157720e-02 
-2.174035e-02 
-2.046570e-02 
-1.787563e-02 
-1.418425e-02 
-1.007480e-02 
-6.414015e-03 
-3.670978e-03 
-1.845686e-03 
-8.769559e-04 
-9.177446e-04 
-1.978249e-03 
-3.579204e-03 
-4.986412e-03 
-5.710411e-03 
-5.842974e-03 
-5.741002e-03 
-5.761397e-03 
-6.077509e-03 
-6.832099e-03 
-8.188321e-03 
-1.024815e-02 
-1.275665e-02 
-1.486746e-02 
-1.553028e-02 
-1.427603e-02 
-1.172674e-02 
-9.014291e-03 
-6.709733e-03 
-4.415371e-03 
-1.529574e-03 
1.815095e-03 
4.813061e-03 
6.760718e-03 
7.443928e-03 
6.893282e-03 
5.139370e-03 
2.498305e-03 
-2.345347e-04 
-2.192390e-03 
-3.099937e-03 
-3.365064e-03 
-3.497627e-03 
-3.599598e-03 
-3.497627e-03 
-3.120332e-03 
-2.671656e-03 
-2.375939e-03 
-2.284164e-03 
-2.314756e-03 
-2.335150e-03 
-2.233179e-03 
-2.019038e-03 
-1.855884e-03 
-1.896672e-03 
-2.049630e-03 
-1.682532e-03 
5.098581e-05 
3.640387e-03 
8.749165e-03 
1.424544e-02 
1.877298e-02 
2.131207e-02 
2.148542e-02 
1.944599e-02 
1.579540e-02 
1.153299e-02 
7.892603e-03 
5.842974e-03 
5.394299e-03 
5.608439e-03 
5.414693e-03 
4.568329e-03 
3.640387e-03 
3.120332e-03 
2.763431e-03 
1.876278e-03 
1.835489e-04 
-1.672335e-03 
-2.590079e-03 
-1.743715e-03 
7.138013e-04 
3.844330e-03 
6.505789e-03 
8.116941e-03 
8.769559e-03 
8.861334e-03 
8.718574e-03 
8.443250e-03 
8.147533e-03 
7.831421e-03 
7.311365e-03 
6.220269e-03 
4.445963e-03 
2.314756e-03 
3.467035e-04 
-1.131885e-03 
-2.100615e-03 
-2.753234e-03 
-3.405852e-03 
-4.527540e-03 
-6.536381e-03 
-9.371192e-03 
-1.237935e-02 
-1.466352e-02 
-1.556087e-02 
-1.482667e-02 
-1.258330e-02 
-9.320206e-03 
-5.771594e-03 
-2.569685e-03 
4.078865e-05 
2.110813e-03 
3.609795e-03 
4.374583e-03 
4.364385e-03 
3.854527e-03 
3.242698e-03 
2.722642e-03 
2.365742e-03 
2.243376e-03 
2.426925e-03 
2.773628e-03 
2.895994e-03 
2.375939e-03 
1.019716e-03 
-8.973503e-04 
-2.579882e-03 
-3.212106e-03 
-2.569685e-03 
-1.274645e-03 
-1.937461e-04 
3.263092e-04 
6.628155e-04 
1.397011e-03 
2.855205e-03 
5.047595e-03 
7.780435e-03 
1.052347e-02 
1.255271e-02 
1.349085e-02 
1.361321e-02 
1.353163e-02 
1.356223e-02 
1.359282e-02 
1.331749e-02 
1.258330e-02 
1.140043e-02 
9.972825e-03 
8.616602e-03 
7.474520e-03 
6.312043e-03 
4.782469e-03 
2.926586e-03 
1.172674e-03 
-6.118297e-05 
-7.341957e-04 
-9.279418e-04 
-6.424212e-04 
1.529574e-04 
1.244054e-03 
2.467713e-03 
3.976893e-03 
6.118297e-03 
8.891925e-03 
1.181851e-02 
1.430662e-02 
1.593816e-02 
1.654999e-02 
1.623388e-02 
1.533653e-02 
1.428622e-02 
1.324611e-02 
1.219581e-02 
1.111491e-02 
1.004420e-02 
8.953108e-03 
7.749843e-03 
6.566972e-03 
5.567651e-03 
4.649906e-03 
3.446641e-03 
1.886475e-03 
4.792666e-04 
-3.569007e-04 
-7.953786e-04 
-1.162476e-03 
-1.325631e-03 
-8.055758e-04 
3.976893e-04 
1.713123e-03 
2.773628e-03 
3.660781e-03 
4.445963e-03 
4.690695e-03 
3.915710e-03 
2.192390e-03 
-1.121688e-04 
-2.743037e-03 
-5.547256e-03 
-8.157730e-03 
-1.017677e-02 
-1.182871e-02 
-1.381715e-02 
-1.636645e-02 
-1.883416e-02 
-2.042492e-02 
-2.111832e-02 
-2.155680e-02 
-2.221962e-02 
-2.280085e-02 
-2.268869e-02 
-2.154660e-02 
-1.954796e-02 
-1.708025e-02 
-1.437800e-02 
-1.157378e-02 
-8.728771e-03 
-5.863368e-03 
-2.936783e-03 
-4.078865e-05 
2.508502e-03 
4.476554e-03 
5.975537e-03 
7.423534e-03 
8.973503e-03 
1.023795e-02 
1.073761e-02 
1.052347e-02 
1.009519e-02 
9.758684e-03 
9.432375e-03 
8.993897e-03 
8.545222e-03 
8.157730e-03 
7.678463e-03 
7.005450e-03 
6.383423e-03 
6.159086e-03 
6.363029e-03 
6.679141e-03 
6.801507e-03 
6.617958e-03 
6.128494e-03 
5.516665e-03 
5.231144e-03 
5.771594e-03 
7.321562e-03 
9.605727e-03 
1.217541e-02 
1.456155e-02 
1.635625e-02 
1.742695e-02 
1.809996e-02 
1.876278e-02 
1.917066e-02 
1.856903e-02 
1.666216e-02 
1.416386e-02 
1.212443e-02 
1.079879e-02 
9.728093e-03 
8.616602e-03 
7.678463e-03 
7.127816e-03 
6.719930e-03 
6.077509e-03 
5.118975e-03 
4.089062e-03 
3.191712e-03 
2.549291e-03 
2.253573e-03 
2.304559e-03 
2.671656e-03 
3.426246e-03 
4.843652e-03 
6.944267e-03 
9.177446e-03 
1.075801e-02 
1.122708e-02 
1.060505e-02 
9.055080e-03 
6.770916e-03 
4.109456e-03 
1.621349e-03 
-3.161120e-04 
-1.662137e-03 
-2.651262e-03 
-3.548612e-03 
-4.547934e-03 
-5.893960e-03 
-7.698857e-03 
-9.840261e-03 
-1.200206e-02 
-1.398031e-02 
-1.575462e-02 
-1.743715e-02 
-1.915027e-02 
-2.075122e-02 
-2.179134e-02 
-2.186272e-02 
-2.099596e-02 
-1.983348e-02 
-1.898712e-02 
-1.844667e-02 
-1.776346e-02 
-1.679473e-02 
-1.599935e-02 
-1.584639e-02 
-1.627467e-02 
-1.678453e-02 
-1.710064e-02 
-1.728419e-02 
-1.738616e-02 
-1.730458e-02 
-1.712104e-02 
-1.710064e-02 
-1.739636e-02 
-1.766148e-02 
-1.746774e-02 
-1.679473e-02 
-1.602994e-02 
-1.539771e-02 
-1.466352e-02 
-1.355203e-02 
-1.209383e-02 
-1.055406e-02 
-9.085671e-03 
-7.729449e-03 
-6.628155e-03 
-6.046917e-03 
-6.097903e-03 
-6.536381e-03 
-6.852493e-03 
-6.730127e-03 
-6.271255e-03 
-5.720608e-03 
-5.159764e-03 
-4.425568e-03 
-3.467035e-03 
-2.457516e-03 
-1.478589e-03 
-3.161120e-04 
1.284842e-03 
3.099937e-03 
4.578526e-03 
5.475876e-03 
6.301846e-03 
7.760040e-03 
9.921839e-03 
1.219581e-02 
1.407208e-02 
1.554048e-02 
1.678453e-02 
1.778385e-02 
1.829371e-02 
1.832430e-02 
1.808977e-02 
1.776346e-02 
1.731478e-02 
1.669275e-02 
1.596876e-02 
1.521417e-02 
1.437800e-02 
1.337868e-02 
1.244054e-02 
1.191029e-02 
1.191029e-02 
1.223659e-02 
1.260369e-02 
1.296059e-02 
1.348065e-02 
1.424544e-02 
1.518357e-02 
1.617270e-02 
1.707005e-02 
1.769208e-02 
1.791641e-02 
1.770227e-02 
1.717202e-02 
1.632566e-02 
1.507141e-02 
1.337868e-02 
1.132905e-02 
9.034686e-03 
6.495592e-03 
3.742359e-03 
9.075474e-04 
-1.906869e-03 
-4.619314e-03 
-7.107422e-03 
-9.106066e-03 
-1.044189e-02 
-1.133924e-02 
-1.216521e-02 
-1.303197e-02 
-1.371518e-02 
-1.408228e-02 
-1.432701e-02 
-1.460234e-02 
-1.463293e-02 
-1.388853e-02 
-1.227738e-02 
-1.035012e-02 
-8.810348e-03 
-7.831421e-03 
-7.076831e-03 
-6.291649e-03 
-5.669622e-03 
-5.526862e-03 
-5.690016e-03 
-5.669622e-03 
-5.200553e-03 
-4.598920e-03 
-4.364385e-03 
-4.680497e-03 
-5.424890e-03 
-6.526184e-03 
-8.004772e-03 
-9.738290e-03 
-1.149220e-02 
-1.325631e-02 
-1.515298e-02 
-1.715163e-02 
-1.885455e-02 
-1.989466e-02 
-2.023117e-02 
-1.994565e-02 
-1.896672e-02 
-1.728419e-02 
-1.520397e-02 
-1.322572e-02 
-1.153299e-02 
-9.983022e-03 
-8.453447e-03 
-7.076831e-03 
-5.995931e-03 
-5.078187e-03 
-4.058471e-03 
-2.732839e-03 
-1.172674e-03 
3.365064e-04 
1.447997e-03 
1.978249e-03 
2.019038e-03 
1.743715e-03 
1.080899e-03 
-5.098581e-05 
-1.468391e-03 
-2.743037e-03 
-3.609795e-03 
-4.089062e-03 
-4.211428e-03 
-3.803541e-03 
-2.845008e-03 
-1.672335e-03 
-6.322241e-04 
3.263092e-04 
1.468391e-03 
2.763431e-03 
3.885119e-03 
4.588723e-03 
5.078187e-03 
5.628833e-03 
6.322241e-03 
7.005450e-03 
7.525506e-03 
7.933392e-03 
8.504433e-03 
9.585332e-03 
1.121688e-02 
1.295040e-02 
1.400070e-02 
1.384775e-02 
1.250172e-02 
1.041130e-02 
8.086350e-03 
6.026523e-03 
4.568329e-03 
3.742359e-03 
3.293683e-03 
2.987769e-03 
2.845008e-03 
2.967374e-03 
3.242698e-03 
3.354866e-03 
3.161120e-03 
2.804220e-03 
2.549291e-03 
2.590079e-03 
2.987769e-03 
3.701570e-03 
4.558131e-03 
5.282130e-03 
5.598242e-03 
5.394299e-03 
4.731483e-03 
3.834133e-03 
2.946980e-03 
2.029235e-03 
7.953786e-04 
-1.050308e-03 
-3.365064e-03 
-5.598242e-03 
-7.260379e-03 
-8.229110e-03 
-8.698179e-03 
-8.810348e-03 
-8.596208e-03 
-8.086350e-03 
-7.392943e-03 
-6.689338e-03 
-6.210072e-03 
-6.199875e-03 
-6.679141e-03 
-7.362351e-03 
-7.811026e-03 
-7.882406e-03 
-7.739646e-03 
-7.525506e-03 
-7.056436e-03 
-6.097903e-03 
-4.762075e-03 
-3.528218e-03 
-2.804220e-03 
-2.590079e-03 
-2.692051e-03 
-3.008163e-03 
-3.497627e-03 
-3.956499e-03 
-3.976893e-03 
-3.293683e-03 
-1.906869e-03 
-7.138013e-05 
1.896672e-03 
3.640387e-03 
4.823258e-03 
5.373904e-03 
5.475876e-03 
5.424890e-03 
5.373904e-03 
5.363707e-03 
5.373904e-03 
5.435087e-03 
5.486073e-03 
5.394299e-03 
5.017004e-03 
4.374583e-03 
3.507824e-03 
2.457516e-03 
1.244054e-03 
-3.059149e-05 
-1.244054e-03 
-2.365742e-03 
-3.405852e-03 
-4.333794e-03 
-4.935426e-03 
-5.037398e-03 
-4.639709e-03 
-3.905513e-03 
-3.069346e-03 
-2.233179e-03 
-1.468391e-03 
-9.279418e-04 
-6.934070e-04 
-6.322241e-04 
-3.874922e-04 
2.243376e-04 
1.111491e-03 
1.968052e-03 
2.651262e-03 
3.099937e-03 
3.120332e-03 
2.375939e-03 
8.361673e-04 
-1.060505e-03 
-2.824614e-03 
-4.364385e-03 
-5.975537e-03 
-7.729449e-03 
-9.320206e-03 
-1.038071e-02 
-1.091096e-02 
-1.110471e-02 
-1.098234e-02 
-1.032973e-02 
-8.963306e-03 
-7.056436e-03 
-4.925229e-03 
-2.845008e-03 
-9.177446e-04 
8.361673e-04 
2.365742e-03 
3.630190e-03 
4.598920e-03 
5.220947e-03 
5.373904e-03 
4.945624e-03 
3.987090e-03 
2.681854e-03 
1.223659e-03 
-3.467035e-04 
-1.988447e-03 
-3.579204e-03 
-4.874243e-03 
-5.771594e-03 
-6.261058e-03 
-6.342635e-03 
-5.995931e-03 
-5.292327e-03 
-4.374583e-03 
-3.283486e-03 
-1.886475e-03 
-1.937461e-04 
1.498983e-03 
2.946980e-03 
4.313400e-03 
6.087706e-03 
8.392264e-03 
1.077840e-02 
1.271586e-02 
1.414346e-02 
1.526515e-02 
1.600954e-02 
1.612171e-02 
1.555067e-02 
1.457174e-02 
1.327671e-02 
1.147181e-02 
9.106066e-03 
6.597564e-03 
4.507146e-03 
2.875600e-03 
1.335828e-03 
-3.059149e-04 
-1.794701e-03 
-2.804220e-03 
-3.365064e-03 
-3.589401e-03 
-3.324275e-03 
-2.284164e-03 
-5.098581e-04 
1.549969e-03 
3.426246e-03 
4.986412e-03 
6.240663e-03 
7.025845e-03 
7.178802e-03 
6.770916e-03 
6.006128e-03 
4.996609e-03 
3.813739e-03 
2.661459e-03 
1.784503e-03 
1.162476e-03 
4.690695e-04 
-5.404496e-04 
-1.774306e-03 
-3.130529e-03 
-4.802863e-03 
-7.015648e-03 
-9.544544e-03 
-1.181851e-02 
-1.351124e-02 
-1.482667e-02 
-1.591777e-02 
-1.640723e-02 
-1.577501e-02 
-1.406189e-02 
-1.195107e-02 
-9.983022e-03 
-8.147533e-03 
-6.312043e-03 
-4.649906e-03 
-3.528218e-03 
-2.946980e-03 
-2.610474e-03 
-2.426925e-03 
-2.620671e-03 
-3.293683e-03 
-4.140048e-03 
-4.853849e-03 
-5.455482e-03 
-6.240663e-03 
-7.311365e-03 
-8.484039e-03 
-9.503755e-03 
-1.022775e-02 
-1.061525e-02 
-1.071722e-02 
-1.059485e-02 
-1.016657e-02 
-9.187643e-03 
-7.474520e-03 
-5.220947e-03 
-2.926586e-03 
-9.279418e-04 
7.341957e-04 
2.131207e-03 
3.191712e-03 
3.976893e-03 
4.772272e-03 
5.832777e-03 
7.087028e-03 
8.198518e-03 
8.973503e-03 
9.473164e-03 
9.870853e-03 
1.028894e-02 
1.077840e-02 
1.118629e-02 
1.115570e-02 
1.042150e-02 
9.167249e-03 
7.851815e-03 
6.709733e-03 
5.577848e-03 
4.354188e-03 
3.232500e-03 
2.457516e-03 
1.937461e-03 
1.468391e-03 
1.070702e-03 
8.769559e-04 
7.851815e-04 
6.424212e-04 
5.812382e-04 
9.381389e-04 
1.723320e-03 
2.610474e-03 
3.385458e-03 
4.282808e-03 
5.557453e-03 
7.107422e-03 
8.524828e-03 
9.554741e-03 
1.022775e-02 
1.058465e-02 
1.065603e-02 
1.055406e-02 
1.047249e-02 
1.045209e-02 
1.028894e-02 
9.799473e-03 
8.993897e-03 
8.004772e-03 
6.934070e-03 
5.822580e-03 
4.731483e-03 
3.793344e-03 
3.110134e-03 
2.671656e-03 
2.314756e-03 
1.845686e-03 
1.284842e-03 
8.769559e-04 
8.259701e-04 
9.687304e-04 
8.769559e-04 
3.874922e-04 
-2.549291e-04 
-6.322241e-04 
-6.118297e-04 
-3.467035e-04 
2.039432e-05 
3.670978e-04 
5.812382e-04 
6.730127e-04 
8.157730e-04 
1.162476e-03 
1.539771e-03 
1.631546e-03 
1.417406e-03 
1.223659e-03 
1.274645e-03 
1.407208e-03 
1.366420e-03 
1.142082e-03 
8.973503e-04 
7.036042e-04 
6.220269e-04 
7.239985e-04 
9.789276e-04 
1.152279e-03 
9.993219e-04 
7.443928e-04 
8.871531e-04 
1.498983e-03 
2.121010e-03 
2.335150e-03 
2.314756e-03 
2.528896e-03 
3.038754e-03 
3.436444e-03 
3.426246e-03 
3.150923e-03 
2.865403e-03 
2.610474e-03 
2.345347e-03 
2.233179e-03 
2.508502e-03 
3.099937e-03 
3.762753e-03 
4.313400e-03 
4.833455e-03 
5.333116e-03 
5.700214e-03 
5.812382e-03 
5.618636e-03 
5.159764e-03 
4.568329e-03 
4.119654e-03 
4.089062e-03 
4.415371e-03 
4.721286e-03 
4.823258e-03 
5.037398e-03 
5.659425e-03 
6.444606e-03 
6.852493e-03 
6.730127e-03 
6.495592e-03 
6.383423e-03 
6.210072e-03 
5.741002e-03 
5.261736e-03 
5.149567e-03 
5.292327e-03 
5.292327e-03 
5.037398e-03 
4.792666e-03 
4.731483e-03 
4.690695e-03 
4.466357e-03 
4.180836e-03 
3.956499e-03 
3.711767e-03 
3.273289e-03 
2.671656e-03 
2.029235e-03 
1.244054e-03 
2.243376e-04 
-8.259701e-04 
-1.488786e-03 
-1.733518e-03 
-1.927264e-03 
-2.355544e-03 
-2.865403e-03 
-3.181515e-03 
-3.365064e-03 
-3.711767e-03 
-4.313400e-03 
-4.986412e-03 
-5.496270e-03 
-5.832777e-03 
-6.057114e-03 
-6.240663e-03 
-6.454804e-03 
-6.760718e-03 
-7.117619e-03 
-7.382745e-03 
-7.525506e-03 
-7.647872e-03 
-7.882406e-03 
-8.218913e-03 
-8.616602e-03 
-8.973503e-03 
-9.106066e-03 
-8.677785e-03 
-7.586689e-03 
-6.108100e-03 
-4.690695e-03 
-3.507824e-03 
-2.457516e-03 
-1.478589e-03 
-6.934070e-04 
-1.631546e-04 
2.855205e-04 
8.769559e-04 
1.580560e-03 
2.212784e-03 
2.630868e-03 
2.824614e-03 
2.794022e-03 
2.528896e-03 
2.151601e-03 
1.978249e-03 
2.253573e-03 
2.834811e-03 
3.252895e-03 
3.181515e-03 
2.651262e-03 
1.896672e-03 
1.080899e-03 
3.365064e-04 
-1.427603e-04 
-2.345347e-04 
-6.118297e-05 
1.019716e-04 
2.549291e-04 
6.118297e-04 
1.101294e-03 
1.284842e-03 
8.973503e-04 
3.263092e-04 
8.157730e-05 
1.631546e-04 
1.631546e-04 
-1.223659e-04 
-5.302524e-04 
-1.019716e-03 
-1.662137e-03 
-2.233179e-03 
-2.141404e-03 
-1.172674e-03 
1.427603e-04 
1.101294e-03 
1.458194e-03 
1.315434e-03 
6.118297e-04 
-5.812382e-04 
-1.641743e-03 
-1.774306e-03 
-8.769559e-04 
4.078865e-04 
1.529574e-03 
2.488108e-03 
3.283486e-03 
3.599598e-03 
3.242698e-03 
2.528896e-03 
1.743715e-03 
6.526184e-04 
-1.019716e-03 
-2.865403e-03 
-4.007485e-03 
-4.191034e-03 
-3.864724e-03 
-3.416049e-03 
-2.579882e-03 
-1.091096e-03 
7.036042e-04 
2.161798e-03 
3.140726e-03 
3.946302e-03 
4.680497e-03 
5.078187e-03 
4.966018e-03 
4.496948e-03 
3.956499e-03 
3.405852e-03 
2.773628e-03 
2.039432e-03 
1.233857e-03 
2.957177e-04 
-6.628155e-04 
-1.386814e-03 
-1.702926e-03 
-1.774306e-03 
-1.937461e-03 
-2.284164e-03 
-2.661459e-03 
-2.967374e-03 
-3.385458e-03 
-4.140048e-03 
-5.220947e-03 
-6.301846e-03 
-7.097225e-03 
-7.525506e-03 
-7.780435e-03 
-8.137335e-03 
-8.728771e-03 
-9.320206e-03 
-9.585332e-03 
-9.391586e-03 
-9.024488e-03 
-8.759362e-03 
-8.575813e-03 
-8.249504e-03 
-7.719252e-03 
-7.209394e-03 
-6.862690e-03 
-6.658747e-03 
-6.556775e-03 
-6.740324e-03 
-7.301168e-03 
-8.035364e-03 
-8.586011e-03 
-8.820545e-03 
-8.902123e-03 
-9.085671e-03 
-9.391586e-03 
-9.707698e-03 
-9.962627e-03 
-1.011558e-02 
-1.020736e-02 
-1.031953e-02 
-1.053367e-02 
-1.088037e-02 
-1.120668e-02 
-1.141062e-02 
-1.152279e-02 
-1.160437e-02 
-1.159417e-02 
-1.130865e-02 
-1.073761e-02 
-1.014618e-02 
-9.819867e-03 
-9.768881e-03 
-9.840261e-03 
-9.932036e-03 
-1.004420e-02 
-1.015637e-02 
-1.016657e-02 
-9.983022e-03 
-9.636318e-03 
-9.197840e-03 
-8.718574e-03 
-8.259701e-03 
-7.841618e-03 
-7.515308e-03 
-7.178802e-03 
-6.740324e-03 
-6.189677e-03 
-5.628833e-03 
-5.200553e-03 
-4.894638e-03 
-4.568329e-03 
-4.140048e-03 
-3.701570e-03 
-3.416049e-03 
-3.273289e-03 
-3.140726e-03 
-2.926586e-03 
-2.753234e-03 
-2.681854e-03 
-2.620671e-03 
-2.426925e-03 
-2.202587e-03 
-2.141404e-03 
-2.171996e-03 
-1.825292e-03 
-7.341957e-04 
8.769559e-04 
2.406530e-03 
3.446641e-03 
4.099259e-03 
4.731483e-03 
5.435087e-03 
6.016326e-03 
6.322241e-03 
6.465001e-03 
6.740324e-03 
7.229788e-03 
7.688660e-03 
7.780435e-03 
7.413337e-03 
6.740324e-03 
5.995931e-03 
5.241341e-03 
4.374583e-03 
3.426246e-03 
2.620671e-03 
2.151601e-03 
1.937461e-03 
1.672335e-03 
1.121688e-03 
3.263092e-04 
-3.263092e-04 
-4.996609e-04 
-7.138013e-05 
7.953786e-04 
1.835489e-03 
2.926586e-03 
4.058471e-03 
5.139370e-03 
5.944946e-03 
6.291649e-03 
6.352832e-03 
6.414015e-03 
6.607761e-03 
6.832099e-03 
6.974859e-03 
7.076831e-03 
7.148211e-03 
6.995253e-03 
6.465001e-03 
5.669622e-03 
4.823258e-03 
3.976893e-03 
3.079543e-03 
2.304559e-03 
1.866081e-03 
1.672335e-03 
1.376617e-03 
9.381389e-04 
7.749843e-04 
1.213462e-03 
1.957855e-03 
2.447319e-03 
2.671656e-03 
3.140726e-03 
4.099259e-03 
5.180158e-03 
5.873565e-03 
6.148889e-03 
6.291649e-03 
6.475198e-03 
6.587367e-03 
6.485395e-03 
6.250860e-03 
6.097903e-03 
6.108100e-03 
6.148889e-03 
5.965340e-03 
5.516665e-03 
5.210750e-03 
5.465679e-03 
6.220269e-03 
6.791310e-03 
6.638353e-03 
5.934748e-03 
5.282130e-03 
4.915032e-03 
4.598920e-03 
4.242019e-03 
4.140048e-03 
4.507146e-03 
5.037398e-03 
5.241341e-03 
5.047595e-03 
4.670300e-03 
4.242019e-03 
3.701570e-03 
3.110134e-03 
2.661459e-03 
2.437122e-03 
2.182193e-03 
1.692729e-03 
1.009519e-03 
2.855205e-04 
-3.772950e-04 
-9.279418e-04 
-1.274645e-03 
-1.437800e-03 
-1.509180e-03 
-1.519377e-03 
-1.254251e-03 
-6.526184e-04 
6.118297e-05 
6.118297e-04 
1.080899e-03 
1.713123e-03 
2.569685e-03 
3.405852e-03 
4.099259e-03 
4.700892e-03 
5.190356e-03 
5.486073e-03 
5.700214e-03 
6.087706e-03 
6.628155e-03 
6.883084e-03 
6.597564e-03 
6.240663e-03 
6.515987e-03 
7.433731e-03 
8.280096e-03 
8.535025e-03 
8.494236e-03 
8.769559e-03 
9.554741e-03 
1.057446e-02 
1.154319e-02 
1.240995e-02 
1.326651e-02 
1.403130e-02 
1.451056e-02 
1.456155e-02 
1.417406e-02 
1.343986e-02 
1.247113e-02 
1.130865e-02 
9.911642e-03 
8.310687e-03 
6.597564e-03 
4.853849e-03 
3.028557e-03 
1.091096e-03 
-8.259701e-04 
-2.488108e-03 
-3.783147e-03 
-4.731483e-03 
-5.394299e-03 
-5.761397e-03 
-5.812382e-03 
-5.628833e-03 
-5.363707e-03 
-5.047595e-03 
-4.507146e-03 
-3.558810e-03 
-2.182193e-03 
-6.322241e-04 
7.647872e-04 
1.794701e-03 
2.426925e-03 
2.783825e-03 
3.008163e-03 
3.201909e-03 
3.365064e-03 
3.365064e-03 
3.079543e-03 
2.508502e-03 
1.784503e-03 
1.050308e-03 
3.161120e-04 
-5.710411e-04 
-1.743715e-03 
-3.130529e-03 
-4.466357e-03 
-5.598242e-03 
-6.546578e-03 
-7.423534e-03 
-8.106744e-03 
-8.463645e-03 
-8.524828e-03 
-8.575813e-03 
-8.749165e-03 
-8.820545e-03 
-8.524828e-03 
-7.963984e-03 
-7.484717e-03 
-7.270577e-03 
-7.188999e-03 
-7.097225e-03 
-6.985056e-03 
-6.811704e-03 
-6.434409e-03 
-5.883763e-03 
-5.475876e-03 
-5.506468e-03 
-5.863368e-03 
-6.271255e-03 
-6.791310e-03 
-7.739646e-03 
-9.157052e-03 
-1.066623e-02 
-1.184910e-02 
-1.269547e-02 
-1.336848e-02 
-1.376617e-02 
-1.358262e-02 
-1.277704e-02 
-1.175733e-02 
-1.093136e-02 
-1.030933e-02 
-9.646515e-03 
-8.810348e-03 
-7.943589e-03 
-7.117619e-03 
-6.261058e-03 
-5.322919e-03 
-4.456160e-03 
-3.813739e-03 
-3.314078e-03 
-2.845008e-03 
-2.437122e-03 
-2.273967e-03 
-2.416727e-03 
-2.641065e-03 
-2.681854e-03 
-2.467713e-03 
-2.121010e-03 
-1.764109e-03 
-1.458194e-03 
-1.244054e-03 
-1.131885e-03 
-1.080899e-03 
-9.993219e-04 
-8.565616e-04 
-7.647872e-04 
-7.443928e-04 
-7.443928e-04 
-5.608439e-04 
-6.118297e-05 
8.361673e-04 
2.059827e-03 
3.375261e-03 
4.578526e-03 
5.628833e-03 
6.668944e-03 
7.780435e-03 
8.800151e-03 
9.432375e-03 
9.493558e-03 
9.095869e-03 
8.535025e-03 
8.086350e-03 
7.933392e-03 
