1 
1.000000e-02 
5.000000e-06 
5.000000e-06 
5.000000e-06 
5.000000e-06 
5.000000e-06 
5.000000e-06 
5.000000e-06 
5.000000e-06 
5.000000e-06 
5.000000e-06 
5.000000e-06 
5.000000e-06 
5.000000e-06 
4.000000e-06 
4.000000e-06 
4.000000e-06 
4.000000e-06 
4.000000e-06 
4.000000e-06 
4.000000e-06 
4.000000e-06 
4.000000e-06 
4.000000e-06 
4.000000e-06 
4.000000e-06 
-1.000000e-04 
6.000000e-06 
3.000000e-06 
6.000000e-06 
3.000000e-06 
6.000000e-06 
2.000000e-06 
6.000000e-06 
2.000000e-06 
6.000000e-06 
1.000000e-06 
6.000000e-06 
1.000000e-06 
7.000000e-06 
0 
8.000000e-06 
0 
7.000000e-06 
-1.000000e-06 
9.000000e-06 
-1.000000e-06 
9.000000e-06 
-3.000000e-06 
7.000000e-06 
-5.000000e-06 
9.000000e-06 
-4.000000e-06 
8.000000e-06 
-2.000000e-06 
7.000000e-06 
-4.000000e-06 
0 
3.000000e-06 
1.000000e-06 
2.000000e-06 
-1.000000e-06 
-1.000000e-06 
1.000000e-06 
4.000000e-06 
-1.000000e-06 
5.000000e-06 
-1.000000e-06 
0 
-2.000000e-06 
3.000000e-06 
-4.000000e-06 
2.000000e-06 
-5.000000e-06 
3.000000e-06 
-3.000000e-06 
1.000000e-06 
-4.000000e-06 
0 
-8.000000e-06 
3.000000e-06 
-5.000000e-06 
2.000000e-06 
-3.000000e-06 
-3.000000e-06 
-8.000000e-06 
-3.000000e-06 
-2.000000e-05 
9.000000e-06 
-1.400000e-05 
1.100000e-05 
-1.600000e-05 
1.200000e-05 
-1.700000e-05 
1.300000e-05 
-2.200000e-05 
1.200000e-05 
-2.500000e-05 
1.300000e-05 
-1.800000e-05 
1.400000e-05 
-2.500000e-05 
2.000000e-05 
-1.900000e-05 
8.000000e-06 
-2.500000e-05 
1.900000e-05 
-2.500000e-05 
1.600000e-05 
-2.900000e-05 
1.300000e-05 
-2.300000e-05 
1.600000e-05 
-2.600000e-05 
1.800000e-05 
-3.900000e-05 
2.100000e-05 
-2.900000e-05 
1.600000e-05 
0 
-1.300000e-05 
4.000000e-06 
-1.700000e-05 
9.000000e-06 
-1.700000e-05 
-6.000000e-06 
-1.400000e-05 
0 
-1.800000e-05 
2.000000e-06 
-8.000000e-06 
5.000000e-06 
-2.100000e-05 
-1.000000e-06 
-1.800000e-05 
-4.000000e-06 
-1.900000e-05 
1.100000e-05 
-2.300000e-05 
-6.000000e-06 
-1.000000e-05 
1.100000e-05 
-1.500000e-05 
0 
-3.800000e-05 
2.100000e-05 
-2.600000e-05 
2.000000e-06 
-2.000000e-05 
2.300000e-05 
-4.800000e-05 
2.700000e-05 
-3.700000e-05 
1.900000e-05 
-5.000000e-05 
2.400000e-05 
-4.600000e-05 
4.800000e-05 
-5.400000e-05 
3.100000e-05 
-5.900000e-05 
3.100000e-05 
-4.700000e-05 
3.600000e-05 
-5.800000e-05 
3.500000e-05 
-6.000000e-05 
3.100000e-05 
-3.700000e-05 
3.300000e-05 
-6.100000e-05 
3.400000e-05 
-6.400000e-05 
2.500000e-05 
-4.800000e-05 
3.000000e-05 
-4.600000e-05 
2.700000e-05 
-6.000000e-05 
-4.600000e-05 
1.200000e-05 
-3.100000e-05 
1.000000e-06 
-3.300000e-05 
5.000000e-06 
-4.300000e-05 
2.400000e-05 
-3.500000e-05 
2.000000e-06 
-4.200000e-05 
1.300000e-05 
-2.600000e-05 
-4.000000e-06 
-4.400000e-05 
3.000000e-06 
-3.400000e-05 
2.000000e-06 
-2.000000e-05 
-3.000000e-06 
-2.600000e-05 
2.000000e-06 
-3.200000e-05 
8.000000e-06 
-2.200000e-05 
2.000000e-06 
-4.600000e-05 
1.700000e-05 
-3.900000e-05 
1.900000e-05 
-3.100000e-05 
3.200000e-05 
-6.700000e-05 
4.500000e-05 
-6.800000e-05 
5.200000e-05 
-6.800000e-05 
3.300000e-05 
-5.300000e-05 
5.100000e-05 
-7.000000e-05 
5.500000e-05 
-6.100000e-05 
2.800000e-05 
-7.400000e-05 
3.800000e-05 
-5.400000e-05 
4.800000e-05 
-8.900000e-05 
5.800000e-05 
-6.400000e-05 
4.400000e-05 
-8.000000e-05 
4.100000e-05 
-6.700000e-05 
3.200000e-05 
-6.000000e-05 
4.800000e-05 
-8.800000e-05 
6.100000e-05 
-6.400000e-05 
-2.900000e-05 
2.400000e-05 
-2.900000e-05 
2.800000e-05 
-3.300000e-05 
3.300000e-05 
-3.200000e-05 
2.100000e-05 
-5.000000e-05 
2.900000e-05 
-2.200000e-05 
2.100000e-05 
-3.100000e-05 
4.000000e-05 
-3.200000e-05 
3.500000e-05 
-5.000000e-05 
4.100000e-05 
-8.400000e-05 
2.200000e-05 
-3.800000e-05 
3.700000e-05 
-4.900000e-05 
5.300000e-05 
-4.900000e-05 
1.600000e-05 
-4.600000e-05 
2.700000e-05 
-6.100000e-05 
1.700000e-05 
-5.100000e-05 
5.600000e-05 
-6.900000e-05 
5.200000e-05 
-5.200000e-05 
5.000000e-05 
-7.700000e-05 
3.700000e-05 
-7.100000e-05 
6.400000e-05 
-6.900000e-05 
5.200000e-05 
-6.100000e-05 
5.100000e-05 
-8.800000e-05 
5.600000e-05 
-4.700000e-05 
4.900000e-05 
-7.200000e-05 
6.400000e-05 
-7.200000e-05 
7.500000e-05 
-6.100000e-05 
3.600000e-05 
-5.800000e-05 
5.100000e-05 
-3.300000e-05 
6.000000e-05 
-4.200000e-05 
4.800000e-05 
-3.700000e-05 
-1.500000e-05 
5.700000e-05 
-4.400000e-05 
2.900000e-05 
-2.100000e-05 
5.200000e-05 
-5.100000e-05 
5.100000e-05 
-4.700000e-05 
4.400000e-05 
-1.500000e-05 
4.900000e-05 
-3.200000e-05 
3.100000e-05 
-3.800000e-05 
3.500000e-05 
-6.000000e-05 
5.600000e-05 
-2.900000e-05 
4.000000e-05 
-1.600000e-05 
2.100000e-05 
-6.400000e-05 
6.700000e-05 
-2.700000e-05 
6.100000e-05 
-4.600000e-05 
3.700000e-05 
-2.000000e-05 
4.400000e-05 
-4.000000e-05 
6.800000e-05 
-6.200000e-05 
6.000000e-05 
-5.700000e-05 
7.900000e-05 
-6.400000e-05 
7.900000e-05 
-5.000000e-05 
6.500000e-05 
-5.200000e-05 
5.300000e-05 
-4.200000e-05 
5.800000e-05 
-5.400000e-05 
5.800000e-05 
-2.200000e-05 
7.200000e-05 
-4.400000e-05 
7.200000e-05 
-5.500000e-05 
8.700000e-05 
-7.000000e-05 
7.600000e-05 
-6.600000e-05 
4.700000e-05 
-3.500000e-05 
8.100000e-05 
-3.700000e-05 
5.600000e-05 
-4.700000e-05 
7.300000e-05 
4.700000e-05 
-3.600000e-05 
6.600000e-05 
-2.800000e-05 
5.400000e-05 
-3.100000e-05 
5.300000e-05 
-6.100000e-05 
5.900000e-05 
-2.000000e-05 
6.800000e-05 
-3.400000e-05 
4.800000e-05 
-2.900000e-05 
3.300000e-05 
-2.000000e-05 
5.800000e-05 
-2.600000e-05 
6.300000e-05 
-3.200000e-05 
4.600000e-05 
-2.300000e-05 
6.000000e-05 
-4.500000e-05 
6.100000e-05 
-3.900000e-05 
5.500000e-05 
-1.200000e-05 
5.900000e-05 
-5.100000e-05 
7.500000e-05 
-3.000000e-05 
8.300000e-05 
-4.100000e-05 
6.500000e-05 
-2.000000e-05 
4.800000e-05 
-3.100000e-05 
6.300000e-05 
-1.600000e-05 
7.100000e-05 
-6.400000e-05 
7.000000e-05 
-4.100000e-05 
6.700000e-05 
-3.500000e-05 
6.800000e-05 
-2.700000e-05 
5.200000e-05 
-3.500000e-05 
5.400000e-05 
-4.100000e-05 
6.700000e-05 
-3.600000e-05 
7.000000e-05 
-2.700000e-05 
5.600000e-05 
-4.300000e-05 
7.900000e-05 
-4.400000e-05 
5.500000e-05 
4.700000e-05 
-5.000000e-06 
5.400000e-05 
-2.700000e-05 
5.700000e-05 
-2.700000e-05 
6.400000e-05 
-1.100000e-05 
6.000000e-05 
-2.700000e-05 
6.200000e-05 
-3.500000e-05 
5.200000e-05 
-1.900000e-05 
5.800000e-05 
-2.300000e-05 
4.600000e-05 
-3.400000e-05 
6.900000e-05 
0 
4.300000e-05 
-3.900000e-05 
7.100000e-05 
-1.900000e-05 
5.700000e-05 
-1.000000e-05 
7.300000e-05 
-1.000000e-05 
6.000000e-05 
-3.300000e-05 
5.500000e-05 
-4.600000e-05 
6.300000e-05 
-2.900000e-05 
6.000000e-05 
-2.100000e-05 
5.700000e-05 
-4.400000e-05 
7.700000e-05 
-4.400000e-05 
5.700000e-05 
-9.000000e-06 
4.900000e-05 
-3.700000e-05 
5.300000e-05 
-3.500000e-05 
7.000000e-05 
-2.500000e-05 
4.400000e-05 
-3.400000e-05 
6.900000e-05 
-5.500000e-05 
6.900000e-05 
-2.000000e-06 
6.800000e-05 
-1.900000e-05 
8.000000e-05 
-3.900000e-05 
6.500000e-05 
-4.600000e-05 
8.800000e-05 
5.400000e-05 
-2.500000e-05 
6.200000e-05 
-4.000000e-05 
6.400000e-05 
-4.100000e-05 
6.600000e-05 
-3.300000e-05 
5.400000e-05 
-3.000000e-06 
3.300000e-05 
-2.800000e-05 
6.500000e-05 
-4.200000e-05 
1.000000e-04 
-2.900000e-05 
5.700000e-05 
-2.000000e-05 
9.700000e-05 
-6.000000e-06 
9.900000e-05 
2.400000e-05 
1.010000e-04 
2.800000e-05 
1.210000e-04 
8.600000e-05 
1.540000e-04 
1.040000e-04 
5.100000e-05 
-4.300000e-05 
1.030000e-04 
-3.000000e-06 
7.700000e-05 
-2.300000e-05 
-2.500000e-05 
2.340000e-04 
1.251000e-03 
1.607000e-03 
1.814000e-03 
2.310000e-03 
2.652000e-03 
1.951000e-03 
1.501000e-03 
-1.690000e-04 
-2.027000e-03 
-3.037000e-03 
-2.433000e-03 
-1.512000e-03 
-8.390000e-04 
1.326000e-03 
3.002000e-03 
1.199000e-03 
2.431000e-03 
2.174000e-03 
1.190000e-04 
-2.802000e-03 
-6.549000e-03 
-8.351000e-03 
-7.995000e-03 
-7.106000e-03 
-5.877000e-03 
-5.249000e-03 
-3.438000e-03 
6.080000e-04 
3.504000e-03 
4.400000e-03 
4.595000e-03 
1.866000e-03 
-7.583000e-03 
-1.408100e-02 
-1.225800e-02 
-1.071700e-02 
-1.436900e-02 
-7.523000e-03 
-8.050000e-04 
6.487000e-03 
1.971600e-02 
1.948500e-02 
1.581000e-03 
-9.623000e-03 
-1.672400e-02 
-2.061900e-02 
-1.781600e-02 
-1.105800e-02 
-7.303000e-03 
-3.237000e-03 
2.452000e-03 
8.250000e-03 
1.459000e-02 
9.008000e-03 
-6.629000e-03 
-1.355500e-02 
-1.377600e-02 
-1.298000e-02 
-9.608000e-03 
2.790000e-03 
7.589000e-03 
7.000000e-05 
-8.250000e-04 
1.091800e-02 
1.849100e-02 
2.009500e-02 
2.384400e-02 
1.633900e-02 
6.625000e-03 
1.241000e-03 
-5.103000e-03 
-1.676700e-02 
-2.542500e-02 
-2.456500e-02 
-1.437100e-02 
7.432000e-03 
2.476800e-02 
3.194400e-02 
3.243500e-02 
4.058600e-02 
3.808700e-02 
1.498000e-02 
9.400000e-05 
-6.601000e-03 
-1.338900e-02 
-1.205500e-02 
-9.539000e-03 
-1.393300e-02 
-1.609600e-02 
-8.468000e-03 
-5.251000e-03 
4.010000e-03 
5.260000e-03 
-4.647000e-03 
-8.983000e-03 
-1.022900e-02 
-1.037600e-02 
-7.339000e-03 
-1.103500e-02 
-1.322600e-02 
-4.008000e-03 
9.103000e-03 
2.371900e-02 
3.070400e-02 
3.042500e-02 
3.746300e-02 
3.960800e-02 
2.341300e-02 
5.341000e-03 
-8.325000e-03 
-1.611100e-02 
-2.116500e-02 
-2.558300e-02 
-2.243700e-02 
-1.527800e-02 
-5.131000e-03 
1.096800e-02 
1.736000e-02 
2.508200e-02 
2.864600e-02 
2.382500e-02 
1.391900e-02 
1.687100e-02 
1.732800e-02 
4.429000e-03 
3.752000e-03 
6.795000e-03 
6.523000e-03 
1.430000e-02 
1.580700e-02 
9.832000e-03 
1.015700e-02 
9.406000e-03 
3.760000e-03 
1.013800e-02 
1.417800e-02 
4.905000e-03 
2.580000e-04 
3.081000e-03 
-2.072000e-03 
-4.417000e-03 
-2.098000e-03 
-8.197000e-03 
-1.081300e-02 
-6.231000e-03 
-1.141000e-02 
-1.406800e-02 
-1.238300e-02 
-1.437200e-02 
-2.049200e-02 
-1.760200e-02 
-1.473900e-02 
-1.368600e-02 
-7.063000e-03 
1.582000e-03 
2.097000e-03 
7.358000e-03 
9.785000e-03 
2.165000e-03 
2.904000e-03 
8.297000e-03 
1.134500e-02 
1.364300e-02 
1.707100e-02 
2.011400e-02 
2.230000e-02 
1.525000e-02 
1.336000e-03 
-9.785000e-03 
-1.712300e-02 
-2.533900e-02 
-3.025800e-02 
-3.146500e-02 
-2.719000e-02 
-1.544500e-02 
-4.604000e-03 
7.777000e-03 
1.415100e-02 
1.520000e-02 
2.018300e-02 
2.108900e-02 
8.829000e-03 
-3.683000e-03 
-6.289000e-03 
-9.115000e-03 
-7.217000e-03 
1.847000e-03 
6.076000e-03 
7.374000e-03 
1.579800e-02 
1.651400e-02 
1.544000e-02 
1.994800e-02 
9.418000e-03 
-3.873000e-03 
-4.541000e-03 
-7.513000e-03 
-1.519500e-02 
-1.994200e-02 
-2.655400e-02 
-3.548800e-02 
-3.704200e-02 
-3.670200e-02 
-2.839400e-02 
-1.504500e-02 
-2.490000e-03 
1.166900e-02 
1.852900e-02 
1.801300e-02 
1.757200e-02 
1.464400e-02 
4.413000e-03 
-1.596000e-03 
-7.097000e-03 
-9.925000e-03 
-7.385000e-03 
-4.010000e-03 
2.370000e-04 
3.997000e-03 
4.777000e-03 
4.483000e-03 
5.903000e-03 
2.705000e-03 
-4.930000e-04 
1.805000e-03 
2.718000e-03 
7.323000e-03 
1.206700e-02 
1.598300e-02 
1.497600e-02 
1.549000e-02 
1.807500e-02 
1.314300e-02 
3.077000e-03 
-2.869000e-03 
-1.629200e-02 
-2.987200e-02 
-2.919600e-02 
-3.381700e-02 
-3.677600e-02 
-3.123100e-02 
-3.025800e-02 
-2.726300e-02 
-1.211900e-02 
8.709000e-03 
1.674500e-02 
1.637000e-02 
1.768100e-02 
1.432800e-02 
1.097900e-02 
8.150000e-03 
-1.270000e-03 
-6.676000e-03 
-9.147000e-03 
-1.322700e-02 
-1.741500e-02 
-1.679700e-02 
-1.364100e-02 
-1.132400e-02 
9.000000e-04 
1.295100e-02 
1.248600e-02 
8.147000e-03 
1.288700e-02 
1.032500e-02 
5.491000e-03 
7.301000e-03 
-2.056000e-03 
-9.699000e-03 
-6.451000e-03 
-7.788000e-03 
-1.337200e-02 
-9.526000e-03 
-1.287100e-02 
-1.588500e-02 
-9.284000e-03 
5.571000e-03 
8.969000e-03 
8.950000e-03 
2.397400e-02 
2.775200e-02 
2.481200e-02 
3.068700e-02 
2.842300e-02 
2.169800e-02 
2.200000e-02 
2.132300e-02 
1.260800e-02 
1.617000e-03 
-5.387000e-03 
-1.526500e-02 
-1.717100e-02 
-1.602600e-02 
-1.974500e-02 
-9.467000e-03 
2.264000e-03 
5.807000e-03 
2.203700e-02 
2.898200e-02 
9.179000e-03 
2.771000e-03 
-2.904000e-03 
-1.229800e-02 
-1.067100e-02 
-8.998000e-03 
-1.179200e-02 
-8.499000e-03 
-6.641000e-03 
-1.630800e-02 
-1.330000e-02 
-1.043200e-02 
-2.170800e-02 
-1.564600e-02 
-7.781000e-03 
-1.115700e-02 
-1.143300e-02 
-1.161800e-02 
-1.353100e-02 
-1.558400e-02 
-1.813000e-02 
-1.754300e-02 
-1.528400e-02 
-1.718100e-02 
-1.143700e-02 
-8.984000e-03 
-1.203500e-02 
-5.911000e-03 
2.828000e-03 
2.978000e-03 
3.748000e-03 
-6.825000e-03 
-2.449400e-02 
-2.429000e-02 
-1.927200e-02 
-1.404800e-02 
-8.048000e-03 
6.950000e-04 
8.340000e-04 
6.936000e-03 
1.208800e-02 
8.452000e-03 
-2.243000e-03 
-4.586000e-03 
-1.248000e-03 
4.711000e-03 
8.050000e-03 
6.156000e-03 
6.302000e-03 
1.005000e-03 
-1.760000e-04 
6.230000e-04 
-1.109000e-03 
-1.436000e-03 
3.392000e-03 
-2.070000e-03 
-1.112600e-02 
-1.272100e-02 
-2.144300e-02 
-3.151400e-02 
-2.960200e-02 
-3.422200e-02 
-3.323400e-02 
-2.084400e-02 
-1.732500e-02 
-7.680000e-03 
7.179000e-03 
2.762300e-02 
1.806200e-02 
2.597900e-02 
3.564400e-02 
2.004600e-02 
4.330000e-03 
-5.956000e-03 
-1.461600e-02 
-1.435500e-02 
-6.768000e-03 
-9.690000e-04 
-7.431000e-03 
-1.349000e-02 
-1.332700e-02 
-2.636100e-02 
-3.659600e-02 
-4.046100e-02 
-5.215700e-02 
-6.021000e-02 
-5.529900e-02 
-5.961900e-02 
-7.111800e-02 
-7.328900e-02 
-7.386500e-02 
-6.897600e-02 
-6.888800e-02 
-6.377100e-02 
-6.363600e-02 
-7.018900e-02 
-6.466500e-02 
-6.475900e-02 
-7.364700e-02 
-8.166300e-02 
-8.849100e-02 
-9.822700e-02 
-1.032830e-01 
-1.043830e-01 
-1.111390e-01 
-1.163380e-01 
-1.171090e-01 
-1.211560e-01 
-1.231320e-01 
-1.243320e-01 
-1.270530e-01 
-1.220240e-01 
-9.986800e-02 
-6.881700e-02 
-2.646100e-02 
2.463400e-02 
4.513300e-02 
4.894600e-02 
8.104400e-02 
1.023430e-01 
1.134040e-01 
1.348170e-01 
1.449990e-01 
1.417020e-01 
1.487670e-01 
1.744680e-01 
1.891160e-01 
1.872470e-01 
1.880720e-01 
1.981760e-01 
1.822250e-01 
1.559340e-01 
1.510780e-01 
1.259870e-01 
9.399400e-02 
7.804500e-02 
5.164700e-02 
3.386700e-02 
4.183700e-02 
2.598000e-02 
6.963000e-03 
-9.200000e-04 
-8.301000e-03 
-6.948000e-03 
1.212600e-02 
3.293600e-02 
6.673600e-02 
1.210490e-01 
1.641570e-01 
1.754090e-01 
1.847160e-01 
2.091370e-01 
2.076770e-01 
1.858470e-01 
1.804980e-01 
1.786790e-01 
1.675570e-01 
1.585200e-01 
1.524650e-01 
1.299050e-01 
1.068070e-01 
9.077000e-02 
7.119400e-02 
5.625500e-02 
3.922400e-02 
2.563800e-02 
2.442600e-02 
2.493900e-02 
1.991500e-02 
2.022000e-02 
1.575100e-02 
9.553000e-03 
-1.476000e-03 
-1.499200e-02 
-1.781900e-02 
-2.845100e-02 
-4.098100e-02 
-5.282300e-02 
-7.305400e-02 
-1.015980e-01 
-1.271560e-01 
-1.492760e-01 
-1.764950e-01 
-1.921060e-01 
-1.992830e-01 
-2.052040e-01 
-2.026870e-01 
-1.871870e-01 
-1.768770e-01 
-1.627000e-01 
-1.417480e-01 
-9.985300e-02 
-8.159800e-02 
-9.124800e-02 
-8.044100e-02 
-6.577000e-02 
-7.972500e-02 
-9.175100e-02 
-9.180900e-02 
-7.419800e-02 
-4.502200e-02 
-1.890300e-02 
-4.999000e-03 
-4.900000e-03 
-9.478000e-03 
-1.351500e-02 
-1.479000e-02 
-6.455000e-03 
2.371900e-02 
7.099300e-02 
1.186960e-01 
1.668170e-01 
2.067310e-01 
2.349510e-01 
2.453260e-01 
2.282680e-01 
2.110430e-01 
2.051820e-01 
1.862240e-01 
1.698130e-01 
1.481890e-01 
1.506300e-01 
1.465830e-01 
1.259830e-01 
1.072390e-01 
9.343300e-02 
8.176500e-02 
6.316600e-02 
4.611800e-02 
2.546000e-02 
-1.271700e-02 
-4.392200e-02 
-6.273300e-02 
-9.510500e-02 
-1.430590e-01 
-1.743020e-01 
-2.032130e-01 
-2.367390e-01 
-2.601700e-01 
-2.774630e-01 
-2.991920e-01 
-3.127450e-01 
-3.142840e-01 
-3.148280e-01 
-3.138510e-01 
-2.997490e-01 
-2.620500e-01 
-1.946140e-01 
-8.137900e-02 
-6.936000e-03 
1.704960e-01 
2.704810e-01 
2.391820e-01 
1.886810e-01 
2.358130e-01 
3.261950e-01 
4.058770e-01 
4.588510e-01 
4.422360e-01 
3.476140e-01 
2.466010e-01 
1.950530e-01 
1.641270e-01 
1.246070e-01 
2.679600e-02 
-7.755000e-02 
-1.817810e-01 
-2.638750e-01 
-2.527420e-01 
-2.040330e-01 
-2.088450e-01 
-2.496010e-01 
-2.529060e-01 
-2.193080e-01 
-1.865130e-01 
-1.708860e-01 
-1.512920e-01 
-1.312720e-01 
-1.023870e-01 
-5.755000e-02 
-3.681000e-02 
-1.234900e-02 
1.334700e-02 
5.599600e-02 
8.671500e-02 
7.890000e-02 
4.575600e-02 
-9.970000e-04 
-6.924900e-02 
-1.401400e-01 
-1.837610e-01 
-1.997300e-01 
-2.090340e-01 
-2.284130e-01 
-2.417100e-01 
-2.428540e-01 
-2.402880e-01 
-2.410450e-01 
-2.422280e-01 
-2.465490e-01 
-2.500850e-01 
-2.387890e-01 
-2.092360e-01 
-1.688110e-01 
-1.261620e-01 
-8.852200e-02 
-4.804500e-02 
-7.493000e-03 
2.063900e-02 
3.520100e-02 
4.240600e-02 
6.031200e-02 
7.776900e-02 
1.084470e-01 
1.686410e-01 
2.322550e-01 
2.772120e-01 
2.915440e-01 
2.655200e-01 
2.367150e-01 
2.340100e-01 
2.420620e-01 
2.522880e-01 
2.648300e-01 
2.441360e-01 
1.794520e-01 
1.202900e-01 
7.853100e-02 
3.851100e-02 
-2.440000e-03 
-2.702900e-02 
-3.185300e-02 
-4.380000e-02 
-3.857400e-02 
-5.465000e-03 
3.330400e-02 
5.749900e-02 
5.462600e-02 
2.411300e-02 
9.466000e-03 
9.252000e-03 
5.416000e-03 
-7.057000e-03 
-2.703900e-02 
-6.354700e-02 
-1.000680e-01 
-1.127110e-01 
-1.094590e-01 
-1.046010e-01 
-1.015840e-01 
-1.012820e-01 
-9.381300e-02 
-8.277500e-02 
-7.245400e-02 
-5.307300e-02 
-2.908000e-02 
-7.286000e-03 
1.516400e-02 
3.243400e-02 
3.271500e-02 
2.647800e-02 
2.342200e-02 
1.667200e-02 
2.645000e-03 
-1.447800e-02 
-3.104500e-02 
-4.682800e-02 
-6.360700e-02 
-7.555900e-02 
-7.997600e-02 
-7.595100e-02 
-7.356800e-02 
-6.354500e-02 
-3.353500e-02 
1.944900e-02 
8.107600e-02 
1.307270e-01 
1.735370e-01 
2.027600e-01 
2.229990e-01 
2.513300e-01 
2.779940e-01 
2.778650e-01 
2.647630e-01 
2.538750e-01 
2.418800e-01 
2.323140e-01 
2.229110e-01 
2.095720e-01 
1.756180e-01 
1.248720e-01 
5.912600e-02 
-1.493600e-02 
-7.756700e-02 
-1.141740e-01 
-1.241680e-01 
-1.271550e-01 
-1.425040e-01 
-1.672420e-01 
-1.626420e-01 
-1.302220e-01 
-1.075940e-01 
-1.010940e-01 
-9.364300e-02 
-8.753400e-02 
-8.503400e-02 
-8.212900e-02 
-7.830600e-02 
-8.277500e-02 
-9.155100e-02 
-9.198600e-02 
-9.353500e-02 
-1.013420e-01 
-1.088150e-01 
-1.084090e-01 
-1.071740e-01 
-1.065020e-01 
-8.901800e-02 
-6.312000e-02 
-3.659300e-02 
-2.014000e-03 
3.925700e-02 
6.012000e-02 
6.851700e-02 
8.713700e-02 
1.097510e-01 
1.135200e-01 
1.068450e-01 
1.012310e-01 
9.344400e-02 
9.241100e-02 
8.918800e-02 
7.574700e-02 
7.113200e-02 
7.622700e-02 
8.031400e-02 
6.556800e-02 
5.401500e-02 
4.989800e-02 
4.235800e-02 
3.736700e-02 
2.720300e-02 
1.190600e-02 
1.360400e-02 
1.605600e-02 
4.471000e-03 
-4.241000e-03 
-9.599000e-03 
-2.411700e-02 
-4.179600e-02 
-5.085400e-02 
-5.975500e-02 
-7.294900e-02 
-7.957000e-02 
-7.884500e-02 
-7.539100e-02 
-7.054500e-02 
-5.104700e-02 
-1.900700e-02 
1.064200e-02 
4.145400e-02 
6.611100e-02 
7.076600e-02 
6.637000e-02 
6.104600e-02 
5.722200e-02 
4.470800e-02 
2.715900e-02 
7.202000e-03 
-1.747100e-02 
-4.111800e-02 
-5.338300e-02 
-6.836500e-02 
-8.332100e-02 
-9.167000e-02 
-9.600100e-02 
-9.335100e-02 
-8.254400e-02 
-6.517700e-02 
-4.243400e-02 
-9.798000e-03 
3.060500e-02 
6.163800e-02 
7.454100e-02 
8.855400e-02 
1.110800e-01 
1.184820e-01 
1.121700e-01 
1.073540e-01 
9.557600e-02 
7.270700e-02 
4.343400e-02 
1.883400e-02 
2.582000e-03 
-4.775000e-03 
-1.702800e-02 
-2.442600e-02 
-2.284000e-02 
-1.915000e-02 
-8.187000e-03 
1.662300e-02 
3.691400e-02 
4.254500e-02 
4.127200e-02 
4.132700e-02 
4.435000e-02 
5.110700e-02 
5.029000e-02 
3.965200e-02 
3.078900e-02 
3.654500e-02 
4.461000e-02 
4.114200e-02 
4.361200e-02 
4.414700e-02 
4.361500e-02 
5.567400e-02 
6.922100e-02 
7.033400e-02 
6.621600e-02 
6.693800e-02 
6.534000e-02 
5.526100e-02 
3.664200e-02 
2.746400e-02 
1.807700e-02 
8.560000e-03 
-1.009700e-02 
-2.938000e-02 
-4.435300e-02 
-5.299300e-02 
-6.130200e-02 
-7.017700e-02 
-7.940300e-02 
-8.062900e-02 
-7.925200e-02 
-6.324900e-02 
-6.374500e-02 
-5.200600e-02 
-3.180800e-02 
-3.840400e-02 
-2.469600e-02 
-3.258000e-03 
1.407100e-02 
3.485000e-02 
5.366300e-02 
7.350600e-02 
8.695300e-02 
9.242000e-02 
9.412200e-02 
8.320900e-02 
7.389400e-02 
6.058900e-02 
4.094100e-02 
2.053500e-02 
1.121400e-02 
-5.303000e-03 
-1.917500e-02 
-2.962800e-02 
-3.189100e-02 
-3.874800e-02 
-5.103500e-02 
-4.780200e-02 
-4.369000e-02 
-5.200400e-02 
-5.623200e-02 
-5.364000e-02 
-5.897000e-02 
-6.700400e-02 
-6.696100e-02 
-6.815000e-02 
-6.358200e-02 
-3.846900e-02 
-2.538400e-02 
-1.463700e-02 
1.005300e-02 
2.563600e-02 
4.547100e-02 
5.829600e-02 
5.454600e-02 
5.203800e-02 
6.495200e-02 
6.877300e-02 
6.440200e-02 
5.385700e-02 
4.286600e-02 
3.041400e-02 
1.669500e-02 
1.036300e-02 
1.004900e-02 
4.962000e-03 
-1.022600e-02 
-1.949000e-03 
9.879000e-03 
2.887000e-03 
-2.195000e-03 
9.570000e-04 
-1.312000e-03 
-3.114000e-03 
-3.809000e-03 
-1.436600e-02 
-2.927400e-02 
-3.902500e-02 
-4.632200e-02 
-5.864900e-02 
-7.453900e-02 
-8.126400e-02 
-8.348000e-02 
-8.272700e-02 
-7.544600e-02 
-6.747400e-02 
-5.782800e-02 
-4.148000e-02 
-2.440100e-02 
-1.732400e-02 
-2.145700e-02 
-2.150000e-02 
-1.437700e-02 
-1.427800e-02 
-2.463600e-02 
-2.957600e-02 
-2.651900e-02 
-1.762500e-02 
7.810000e-04 
2.277100e-02 
4.623800e-02 
7.074200e-02 
8.454300e-02 
9.163600e-02 
1.006350e-01 
1.015120e-01 
8.994900e-02 
6.587700e-02 
3.426800e-02 
-4.152000e-03 
-4.413100e-02 
-6.143500e-02 
-6.975900e-02 
-7.862800e-02 
-8.770600e-02 
-1.035650e-01 
-1.086330e-01 
-9.574900e-02 
-8.534600e-02 
-8.446800e-02 
-8.098600e-02 
-6.775800e-02 
-5.112200e-02 
-4.254900e-02 
-3.684200e-02 
-4.008100e-02 
-4.310300e-02 
-4.539100e-02 
-5.078400e-02 
-5.803700e-02 
-6.809800e-02 
-6.942400e-02 
-6.375800e-02 
-6.165000e-02 
-6.119400e-02 
-5.519000e-02 
-4.836200e-02 
-3.952800e-02 
-3.769000e-02 
-3.974300e-02 
-4.020900e-02 
-3.567500e-02 
-3.676300e-02 
-3.947800e-02 
-4.060800e-02 
-4.243800e-02 
-4.662700e-02 
-4.591800e-02 
-3.801200e-02 
-3.080800e-02 
-2.291000e-02 
-8.653000e-03 
8.022000e-03 
1.706700e-02 
3.240000e-02 
4.633300e-02 
5.701600e-02 
6.279200e-02 
6.478300e-02 
6.419900e-02 
6.039800e-02 
5.207200e-02 
4.104100e-02 
3.211100e-02 
2.754400e-02 
2.525300e-02 
2.355300e-02 
2.875400e-02 
3.937100e-02 
4.781100e-02 
5.492900e-02 
6.552900e-02 
7.214500e-02 
7.505900e-02 
8.088100e-02 
8.656000e-02 
8.922400e-02 
8.801900e-02 
8.451300e-02 
8.032400e-02 
7.372300e-02 
6.701200e-02 
6.233200e-02 
5.578800e-02 
5.220200e-02 
5.034300e-02 
4.959500e-02 
4.292500e-02 
3.619100e-02 
3.501800e-02 
3.481300e-02 
3.034900e-02 
2.439200e-02 
1.685600e-02 
5.046000e-03 
-7.521000e-03 
-1.770500e-02 
-2.815400e-02 
-4.198600e-02 
-5.474400e-02 
-6.479800e-02 
-7.095700e-02 
-7.369100e-02 
-7.379000e-02 
-7.058600e-02 
-6.176800e-02 
-4.893600e-02 
-3.681400e-02 
-2.465500e-02 
-1.155500e-02 
2.717000e-03 
1.472900e-02 
2.417000e-02 
3.370800e-02 
3.856400e-02 
4.635700e-02 
4.502600e-02 
3.527800e-02 
2.885600e-02 
2.802200e-02 
2.097600e-02 
1.321200e-02 
1.151900e-02 
1.070300e-02 
8.796000e-03 
1.221000e-02 
1.690900e-02 
2.228400e-02 
2.857200e-02 
2.910200e-02 
2.778900e-02 
2.807800e-02 
2.796900e-02 
2.521300e-02 
2.054000e-02 
1.564100e-02 
6.446000e-03 
-4.845000e-03 
-1.325000e-02 
-1.924900e-02 
-2.677500e-02 
-3.757800e-02 
-4.386900e-02 
-4.911100e-02 
-5.281200e-02 
-5.960600e-02 
-6.618300e-02 
-7.186900e-02 
-7.586300e-02 
-8.187100e-02 
-8.527300e-02 
-8.599300e-02 
-8.864700e-02 
-8.897600e-02 
-8.322900e-02 
-7.607400e-02 
-7.391200e-02 
-7.400800e-02 
-7.316500e-02 
-7.468100e-02 
-7.638600e-02 
-7.563900e-02 
-7.382000e-02 
-6.996100e-02 
-6.016400e-02 
-4.473200e-02 
-2.930500e-02 
-1.377800e-02 
2.262000e-03 
1.473600e-02 
2.305500e-02 
2.817500e-02 
2.990100e-02 
2.841400e-02 
2.712800e-02 
2.318400e-02 
1.655500e-02 
9.690000e-03 
4.897000e-03 
2.412000e-03 
-1.407000e-03 
-5.969000e-03 
-5.918000e-03 
-4.213000e-03 
-5.829000e-03 
-6.358000e-03 
-4.113000e-03 
9.020000e-04 
7.477000e-03 
1.090100e-02 
1.080500e-02 
1.120700e-02 
1.034300e-02 
4.530000e-03 
-1.280000e-03 
-4.081000e-03 
-7.237000e-03 
-1.318400e-02 
-1.818000e-02 
-2.329500e-02 
-3.065500e-02 
-3.655600e-02 
-3.997400e-02 
-4.807500e-02 
-6.021000e-02 
-6.729400e-02 
-6.899300e-02 
-7.421400e-02 
-7.957600e-02 
-8.124700e-02 
-7.914100e-02 
-7.482600e-02 
-6.882800e-02 
-5.976900e-02 
-5.013000e-02 
-4.048400e-02 
-3.097000e-02 
-2.473100e-02 
-1.820100e-02 
-9.886000e-03 
-4.806000e-03 
-2.185000e-03 
2.862000e-03 
7.338000e-03 
8.503000e-03 
8.527000e-03 
6.618000e-03 
6.435000e-03 
8.566000e-03 
7.465000e-03 
7.820000e-03 
1.385900e-02 
1.721700e-02 
1.537000e-02 
1.473100e-02 
1.794600e-02 
1.928800e-02 
1.988100e-02 
1.908600e-02 
1.785100e-02 
1.591300e-02 
1.281800e-02 
7.079000e-03 
-2.835000e-03 
-1.435400e-02 
-2.360500e-02 
-3.274300e-02 
-4.447000e-02 
-4.931400e-02 
-4.788400e-02 
-4.900200e-02 
-4.763200e-02 
-3.905200e-02 
-2.984000e-02 
-2.203800e-02 
-1.117700e-02 
1.528000e-03 
1.045900e-02 
1.670900e-02 
2.390000e-02 
3.149400e-02 
3.656400e-02 
4.182400e-02 
4.720200e-02 
4.608900e-02 
4.196400e-02 
4.005900e-02 
3.569800e-02 
2.985800e-02 
2.761300e-02 
2.883400e-02 
2.621400e-02 
2.408400e-02 
2.735000e-02 
2.886000e-02 
2.806500e-02 
2.781700e-02 
2.344800e-02 
1.517500e-02 
6.005000e-03 
-3.877000e-03 
-1.366800e-02 
-2.012000e-02 
-2.689700e-02 
-3.301300e-02 
-3.626200e-02 
-3.850600e-02 
-4.116300e-02 
-4.367600e-02 
-4.340200e-02 
-4.258300e-02 
-4.242600e-02 
-3.938600e-02 
-3.437600e-02 
-2.877100e-02 
-2.015400e-02 
-9.890000e-03 
-5.173000e-03 
4.461000e-03 
1.587100e-02 
2.810600e-02 
3.674300e-02 
4.629500e-02 
5.738800e-02 
6.610500e-02 
7.449000e-02 
8.293300e-02 
8.926300e-02 
9.534300e-02 
1.018420e-01 
1.043710e-01 
1.002940e-01 
9.171700e-02 
7.882600e-02 
6.300000e-02 
4.403600e-02 
2.035600e-02 
-5.493000e-03 
-2.638200e-02 
-3.549800e-02 
-4.311100e-02 
-5.544500e-02 
-6.347700e-02 
-6.387800e-02 
-5.845400e-02 
-5.310900e-02 
-5.011400e-02 
-4.835400e-02 
-4.400200e-02 
-3.833100e-02 
-3.401700e-02 
-2.988800e-02 
-2.002100e-02 
-6.157000e-03 
8.376000e-03 
2.446600e-02 
3.778700e-02 
4.920200e-02 
6.019400e-02 
7.289900e-02 
8.117200e-02 
8.359300e-02 
9.066000e-02 
1.000250e-01 
1.032060e-01 
1.027850e-01 
1.031780e-01 
1.017600e-01 
9.850600e-02 
9.642800e-02 
9.280100e-02 
8.576000e-02 
7.832200e-02 
7.141500e-02 
6.246100e-02 
5.225400e-02 
4.315700e-02 
3.372200e-02 
2.875900e-02 
1.918900e-02 
7.908000e-03 
-3.238000e-03 
-1.176000e-02 
-2.062000e-02 
-2.808600e-02 
-3.194600e-02 
-3.554100e-02 
-3.888200e-02 
-3.911800e-02 
-3.837900e-02 
-3.932100e-02 
-4.090600e-02 
-3.909100e-02 
-3.547800e-02 
-2.942900e-02 
-1.833200e-02 
-9.417000e-03 
-5.534000e-03 
-4.890000e-04 
4.257000e-03 
5.920000e-03 
8.236000e-03 
1.107100e-02 
1.245000e-02 
1.427800e-02 
1.685300e-02 
2.095700e-02 
2.617800e-02 
2.953800e-02 
2.963800e-02 
2.888800e-02 
3.005400e-02 
2.948700e-02 
2.579100e-02 
2.291400e-02 
2.221600e-02 
1.942400e-02 
1.553800e-02 
1.332100e-02 
1.144600e-02 
7.576000e-03 
3.023000e-03 
-1.602000e-03 
-7.466000e-03 
-1.254900e-02 
-1.798000e-02 
-2.403100e-02 
-3.040900e-02 
-3.582300e-02 
-3.879100e-02 
-4.002400e-02 
-4.114000e-02 
-4.405700e-02 
-4.786900e-02 
-5.098900e-02 
-5.465000e-02 
-5.708100e-02 
-5.740300e-02 
-5.896800e-02 
-6.015300e-02 
-6.005000e-02 
-6.020700e-02 
-6.167300e-02 
-6.358800e-02 
-6.300100e-02 
-6.006100e-02 
-5.678000e-02 
-5.453300e-02 
-4.859300e-02 
-3.773500e-02 
-2.722300e-02 
-1.607200e-02 
-2.822000e-03 
9.288000e-03 
2.115200e-02 
2.975100e-02 
3.533600e-02 
4.126000e-02 
4.600800e-02 
4.817000e-02 
4.825700e-02 
4.779600e-02 
4.846700e-02 
4.669600e-02 
4.176500e-02 
3.544700e-02 
2.959800e-02 
2.566800e-02 
2.445500e-02 
2.384700e-02 
2.328300e-02 
2.311700e-02 
2.475900e-02 
2.988500e-02 
3.118300e-02 
3.164000e-02 
3.257900e-02 
3.003400e-02 
2.932000e-02 
3.247400e-02 
3.586200e-02 
3.669100e-02 
3.941200e-02 
4.085400e-02 
4.091700e-02 
4.130900e-02 
4.306400e-02 
4.574400e-02 
4.835900e-02 
5.149600e-02 
5.409600e-02 
5.771700e-02 
6.095700e-02 
5.940500e-02 
5.300800e-02 
4.595500e-02 
3.817000e-02 
2.835200e-02 
1.831000e-02 
1.120000e-02 
5.976000e-03 
3.418000e-03 
-2.980000e-04 
-4.074000e-03 
-9.366000e-03 
-1.283100e-02 
-1.398600e-02 
-1.624500e-02 
-1.991600e-02 
-2.260100e-02 
-2.520500e-02 
-2.847000e-02 
-2.724400e-02 
-2.184200e-02 
-1.726600e-02 
-1.224700e-02 
-3.342000e-03 
4.023000e-03 
8.955000e-03 
1.437600e-02 
1.983800e-02 
2.482600e-02 
3.004600e-02 
3.409900e-02 
3.678900e-02 
3.891500e-02 
3.908200e-02 
3.609400e-02 
3.129300e-02 
2.300500e-02 
1.028900e-02 
-2.001000e-03 
-7.813000e-03 
-1.971500e-02 
-3.292400e-02 
-4.278500e-02 
-4.815300e-02 
-5.205900e-02 
-5.409700e-02 
-5.331300e-02 
-5.175500e-02 
-4.958700e-02 
-4.625800e-02 
-4.219800e-02 
-3.637800e-02 
-3.021700e-02 
-2.208100e-02 
-1.198200e-02 
-2.476000e-03 
3.410000e-03 
7.339000e-03 
1.159200e-02 
1.508300e-02 
1.608600e-02 
1.147300e-02 
5.651000e-03 
2.015000e-03 
-2.205000e-03 
-8.559000e-03 
-1.439200e-02 
-2.145000e-02 
-2.787300e-02 
-3.229100e-02 
-3.354300e-02 
-3.547400e-02 
-3.681900e-02 
-3.626300e-02 
-3.232800e-02 
-2.882000e-02 
-2.748500e-02 
-2.660200e-02 
-2.512700e-02 
-2.512200e-02 
-2.468900e-02 
-2.250200e-02 
-2.031200e-02 
-1.770200e-02 
-1.322700e-02 
-8.090000e-03 
-3.827000e-03 
3.153000e-03 
1.156100e-02 
1.335900e-02 
1.211300e-02 
1.146900e-02 
8.763000e-03 
3.628000e-03 
-2.221000e-03 
-7.326000e-03 
-1.326300e-02 
-1.752600e-02 
-2.030000e-02 
-2.155900e-02 
-2.123000e-02 
-1.990600e-02 
-1.819800e-02 
-1.745500e-02 
-1.690400e-02 
-1.459700e-02 
-1.108200e-02 
-8.524000e-03 
-8.865000e-03 
-1.225600e-02 
-1.644200e-02 
-1.853600e-02 
-1.914500e-02 
-1.995700e-02 
-1.976300e-02 
-1.728300e-02 
-1.227100e-02 
-6.137000e-03 
-9.890000e-04 
3.126000e-03 
8.303000e-03 
1.244000e-02 
1.194500e-02 
9.746000e-03 
8.063000e-03 
3.005000e-03 
-3.010000e-03 
-9.195000e-03 
-1.648000e-02 
-2.386400e-02 
-2.825900e-02 
-3.104900e-02 
-3.217100e-02 
-3.288600e-02 
-2.960100e-02 
-2.312500e-02 
-1.711400e-02 
-1.229800e-02 
-7.309000e-03 
-3.888000e-03 
-1.196000e-03 
1.445000e-03 
3.841000e-03 
5.661000e-03 
9.016000e-03 
1.351000e-02 
1.613600e-02 
1.850400e-02 
2.100800e-02 
2.200200e-02 
2.197900e-02 
2.224200e-02 
2.261100e-02 
2.299100e-02 
2.377900e-02 
2.427300e-02 
2.439900e-02 
2.301300e-02 
1.966100e-02 
1.353900e-02 
6.028000e-03 
-9.950000e-04 
-3.737000e-03 
-8.715000e-03 
-1.263600e-02 
-1.725400e-02 
-2.237900e-02 
-2.544000e-02 
-2.746200e-02 
-3.006200e-02 
-3.291000e-02 
-3.471200e-02 
-3.501700e-02 
-3.425100e-02 
-3.168000e-02 
-2.812400e-02 
-2.296700e-02 
-1.601200e-02 
-9.147000e-03 
-2.949000e-03 
1.933000e-03 
5.175000e-03 
6.419000e-03 
5.537000e-03 
2.746000e-03 
-6.840000e-04 
-2.726000e-03 
-2.296000e-03 
8.340000e-04 
6.809000e-03 
1.378300e-02 
2.121800e-02 
2.417300e-02 
2.729700e-02 
2.871500e-02 
2.991200e-02 
3.052900e-02 
3.167700e-02 
3.238700e-02 
3.436100e-02 
3.971900e-02 
4.529900e-02 
4.827600e-02 
4.977100e-02 
4.949900e-02 
4.779100e-02 
4.557400e-02 
4.162300e-02 
3.563600e-02 
2.872900e-02 
2.294400e-02 
1.774500e-02 
1.442100e-02 
1.355500e-02 
1.080400e-02 
8.630000e-03 
8.837000e-03 
7.459000e-03 
4.889000e-03 
3.809000e-03 
2.311000e-03 
-2.400000e-04 
-2.551000e-03 
-3.396000e-03 
-4.560000e-03 
-5.824000e-03 
-6.815000e-03 
-8.467000e-03 
-1.072400e-02 
-1.195700e-02 
-1.245900e-02 
-1.144800e-02 
-9.578000e-03 
-9.441000e-03 
-1.125100e-02 
-1.265200e-02 
-1.429600e-02 
-1.658600e-02 
-1.810800e-02 
-1.859700e-02 
-1.794500e-02 
-1.555900e-02 
-1.334700e-02 
-1.151300e-02 
-8.407000e-03 
-5.386000e-03 
-4.496000e-03 
-1.891000e-03 
2.715000e-03 
4.669000e-03 
6.005000e-03 
7.290000e-03 
6.891000e-03 
6.203000e-03 
4.486000e-03 
2.121000e-03 
-3.530000e-04 
-2.247000e-03 
-2.970000e-03 
-1.544000e-03 
2.831000e-03 
7.707000e-03 
1.239000e-02 
1.691200e-02 
2.095000e-02 
2.326600e-02 
2.169000e-02 
1.736900e-02 
1.191900e-02 
4.795000e-03 
-2.923000e-03 
-7.876000e-03 
-1.101000e-02 
-1.281800e-02 
-1.344200e-02 
-1.193700e-02 
-9.147000e-03 
-4.484000e-03 
1.928000e-03 
5.660000e-03 
7.315000e-03 
8.490000e-03 
7.503000e-03 
3.070000e-03 
8.600000e-05 
-5.065000e-03 
-1.154700e-02 
-1.985700e-02 
-2.763200e-02 
-3.293500e-02 
-3.706500e-02 
-4.075900e-02 
-4.205700e-02 
-4.243000e-02 
-4.225000e-02 
-4.070100e-02 
-3.856800e-02 
-3.662100e-02 
-3.445400e-02 
-3.033800e-02 
-2.578000e-02 
-2.240000e-02 
-1.744400e-02 
-1.107300e-02 
-6.055000e-03 
-2.489000e-03 
2.280000e-04 
1.396000e-03 
1.354000e-03 
4.580000e-04 
2.290000e-04 
1.411000e-03 
3.698000e-03 
7.863000e-03 
1.059000e-02 
1.713100e-02 
2.311100e-02 
2.875700e-02 
3.340000e-02 
3.635100e-02 
3.824100e-02 
3.853700e-02 
3.740200e-02 
3.466700e-02 
2.945100e-02 
2.341900e-02 
1.813800e-02 
1.349100e-02 
1.011400e-02 
7.374000e-03 
4.608000e-03 
4.002000e-03 
4.821000e-03 
4.075000e-03 
2.919000e-03 
1.951000e-03 
8.850000e-04 
-8.300000e-05 
-3.680000e-04 
-4.230000e-04 
-1.300000e-04 
1.302000e-03 
2.678000e-03 
3.409000e-03 
5.325000e-03 
6.124000e-03 
6.700000e-03 
7.348000e-03 
9.409000e-03 
1.270900e-02 
1.659400e-02 
2.066300e-02 
2.460200e-02 
2.781600e-02 
3.008400e-02 
3.221600e-02 
3.280400e-02 
3.127800e-02 
2.945300e-02 
2.717500e-02 
2.425000e-02 
2.247900e-02 
2.160000e-02 
2.056000e-02 
1.942900e-02 
1.830000e-02 
1.691100e-02 
1.470400e-02 
1.336700e-02 
1.317100e-02 
1.290800e-02 
1.217700e-02 
1.197300e-02 
1.237000e-02 
1.074400e-02 
9.197000e-03 
5.692000e-03 
1.203000e-03 
-4.940000e-03 
-1.062000e-02 
-1.646600e-02 
-2.172700e-02 
-2.636300e-02 
-3.049000e-02 
-3.343900e-02 
-3.521700e-02 
-3.579200e-02 
-3.512200e-02 
-3.466400e-02 
-3.414700e-02 
-3.231400e-02 
-3.065700e-02 
-2.991200e-02 
-2.905200e-02 
-2.742800e-02 
-2.571900e-02 
-2.401900e-02 
-2.126300e-02 
-1.838600e-02 
-1.523400e-02 
-1.067200e-02 
-5.400000e-03 
1.460000e-04 
5.919000e-03 
1.094900e-02 
1.497600e-02 
1.647600e-02 
1.908900e-02 
1.979600e-02 
1.782100e-02 
1.477800e-02 
1.000400e-02 
4.847000e-03 
1.278000e-03 
-1.834000e-03 
-5.365000e-03 
-7.727000e-03 
-7.621000e-03 
-7.413000e-03 
-6.815000e-03 
-5.026000e-03 
-2.931000e-03 
-5.850000e-04 
1.367000e-03 
3.541000e-03 
4.638000e-03 
3.723000e-03 
2.620000e-03 
3.282000e-03 
4.405000e-03 
5.113000e-03 
6.446000e-03 
6.433000e-03 
5.763000e-03 
3.590000e-03 
7.180000e-04 
-6.490000e-04 
-4.207000e-03 
-8.888000e-03 
-1.060300e-02 
-1.062800e-02 
-1.137000e-02 
-1.043100e-02 
-8.682000e-03 
-7.771000e-03 
-6.874000e-03 
-6.103000e-03 
-6.331000e-03 
-7.578000e-03 
-8.662000e-03 
-9.867000e-03 
-1.196800e-02 
-1.268600e-02 
-1.193300e-02 
-1.182400e-02 
-1.189300e-02 
-1.128000e-02 
-1.006500e-02 
-7.991000e-03 
-6.081000e-03 
-3.862000e-03 
-6.990000e-04 
3.003000e-03 
4.968000e-03 
7.046000e-03 
8.614000e-03 
6.746000e-03 
5.780000e-03 
5.577000e-03 
4.170000e-03 
1.837000e-03 
2.483000e-03 
3.496000e-03 
3.071000e-03 
3.821000e-03 
5.750000e-03 
6.873000e-03 
7.474000e-03 
9.230000e-03 
1.128800e-02 
1.184900e-02 
1.214200e-02 
1.207800e-02 
1.018900e-02 
6.565000e-03 
2.613000e-03 
-1.648000e-03 
-4.913000e-03 
-6.178000e-03 
-6.675000e-03 
-6.278000e-03 
-3.838000e-03 
-2.153000e-03 
-1.082000e-03 
1.101000e-03 
1.987000e-03 
2.452000e-03 
2.838000e-03 
2.238000e-03 
1.760000e-03 
3.200000e-03 
4.671000e-03 
5.073000e-03 
6.826000e-03 
8.502000e-03 
7.687000e-03 
6.227000e-03 
4.750000e-03 
2.435000e-03 
1.380000e-04 
-1.433000e-03 
-2.096000e-03 
-2.323000e-03 
-1.195000e-03 
7.800000e-04 
1.749000e-03 
2.454000e-03 
3.339000e-03 
3.349000e-03 
2.102000e-03 
5.240000e-04 
-2.600000e-05 
4.990000e-04 
3.370000e-04 
1.581000e-03 
4.476000e-03 
6.961000e-03 
9.048000e-03 
1.005800e-02 
1.159900e-02 
1.241500e-02 
1.258000e-02 
1.295000e-02 
1.256100e-02 
1.185000e-02 
1.160800e-02 
1.067200e-02 
8.914000e-03 
7.309000e-03 
5.393000e-03 
1.598000e-03 
-3.642000e-03 
-8.156000e-03 
-1.212300e-02 
-1.503100e-02 
-1.673600e-02 
-1.831400e-02 
-1.857500e-02 
-1.732500e-02 
-1.589900e-02 
-1.361400e-02 
-1.018400e-02 
-7.138000e-03 
-4.619000e-03 
-1.938000e-03 
2.109000e-03 
5.611000e-03 
6.354000e-03 
6.153000e-03 
6.642000e-03 
6.653000e-03 
5.246000e-03 
4.734000e-03 
4.144000e-03 
2.446000e-03 
1.435000e-03 
2.109000e-03 
3.240000e-03 
4.121000e-03 
4.985000e-03 
5.195000e-03 
4.678000e-03 
4.866000e-03 
4.749000e-03 
4.090000e-03 
4.742000e-03 
5.641000e-03 
5.986000e-03 
6.902000e-03 
8.018000e-03 
9.207000e-03 
9.875000e-03 
9.990000e-03 
1.025400e-02 
1.078400e-02 
1.159600e-02 
1.229800e-02 
1.250600e-02 
1.262600e-02 
1.311800e-02 
1.347300e-02 
1.267300e-02 
1.045700e-02 
8.322000e-03 
6.147000e-03 
3.601000e-03 
1.538000e-03 
1.890000e-04 
-5.200000e-04 
-7.650000e-04 
-1.830000e-03 
-3.113000e-03 
-4.029000e-03 
-6.008000e-03 
-8.472000e-03 
-9.296000e-03 
-9.600000e-03 
-9.590000e-03 
-8.657000e-03 
-7.338000e-03 
-6.420000e-03 
-5.536000e-03 
-3.815000e-03 
-3.198000e-03 
-3.926000e-03 
-4.232000e-03 
-4.739000e-03 
-6.613000e-03 
-7.622000e-03 
-8.822000e-03 
-9.558000e-03 
-1.022700e-02 
-1.062200e-02 
-1.018900e-02 
-1.061600e-02 
-1.189000e-02 
-1.249800e-02 
-1.301900e-02 
-1.401100e-02 
-1.456200e-02 
-1.493600e-02 
-1.530800e-02 
-1.510500e-02 
-1.333400e-02 
-1.083500e-02 
-8.100000e-03 
-4.906000e-03 
-2.627000e-03 
-1.388000e-03 
3.740000e-04 
1.805000e-03 
2.539000e-03 
2.856000e-03 
3.171000e-03 
3.559000e-03 
3.044000e-03 
2.724000e-03 
3.542000e-03 
3.711000e-03 
3.499000e-03 
2.997000e-03 
2.122000e-03 
4.750000e-04 
-1.382000e-03 
-2.772000e-03 
-4.384000e-03 
-6.474000e-03 
-8.149000e-03 
-9.149000e-03 
-1.015600e-02 
-1.056000e-02 
-1.006300e-02 
-9.012000e-03 
-7.406000e-03 
-5.343000e-03 
-3.060000e-03 
-1.286000e-03 
1.000000e-05 
1.585000e-03 
2.779000e-03 
3.298000e-03 
4.638000e-03 
5.785000e-03 
6.044000e-03 
6.688000e-03 
7.292000e-03 
6.245000e-03 
3.821000e-03 
8.640000e-04 
-7.830000e-04 
-4.019000e-03 
-7.471000e-03 
-9.936000e-03 
-1.165300e-02 
-1.280100e-02 
-1.299900e-02 
-1.193400e-02 
-9.956000e-03 
-7.280000e-03 
-4.157000e-03 
-3.410000e-04 
2.587000e-03 
4.314000e-03 
5.983000e-03 
5.972000e-03 
5.171000e-03 
4.932000e-03 
4.397000e-03 
3.324000e-03 
2.556000e-03 
1.217000e-03 
-9.130000e-04 
-2.148000e-03 
-3.081000e-03 
-3.373000e-03 
-2.383000e-03 
-4.800000e-05 
2.312000e-03 
5.080000e-03 
9.025000e-03 
1.077300e-02 
1.305000e-02 
1.482200e-02 
1.680700e-02 
1.787200e-02 
1.849500e-02 
1.929800e-02 
1.921300e-02 
1.926500e-02 
1.971000e-02 
1.951900e-02 
1.944900e-02 
1.937700e-02 
1.817300e-02 
1.629600e-02 
1.485500e-02 
1.346600e-02 
1.101500e-02 
9.250000e-03 
7.768000e-03 
5.254000e-03 
2.671000e-03 
9.800000e-04 
-5.520000e-04 
-1.225000e-03 
-6.100000e-05 
1.788000e-03 
3.555000e-03 
5.798000e-03 
7.620000e-03 
7.856000e-03 
7.564000e-03 
6.763000e-03 
4.479000e-03 
1.450000e-03 
-1.031000e-03 
-3.000000e-03 
-4.371000e-03 
-4.554000e-03 
-4.324000e-03 
-4.752000e-03 
-4.805000e-03 
-5.131000e-03 
-5.611000e-03 
-5.874000e-03 
-6.749000e-03 
-8.182000e-03 
-9.474000e-03 
-1.068700e-02 
-1.213100e-02 
-1.265600e-02 
-1.314600e-02 
-1.417400e-02 
-1.485700e-02 
-1.537000e-02 
-1.712100e-02 
-1.902300e-02 
-2.010600e-02 
-2.156300e-02 
-2.249500e-02 
-2.237800e-02 
-2.172000e-02 
-1.976400e-02 
-1.682800e-02 
-1.329900e-02 
-9.547000e-03 
-5.778000e-03 
-1.876000e-03 
1.719000e-03 
4.232000e-03 
5.878000e-03 
6.828000e-03 
7.046000e-03 
6.802000e-03 
6.893000e-03 
7.577000e-03 
8.533000e-03 
1.006900e-02 
1.144900e-02 
1.271400e-02 
1.392700e-02 
1.484900e-02 
1.516400e-02 
1.478600e-02 
1.404600e-02 
1.376000e-02 
1.375500e-02 
1.380500e-02 
1.414100e-02 
1.474100e-02 
1.553500e-02 
1.581400e-02 
1.642000e-02 
1.636500e-02 
1.496700e-02 
1.277500e-02 
1.121300e-02 
9.239000e-03 
5.584000e-03 
1.786000e-03 
-1.644000e-03 
-5.205000e-03 
-8.175000e-03 
-1.070800e-02 
-1.284700e-02 
-1.415300e-02 
-1.391200e-02 
-1.266400e-02 
-1.100600e-02 
-9.311000e-03 
-8.055000e-03 
-7.649000e-03 
-8.290000e-03 
-9.045000e-03 
-9.878000e-03 
-1.131300e-02 
-1.308100e-02 
-1.465200e-02 
-1.586300e-02 
-1.669700e-02 
-1.740700e-02 
-1.837500e-02 
-1.859900e-02 
-1.887100e-02 
-1.881700e-02 
-1.837300e-02 
-1.735700e-02 
-1.637400e-02 
-1.555600e-02 
-1.504500e-02 
-1.527500e-02 
-1.587400e-02 
-1.647200e-02 
-1.724600e-02 
-1.772000e-02 
-1.736600e-02 
-1.625400e-02 
-1.461700e-02 
-1.204400e-02 
-8.630000e-03 
-4.947000e-03 
-1.709000e-03 
1.674000e-03 
3.908000e-03 
4.985000e-03 
5.781000e-03 
6.158000e-03 
5.656000e-03 
4.697000e-03 
3.448000e-03 
1.816000e-03 
2.920000e-04 
-9.430000e-04 
-1.525000e-03 
-2.398000e-03 
-2.703000e-03 
-2.143000e-03 
-5.180000e-04 
1.010000e-03 
2.044000e-03 
3.228000e-03 
3.887000e-03 
3.709000e-03 
3.009000e-03 
1.765000e-03 
1.110000e-04 
-1.352000e-03 
-2.282000e-03 
-3.156000e-03 
-3.932000e-03 
-4.514000e-03 
-4.953000e-03 
-5.669000e-03 
-6.519000e-03 
-7.034000e-03 
-6.989000e-03 
-6.832000e-03 
-6.629000e-03 
-6.029000e-03 
-4.966000e-03 
-3.857000e-03 
-3.422000e-03 
-3.257000e-03 
-3.337000e-03 
-3.439000e-03 
-2.906000e-03 
-2.486000e-03 
-1.445000e-03 
2.710000e-04 
2.485000e-03 
4.653000e-03 
6.537000e-03 
8.017000e-03 
8.912000e-03 
8.824000e-03 
7.877000e-03 
6.950000e-03 
5.752000e-03 
4.249000e-03 
2.877000e-03 
1.061000e-03 
-1.300000e-03 
-3.168000e-03 
-4.942000e-03 
-6.635000e-03 
-7.820000e-03 
-8.620000e-03 
-8.878000e-03 
-8.462000e-03 
-7.605000e-03 
-7.055000e-03 
-6.667000e-03 
-6.726000e-03 
-7.150000e-03 
-7.356000e-03 
-7.549000e-03 
-7.765000e-03 
-8.359000e-03 
-8.666000e-03 
-8.559000e-03 
-8.682000e-03 
-8.803000e-03 
-8.472000e-03 
-8.317000e-03 
-8.107000e-03 
-6.911000e-03 
-4.485000e-03 
-1.129000e-03 
2.890000e-03 
7.201000e-03 
1.165900e-02 
1.519000e-02 
1.766500e-02 
1.965900e-02 
2.071700e-02 
2.062600e-02 
1.939200e-02 
1.785200e-02 
1.668300e-02 
1.555200e-02 
1.433400e-02 
1.347800e-02 
1.273400e-02 
1.230000e-02 
1.226700e-02 
1.213000e-02 
1.204200e-02 
1.220100e-02 
1.264000e-02 
1.274600e-02 
1.274100e-02 
1.296400e-02 
1.272000e-02 
1.178400e-02 
1.066400e-02 
9.250000e-03 
7.620000e-03 
6.347000e-03 
5.195000e-03 
4.753000e-03 
5.450000e-03 
6.602000e-03 
7.898000e-03 
9.720000e-03 
1.171800e-02 
1.314700e-02 
1.419600e-02 
1.516300e-02 
1.521400e-02 
1.455000e-02 
1.431100e-02 
1.406800e-02 
1.346800e-02 
1.313800e-02 
1.351400e-02 
1.358700e-02 
1.328400e-02 
1.301300e-02 
1.270900e-02 
1.250400e-02 
1.210500e-02 
1.162700e-02 
1.133200e-02 
1.103400e-02 
1.066900e-02 
1.010300e-02 
9.384000e-03 
8.507000e-03 
7.412000e-03 
5.998000e-03 
4.486000e-03 
3.304000e-03 
2.382000e-03 
1.296000e-03 
3.500000e-04 
-1.940000e-04 
-4.600000e-04 
-9.270000e-04 
-1.409000e-03 
-1.657000e-03 
-2.139000e-03 
-2.491000e-03 
-2.383000e-03 
-2.182000e-03 
-2.120000e-03 
-1.632000e-03 
-1.011000e-03 
-5.950000e-04 
-2.100000e-04 
1.156000e-03 
2.155000e-03 
2.339000e-03 
2.782000e-03 
2.793000e-03 
2.148000e-03 
1.577000e-03 
5.760000e-04 
-1.174000e-03 
-2.704000e-03 
-3.809000e-03 
-4.866000e-03 
-5.374000e-03 
-5.177000e-03 
-4.960000e-03 
-4.318000e-03 
-3.296000e-03 
-2.569000e-03 
-1.856000e-03 
-1.340000e-03 
-1.659000e-03 
-2.585000e-03 
-4.000000e-03 
-6.071000e-03 
-8.349000e-03 
-1.127000e-02 
-1.429000e-02 
-1.692500e-02 
-1.929900e-02 
-2.133800e-02 
-2.254300e-02 
-2.271500e-02 
-2.246500e-02 
-2.175200e-02 
-2.125500e-02 
-2.083100e-02 
-1.993200e-02 
-1.918200e-02 
-1.884600e-02 
-1.816700e-02 
-1.681900e-02 
-1.573000e-02 
-1.450700e-02 
-1.257200e-02 
-1.049000e-02 
-8.535000e-03 
-6.603000e-03 
-5.199000e-03 
-5.384000e-03 
-5.886000e-03 
-6.027000e-03 
-7.344000e-03 
-9.077000e-03 
-9.849000e-03 
-1.026100e-02 
-1.074900e-02 
-1.007200e-02 
-8.916000e-03 
-7.827000e-03 
-6.510000e-03 
-5.030000e-03 
-4.280000e-03 
-4.399000e-03 
-5.015000e-03 
-5.159000e-03 
-6.357000e-03 
-8.375000e-03 
-9.638000e-03 
-1.100800e-02 
-1.281300e-02 
-1.364800e-02 
-1.351600e-02 
-1.282600e-02 
-1.186500e-02 
-9.818000e-03 
-7.752000e-03 
-5.803000e-03 
-2.879000e-03 
1.580000e-04 
2.145000e-03 
3.666000e-03 
5.168000e-03 
6.221000e-03 
6.659000e-03 
6.623000e-03 
5.965000e-03 
4.884000e-03 
4.142000e-03 
3.480000e-03 
2.843000e-03 
2.186000e-03 
1.853000e-03 
1.726000e-03 
1.168000e-03 
2.370000e-04 
5.700000e-05 
2.950000e-04 
3.360000e-04 
7.740000e-04 
1.316000e-03 
1.664000e-03 
1.534000e-03 
1.249000e-03 
3.280000e-04 
-5.390000e-04 
-7.520000e-04 
-1.047000e-03 
-1.084000e-03 
-5.010000e-04 
-1.410000e-04 
5.580000e-04 
1.923000e-03 
3.290000e-03 
4.598000e-03 
6.101000e-03 
7.660000e-03 
8.976000e-03 
1.010600e-02 
1.062700e-02 
1.042000e-02 
1.014200e-02 
9.574000e-03 
9.085000e-03 
7.885000e-03 
6.770000e-03 
5.870000e-03 
4.579000e-03 
3.155000e-03 
1.645000e-03 
6.100000e-05 
-9.910000e-04 
-1.735000e-03 
-2.748000e-03 
-3.693000e-03 
-4.017000e-03 
-4.621000e-03 
-5.660000e-03 
-6.132000e-03 
-6.162000e-03 
-6.824000e-03 
-7.696000e-03 
-7.619000e-03 
-7.521000e-03 
-7.375000e-03 
-6.450000e-03 
-5.410000e-03 
-4.064000e-03 
-2.100000e-03 
1.470000e-04 
2.163000e-03 
3.956000e-03 
5.415000e-03 
6.252000e-03 
6.255000e-03 
5.997000e-03 
5.885000e-03 
5.710000e-03 
4.964000e-03 
4.128000e-03 
3.981000e-03 
3.959000e-03 
3.409000e-03 
3.065000e-03 
2.948000e-03 
2.755000e-03 
2.555000e-03 
2.584000e-03 
2.613000e-03 
2.478000e-03 
2.390000e-03 
2.089000e-03 
1.330000e-03 
3.080000e-04 
-8.870000e-04 
-2.177000e-03 
-3.247000e-03 
-3.804000e-03 
-4.273000e-03 
-4.741000e-03 
-4.572000e-03 
-4.281000e-03 
-4.461000e-03 
-4.436000e-03 
-4.230000e-03 
-3.900000e-03 
-3.898000e-03 
-4.460000e-03 
-4.779000e-03 
-4.482000e-03 
-4.281000e-03 
-3.808000e-03 
-2.766000e-03 
-2.026000e-03 
-9.860000e-04 
5.120000e-04 
1.313000e-03 
1.881000e-03 
2.444000e-03 
2.144000e-03 
1.451000e-03 
1.473000e-03 
1.319000e-03 
7.230000e-04 
5.220000e-04 
4.430000e-04 
3.320000e-04 
5.280000e-04 
9.590000e-04 
1.664000e-03 
2.794000e-03 
3.642000e-03 
4.279000e-03 
4.872000e-03 
5.118000e-03 
5.030000e-03 
4.598000e-03 
3.761000e-03 
3.184000e-03 
3.001000e-03 
3.398000e-03 
4.573000e-03 
6.009000e-03 
7.770000e-03 
9.534000e-03 
1.047700e-02 
1.045700e-02 
1.012700e-02 
9.628000e-03 
8.909000e-03 
7.951000e-03 
7.010000e-03 
6.422000e-03 
6.581000e-03 
7.150000e-03 
6.880000e-03 
6.440000e-03 
6.565000e-03 
5.944000e-03 
5.061000e-03 
4.082000e-03 
3.102000e-03 
2.292000e-03 
1.212000e-03 
3.500000e-04 
1.900000e-04 
-1.080000e-04 
-5.400000e-04 
-1.063000e-03 
-1.932000e-03 
-2.433000e-03 
-2.438000e-03 
-2.122000e-03 
-1.222000e-03 
-6.000000e-06 
1.207000e-03 
2.425000e-03 
3.255000e-03 
3.164000e-03 
2.577000e-03 
1.696000e-03 
-9.100000e-05 
-2.050000e-03 
-3.756000e-03 
-5.162000e-03 
-5.907000e-03 
-6.330000e-03 
-6.695000e-03 
-6.675000e-03 
-6.307000e-03 
-5.981000e-03 
-5.765000e-03 
-5.503000e-03 
-5.493000e-03 
-5.702000e-03 
-5.786000e-03 
-5.809000e-03 
-5.567000e-03 
-5.265000e-03 
-4.954000e-03 
-4.831000e-03 
-4.880000e-03 
-5.219000e-03 
-5.945000e-03 
-6.606000e-03 
-6.661000e-03 
-6.373000e-03 
-5.912000e-03 
-5.203000e-03 
-4.417000e-03 
-3.471000e-03 
-2.793000e-03 
-2.816000e-03 
-2.499000e-03 
-2.074000e-03 
-2.281000e-03 
-2.396000e-03 
-2.068000e-03 
-1.923000e-03 
-1.865000e-03 
-1.550000e-03 
-1.757000e-03 
-2.319000e-03 
-2.801000e-03 
-3.216000e-03 
-3.365000e-03 
-3.636000e-03 
-3.676000e-03 
-3.434000e-03 
-3.065000e-03 
-2.293000e-03 
-1.316000e-03 
-2.210000e-04 
9.230000e-04 
1.920000e-03 
2.693000e-03 
3.193000e-03 
3.792000e-03 
4.178000e-03 
4.239000e-03 
4.134000e-03 
4.197000e-03 
3.834000e-03 
3.531000e-03 
3.359000e-03 
3.027000e-03 
2.735000e-03 
2.288000e-03 
1.889000e-03 
1.314000e-03 
3.940000e-04 
-2.370000e-04 
-6.380000e-04 
-1.166000e-03 
-1.160000e-03 
-1.051000e-03 
-1.363000e-03 
-1.565000e-03 
-1.754000e-03 
-1.549000e-03 
-1.147000e-03 
-4.350000e-04 
7.540000e-04 
2.444000e-03 
4.057000e-03 
5.852000e-03 
7.831000e-03 
9.507000e-03 
1.120600e-02 
1.263400e-02 
1.376600e-02 
1.499900e-02 
1.564800e-02 
1.539900e-02 
1.463500e-02 
1.361900e-02 
1.232900e-02 
1.090900e-02 
1.001300e-02 
9.337000e-03 
8.815000e-03 
8.743000e-03 
8.607000e-03 
8.284000e-03 
7.992000e-03 
7.481000e-03 
6.489000e-03 
5.847000e-03 
4.747000e-03 
3.893000e-03 
2.990000e-03 
1.652000e-03 
9.680000e-04 
6.860000e-04 
1.400000e-05 
-1.810000e-04 
1.170000e-04 
2.050000e-04 
4.530000e-04 
7.030000e-04 
4.720000e-04 
-1.830000e-04 
-9.010000e-04 
-1.642000e-03 
-2.652000e-03 
-3.570000e-03 
-3.992000e-03 
-4.023000e-03 
-3.599000e-03 
-2.900000e-03 
-1.889000e-03 
-9.870000e-04 
-1.680000e-04 
3.400000e-04 
3.180000e-04 
-2.200000e-04 
-9.190000e-04 
-1.356000e-03 
-2.307000e-03 
-3.125000e-03 
-3.555000e-03 
-3.791000e-03 
-3.777000e-03 
-3.565000e-03 
-2.968000e-03 
-2.275000e-03 
-1.603000e-03 
-8.130000e-04 
2.000000e-05 
7.050000e-04 
1.418000e-03 
2.246000e-03 
2.739000e-03 
2.786000e-03 
2.625000e-03 
1.777000e-03 
2.530000e-04 
-1.143000e-03 
-2.472000e-03 
-3.750000e-03 
-4.659000e-03 
-5.326000e-03 
-6.077000e-03 
-6.774000e-03 
-7.663000e-03 
-8.951000e-03 
-1.021800e-02 
-1.152700e-02 
-1.209800e-02 
-1.309500e-02 
-1.362200e-02 
-1.386500e-02 
-1.380000e-02 
-1.345400e-02 
-1.303600e-02 
-1.278800e-02 
-1.243000e-02 
-1.259700e-02 
-1.266000e-02 
-1.219500e-02 
-1.176200e-02 
-1.109500e-02 
-1.012700e-02 
-9.248000e-03 
-8.342000e-03 
-7.552000e-03 
-7.310000e-03 
-7.284000e-03 
-7.284000e-03 
-7.448000e-03 
-7.789000e-03 
-7.986000e-03 
-8.001000e-03 
-8.006000e-03 
-7.982000e-03 
-7.912000e-03 
-7.956000e-03 
-8.306000e-03 
-8.511000e-03 
-9.337000e-03 
-1.035000e-02 
-1.120400e-02 
-1.177200e-02 
-1.241600e-02 
-1.300100e-02 
-1.331900e-02 
-1.341200e-02 
-1.298500e-02 
-1.223300e-02 
-1.118300e-02 
-9.809000e-03 
-8.434000e-03 
-7.019000e-03 
-5.819000e-03 
-4.905000e-03 
-4.432000e-03 
-4.111000e-03 
-3.653000e-03 
-3.334000e-03 
-3.286000e-03 
-3.245000e-03 
-3.077000e-03 
-2.984000e-03 
-2.965000e-03 
-2.811000e-03 
-2.558000e-03 
-2.246000e-03 
-1.619000e-03 
-1.043000e-03 
-7.490000e-04 
-4.900000e-05 
6.610000e-04 
1.282000e-03 
1.792000e-03 
2.497000e-03 
3.198000e-03 
3.909000e-03 
4.946000e-03 
5.947000e-03 
6.885000e-03 
7.826000e-03 
8.653000e-03 
9.347000e-03 
1.049800e-02 
1.173000e-02 
1.285000e-02 
1.390900e-02 
1.503500e-02 
1.595500e-02 
1.640200e-02 
1.666800e-02 
1.660800e-02 
1.625500e-02 
1.576500e-02 
1.526200e-02 
1.479100e-02 
1.393800e-02 
1.315900e-02 
1.261300e-02 
1.222700e-02 
1.166700e-02 
1.153400e-02 
1.181900e-02 
1.183300e-02 
1.204500e-02 
1.296000e-02 
1.358700e-02 
1.430300e-02 
1.513500e-02 
1.555200e-02 
1.587300e-02 
1.608700e-02 
1.579300e-02 
1.531700e-02 
1.475100e-02 
1.415500e-02 
1.354700e-02 
1.319300e-02 
1.316300e-02 
1.345000e-02 
1.391900e-02 
1.410000e-02 
1.405600e-02 
1.400000e-02 
1.329800e-02 
1.214700e-02 
1.080300e-02 
8.959000e-03 
6.843000e-03 
4.812000e-03 
3.843000e-03 
1.995000e-03 
4.820000e-04 
-6.970000e-04 
-1.552000e-03 
-2.127000e-03 
-2.560000e-03 
-2.962000e-03 
-3.551000e-03 
-4.306000e-03 
-5.072000e-03 
-5.994000e-03 
-6.829000e-03 
-7.566000e-03 
-8.179000e-03 
-8.564000e-03 
-8.631000e-03 
-8.448000e-03 
-8.282000e-03 
-8.092000e-03 
-8.026000e-03 
-8.056000e-03 
-7.974000e-03 
-8.056000e-03 
-8.174000e-03 
-7.922000e-03 
-7.461000e-03 
-6.943000e-03 
-6.439000e-03 
-5.699000e-03 
-5.137000e-03 
-3.985000e-03 
-2.796000e-03 
-1.289000e-03 
3.940000e-04 
1.763000e-03 
2.894000e-03 
4.068000e-03 
5.014000e-03 
5.586000e-03 
6.166000e-03 
6.316000e-03 
6.322000e-03 
6.515000e-03 
6.776000e-03 
7.133000e-03 
7.672000e-03 
8.262000e-03 
8.724000e-03 
9.034000e-03 
8.882000e-03 
8.177000e-03 
7.043000e-03 
5.555000e-03 
3.465000e-03 
1.341000e-03 
-4.060000e-04 
-2.329000e-03 
-3.804000e-03 
-4.831000e-03 
-5.992000e-03 
-6.480000e-03 
-7.037000e-03 
-7.390000e-03 
-7.816000e-03 
-7.665000e-03 
-7.279000e-03 
-6.645000e-03 
-5.734000e-03 
-4.593000e-03 
-3.344000e-03 
-2.163000e-03 
-1.157000e-03 
-3.400000e-04 
-7.800000e-05 
-3.090000e-04 
-6.270000e-04 
-1.145000e-03 
-2.093000e-03 
-3.183000e-03 
-4.156000e-03 
-5.382000e-03 
-6.717000e-03 
-7.990000e-03 
-9.218000e-03 
-1.041100e-02 
-1.121000e-02 
-1.170900e-02 
-1.207600e-02 
-1.218800e-02 
-1.195800e-02 
-1.167200e-02 
-1.139300e-02 
-1.086100e-02 
-1.017500e-02 
-9.576000e-03 
-8.759000e-03 
-7.882000e-03 
-7.227000e-03 
-6.359000e-03 
-5.636000e-03 
-5.261000e-03 
-4.983000e-03 
-4.842000e-03 
-5.175000e-03 
-5.682000e-03 
-6.151000e-03 
-6.815000e-03 
-7.348000e-03 
-7.575000e-03 
-7.808000e-03 
-7.902000e-03 
-7.899000e-03 
-8.033000e-03 
-7.829000e-03 
-7.148000e-03 
-6.368000e-03 
-5.213000e-03 
-3.596000e-03 
-1.879000e-03 
-9.800000e-05 
1.719000e-03 
2.454000e-03 
3.602000e-03 
4.573000e-03 
5.480000e-03 
6.232000e-03 
6.957000e-03 
7.348000e-03 
7.703000e-03 
8.158000e-03 
8.424000e-03 
8.279000e-03 
8.093000e-03 
7.758000e-03 
7.055000e-03 
6.329000e-03 
6.037000e-03 
5.685000e-03 
5.034000e-03 
4.692000e-03 
4.700000e-03 
4.560000e-03 
4.499000e-03 
4.627000e-03 
4.426000e-03 
4.133000e-03 
4.249000e-03 
4.585000e-03 
4.930000e-03 
4.889000e-03 
4.662000e-03 
4.931000e-03 
5.183000e-03 
5.577000e-03 
5.425000e-03 
5.476000e-03 
5.784000e-03 
5.858000e-03 
5.813000e-03 
6.213000e-03 
6.604000e-03 
6.434000e-03 
5.835000e-03 
5.520000e-03 
5.358000e-03 
4.569000e-03 
3.805000e-03 
3.165000e-03 
2.045000e-03 
1.253000e-03 
1.055000e-03 
3.600000e-04 
-3.710000e-04 
-7.520000e-04 
-1.325000e-03 
-1.737000e-03 
-1.435000e-03 
-1.024000e-03 
-1.161000e-03 
-9.930000e-04 
-2.480000e-04 
2.190000e-04 
5.520000e-04 
1.172000e-03 
1.693000e-03 
1.996000e-03 
2.259000e-03 
2.841000e-03 
3.074000e-03 
3.281000e-03 
3.503000e-03 
3.327000e-03 
3.174000e-03 
3.465000e-03 
3.715000e-03 
3.998000e-03 
4.177000e-03 
4.294000e-03 
4.525000e-03 
4.597000e-03 
4.403000e-03 
3.945000e-03 
3.412000e-03 
2.541000e-03 
1.759000e-03 
1.277000e-03 
7.230000e-04 
9.000000e-05 
-3.450000e-04 
-8.250000e-04 
-1.306000e-03 
-1.545000e-03 
-1.625000e-03 
-1.686000e-03 
-1.595000e-03 
-1.567000e-03 
-1.060000e-03 
-3.070000e-04 
-2.800000e-05 
6.020000e-04 
1.257000e-03 
1.433000e-03 
1.118000e-03 
8.640000e-04 
4.410000e-04 
-1.230000e-04 
-6.800000e-04 
-1.556000e-03 
-2.620000e-03 
-3.460000e-03 
-4.049000e-03 
-4.269000e-03 
-4.389000e-03 
-4.791000e-03 
-5.061000e-03 
-4.899000e-03 
-4.769000e-03 
-4.615000e-03 
-4.189000e-03 
-4.217000e-03 
-4.200000e-03 
-3.967000e-03 
-4.955000e-03 
-5.392000e-03 
-4.635000e-03 
-4.902000e-03 
-6.005000e-03 
-6.004000e-03 
-5.541000e-03 
-4.817000e-03 
-4.566000e-03 
-3.673000e-03 
-2.881000e-03 
-2.060000e-03 
-1.110000e-03 
-6.040000e-04 
2.300000e-04 
1.261000e-03 
9.740000e-04 
5.390000e-04 
6.720000e-04 
7.500000e-05 
-5.470000e-04 
-1.135000e-03 
-2.450000e-03 
-3.331000e-03 
-3.643000e-03 
-4.047000e-03 
-4.201000e-03 
-3.989000e-03 
-4.036000e-03 
-3.676000e-03 
-2.872000e-03 
-2.551000e-03 
-2.483000e-03 
-2.143000e-03 
-2.132000e-03 
-2.496000e-03 
-2.603000e-03 
-2.589000e-03 
-2.787000e-03 
-3.343000e-03 
-3.373000e-03 
-2.925000e-03 
-2.922000e-03 
-2.868000e-03 
-2.703000e-03 
-2.967000e-03 
-3.179000e-03 
-2.959000e-03 
-3.143000e-03 
-3.232000e-03 
-3.133000e-03 
-3.278000e-03 
-3.193000e-03 
-2.542000e-03 
-1.959000e-03 
-1.624000e-03 
-8.810000e-04 
-1.700000e-05 
8.790000e-04 
2.024000e-03 
2.942000e-03 
3.648000e-03 
4.458000e-03 
5.239000e-03 
5.516000e-03 
5.359000e-03 
5.136000e-03 
4.800000e-03 
3.841000e-03 
3.180000e-03 
2.380000e-03 
1.235000e-03 
6.470000e-04 
8.300000e-05 
-5.110000e-04 
-7.530000e-04 
-9.260000e-04 
-1.247000e-03 
-1.832000e-03 
-2.001000e-03 
-1.389000e-03 
-1.126000e-03 
-1.272000e-03 
-1.029000e-03 
-7.500000e-04 
-1.020000e-03 
-1.130000e-03 
-1.384000e-03 
-2.136000e-03 
-2.751000e-03 
-2.878000e-03 
-2.805000e-03 
-2.404000e-03 
-1.464000e-03 
-5.810000e-04 
1.220000e-04 
1.358000e-03 
1.909000e-03 
2.524000e-03 
3.168000e-03 
3.864000e-03 
4.175000e-03 
4.512000e-03 
4.935000e-03 
4.963000e-03 
4.630000e-03 
4.467000e-03 
4.067000e-03 
3.630000e-03 
3.929000e-03 
4.701000e-03 
5.238000e-03 
5.950000e-03 
7.028000e-03 
7.798000e-03 
8.276000e-03 
8.733000e-03 
8.932000e-03 
8.640000e-03 
8.173000e-03 
7.775000e-03 
7.006000e-03 
5.783000e-03 
4.658000e-03 
3.876000e-03 
2.920000e-03 
2.297000e-03 
2.152000e-03 
2.028000e-03 
1.807000e-03 
1.782000e-03 
1.771000e-03 
2.026000e-03 
2.486000e-03 
2.489000e-03 
2.280000e-03 
2.740000e-03 
2.955000e-03 
3.096000e-03 
3.608000e-03 
3.811000e-03 
3.790000e-03 
4.230000e-03 
4.901000e-03 
5.105000e-03 
5.340000e-03 
5.688000e-03 
5.696000e-03 
6.157000e-03 
6.460000e-03 
5.921000e-03 
5.654000e-03 
5.033000e-03 
3.943000e-03 
2.876000e-03 
1.666000e-03 
3.590000e-04 
-1.212000e-03 
-1.991000e-03 
-3.404000e-03 
-4.337000e-03 
-5.266000e-03 
-5.766000e-03 
-5.925000e-03 
-6.319000e-03 
-6.226000e-03 
-5.568000e-03 
-5.252000e-03 
-4.897000e-03 
-4.451000e-03 
-4.282000e-03 
-4.077000e-03 
-3.605000e-03 
-3.308000e-03 
-3.507000e-03 
-3.648000e-03 
-3.595000e-03 
-3.696000e-03 
-3.771000e-03 
-3.635000e-03 
-3.482000e-03 
-3.510000e-03 
-3.459000e-03 
-3.069000e-03 
-2.305000e-03 
-1.544000e-03 
-7.520000e-04 
-2.500000e-05 
5.770000e-04 
7.610000e-04 
9.060000e-04 
1.412000e-03 
1.882000e-03 
1.618000e-03 
7.470000e-04 
1.360000e-04 
-5.000000e-05 
-9.110000e-04 
-1.988000e-03 
-2.388000e-03 
-2.792000e-03 
-3.241000e-03 
-3.356000e-03 
-3.321000e-03 
-3.043000e-03 
-2.542000e-03 
-2.091000e-03 
-1.561000e-03 
-7.590000e-04 
-2.510000e-04 
-6.670000e-04 
-5.710000e-04 
-3.670000e-04 
-7.710000e-04 
-8.040000e-04 
-6.320000e-04 
-8.820000e-04 
-1.039000e-03 
-1.041000e-03 
-1.142000e-03 
-1.771000e-03 
-2.595000e-03 
-3.059000e-03 
-3.547000e-03 
-4.274000e-03 
-4.479000e-03 
-4.394000e-03 
-4.711000e-03 
-4.917000e-03 
-4.869000e-03 
-4.942000e-03 
-5.045000e-03 
-5.154000e-03 
-4.869000e-03 
-4.394000e-03 
-3.886000e-03 
-3.281000e-03 
-2.509000e-03 
-1.722000e-03 
-1.171000e-03 
-6.240000e-04 
-2.400000e-04 
-1.490000e-04 
-9.600000e-05 
2.490000e-04 
-9.700000e-05 
-1.365000e-03 
-1.758000e-03 
-1.408000e-03 
-1.188000e-03 
-6.960000e-04 
-2.200000e-04 
4.950000e-04 
9.360000e-04 
1.780000e-04 
-1.279000e-03 
-2.961000e-03 
-4.922000e-03 
-6.790000e-03 
-8.144000e-03 
-8.641000e-03 
-8.221000e-03 
-7.613000e-03 
-6.885000e-03 
-5.867000e-03 
-4.749000e-03 
-3.452000e-03 
-2.279000e-03 
-1.113000e-03 
1.360000e-04 
1.219000e-03 
1.383000e-03 
1.833000e-03 
2.820000e-03 
2.967000e-03 
2.779000e-03 
3.200000e-03 
3.806000e-03 
3.962000e-03 
4.664000e-03 
5.266000e-03 
6.114000e-03 
6.501000e-03 
6.872000e-03 
6.545000e-03 
5.490000e-03 
4.622000e-03 
4.047000e-03 
2.749000e-03 
2.006000e-03 
2.436000e-03 
2.758000e-03 
3.292000e-03 
4.710000e-03 
5.891000e-03 
6.682000e-03 
8.085000e-03 
9.348000e-03 
9.780000e-03 
1.059300e-02 
1.146800e-02 
1.135500e-02 
1.125400e-02 
1.125700e-02 
1.076000e-02 
1.039600e-02 
1.041900e-02 
1.014700e-02 
9.508000e-03 
9.056000e-03 
8.276000e-03 
7.797000e-03 
7.259000e-03 
6.924000e-03 
6.687000e-03 
6.629000e-03 
6.591000e-03 
6.533000e-03 
6.389000e-03 
5.612000e-03 
3.818000e-03 
1.826000e-03 
-3.250000e-04 
-2.993000e-03 
-5.146000e-03 
-5.973000e-03 
-6.303000e-03 
-6.391000e-03 
-5.687000e-03 
-4.875000e-03 
-4.073000e-03 
-3.343000e-03 
-3.256000e-03 
-3.775000e-03 
-4.006000e-03 
-4.045000e-03 
-4.601000e-03 
-4.709000e-03 
-4.208000e-03 
-4.293000e-03 
-4.363000e-03 
-4.134000e-03 
-3.393000e-03 
-2.818000e-03 
-2.235000e-03 
-1.160000e-03 
-5.610000e-04 
-6.580000e-04 
-5.650000e-04 
-7.710000e-04 
-1.628000e-03 
-2.745000e-03 
-3.871000e-03 
-4.624000e-03 
-5.013000e-03 
-5.403000e-03 
-5.361000e-03 
-5.006000e-03 
-4.553000e-03 
-4.081000e-03 
-3.810000e-03 
-3.694000e-03 
-3.606000e-03 
-3.591000e-03 
-3.368000e-03 
-2.991000e-03 
-2.882000e-03 
-2.727000e-03 
-2.712000e-03 
-3.304000e-03 
-4.305000e-03 
-5.371000e-03 
-5.829000e-03 
-6.412000e-03 
-6.272000e-03 
-5.674000e-03 
-4.528000e-03 
-3.270000e-03 
-2.049000e-03 
-5.320000e-04 
3.100000e-04 
5.890000e-04 
7.160000e-04 
8.240000e-04 
9.960000e-04 
1.471000e-03 
2.120000e-03 
2.696000e-03 
3.040000e-03 
2.916000e-03 
2.518000e-03 
2.107000e-03 
1.831000e-03 
1.610000e-03 
1.612000e-03 
1.887000e-03 
2.580000e-03 
3.272000e-03 
3.413000e-03 
3.453000e-03 
3.221000e-03 
2.099000e-03 
1.210000e-03 
6.360000e-04 
1.750000e-04 
9.100000e-05 
3.650000e-04 
8.490000e-04 
1.465000e-03 
3.206000e-03 
4.994000e-03 
5.890000e-03 
6.660000e-03 
6.873000e-03 
6.119000e-03 
5.392000e-03 
4.518000e-03 
2.793000e-03 
1.298000e-03 
7.350000e-04 
3.740000e-04 
6.990000e-04 
1.627000e-03 
2.606000e-03 
3.308000e-03 
3.626000e-03 
3.955000e-03 
4.110000e-03 
3.871000e-03 
3.498000e-03 
3.127000e-03 
3.094000e-03 
3.330000e-03 
3.473000e-03 
3.415000e-03 
3.300000e-03 
3.175000e-03 
2.925000e-03 
2.678000e-03 
2.465000e-03 
2.280000e-03 
2.163000e-03 
2.232000e-03 
2.430000e-03 
2.856000e-03 
3.413000e-03 
3.505000e-03 
3.349000e-03 
3.152000e-03 
2.960000e-03 
2.700000e-03 
2.491000e-03 
2.523000e-03 
2.375000e-03 
2.545000e-03 
2.664000e-03 
2.784000e-03 
2.938000e-03 
2.750000e-03 
2.232000e-03 
1.497000e-03 
6.930000e-04 
-3.480000e-04 
-1.114000e-03 
-1.912000e-03 
-2.829000e-03 
-3.146000e-03 
-3.383000e-03 
-3.373000e-03 
-3.337000e-03 
-3.169000e-03 
-2.897000e-03 
-2.879000e-03 
-3.122000e-03 
-3.098000e-03 
-2.990000e-03 
-2.942000e-03 
-2.873000e-03 
-2.805000e-03 
-2.888000e-03 
-3.122000e-03 
-3.609000e-03 
-4.558000e-03 
-5.597000e-03 
-6.395000e-03 
-7.480000e-03 
-8.605000e-03 
-9.068000e-03 
-9.409000e-03 
-1.013700e-02 
-1.094500e-02 
-1.165000e-02 
-1.224600e-02 
-1.249600e-02 
-1.252400e-02 
-1.252200e-02 
-1.226200e-02 
-1.152900e-02 
-1.085200e-02 
-1.000900e-02 
-8.943000e-03 
-8.049000e-03 
-7.245000e-03 
-6.502000e-03 
-5.972000e-03 
-5.518000e-03 
-4.915000e-03 
-4.415000e-03 
-4.152000e-03 
-3.769000e-03 
-3.577000e-03 
-3.713000e-03 
-3.787000e-03 
-3.554000e-03 
-3.423000e-03 
-3.290000e-03 
-2.796000e-03 
-2.117000e-03 
-1.593000e-03 
-1.115000e-03 
-7.270000e-04 
-7.620000e-04 
-8.350000e-04 
-5.900000e-04 
-5.650000e-04 
-3.230000e-04 
2.040000e-04 
4.730000e-04 
9.800000e-04 
1.598000e-03 
2.127000e-03 
2.535000e-03 
2.602000e-03 
2.596000e-03 
2.675000e-03 
2.609000e-03 
2.497000e-03 
2.638000e-03 
2.837000e-03 
2.979000e-03 
3.427000e-03 
3.920000e-03 
4.177000e-03 
4.469000e-03 
4.694000e-03 
4.957000e-03 
5.299000e-03 
5.548000e-03 
5.460000e-03 
5.235000e-03 
5.128000e-03 
5.055000e-03 
5.118000e-03 
5.319000e-03 
5.567000e-03 
5.746000e-03 
6.010000e-03 
6.089000e-03 
5.980000e-03 
5.894000e-03 
5.748000e-03 
5.217000e-03 
4.810000e-03 
4.919000e-03 
5.005000e-03 
4.982000e-03 
5.303000e-03 
5.440000e-03 
5.393000e-03 
5.449000e-03 
5.377000e-03 
5.253000e-03 
5.152000e-03 
5.111000e-03 
5.530000e-03 
6.108000e-03 
6.324000e-03 
6.536000e-03 
6.683000e-03 
6.675000e-03 
6.472000e-03 
6.097000e-03 
5.574000e-03 
4.839000e-03 
4.211000e-03 
3.758000e-03 
3.366000e-03 
3.011000e-03 
2.787000e-03 
2.383000e-03 
2.245000e-03 
2.376000e-03 
2.263000e-03 
2.195000e-03 
2.444000e-03 
2.467000e-03 
2.540000e-03 
2.746000e-03 
2.601000e-03 
2.119000e-03 
1.631000e-03 
1.206000e-03 
6.620000e-04 
4.780000e-04 
3.660000e-04 
-2.020000e-04 
-2.940000e-04 
-1.360000e-04 
-3.640000e-04 
-3.410000e-04 
-1.450000e-04 
-2.770000e-04 
-2.640000e-04 
1.480000e-04 
2.200000e-04 
1.470000e-04 
2.820000e-04 
1.370000e-04 
-2.290000e-04 
-4.380000e-04 
-8.330000e-04 
-1.547000e-03 
-2.319000e-03 
-2.851000e-03 
-3.547000e-03 
-4.126000e-03 
-4.280000e-03 
-4.485000e-03 
-4.786000e-03 
-4.861000e-03 
-5.184000e-03 
-5.785000e-03 
-6.364000e-03 
-7.064000e-03 
-7.818000e-03 
-8.368000e-03 
-8.783000e-03 
-8.863000e-03 
-8.605000e-03 
-7.928000e-03 
-7.244000e-03 
-6.400000e-03 
-5.437000e-03 
-4.644000e-03 
-4.037000e-03 
-3.375000e-03 
-3.046000e-03 
-2.694000e-03 
-2.181000e-03 
-2.043000e-03 
-1.778000e-03 
-1.449000e-03 
-1.208000e-03 
-1.311000e-03 
-1.456000e-03 
-1.508000e-03 
-2.073000e-03 
-2.895000e-03 
-3.694000e-03 
-4.573000e-03 
-5.446000e-03 
-6.059000e-03 
-6.364000e-03 
-6.493000e-03 
-6.571000e-03 
-6.532000e-03 
-6.310000e-03 
-6.176000e-03 
-5.998000e-03 
-5.581000e-03 
-5.046000e-03 
-4.635000e-03 
-3.811000e-03 
-2.717000e-03 
-1.730000e-03 
-4.750000e-04 
5.680000e-04 
1.391000e-03 
2.372000e-03 
2.805000e-03 
3.473000e-03 
4.060000e-03 
4.388000e-03 
4.629000e-03 
4.787000e-03 
4.891000e-03 
4.876000e-03 
4.818000e-03 
4.659000e-03 
4.231000e-03 
4.062000e-03 
4.265000e-03 
4.246000e-03 
4.047000e-03 
4.075000e-03 
4.052000e-03 
3.750000e-03 
3.377000e-03 
3.342000e-03 
3.277000e-03 
3.379000e-03 
3.764000e-03 
4.118000e-03 
4.246000e-03 
4.477000e-03 
4.602000e-03 
4.268000e-03 
4.024000e-03 
4.063000e-03 
3.873000e-03 
3.715000e-03 
3.832000e-03 
3.979000e-03 
3.905000e-03 
4.047000e-03 
3.838000e-03 
3.455000e-03 
3.366000e-03 
3.373000e-03 
3.140000e-03 
2.853000e-03 
2.498000e-03 
2.059000e-03 
1.568000e-03 
1.421000e-03 
1.067000e-03 
7.110000e-04 
7.000000e-05 
-8.360000e-04 
-1.088000e-03 
-1.533000e-03 
-2.787000e-03 
-3.623000e-03 
-3.450000e-03 
-3.661000e-03 
-3.795000e-03 
-2.732000e-03 
-2.006000e-03 
-2.059000e-03 
-1.526000e-03 
-9.470000e-04 
-5.650000e-04 
-7.570000e-04 
2.360000e-04 
8.750000e-04 
5.560000e-04 
1.370000e-03 
2.835000e-03 
2.593000e-03 
2.289000e-03 
2.406000e-03 
2.189000e-03 
1.613000e-03 
1.378000e-03 
6.410000e-04 
3.230000e-04 
7.250000e-04 
1.740000e-04 
-1.400000e-04 
-1.900000e-05 
-5.520000e-04 
-9.440000e-04 
-5.610000e-04 
-6.400000e-04 
-7.320000e-04 
-1.370000e-04 
1.530000e-04 
-6.620000e-04 
-1.376000e-03 
-1.294000e-03 
-1.905000e-03 
-2.285000e-03 
-1.807000e-03 
-8.950000e-04 
-7.560000e-04 
-2.500000e-04 
2.770000e-04 
-1.450000e-04 
-9.000000e-05 
-1.370000e-04 
-1.317000e-03 
-1.452000e-03 
-9.890000e-04 
-9.690000e-04 
1.440000e-04 
1.232000e-03 
1.659000e-03 
3.262000e-03 
4.524000e-03 
3.948000e-03 
4.362000e-03 
5.152000e-03 
4.528000e-03 
4.825000e-03 
6.284000e-03 
6.114000e-03 
5.253000e-03 
5.040000e-03 
4.132000e-03 
2.401000e-03 
8.660000e-04 
-4.900000e-05 
-2.184000e-03 
-3.159000e-03 
-2.757000e-03 
-3.337000e-03 
-3.745000e-03 
-3.119000e-03 
-2.679000e-03 
-2.680000e-03 
-2.087000e-03 
-1.456000e-03 
-1.038000e-03 
-1.047000e-03 
-9.540000e-04 
-6.750000e-04 
-8.290000e-04 
-7.330000e-04 
-1.057000e-03 
-1.698000e-03 
-1.632000e-03 
-1.604000e-03 
-1.962000e-03 
-1.978000e-03 
-2.361000e-03 
-3.097000e-03 
-3.104000e-03 
-3.659000e-03 
-4.429000e-03 
-4.003000e-03 
-4.462000e-03 
-5.129000e-03 
-5.723000e-03 
-5.519000e-03 
-5.867000e-03 
-5.860000e-03 
-5.624000e-03 
-6.120000e-03 
-6.002000e-03 
-4.797000e-03 
-4.009000e-03 
-3.270000e-03 
-2.155000e-03 
-1.216000e-03 
-1.570000e-04 
3.990000e-04 
8.640000e-04 
8.050000e-04 
3.540000e-04 
-1.700000e-05 
-6.220000e-04 
-8.470000e-04 
-1.076000e-03 
-2.222000e-03 
-3.091000e-03 
-3.339000e-03 
-3.684000e-03 
-4.152000e-03 
-3.977000e-03 
-3.454000e-03 
-2.974000e-03 
-2.717000e-03 
-2.277000e-03 
-1.868000e-03 
-1.280000e-03 
-1.522000e-03 
-2.022000e-03 
-1.067000e-03 
-5.220000e-04 
-9.770000e-04 
-8.630000e-04 
-8.090000e-04 
-1.413000e-03 
-1.381000e-03 
-1.179000e-03 
-1.597000e-03 
-1.906000e-03 
-1.532000e-03 
-9.240000e-04 
-7.740000e-04 
4.000000e-05 
1.146000e-03 
1.333000e-03 
1.240000e-03 
1.772000e-03 
2.342000e-03 
1.976000e-03 
1.678000e-03 
1.606000e-03 
1.270000e-03 
1.209000e-03 
1.150000e-03 
7.860000e-04 
7.210000e-04 
6.850000e-04 
5.810000e-04 
1.950000e-04 
-4.800000e-05 
1.830000e-04 
5.740000e-04 
7.820000e-04 
1.254000e-03 
1.604000e-03 
1.367000e-03 
5.330000e-04 
-1.580000e-04 
1.300000e-04 
2.880000e-04 
-2.650000e-04 
-3.260000e-04 
7.720000e-04 
2.113000e-03 
2.579000e-03 
2.592000e-03 
3.012000e-03 
3.312000e-03 
2.534000e-03 
3.048000e-03 
4.571000e-03 
3.852000e-03 
2.521000e-03 
2.758000e-03 
2.597000e-03 
2.128000e-03 
1.654000e-03 
1.559000e-03 
1.186000e-03 
9.810000e-04 
9.450000e-04 
1.383000e-03 
1.726000e-03 
1.122000e-03 
1.232000e-03 
2.728000e-03 
3.504000e-03 
3.542000e-03 
4.545000e-03 
4.742000e-03 
4.042000e-03 
3.750000e-03 
3.298000e-03 
2.464000e-03 
1.640000e-03 
7.800000e-04 
3.390000e-04 
5.840000e-04 
1.790000e-04 
7.400000e-05 
1.275000e-03 
1.925000e-03 
1.578000e-03 
1.818000e-03 
1.925000e-03 
1.198000e-03 
8.630000e-04 
4.510000e-04 
-4.050000e-04 
-1.352000e-03 
-1.788000e-03 
-1.672000e-03 
-9.420000e-04 
4.000000e-05 
8.570000e-04 
1.893000e-03 
2.798000e-03 
3.005000e-03 
2.901000e-03 
3.112000e-03 
2.621000e-03 
1.404000e-03 
2.860000e-04 
-1.034000e-03 
-2.489000e-03 
-3.715000e-03 
-5.228000e-03 
-7.182000e-03 
-8.892000e-03 
-1.019200e-02 
-1.069800e-02 
-9.765000e-03 
-7.432000e-03 
-3.933000e-03 
1.389000e-03 
7.043000e-03 
1.173900e-02 
1.346400e-02 
1.585600e-02 
1.646500e-02 
1.622200e-02 
1.498100e-02 
1.230900e-02 
9.469000e-03 
6.747000e-03 
3.909000e-03 
1.306000e-03 
-1.963000e-03 
-5.438000e-03 
-7.594000e-03 
-8.760000e-03 
-9.900000e-03 
-1.021800e-02 
-1.007000e-02 
-9.827000e-03 
-8.628000e-03 
-7.749000e-03 
-7.622000e-03 
-7.308000e-03 
-7.286000e-03 
-7.740000e-03 
-7.949000e-03 
-7.714000e-03 
-7.408000e-03 
-6.964000e-03 
-5.403000e-03 
-3.759000e-03 
-3.093000e-03 
-2.048000e-03 
-4.800000e-04 
1.960000e-04 
-4.850000e-04 
-1.369000e-03 
-2.287000e-03 
-3.645000e-03 
-4.547000e-03 
-4.419000e-03 
-3.966000e-03 
-3.501000e-03 
-2.835000e-03 
-2.560000e-03 
-2.789000e-03 
-2.762000e-03 
-2.770000e-03 
-3.548000e-03 
-4.133000e-03 
-4.300000e-03 
-4.687000e-03 
-5.199000e-03 
-5.101000e-03 
-4.633000e-03 
-4.001000e-03 
-2.834000e-03 
-1.129000e-03 
7.660000e-04 
2.421000e-03 
3.605000e-03 
3.967000e-03 
4.064000e-03 
3.010000e-03 
1.965000e-03 
5.250000e-04 
-1.198000e-03 
-1.915000e-03 
-2.311000e-03 
-2.584000e-03 
-2.633000e-03 
-2.937000e-03 
-3.512000e-03 
-3.843000e-03 
-3.867000e-03 
-3.869000e-03 
-3.207000e-03 
-2.047000e-03 
-1.196000e-03 
1.650000e-04 
1.214000e-03 
1.474000e-03 
2.011000e-03 
2.239000e-03 
1.968000e-03 
1.663000e-03 
1.393000e-03 
1.549000e-03 
1.883000e-03 
1.912000e-03 
2.179000e-03 
2.548000e-03 
2.494000e-03 
2.403000e-03 
2.248000e-03 
1.545000e-03 
5.890000e-04 
2.610000e-04 
7.660000e-04 
1.417000e-03 
2.808000e-03 
4.361000e-03 
5.258000e-03 
5.756000e-03 
5.880000e-03 
5.171000e-03 
4.114000e-03 
2.881000e-03 
1.270000e-03 
1.650000e-04 
-3.930000e-04 
-5.720000e-04 
-1.780000e-04 
9.300000e-05 
1.730000e-04 
7.800000e-05 
-3.220000e-04 
-7.940000e-04 
-8.090000e-04 
-4.450000e-04 
-1.150000e-04 
1.329000e-03 
3.660000e-03 
5.483000e-03 
6.261000e-03 
7.936000e-03 
9.076000e-03 
9.045000e-03 
8.461000e-03 
7.287000e-03 
5.681000e-03 
4.117000e-03 
2.829000e-03 
1.756000e-03 
9.260000e-04 
9.020000e-04 
1.184000e-03 
1.571000e-03 
2.275000e-03 
2.891000e-03 
3.167000e-03 
3.576000e-03 
4.203000e-03 
4.162000e-03 
3.691000e-03 
3.648000e-03 
3.334000e-03 
2.617000e-03 
2.666000e-03 
3.160000e-03 
3.265000e-03 
3.721000e-03 
4.663000e-03 
5.309000e-03 
5.501000e-03 
6.255000e-03 
7.010000e-03 
6.807000e-03 
6.366000e-03 
5.592000e-03 
4.777000e-03 
3.054000e-03 
-4.800000e-05 
-1.701000e-03 
-3.155000e-03 
-5.542000e-03 
-6.268000e-03 
-6.193000e-03 
-6.720000e-03 
-5.223000e-03 
-3.609000e-03 
-3.374000e-03 
-2.355000e-03 
-1.930000e-03 
-3.031000e-03 
-3.084000e-03 
-3.246000e-03 
-4.256000e-03 
-3.506000e-03 
-2.362000e-03 
-2.263000e-03 
-7.710000e-04 
1.061000e-03 
1.344000e-03 
1.614000e-03 
1.834000e-03 
1.420000e-03 
9.340000e-04 
7.010000e-04 
5.200000e-05 
8.900000e-05 
4.980000e-04 
7.700000e-04 
1.448000e-03 
2.229000e-03 
2.062000e-03 
1.774000e-03 
2.029000e-03 
1.125000e-03 
3.460000e-04 
2.880000e-04 
-4.870000e-04 
-1.301000e-03 
-1.331000e-03 
-2.083000e-03 
-2.949000e-03 
-2.645000e-03 
-2.735000e-03 
-3.504000e-03 
-2.875000e-03 
-1.941000e-03 
-2.037000e-03 
-1.811000e-03 
-1.054000e-03 
-1.101000e-03 
-1.326000e-03 
-1.079000e-03 
-3.630000e-04 
-7.040000e-04 
-5.320000e-04 
4.500000e-05 
2.700000e-05 
2.160000e-04 
5.680000e-04 
8.040000e-04 
7.200000e-04 
3.600000e-04 
1.530000e-04 
-9.200000e-05 
-1.140000e-04 
-1.970000e-04 
-2.340000e-04 
5.700000e-05 
-1.600000e-05 
-1.580000e-04 
-4.280000e-04 
-1.083000e-03 
-1.645000e-03 
-2.161000e-03 
-2.424000e-03 
-2.551000e-03 
-2.326000e-03 
-2.008000e-03 
-1.703000e-03 
-1.490000e-03 
-1.663000e-03 
-2.372000e-03 
-2.808000e-03 
-2.942000e-03 
-3.445000e-03 
-3.819000e-03 
-3.360000e-03 
-2.828000e-03 
-2.261000e-03 
-1.570000e-03 
-1.279000e-03 
-1.097000e-03 
-8.560000e-04 
-5.440000e-04 
-5.100000e-05 
5.440000e-04 
1.099000e-03 
1.647000e-03 
1.955000e-03 
1.978000e-03 
1.876000e-03 
1.945000e-03 
1.400000e-03 
7.380000e-04 
4.520000e-04 
1.770000e-04 
-7.540000e-04 
-1.277000e-03 
-1.371000e-03 
-1.894000e-03 
-2.089000e-03 
-2.030000e-03 
-1.959000e-03 
-1.555000e-03 
-1.239000e-03 
-9.880000e-04 
-8.050000e-04 
-6.830000e-04 
-2.140000e-04 
-8.500000e-05 
-3.480000e-04 
-3.940000e-04 
-1.300000e-04 
-5.300000e-05 
-3.930000e-04 
-4.730000e-04 
-3.320000e-04 
-3.300000e-04 
-2.860000e-04 
1.330000e-04 
5.440000e-04 
1.049000e-03 
1.640000e-03 
1.755000e-03 
1.362000e-03 
6.620000e-04 
-3.730000e-04 
-1.524000e-03 
-2.559000e-03 
-3.529000e-03 
-4.148000e-03 
-4.150000e-03 
-4.153000e-03 
-4.174000e-03 
-3.317000e-03 
-1.717000e-03 
-8.340000e-04 
1.670000e-04 
1.346000e-03 
1.553000e-03 
1.590000e-03 
1.612000e-03 
1.168000e-03 
1.440000e-04 
-5.470000e-04 
-1.022000e-03 
-1.596000e-03 
-1.587000e-03 
-1.542000e-03 
-1.632000e-03 
-1.009000e-03 
-3.700000e-04 
-1.690000e-04 
2.770000e-04 
4.750000e-04 
8.800000e-05 
-2.230000e-04 
-7.440000e-04 
-1.954000e-03 
-2.587000e-03 
-2.761000e-03 
-2.961000e-03 
-3.492000e-03 
-2.865000e-03 
-1.693000e-03 
-1.259000e-03 
-3.000000e-04 
1.436000e-03 
2.157000e-03 
2.438000e-03 
3.279000e-03 
3.376000e-03 
2.681000e-03 
2.530000e-03 
2.628000e-03 
2.217000e-03 
2.134000e-03 
2.368000e-03 
2.088000e-03 
2.036000e-03 
2.145000e-03 
1.506000e-03 
9.990000e-04 
8.460000e-04 
7.340000e-04 
6.700000e-04 
5.590000e-04 
7.990000e-04 
6.940000e-04 
1.450000e-04 
-9.200000e-05 
-5.420000e-04 
-9.980000e-04 
-1.489000e-03 
-1.383000e-03 
-1.390000e-03 
-1.102000e-03 
-4.070000e-04 
1.410000e-04 
5.660000e-04 
7.460000e-04 
9.810000e-04 
1.204000e-03 
1.455000e-03 
1.397000e-03 
1.470000e-03 
1.886000e-03 
2.015000e-03 
2.229000e-03 
2.257000e-03 
2.066000e-03 
2.191000e-03 
2.297000e-03 
1.931000e-03 
1.350000e-03 
9.230000e-04 
5.490000e-04 
1.800000e-04 
-3.150000e-04 
-6.360000e-04 
-8.540000e-04 
-9.760000e-04 
-1.055000e-03 
-1.101000e-03 
-1.002000e-03 
-1.010000e-03 
-1.505000e-03 
-1.787000e-03 
-1.555000e-03 
-2.054000e-03 
-2.599000e-03 
-2.646000e-03 
-2.864000e-03 
-3.190000e-03 
-2.820000e-03 
-2.658000e-03 
-2.841000e-03 
-2.489000e-03 
-2.006000e-03 
-1.827000e-03 
-1.222000e-03 
-7.700000e-04 
-7.660000e-04 
-5.270000e-04 
-3.230000e-04 
-2.420000e-04 
-1.420000e-04 
-5.200000e-05 
-4.700000e-05 
2.610000e-04 
4.400000e-04 
4.710000e-04 
5.260000e-04 
4.990000e-04 
3.210000e-04 
2.430000e-04 
1.770000e-04 
2.200000e-04 
3.890000e-04 
4.910000e-04 
6.280000e-04 
6.720000e-04 
3.000000e-04 
1.400000e-04 
-1.380000e-04 
-6.730000e-04 
-9.800000e-04 
-1.159000e-03 
-1.339000e-03 
-1.425000e-03 
-1.326000e-03 
-9.930000e-04 
-5.650000e-04 
-2.990000e-04 
8.300000e-05 
4.460000e-04 
7.170000e-04 
9.420000e-04 
1.401000e-03 
1.618000e-03 
1.405000e-03 
1.468000e-03 
1.389000e-03 
1.215000e-03 
1.092000e-03 
6.750000e-04 
2.950000e-04 
-1.220000e-04 
-6.080000e-04 
-9.280000e-04 
-1.328000e-03 
-1.763000e-03 
-1.872000e-03 
-1.746000e-03 
-1.665000e-03 
-1.235000e-03 
-8.020000e-04 
-1.188000e-03 
-1.732000e-03 
-2.101000e-03 
-2.601000e-03 
-3.320000e-03 
-3.665000e-03 
-3.799000e-03 
-4.103000e-03 
-4.185000e-03 
-4.010000e-03 
-3.909000e-03 
-3.544000e-03 
-2.908000e-03 
-2.316000e-03 
-1.675000e-03 
-7.900000e-04 
1.010000e-04 
6.500000e-04 
7.960000e-04 
9.880000e-04 
1.075000e-03 
9.000000e-04 
8.280000e-04 
8.450000e-04 
7.900000e-04 
7.340000e-04 
5.610000e-04 
4.060000e-04 
2.480000e-04 
3.590000e-04 
6.900000e-04 
6.120000e-04 
6.010000e-04 
1.069000e-03 
1.218000e-03 
1.213000e-03 
1.612000e-03 
1.705000e-03 
1.422000e-03 
1.570000e-03 
1.460000e-03 
1.090000e-03 
1.414000e-03 
1.771000e-03 
1.640000e-03 
2.108000e-03 
2.817000e-03 
2.810000e-03 
2.966000e-03 
3.169000e-03 
3.355000e-03 
3.144000e-03 
3.391000e-03 
3.373000e-03 
3.079000e-03 
3.286000e-03 
3.476000e-03 
3.341000e-03 
3.496000e-03 
3.700000e-03 
3.745000e-03 
3.890000e-03 
4.135000e-03 
4.238000e-03 
4.495000e-03 
4.790000e-03 
4.820000e-03 
4.804000e-03 
4.929000e-03 
4.695000e-03 
4.338000e-03 
4.084000e-03 
3.421000e-03 
2.620000e-03 
1.912000e-03 
1.128000e-03 
4.150000e-04 
-2.220000e-04 
-8.660000e-04 
-1.139000e-03 
-1.497000e-03 
-1.663000e-03 
-1.905000e-03 
-1.872000e-03 
-1.551000e-03 
-1.501000e-03 
-1.376000e-03 
-1.168000e-03 
-1.289000e-03 
-1.507000e-03 
-1.718000e-03 
-2.148000e-03 
-2.550000e-03 
-2.609000e-03 
-2.478000e-03 
-2.295000e-03 
-1.956000e-03 
-1.777000e-03 
-1.680000e-03 
-1.617000e-03 
-1.699000e-03 
-1.701000e-03 
-1.638000e-03 
-1.692000e-03 
-1.594000e-03 
-1.512000e-03 
-1.675000e-03 
-1.708000e-03 
-1.933000e-03 
-2.103000e-03 
-2.362000e-03 
-2.453000e-03 
-2.623000e-03 
-2.614000e-03 
-2.492000e-03 
-2.510000e-03 
-2.333000e-03 
-2.046000e-03 
-2.085000e-03 
-1.892000e-03 
-1.582000e-03 
-1.609000e-03 
-1.378000e-03 
-1.009000e-03 
-9.450000e-04 
-6.980000e-04 
-3.580000e-04 
-5.290000e-04 
-6.180000e-04 
-5.760000e-04 
-9.050000e-04 
-1.297000e-03 
-1.465000e-03 
-1.501000e-03 
-1.566000e-03 
-1.418000e-03 
-1.064000e-03 
-8.500000e-04 
-7.020000e-04 
-2.830000e-04 
-5.900000e-05 
1.600000e-05 
4.000000e-05 
6.700000e-05 
-1.360000e-04 
-2.160000e-04 
-1.290000e-04 
-2.340000e-04 
-2.660000e-04 
-2.370000e-04 
-1.560000e-04 
9.000000e-05 
3.360000e-04 
5.370000e-04 
6.340000e-04 
5.580000e-04 
6.380000e-04 
8.710000e-04 
7.630000e-04 
7.320000e-04 
9.850000e-04 
9.120000e-04 
9.190000e-04 
1.318000e-03 
1.211000e-03 
8.970000e-04 
1.107000e-03 
1.016000e-03 
8.960000e-04 
1.105000e-03 
1.134000e-03 
9.900000e-04 
1.149000e-03 
1.400000e-03 
1.346000e-03 
1.381000e-03 
1.320000e-03 
1.083000e-03 
1.028000e-03 
9.190000e-04 
7.470000e-04 
6.010000e-04 
4.920000e-04 
4.040000e-04 
4.190000e-04 
5.040000e-04 
3.770000e-04 
3.240000e-04 
5.060000e-04 
5.260000e-04 
5.210000e-04 
6.580000e-04 
7.580000e-04 
7.040000e-04 
6.310000e-04 
5.910000e-04 
4.850000e-04 
3.050000e-04 
1.840000e-04 
1.070000e-04 
9.100000e-05 
8.100000e-05 
1.190000e-04 
2.310000e-04 
2.480000e-04 
3.030000e-04 
4.530000e-04 
4.280000e-04 
4.110000e-04 
4.850000e-04 
4.190000e-04 
4.500000e-04 
5.850000e-04 
5.640000e-04 
5.720000e-04 
6.710000e-04 
6.420000e-04 
6.240000e-04 
6.440000e-04 
5.320000e-04 
4.430000e-04 
4.300000e-04 
3.000000e-04 
2.130000e-04 
2.520000e-04 
1.530000e-04 
7.100000e-05 
1.020000e-04 
5.500000e-05 
4.200000e-05 
8.100000e-05 
6.300000e-05 
4.600000e-05 
8.200000e-05 
1.170000e-04 
7.500000e-05 
6.100000e-05 
3.800000e-05 
3.000000e-06 
-1.700000e-05 
-3.400000e-05 
-6.000000e-05 
-4.400000e-05 
-9.000000e-06 
1.200000e-05 
7.900000e-05 
1.120000e-04 
1.330000e-04 
1.670000e-04 
1.700000e-04 
1.600000e-04 
1.410000e-04 
1.160000e-04 
9.500000e-05 
7.300000e-05 
5.100000e-05 
2.900000e-05 
-2.500000e-05 
-7.400000e-05 
-1.250000e-04 
-1.800000e-04 
-2.310000e-04 
-2.460000e-04 
-2.900000e-04 
-3.450000e-04 
-3.830000e-04 
-3.910000e-04 
-4.010000e-04 
-4.020000e-04 
-3.980000e-04 
-3.840000e-04 
-3.670000e-04 
-3.550000e-04 
-3.230000e-04 
-2.850000e-04 
-2.470000e-04 
-2.000000e-04 
-1.710000e-04 
-1.540000e-04 
-1.410000e-04 
-1.220000e-04 
-1.050000e-04 
-8.200000e-05 
-5.100000e-05 
-2.900000e-05 
-1.700000e-05 
0 
2.300000e-05 
2.600000e-05 
2.200000e-05 
2.900000e-05 
3.600000e-05 
3.400000e-05 
3.800000e-05 
4.800000e-05 
4.200000e-05 
3.000000e-05 
3.100000e-05 
1.900000e-05 
1.200000e-05 
2.300000e-05 
1.800000e-05 
1.100000e-05 
2.900000e-05 
2.900000e-05 
1.300000e-05 
1.400000e-05 
7.000000e-06 
-1.100000e-05 
-1.300000e-05 
-1.100000e-05 
-1.800000e-05 
-2.000000e-05 
-1.700000e-05 
-1.800000e-05 
-2.000000e-05 
-2.300000e-05 
-2.700000e-05 
-3.400000e-05 
-3.700000e-05 
-3.600000e-05 
-3.800000e-05 
-3.800000e-05 
-3.800000e-05 
-3.700000e-05 
-3.900000e-05 
-3.800000e-05 
-3.500000e-05 
-3.800000e-05 
-4.000000e-05 
-3.900000e-05 
-4.000000e-05 
-3.800000e-05 
-3.300000e-05 
-3.200000e-05 
-3.200000e-05 
-3.200000e-05 
-3.200000e-05 
-3.500000e-05 
-3.700000e-05 
-3.800000e-05 
-4.000000e-05 
-4.200000e-05 
-4.300000e-05 
-4.300000e-05 
-4.400000e-05 
-4.400000e-05 
-4.300000e-05 
-4.200000e-05 
-4.000000e-05 
-3.700000e-05 
-3.300000e-05 
-2.900000e-05 
-2.700000e-05 
-2.700000e-05 
-2.700000e-05 
-2.900000e-05 
-3.100000e-05 
-3.200000e-05 
-3.200000e-05 
-3.100000e-05 
-3.000000e-05 
-2.800000e-05 
-2.600000e-05 
-2.500000e-05 
-2.300000e-05 
-2.200000e-05 
-2.100000e-05 
-2.000000e-05 
-1.900000e-05 
-1.800000e-05 
-1.800000e-05 
-1.800000e-05 
-1.800000e-05 
-1.700000e-05 
-1.700000e-05 
-1.600000e-05 
-1.500000e-05 
-1.500000e-05 
-1.400000e-05 
-1.300000e-05 
-1.200000e-05 
-1.200000e-05 
-1.100000e-05 
-1.000000e-05 
-1.000000e-05 
-9.000000e-06 
-9.000000e-06 
-8.000000e-06 
-8.000000e-06 
-7.000000e-06 
-6.000000e-06 
-6.000000e-06 
-5.000000e-06 
-5.000000e-06 
-4.000000e-06 
-4.000000e-06 
-3.000000e-06 
-3.000000e-06 
-2.000000e-06 
-2.000000e-06 
-1.000000e-06 
-1.000000e-06 
0 
0 
1.000000e-06 
