1 
2.000000e-02 
-3.077000e-03 
-2.658000e-03 
-8.060000e-04 
-6.670000e-04 
-4.124000e-03 
-1.676000e-03 
1.971000e-03 
9.910000e-04 
-4.300000e-04 
-3.075000e-03 
-4.734000e-03 
-4.645000e-03 
-5.397000e-03 
-8.077000e-03 
-1.269000e-02 
-1.322300e-02 
-1.002800e-02 
-6.041000e-03 
-5.388000e-03 
-7.898000e-03 
-7.362000e-03 
-5.826000e-03 
-4.376000e-03 
-1.913000e-03 
1.231000e-03 
4.419000e-03 
6.942000e-03 
3.182000e-03 
-4.668000e-03 
-3.907000e-03 
1.822000e-03 
3.263000e-03 
-6.460000e-04 
-1.678000e-03 
2.861000e-03 
4.736000e-03 
7.277000e-03 
9.471000e-03 
7.975000e-03 
5.420000e-03 
9.108000e-03 
1.198200e-02 
3.561000e-03 
-2.402000e-03 
-2.174000e-03 
-5.568000e-03 
-9.643000e-03 
-1.080000e-04 
6.785000e-03 
1.681000e-03 
1.247000e-03 
1.079000e-03 
7.230000e-04 
1.776000e-03 
4.172000e-03 
2.262000e-03 
-3.279000e-03 
-3.215000e-03 
-1.134000e-03 
-3.849000e-03 
-1.154200e-02 
-1.855600e-02 
-1.466300e-02 
-3.423000e-03 
2.493000e-03 
3.407000e-03 
1.759000e-03 
7.970000e-04 
6.469000e-03 
1.151400e-02 
1.240100e-02 
1.076100e-02 
6.750000e-03 
5.245000e-03 
4.881000e-03 
4.848000e-03 
1.268000e-03 
-1.207000e-03 
-1.317000e-03 
-6.620000e-04 
-3.764000e-03 
-4.016000e-03 
2.596000e-03 
8.821000e-03 
1.051900e-02 
7.040000e-03 
5.086000e-03 
5.127000e-03 
5.084000e-03 
7.559000e-03 
7.958000e-03 
2.591000e-03 
-3.424000e-03 
-2.583000e-03 
6.751000e-03 
1.057200e-02 
8.403000e-03 
7.466000e-03 
6.884000e-03 
1.385000e-03 
-5.476000e-03 
9.020000e-04 
2.144000e-03 
-8.954000e-03 
-1.486400e-02 
-1.177100e-02 
4.060000e-04 
9.659000e-03 
9.490000e-03 
1.375500e-02 
1.940700e-02 
1.472700e-02 
1.005600e-02 
4.780000e-04 
-1.224800e-02 
-1.072200e-02 
-8.190000e-03 
-1.379800e-02 
-1.960100e-02 
-1.743800e-02 
-8.128000e-03 
-7.893000e-03 
-1.563200e-02 
-1.657100e-02 
-1.010700e-02 
-4.495000e-03 
1.499000e-03 
9.562000e-03 
1.291300e-02 
1.182800e-02 
1.545700e-02 
1.160300e-02 
-3.741000e-03 
-9.420000e-03 
-1.258500e-02 
-1.628100e-02 
-1.535100e-02 
-2.274200e-02 
-2.353300e-02 
-2.522000e-03 
2.185600e-02 
3.360600e-02 
3.855900e-02 
3.473500e-02 
2.443600e-02 
2.104400e-02 
2.305200e-02 
2.240800e-02 
1.257400e-02 
9.893000e-03 
1.550200e-02 
6.733000e-03 
-1.750600e-02 
-3.445800e-02 
-2.760600e-02 
-3.295000e-03 
1.397700e-02 
2.194800e-02 
2.386300e-02 
1.364200e-02 
7.625000e-03 
8.671000e-03 
1.221100e-02 
1.460800e-02 
1.384600e-02 
5.046000e-03 
-1.091200e-02 
-2.431400e-02 
-3.518100e-02 
-3.743800e-02 
-3.450800e-02 
-1.931900e-02 
3.524000e-03 
9.882000e-03 
1.183700e-02 
6.905000e-03 
-4.146000e-03 
-4.389000e-03 
-4.313000e-03 
-1.137100e-02 
-1.928500e-02 
-2.553700e-02 
-2.314400e-02 
-1.481000e-02 
-8.770000e-03 
2.779000e-03 
7.340000e-03 
1.214000e-02 
1.836200e-02 
2.312100e-02 
1.447300e-02 
-4.608000e-03 
-7.923000e-03 
1.268000e-03 
7.647000e-03 
1.971000e-03 
-3.363000e-03 
1.922000e-03 
1.106300e-02 
2.111700e-02 
3.684800e-02 
4.867900e-02 
5.960000e-02 
6.802200e-02 
8.406000e-02 
1.029860e-01 
1.112200e-01 
7.915000e-02 
2.134000e-02 
-3.037100e-02 
-7.433800e-02 
-7.677100e-02 
-5.838800e-02 
-6.215400e-02 
-9.050400e-02 
-1.256540e-01 
-1.669270e-01 
-1.811910e-01 
-1.742840e-01 
-5.900500e-02 
1.045700e-02 
-9.250000e-04 
1.926500e-02 
8.008000e-02 
1.382990e-01 
1.712730e-01 
1.864790e-01 
1.804370e-01 
1.494860e-01 
4.160500e-02 
-1.452100e-02 
-7.418300e-02 
-1.092950e-01 
-6.657900e-02 
-1.638800e-02 
-9.556000e-03 
-2.181300e-02 
1.067800e-02 
4.922900e-02 
6.678200e-02 
1.438900e-02 
-7.298800e-02 
-1.212720e-01 
-1.582810e-01 
-1.490990e-01 
-8.963900e-02 
-2.568700e-02 
1.691200e-02 
5.094300e-02 
7.284600e-02 
1.058130e-01 
1.565310e-01 
1.913410e-01 
1.891330e-01 
1.864690e-01 
1.778400e-01 
1.636760e-01 
1.137700e-01 
5.130700e-02 
1.040000e-04 
-1.158600e-02 
4.331000e-03 
3.127200e-02 
1.023480e-01 
1.119700e-01 
9.558300e-02 
9.025800e-02 
5.910000e-02 
-4.903000e-03 
-9.686600e-02 
-1.491610e-01 
-1.060280e-01 
-5.829500e-02 
-9.709000e-02 
-1.712960e-01 
-2.209460e-01 
-2.547320e-01 
-2.714060e-01 
-2.850690e-01 
-3.023140e-01 
-2.725510e-01 
-1.941340e-01 
-9.512200e-02 
1.108400e-02 
3.110300e-02 
9.068000e-03 
8.407000e-03 
8.054000e-03 
5.859300e-02 
8.949800e-02 
5.544900e-02 
-4.799600e-02 
-1.349090e-01 
-1.373390e-01 
-8.907600e-02 
9.657000e-03 
6.947800e-02 
9.470500e-02 
1.007260e-01 
1.149840e-01 
1.382430e-01 
1.569430e-01 
9.859000e-02 
-3.422300e-02 
-9.264200e-02 
-1.128170e-01 
-1.912500e-02 
1.271910e-01 
1.712380e-01 
1.732350e-01 
1.485140e-01 
9.813500e-02 
4.446000e-02 
8.478000e-03 
-5.268000e-02 
-1.043330e-01 
-1.441700e-01 
-1.268740e-01 
-9.746000e-03 
4.472700e-02 
9.076500e-02 
1.195470e-01 
1.213320e-01 
9.955100e-02 
1.917100e-02 
-4.295800e-02 
-7.898500e-02 
-9.835000e-02 
-6.878400e-02 
2.128200e-02 
6.650700e-02 
6.972900e-02 
4.275100e-02 
8.847000e-03 
-4.030000e-04 
1.512700e-02 
5.524600e-02 
7.376400e-02 
2.555000e-02 
-4.736800e-02 
-9.557800e-02 
-1.360200e-01 
-1.648290e-01 
-1.740330e-01 
-1.513070e-01 
-1.272750e-01 
-1.195180e-01 
-1.112510e-01 
-6.376800e-02 
-6.053000e-03 
3.321500e-02 
5.049300e-02 
1.799600e-02 
-4.099500e-02 
-5.006200e-02 
-1.644500e-02 
1.929800e-02 
5.591900e-02 
8.531300e-02 
7.241600e-02 
1.714600e-02 
-8.119000e-03 
-1.145300e-02 
-1.280200e-02 
2.632000e-03 
2.452600e-02 
3.031700e-02 
3.200100e-02 
5.697500e-02 
7.963000e-02 
9.203900e-02 
8.387200e-02 
1.955900e-02 
-3.534400e-02 
-7.173100e-02 
-1.088040e-01 
-1.263620e-01 
-1.305180e-01 
-8.859200e-02 
-5.170000e-03 
6.214300e-02 
1.277530e-01 
1.733960e-01 
1.863210e-01 
1.808610e-01 
1.371610e-01 
8.379700e-02 
3.361600e-02 
-6.839000e-03 
-2.312300e-02 
-3.156300e-02 
-3.655500e-02 
-3.472400e-02 
-1.698100e-02 
-1.150000e-04 
-1.499500e-02 
-4.783500e-02 
-6.793700e-02 
-6.221200e-02 
-5.176400e-02 
-2.938200e-02 
1.806000e-03 
1.163400e-02 
5.098000e-03 
-1.069900e-02 
-3.642400e-02 
-6.280600e-02 
-7.728400e-02 
-8.876100e-02 
-9.214900e-02 
-8.430400e-02 
-6.485700e-02 
-5.349800e-02 
-6.094500e-02 
-6.572300e-02 
-5.697300e-02 
-3.303600e-02 
-9.029000e-03 
1.172800e-02 
3.512100e-02 
4.992900e-02 
5.876300e-02 
5.645100e-02 
3.727800e-02 
-8.160000e-04 
-3.949700e-02 
-7.366800e-02 
-1.022970e-01 
-1.249370e-01 
-1.353510e-01 
-1.402890e-01 
-1.200420e-01 
-2.682600e-02 
4.358600e-02 
9.321800e-02 
1.546440e-01 
1.851580e-01 
1.838250e-01 
1.297060e-01 
5.871300e-02 
2.919000e-02 
2.062000e-02 
2.287900e-02 
3.217100e-02 
4.003400e-02 
4.282200e-02 
4.214100e-02 
3.917100e-02 
2.952200e-02 
1.249000e-03 
-3.453100e-02 
-5.401300e-02 
-7.052700e-02 
-5.811400e-02 
-1.208200e-02 
2.756000e-02 
5.689100e-02 
7.172400e-02 
6.294500e-02 
3.159500e-02 
-1.780000e-04 
-2.118400e-02 
-2.815200e-02 
-1.473100e-02 
1.588200e-02 
5.189700e-02 
8.000100e-02 
1.026500e-01 
1.158490e-01 
1.179520e-01 
8.782100e-02 
4.080200e-02 
7.719000e-03 
-1.058700e-02 
-1.959900e-02 
-2.037700e-02 
-1.782700e-02 
-1.035400e-02 
-3.185000e-03 
-5.025000e-03 
-1.110800e-02 
-2.215500e-02 
-3.282500e-02 
-3.935900e-02 
-3.672700e-02 
-2.547600e-02 
-1.251500e-02 
-1.373300e-02 
-2.690400e-02 
-4.067500e-02 
-4.913500e-02 
-4.771900e-02 
-3.488400e-02 
-2.620000e-02 
-2.351700e-02 
-2.295200e-02 
-1.682700e-02 
-8.305000e-03 
-8.001000e-03 
-2.070400e-02 
-2.850200e-02 
-1.804100e-02 
2.257000e-03 
1.935800e-02 
3.715300e-02 
4.654400e-02 
5.901100e-02 
7.110100e-02 
8.481000e-02 
8.203200e-02 
1.079200e-02 
-1.587500e-02 
-2.882300e-02 
-3.545800e-02 
-2.541100e-02 
-1.894400e-02 
-1.163400e-02 
-1.125600e-02 
2.255000e-03 
2.079000e-02 
4.009900e-02 
5.175000e-02 
6.049800e-02 
6.069700e-02 
5.639400e-02 
3.797100e-02 
1.315600e-02 
-4.490000e-03 
-1.692100e-02 
-2.149700e-02 
-1.527400e-02 
-4.619000e-03 
8.367000e-03 
2.104400e-02 
2.421900e-02 
1.937300e-02 
4.111000e-03 
-1.931800e-02 
-3.658400e-02 
-4.397000e-02 
-4.539200e-02 
-4.623300e-02 
-4.375600e-02 
-3.242300e-02 
-1.783200e-02 
-9.540000e-04 
1.059900e-02 
1.658900e-02 
2.117500e-02 
2.110200e-02 
1.187500e-02 
6.050000e-04 
-1.198400e-02 
-2.887400e-02 
-4.329300e-02 
-5.578100e-02 
-6.313800e-02 
-6.143400e-02 
-5.355300e-02 
-3.063000e-02 
1.030900e-02 
3.432200e-02 
4.400900e-02 
4.405600e-02 
3.492400e-02 
2.146700e-02 
-6.990000e-03 
-2.930500e-02 
-4.156200e-02 
-4.443800e-02 
-3.950900e-02 
-5.381000e-03 
2.275700e-02 
2.570100e-02 
1.592600e-02 
-1.436300e-02 
-3.425200e-02 
-3.980600e-02 
-3.495700e-02 
-2.215400e-02 
-9.155000e-03 
-1.618000e-03 
6.696000e-03 
9.907000e-03 
7.628000e-03 
3.007000e-03 
7.480000e-04 
3.931000e-03 
1.119800e-02 
2.019500e-02 
2.787400e-02 
3.393700e-02 
3.812600e-02 
3.677800e-02 
3.407100e-02 
3.869700e-02 
4.536300e-02 
5.028800e-02 
5.604300e-02 
5.917300e-02 
5.264900e-02 
3.256500e-02 
1.504200e-02 
5.215000e-03 
6.528000e-03 
1.501600e-02 
2.109300e-02 
2.688700e-02 
3.234200e-02 
3.202500e-02 
2.699400e-02 
2.558700e-02 
2.833700e-02 
3.215100e-02 
2.372000e-02 
3.091000e-03 
-1.643000e-02 
-2.942200e-02 
-3.936300e-02 
-4.240400e-02 
-4.108800e-02 
-3.175700e-02 
-2.539100e-02 
-2.451900e-02 
-2.283000e-02 
-2.082000e-02 
-1.654600e-02 
-1.331700e-02 
-7.963000e-03 
-1.396000e-03 
4.880000e-03 
5.305000e-03 
-6.661000e-03 
-2.274400e-02 
-3.363300e-02 
-3.938300e-02 
-4.335300e-02 
-4.473800e-02 
-3.996300e-02 
-3.257700e-02 
-2.145500e-02 
-1.296800e-02 
-7.358000e-03 
-3.618000e-03 
-1.604000e-03 
-6.790000e-04 
-8.443000e-03 
-1.897400e-02 
-3.024000e-02 
-3.901700e-02 
-3.555400e-02 
-1.856500e-02 
7.790000e-04 
1.020200e-02 
1.761800e-02 
2.417200e-02 
2.991000e-02 
3.384800e-02 
3.389200e-02 
2.735600e-02 
1.793500e-02 
1.259400e-02 
9.348000e-03 
1.052500e-02 
1.286800e-02 
1.696800e-02 
1.930800e-02 
2.119800e-02 
2.256100e-02 
2.009400e-02 
1.558200e-02 
1.624300e-02 
2.049400e-02 
2.594400e-02 
3.160900e-02 
2.942000e-02 
2.625500e-02 
2.698500e-02 
2.898900e-02 
2.893200e-02 
2.174000e-02 
5.274000e-03 
-9.375000e-03 
-1.620500e-02 
-2.159900e-02 
-2.659500e-02 
-3.143500e-02 
-3.812200e-02 
-4.355700e-02 
-4.360000e-02 
-3.706600e-02 
-2.918900e-02 
-2.422500e-02 
-2.488200e-02 
-2.288900e-02 
-2.232200e-02 
-2.690500e-02 
-2.356200e-02 
-1.144400e-02 
4.263000e-03 
1.905400e-02 
3.063400e-02 
3.427800e-02 
2.829500e-02 
1.204000e-02 
-9.638000e-03 
-2.060000e-02 
-2.201500e-02 
-1.874100e-02 
-1.378400e-02 
-5.801000e-03 
1.069400e-02 
2.320000e-02 
2.707500e-02 
2.606500e-02 
1.804500e-02 
4.173000e-03 
-5.736000e-03 
-6.001000e-03 
-4.972000e-03 
-7.371000e-03 
-1.261100e-02 
-2.087100e-02 
-2.660700e-02 
-2.212700e-02 
-1.792800e-02 
-1.584700e-02 
-6.796000e-03 
2.895000e-03 
1.297000e-02 
2.371800e-02 
2.934400e-02 
1.975000e-02 
6.316000e-03 
-2.568000e-03 
-8.476000e-03 
-8.858000e-03 
-1.060100e-02 
-1.623000e-02 
-1.530800e-02 
3.490000e-04 
2.706200e-02 
4.996400e-02 
5.914100e-02 
5.498600e-02 
3.532000e-02 
1.344700e-02 
2.340000e-03 
-4.704000e-03 
-1.264200e-02 
-2.566900e-02 
-3.765400e-02 
-3.955700e-02 
-2.126400e-02 
5.507000e-03 
1.276900e-02 
4.471000e-03 
-1.062100e-02 
-2.414100e-02 
-2.703400e-02 
-2.593800e-02 
-2.656900e-02 
-2.519800e-02 
-1.952500e-02 
-1.412800e-02 
-7.210000e-03 
1.418000e-03 
1.871000e-03 
-3.730000e-03 
-1.075000e-02 
-1.548600e-02 
-1.361300e-02 
-8.168000e-03 
-8.779000e-03 
-1.275700e-02 
-1.163900e-02 
-9.634000e-03 
-1.527400e-02 
-2.059100e-02 
-2.012200e-02 
-1.301000e-02 
-1.036000e-03 
7.338000e-03 
1.341300e-02 
1.414000e-02 
1.066000e-02 
7.111000e-03 
8.019000e-03 
1.305500e-02 
1.226000e-02 
8.644000e-03 
9.717000e-03 
1.299800e-02 
1.212000e-02 
2.753000e-03 
-1.805100e-02 
-3.284600e-02 
-3.152100e-02 
-1.600000e-02 
8.117000e-03 
2.647800e-02 
3.880800e-02 
3.938200e-02 
2.811800e-02 
1.359800e-02 
7.796000e-03 
4.280000e-03 
-3.373000e-03 
-1.799700e-02 
-3.051500e-02 
-3.380700e-02 
-1.657600e-02 
1.212900e-02 
2.506800e-02 
3.439400e-02 
4.062500e-02 
4.583700e-02 
4.912700e-02 
4.662500e-02 
2.546200e-02 
-9.880000e-04 
-9.729000e-03 
-6.344000e-03 
3.791000e-03 
1.597400e-02 
2.258700e-02 
2.860800e-02 
4.028700e-02 
4.177300e-02 
1.454900e-02 
-2.899200e-02 
-5.316600e-02 
-6.243000e-02 
-3.913400e-02 
1.202200e-02 
4.613800e-02 
6.601700e-02 
6.820200e-02 
4.497800e-02 
7.275000e-03 
-1.523200e-02 
-2.208000e-02 
-1.696800e-02 
-2.783000e-03 
8.061000e-03 
1.633800e-02 
1.527800e-02 
1.333000e-03 
-1.451100e-02 
-2.272700e-02 
-2.504700e-02 
-2.107300e-02 
-1.714500e-02 
-1.812000e-02 
-2.280100e-02 
-2.386100e-02 
-2.059400e-02 
-1.386500e-02 
-8.444000e-03 
-4.004000e-03 
5.217000e-03 
2.003600e-02 
2.792500e-02 
2.034200e-02 
7.862000e-03 
-9.992000e-03 
-2.663900e-02 
-3.653100e-02 
-3.471100e-02 
-2.175400e-02 
-9.355000e-03 
-4.978000e-03 
-6.082000e-03 
-1.040200e-02 
-1.233900e-02 
-3.922000e-03 
7.600000e-03 
1.833800e-02 
2.534000e-02 
2.758100e-02 
2.460300e-02 
1.728600e-02 
7.451000e-03 
4.147000e-03 
1.237600e-02 
2.054300e-02 
1.191100e-02 
-5.595000e-03 
-1.282600e-02 
-4.150000e-04 
2.029400e-02 
3.088500e-02 
2.235400e-02 
-3.540000e-04 
-1.367200e-02 
-2.091000e-02 
-2.451400e-02 
-2.423000e-02 
-2.394900e-02 
-2.416600e-02 
-2.470700e-02 
-2.333600e-02 
-1.896100e-02 
-6.758000e-03 
9.059000e-03 
1.622100e-02 
1.098000e-02 
1.440000e-03 
-5.808000e-03 
-1.200700e-02 
-1.505400e-02 
-1.426900e-02 
-9.719000e-03 
-1.887000e-03 
1.015300e-02 
2.261900e-02 
3.172000e-02 
3.831900e-02 
3.578100e-02 
2.140400e-02 
2.782000e-03 
-2.687000e-03 
-3.047000e-03 
-1.418000e-03 
3.966000e-03 
1.304000e-02 
2.167000e-02 
2.270600e-02 
1.599400e-02 
2.760000e-03 
-6.020000e-03 
-1.413500e-02 
-2.146700e-02 
-2.602300e-02 
-2.650500e-02 
-2.076400e-02 
-1.762700e-02 
-2.155800e-02 
-2.580100e-02 
-2.433400e-02 
-1.761700e-02 
-9.101000e-03 
-1.623000e-03 
-9.990000e-04 
-5.564000e-03 
-8.063000e-03 
-2.088000e-03 
1.837700e-02 
3.593500e-02 
4.154600e-02 
3.988600e-02 
3.376500e-02 
1.768400e-02 
-1.978000e-03 
-1.789500e-02 
-3.051700e-02 
-3.811000e-02 
-4.203700e-02 
-4.159200e-02 
-4.115800e-02 
-3.500300e-02 
-2.517600e-02 
-1.041500e-02 
1.156300e-02 
2.660000e-02 
2.954800e-02 
2.408100e-02 
2.147900e-02 
1.902400e-02 
1.107700e-02 
3.204000e-03 
4.761000e-03 
7.167000e-03 
1.633000e-03 
-1.590000e-03 
-3.785000e-03 
-8.801000e-03 
-1.124600e-02 
-4.770000e-04 
1.335600e-02 
1.714600e-02 
2.159000e-02 
3.938200e-02 
5.061800e-02 
5.850500e-02 
4.527000e-02 
-5.775000e-03 
-4.574000e-02 
-6.850500e-02 
-7.383200e-02 
-4.777700e-02 
-1.057300e-02 
-1.079000e-03 
-1.218900e-02 
-2.931200e-02 
-2.669100e-02 
-1.454000e-03 
1.845800e-02 
3.619000e-02 
4.573200e-02 
4.682200e-02 
3.341200e-02 
3.717000e-03 
-1.967300e-02 
-3.091300e-02 
-4.560700e-02 
-3.742700e-02 
9.861000e-03 
4.976600e-02 
6.941900e-02 
7.718300e-02 
4.605900e-02 
-1.073600e-02 
-5.220100e-02 
-7.527400e-02 
-8.092800e-02 
-5.641600e-02 
-1.675000e-03 
3.405400e-02 
4.232200e-02 
3.022000e-02 
2.008000e-03 
-1.367000e-02 
-1.181700e-02 
-2.060000e-03 
-6.685000e-03 
-2.898600e-02 
-4.590600e-02 
-4.672700e-02 
-3.740900e-02 
-2.908300e-02 
-3.019100e-02 
-3.034600e-02 
-2.849800e-02 
-1.530900e-02 
5.285000e-03 
1.583500e-02 
1.445500e-02 
1.439100e-02 
2.530100e-02 
3.654500e-02 
4.243500e-02 
3.419800e-02 
1.236900e-02 
-1.121700e-02 
-2.908000e-02 
-3.855600e-02 
-3.486100e-02 
-2.676900e-02 
-1.464900e-02 
4.644000e-03 
1.437400e-02 
6.890000e-03 
-8.060000e-03 
-1.834000e-02 
-1.854200e-02 
-1.469200e-02 
-1.077400e-02 
-5.578000e-03 
2.734000e-03 
1.177400e-02 
1.616900e-02 
1.335000e-02 
7.695000e-03 
4.538000e-03 
2.754000e-03 
1.490000e-03 
-3.350000e-04 
-6.145000e-03 
-1.917100e-02 
-3.367900e-02 
-3.149500e-02 
2.660000e-03 
3.296300e-02 
3.358100e-02 
2.742000e-03 
-2.464600e-02 
-1.790700e-02 
8.451000e-03 
2.464400e-02 
2.150700e-02 
1.449200e-02 
1.337700e-02 
2.096500e-02 
2.078100e-02 
8.080000e-03 
-7.579000e-03 
-7.156000e-03 
1.119900e-02 
2.957500e-02 
3.184500e-02 
2.356700e-02 
7.143000e-03 
-9.861000e-03 
-1.895500e-02 
-2.339500e-02 
-2.591600e-02 
-1.935500e-02 
-1.110000e-03 
1.233400e-02 
1.459400e-02 
5.019000e-03 
-7.486000e-03 
-4.916000e-03 
1.393000e-03 
-2.624000e-03 
-1.113400e-02 
-1.581900e-02 
-1.267600e-02 
-1.900000e-04 
1.840500e-02 
3.022800e-02 
3.139100e-02 
2.771900e-02 
2.746100e-02 
2.487300e-02 
1.685100e-02 
-1.368000e-03 
-2.266800e-02 
-3.506900e-02 
-3.338500e-02 
-1.657300e-02 
-3.761000e-03 
-7.213000e-03 
-1.896900e-02 
-2.143000e-02 
-1.040800e-02 
-1.996000e-03 
1.144000e-03 
3.659000e-03 
6.284000e-03 
1.033300e-02 
1.169100e-02 
8.065000e-03 
-6.600000e-05 
-4.922000e-03 
-4.620000e-03 
-2.567000e-03 
-2.774000e-03 
-1.124000e-03 
4.684000e-03 
6.333000e-03 
4.211000e-03 
-5.900000e-04 
-6.248000e-03 
-6.824000e-03 
-3.341000e-03 
-1.338000e-03 
-1.549000e-03 
-2.274000e-03 
-4.760000e-04 
2.997000e-03 
5.866000e-03 
7.233000e-03 
5.191000e-03 
2.410000e-03 
1.246000e-03 
1.752000e-03 
4.464000e-03 
8.066000e-03 
1.285400e-02 
1.661400e-02 
1.819000e-02 
1.667300e-02 
1.041300e-02 
5.333000e-03 
3.992000e-03 
5.093000e-03 
5.701000e-03 
4.495000e-03 
8.610000e-04 
-4.758000e-03 
-1.142300e-02 
-1.541000e-02 
-1.458800e-02 
-1.162000e-02 
-8.172000e-03 
-4.938000e-03 
-3.079000e-03 
-2.726000e-03 
-2.828000e-03 
-2.170000e-03 
-1.280000e-03 
5.740000e-04 
2.813000e-03 
4.356000e-03 
5.664000e-03 
7.574000e-03 
1.220700e-02 
1.534600e-02 
1.388900e-02 
7.942000e-03 
3.992000e-03 
4.897000e-03 
7.263000e-03 
4.973000e-03 
-2.678000e-03 
-9.392000e-03 
-1.479700e-02 
-1.884900e-02 
-1.993500e-02 
-1.484300e-02 
-5.898000e-03 
-2.737000e-03 
-6.409000e-03 
-9.891000e-03 
-7.808000e-03 
1.825000e-03 
1.115700e-02 
1.626200e-02 
2.087100e-02 
2.563300e-02 
2.592200e-02 
1.549900e-02 
1.826000e-03 
-4.855000e-03 
-4.128000e-03 
1.619000e-03 
7.485000e-03 
9.406000e-03 
1.216200e-02 
1.535300e-02 
1.603200e-02 
1.300800e-02 
5.528000e-03 
-5.320000e-04 
-2.876000e-03 
-2.528000e-03 
-4.069000e-03 
-6.136000e-03 
-5.909000e-03 
-5.759000e-03 
-8.753000e-03 
-1.522700e-02 
-1.852800e-02 
-1.416100e-02 
-5.738000e-03 
-1.132000e-03 
-1.684000e-03 
-2.306000e-03 
-2.395000e-03 
-2.090000e-03 
-4.798000e-03 
-1.124400e-02 
-1.477200e-02 
-1.156100e-02 
-3.682000e-03 
2.478000e-03 
3.819000e-03 
-5.000000e-06 
-3.690000e-03 
-5.816000e-03 
-4.626000e-03 
4.110000e-04 
4.403000e-03 
4.498000e-03 
1.240000e-03 
-2.120000e-04 
2.240000e-03 
5.437000e-03 
4.796000e-03 
2.880000e-03 
1.294000e-03 
-8.290000e-04 
-4.500000e-03 
-5.649000e-03 
-2.376000e-03 
3.000000e-03 
7.737000e-03 
9.318000e-03 
6.995000e-03 
1.073000e-03 
-2.701000e-03 
-6.550000e-03 
-1.342900e-02 
-2.020700e-02 
-2.545400e-02 
-2.668500e-02 
-2.084100e-02 
-1.078600e-02 
-4.080000e-03 
2.760000e-04 
5.006000e-03 
8.361000e-03 
1.002800e-02 
9.325000e-03 
7.777000e-03 
6.619000e-03 
4.578000e-03 
9.370000e-04 
3.790000e-04 
2.024000e-03 
1.077000e-03 
-8.070000e-04 
-1.326000e-03 
9.510000e-04 
4.130000e-03 
5.967000e-03 
5.881000e-03 
4.737000e-03 
2.930000e-03 
1.113000e-03 
-6.650000e-04 
-1.207000e-03 
1.090000e-04 
1.656000e-03 
3.220000e-03 
3.886000e-03 
2.429000e-03 
-8.300000e-04 
-2.807000e-03 
-5.711000e-03 
-8.374000e-03 
-1.011800e-02 
-8.487000e-03 
-4.425000e-03 
-1.485000e-03 
6.470000e-04 
2.011000e-03 
2.121000e-03 
1.170000e-03 
4.325000e-03 
1.011600e-02 
1.571800e-02 
1.822000e-02 
1.579600e-02 
7.830000e-03 
-1.699000e-03 
-8.381000e-03 
-1.119500e-02 
-1.043600e-02 
-7.802000e-03 
-7.305000e-03 
-8.450000e-03 
-1.038600e-02 
-1.261200e-02 
-1.285900e-02 
-9.832000e-03 
-4.835000e-03 
4.000000e-05 
5.869000e-03 
1.335800e-02 
2.095000e-02 
2.358100e-02 
2.111100e-02 
1.207500e-02 
-5.900000e-05 
-9.575000e-03 
-1.311100e-02 
-9.917000e-03 
-3.006000e-03 
3.579000e-03 
7.193000e-03 
8.891000e-03 
9.555000e-03 
8.574000e-03 
7.271000e-03 
4.292000e-03 
-6.790000e-04 
-5.380000e-03 
-8.618000e-03 
-8.742000e-03 
-8.008000e-03 
-7.841000e-03 
-8.726000e-03 
-9.789000e-03 
-8.964000e-03 
-7.578000e-03 
-7.502000e-03 
-7.628000e-03 
-6.118000e-03 
-2.315000e-03 
3.163000e-03 
7.888000e-03 
8.262000e-03 
6.609000e-03 
3.636000e-03 
1.525000e-03 
1.680000e-03 
2.560000e-03 
2.876000e-03 
1.244000e-03 
-1.544000e-03 
-3.244000e-03 
-1.773000e-03 
3.577000e-03 
9.243000e-03 
1.197900e-02 
1.076600e-02 
7.157000e-03 
1.595000e-03 
-6.584000e-03 
-1.470600e-02 
-2.037900e-02 
-2.149400e-02 
-2.045200e-02 
-1.499100e-02 
-5.457000e-03 
2.193000e-03 
6.162000e-03 
8.521000e-03 
1.058300e-02 
1.120600e-02 
1.016200e-02 
8.026000e-03 
6.560000e-03 
6.708000e-03 
6.643000e-03 
6.961000e-03 
9.762000e-03 
1.207100e-02 
1.178800e-02 
1.133800e-02 
1.274900e-02 
1.405200e-02 
1.250000e-02 
8.300000e-03 
4.164000e-03 
1.587000e-03 
-1.300000e-05 
-2.324000e-03 
-5.424000e-03 
-7.194000e-03 
-7.702000e-03 
-6.222000e-03 
-2.865000e-03 
2.016000e-03 
5.948000e-03 
8.038000e-03 
1.011300e-02 
1.038100e-02 
9.270000e-03 
6.055000e-03 
3.284000e-03 
3.031000e-03 
1.704000e-03 
9.190000e-04 
1.402000e-03 
1.308000e-03 
-1.500000e-04 
-3.397000e-03 
-6.697000e-03 
-7.691000e-03 
-6.900000e-03 
-7.363000e-03 
-9.205000e-03 
-1.179600e-02 
-1.243500e-02 
-9.847000e-03 
-7.694000e-03 
-5.909000e-03 
-3.864000e-03 
-3.328000e-03 
-3.507000e-03 
-5.083000e-03 
-6.261000e-03 
-5.907000e-03 
-6.353000e-03 
-7.094000e-03 
-8.381000e-03 
-6.438000e-03 
-5.150000e-04 
4.397000e-03 
7.284000e-03 
7.931000e-03 
7.010000e-03 
5.405000e-03 
3.461000e-03 
3.100000e-05 
-2.042000e-03 
-1.806000e-03 
1.796000e-03 
7.613000e-03 
1.231100e-02 
1.540100e-02 
1.418600e-02 
1.188900e-02 
9.177000e-03 
7.853000e-03 
5.658000e-03 
1.832000e-03 
-2.220000e-03 
-6.861000e-03 
-1.041100e-02 
-1.200300e-02 
-1.068000e-02 
-9.601000e-03 
-7.895000e-03 
-8.130000e-03 
-1.001100e-02 
-1.010700e-02 
-8.979000e-03 
-6.562000e-03 
-5.454000e-03 
-5.403000e-03 
-5.503000e-03 
-4.450000e-03 
1.460000e-04 
3.959000e-03 
5.712000e-03 
6.207000e-03 
4.536000e-03 
1.065000e-03 
-2.658000e-03 
-4.458000e-03 
-2.728000e-03 
-4.000000e-04 
1.049000e-03 
1.879000e-03 
3.097000e-03 
3.520000e-03 
2.831000e-03 
1.916000e-03 
1.178000e-03 
1.272000e-03 
1.394000e-03 
2.921000e-03 
4.144000e-03 
5.548000e-03 
4.549000e-03 
1.734000e-03 
-5.840000e-04 
-6.250000e-04 
2.868000e-03 
6.536000e-03 
8.372000e-03 
7.945000e-03 
5.763000e-03 
3.516000e-03 
4.850000e-04 
-2.699000e-03 
-5.577000e-03 
-7.368000e-03 
-8.151000e-03 
-9.704000e-03 
-1.011200e-02 
-9.665000e-03 
-5.291000e-03 
-3.700000e-05 
4.135000e-03 
7.999000e-03 
9.818000e-03 
9.263000e-03 
7.500000e-03 
5.802000e-03 
4.183000e-03 
5.281000e-03 
8.623000e-03 
1.137500e-02 
1.072500e-02 
7.184000e-03 
1.972000e-03 
-3.087000e-03 
-6.691000e-03 
-8.821000e-03 
-1.026900e-02 
-9.021000e-03 
-7.031000e-03 
-4.920000e-03 
-6.580000e-04 
1.936000e-03 
4.950000e-04 
-3.060000e-03 
-6.189000e-03 
-9.493000e-03 
-1.046700e-02 
-8.993000e-03 
-6.158000e-03 
-5.084000e-03 
-4.483000e-03 
-3.341000e-03 
-1.611000e-03 
-2.500000e-04 
-8.070000e-04 
-5.860000e-04 
-1.479000e-03 
-3.160000e-03 
-4.969000e-03 
-4.018000e-03 
9.860000e-04 
7.112000e-03 
8.657000e-03 
4.660000e-03 
5.220000e-04 
-5.250000e-04 
1.250000e-03 
5.769000e-03 
1.125100e-02 
1.557900e-02 
1.813100e-02 
1.825500e-02 
1.117100e-02 
8.080000e-04 
-7.027000e-03 
-1.113600e-02 
-9.808000e-03 
-5.862000e-03 
-9.410000e-04 
2.734000e-03 
4.766000e-03 
5.133000e-03 
5.237000e-03 
5.075000e-03 
4.275000e-03 
4.196000e-03 
6.467000e-03 
9.508000e-03 
1.044200e-02 
8.723000e-03 
7.407000e-03 
7.471000e-03 
5.118000e-03 
2.221000e-03 
-9.900000e-05 
-1.577000e-03 
-2.810000e-03 
-4.502000e-03 
-4.960000e-03 
-3.625000e-03 
-1.560000e-03 
7.560000e-04 
6.600000e-05 
-2.856000e-03 
-7.732000e-03 
-1.196100e-02 
-1.489600e-02 
-1.648300e-02 
-1.578200e-02 
-1.278900e-02 
-8.702000e-03 
-4.420000e-03 
-1.108000e-03 
7.300000e-05 
1.017000e-03 
1.810000e-03 
2.212000e-03 
2.718000e-03 
3.807000e-03 
3.887000e-03 
4.950000e-03 
7.967000e-03 
1.025600e-02 
1.107100e-02 
1.112600e-02 
1.009300e-02 
9.749000e-03 
9.768000e-03 
8.318000e-03 
4.745000e-03 
4.960000e-04 
-2.955000e-03 
-5.183000e-03 
-5.710000e-03 
-5.431000e-03 
-5.540000e-03 
-4.764000e-03 
-7.160000e-04 
2.865000e-03 
5.845000e-03 
6.721000e-03 
6.451000e-03 
6.261000e-03 
6.939000e-03 
8.008000e-03 
7.706000e-03 
6.130000e-03 
3.622000e-03 
2.006000e-03 
1.063000e-03 
3.170000e-04 
3.920000e-04 
8.750000e-04 
9.300000e-04 
8.020000e-04 
-1.148000e-03 
-2.698000e-03 
-3.209000e-03 
-4.564000e-03 
-4.843000e-03 
-5.641000e-03 
-6.385000e-03 
-4.889000e-03 
-3.171000e-03 
-2.334000e-03 
-1.906000e-03 
-2.530000e-03 
-3.944000e-03 
-4.955000e-03 
-4.910000e-03 
-4.236000e-03 
-3.423000e-03 
-1.490000e-03 
4.830000e-04 
2.139000e-03 
3.357000e-03 
4.144000e-03 
3.870000e-03 
1.825000e-03 
-1.252000e-03 
-4.415000e-03 
-5.916000e-03 
-6.289000e-03 
-5.883000e-03 
-5.388000e-03 
-4.376000e-03 
-3.014000e-03 
-1.841000e-03 
-1.404000e-03 
-1.041000e-03 
-1.820000e-04 
3.570000e-04 
6.690000e-04 
4.500000e-04 
3.790000e-04 
1.210000e-04 
-8.530000e-04 
-1.261000e-03 
-1.053000e-03 
-6.270000e-04 
-4.710000e-04 
-9.430000e-04 
-1.437000e-03 
-2.044000e-03 
-2.533000e-03 
-3.099000e-03 
-2.512000e-03 
-2.100000e-03 
-2.158000e-03 
-2.869000e-03 
-3.903000e-03 
-4.165000e-03 
-4.494000e-03 
-4.380000e-03 
-4.068000e-03 
-3.900000e-03 
-3.342000e-03 
-2.829000e-03 
-2.616000e-03 
-2.376000e-03 
-1.788000e-03 
-9.300000e-04 
-2.410000e-04 
9.800000e-05 
4.500000e-05 
6.500000e-05 
4.600000e-05 
-1.420000e-04 
-6.930000e-04 
-1.094000e-03 
-1.137000e-03 
-9.240000e-04 
-5.080000e-04 
-4.010000e-04 
-4.170000e-04 
-2.820000e-04 
-2.900000e-04 
-3.620000e-04 
-2.570000e-04 
-3.260000e-04 
-3.330000e-04 
-1.860000e-04 
7.400000e-05 
2.660000e-04 
3.150000e-04 
3.700000e-04 
2.970000e-04 
2.000000e-04 
2.770000e-04 
4.110000e-04 
6.110000e-04 
7.370000e-04 
7.960000e-04 
8.700000e-04 
9.290000e-04 
1.005000e-03 
1.064000e-03 
1.151000e-03 
1.198000e-03 
1.219000e-03 
1.228000e-03 
1.236000e-03 
1.276000e-03 
1.326000e-03 
1.362000e-03 
1.354000e-03 
1.325000e-03 
1.291000e-03 
1.272000e-03 
1.249000e-03 
1.214000e-03 
1.189000e-03 
1.170000e-03 
1.165000e-03 
1.167000e-03 
1.176000e-03 
1.185000e-03 
1.188000e-03 
1.190000e-03 
1.192000e-03 
1.192000e-03 
