1 
5.000000e-03 
7.000000e-06 
8.000000e-06 
8.000000e-06 
9.000000e-06 
9.000000e-06 
9.000000e-06 
1.000000e-05 
1.000000e-05 
1.100000e-05 
1.100000e-05 
1.200000e-05 
1.200000e-05 
1.200000e-05 
1.300000e-05 
1.300000e-05 
1.300000e-05 
1.400000e-05 
1.500000e-05 
1.500000e-05 
1.500000e-05 
1.500000e-05 
1.600000e-05 
1.600000e-05 
1.700000e-05 
1.700000e-05 
1.800000e-05 
1.800000e-05 
1.900000e-05 
2.000000e-05 
2.000000e-05 
2.000000e-05 
2.100000e-05 
2.100000e-05 
2.100000e-05 
2.100000e-05 
2.200000e-05 
2.400000e-05 
2.400000e-05 
2.300000e-05 
2.500000e-05 
2.500000e-05 
2.400000e-05 
2.400000e-05 
2.600000e-05 
2.800000e-05 
3.100000e-05 
3.300000e-05 
3.200000e-05 
2.900000e-05 
2.700000e-05 
3.000000e-05 
3.100000e-05 
2.900000e-05 
2.900000e-05 
2.900000e-05 
3.100000e-05 
3.500000e-05 
3.700000e-05 
3.400000e-05 
3.200000e-05 
3.600000e-05 
4.100000e-05 
4.100000e-05 
3.500000e-05 
2.800000e-05 
3.000000e-05 
3.500000e-05 
3.600000e-05 
3.800000e-05 
4.700000e-05 
5.000000e-05 
4.100000e-05 
3.600000e-05 
4.200000e-05 
4.300000e-05 
3.700000e-05 
3.100000e-05 
3.200000e-05 
3.400000e-05 
3.600000e-05 
4.200000e-05 
5.100000e-05 
5.400000e-05 
4.700000e-05 
4.200000e-05 
5.000000e-05 
5.900000e-05 
6.100000e-05 
5.600000e-05 
5.000000e-05 
5.400000e-05 
5.900000e-05 
5.500000e-05 
5.800000e-05 
6.900000e-05 
6.100000e-05 
4.700000e-05 
5.400000e-05 
6.800000e-05 
6.800000e-05 
5.300000e-05 
5.000000e-05 
7.100000e-05 
7.800000e-05 
5.900000e-05 
4.700000e-05 
6.000000e-05 
7.600000e-05 
7.300000e-05 
6.000000e-05 
5.900000e-05 
5.900000e-05 
5.300000e-05 
4.900000e-05 
5.200000e-05 
5.000000e-05 
3.900000e-05 
4.500000e-05 
7.100000e-05 
8.700000e-05 
8.500000e-05 
7.600000e-05 
6.700000e-05 
7.200000e-05 
8.500000e-05 
8.400000e-05 
6.600000e-05 
5.600000e-05 
6.900000e-05 
7.100000e-05 
6.200000e-05 
7.400000e-05 
8.800000e-05 
7.300000e-05 
5.900000e-05 
7.600000e-05 
9.200000e-05 
7.500000e-05 
6.000000e-05 
7.300000e-05 
7.600000e-05 
6.200000e-05 
6.000000e-05 
8.400000e-05 
9.800000e-05 
8.300000e-05 
8.100000e-05 
9.300000e-05 
7.400000e-05 
4.400000e-05 
6.000000e-05 
8.000000e-05 
7.000000e-05 
6.400000e-05 
8.800000e-05 
1.110000e-04 
1.110000e-04 
1.050000e-04 
1.040000e-04 
1.080000e-04 
1.080000e-04 
1.090000e-04 
9.600000e-05 
5.500000e-05 
4.000000e-05 
6.000000e-05 
7.200000e-05 
7.400000e-05 
9.500000e-05 
1.170000e-04 
1.200000e-04 
1.070000e-04 
8.000000e-05 
6.800000e-05 
8.800000e-05 
9.000000e-05 
6.100000e-05 
3.300000e-05 
4.400000e-05 
7.700000e-05 
1.040000e-04 
8.300000e-05 
4.500000e-05 
6.700000e-05 
9.200000e-05 
7.900000e-05 
6.400000e-05 
6.600000e-05 
7.200000e-05 
7.200000e-05 
7.100000e-05 
6.200000e-05 
4.900000e-05 
7.800000e-05 
9.600000e-05 
8.700000e-05 
1.050000e-04 
1.250000e-04 
1.080000e-04 
9.800000e-05 
8.900000e-05 
7.400000e-05 
6.800000e-05 
8.000000e-05 
1.150000e-04 
1.400000e-04 
1.410000e-04 
1.160000e-04 
6.600000e-05 
8.200000e-05 
1.290000e-04 
1.010000e-04 
4.300000e-05 
6.700000e-05 
1.020000e-04 
8.700000e-05 
6.600000e-05 
7.700000e-05 
1.200000e-04 
1.400000e-04 
1.020000e-04 
7.300000e-05 
1.090000e-04 
1.510000e-04 
1.430000e-04 
9.300000e-05 
7.100000e-05 
1.130000e-04 
1.520000e-04 
1.520000e-04 
1.300000e-04 
1.020000e-04 
1.030000e-04 
9.700000e-05 
7.400000e-05 
6.600000e-05 
7.100000e-05 
8.400000e-05 
1.220000e-04 
1.410000e-04 
1.130000e-04 
1.120000e-04 
1.320000e-04 
1.150000e-04 
1.160000e-04 
1.310000e-04 
1.140000e-04 
1.150000e-04 
1.320000e-04 
1.030000e-04 
7.500000e-05 
1.000000e-04 
1.040000e-04 
7.400000e-05 
7.100000e-05 
1.080000e-04 
1.070000e-04 
7.100000e-05 
7.000000e-05 
1.090000e-04 
1.180000e-04 
1.220000e-04 
1.440000e-04 
1.420000e-04 
1.080000e-04 
1.010000e-04 
8.300000e-05 
2.000000e-05 
-1.300000e-05 
4.400000e-05 
1.340000e-04 
1.680000e-04 
1.520000e-04 
1.410000e-04 
1.340000e-04 
1.080000e-04 
1.030000e-04 
1.030000e-04 
1.220000e-04 
1.370000e-04 
1.100000e-04 
1.120000e-04 
1.320000e-04 
1.130000e-04 
1.020000e-04 
8.900000e-05 
6.600000e-05 
7.000000e-05 
1.180000e-04 
1.440000e-04 
1.000000e-04 
5.400000e-05 
5.300000e-05 
6.700000e-05 
8.000000e-05 
1.070000e-04 
8.700000e-05 
1.100000e-05 
-2.200000e-05 
1.800000e-05 
3.600000e-05 
5.300000e-05 
1.260000e-04 
1.920000e-04 
1.370000e-04 
6.400000e-05 
9.400000e-05 
1.550000e-04 
1.390000e-04 
5.500000e-05 
7.800000e-05 
1.750000e-04 
1.470000e-04 
6.700000e-05 
8.800000e-05 
1.390000e-04 
1.050000e-04 
6.300000e-05 
8.800000e-05 
1.080000e-04 
1.190000e-04 
1.490000e-04 
1.770000e-04 
1.220000e-04 
4.900000e-05 
3.900000e-05 
7.000000e-05 
1.310000e-04 
1.770000e-04 
1.360000e-04 
8.900000e-05 
7.100000e-05 
4.800000e-05 
1.100000e-05 
2.100000e-05 
5.700000e-05 
7.900000e-05 
1.010000e-04 
8.800000e-05 
5.600000e-05 
5.900000e-05 
1.090000e-04 
1.480000e-04 
1.350000e-04 
6.900000e-05 
1.000000e-06 
2.500000e-05 
1.020000e-04 
1.040000e-04 
5.600000e-05 
4.000000e-05 
6.600000e-05 
1.030000e-04 
1.030000e-04 
1.060000e-04 
1.440000e-04 
1.750000e-04 
1.180000e-04 
4.300000e-05 
3.500000e-05 
4.400000e-05 
2.900000e-05 
7.200000e-05 
1.280000e-04 
9.900000e-05 
4.600000e-05 
3.800000e-05 
6.600000e-05 
1.120000e-04 
1.410000e-04 
1.390000e-04 
1.200000e-04 
7.600000e-05 
5.600000e-05 
7.600000e-05 
4.500000e-05 
3.100000e-05 
8.200000e-05 
1.060000e-04 
9.900000e-05 
7.300000e-05 
4.800000e-05 
4.500000e-05 
5.100000e-05 
6.400000e-05 
1.040000e-04 
1.280000e-04 
7.500000e-05 
-2.000000e-06 
1.500000e-05 
1.070000e-04 
1.430000e-04 
8.600000e-05 
3.400000e-05 
4.900000e-05 
9.700000e-05 
8.900000e-05 
4.900000e-05 
3.700000e-05 
6.100000e-05 
8.600000e-05 
4.300000e-05 
1.400000e-05 
3.900000e-05 
6.000000e-05 
5.500000e-05 
5.700000e-05 
1.020000e-04 
1.280000e-04 
8.600000e-05 
3.900000e-05 
4.800000e-05 
1.060000e-04 
1.310000e-04 
9.300000e-05 
1.010000e-04 
1.570000e-04 
1.210000e-04 
4.200000e-05 
2.400000e-05 
5.800000e-05 
1.090000e-04 
1.360000e-04 
1.320000e-04 
1.130000e-04 
7.000000e-05 
5.000000e-05 
8.000000e-05 
9.200000e-05 
1.020000e-04 
1.110000e-04 
7.800000e-05 
2.700000e-05 
-9.000000e-06 
2.200000e-05 
1.010000e-04 
1.430000e-04 
1.210000e-04 
7.600000e-05 
7.500000e-05 
6.100000e-05 
4.000000e-06 
1.200000e-05 
8.400000e-05 
9.100000e-05 
5.600000e-05 
8.300000e-05 
1.070000e-04 
4.200000e-05 
-1.300000e-05 
9.000000e-06 
1.170000e-04 
1.720000e-04 
1.270000e-04 
6.500000e-05 
9.200000e-05 
1.580000e-04 
1.270000e-04 
8.500000e-05 
1.150000e-04 
1.720000e-04 
1.390000e-04 
2.000000e-05 
-7.000000e-06 
8.300000e-05 
1.330000e-04 
8.800000e-05 
7.600000e-05 
9.000000e-05 
3.500000e-05 
-2.000000e-06 
3.500000e-05 
1.020000e-04 
1.210000e-04 
6.800000e-05 
3.600000e-05 
6.900000e-05 
8.600000e-05 
9.400000e-05 
1.030000e-04 
6.800000e-05 
3.000000e-05 
2.500000e-05 
4.800000e-05 
9.300000e-05 
1.240000e-04 
1.010000e-04 
1.600000e-05 
1.000000e-06 
6.900000e-05 
9.400000e-05 
8.200000e-05 
5.500000e-05 
3.200000e-05 
3.000000e-05 
4.500000e-05 
1.010000e-04 
1.550000e-04 
1.030000e-04 
3.400000e-05 
6.500000e-05 
1.130000e-04 
6.500000e-05 
-9.000000e-06 
3.700000e-05 
1.130000e-04 
7.200000e-05 
-1.800000e-05 
-3.100000e-05 
1.300000e-05 
1.120000e-04 
1.450000e-04 
8.400000e-05 
5.400000e-05 
6.400000e-05 
8.200000e-05 
5.200000e-05 
-2.500000e-05 
-4.400000e-05 
5.100000e-05 
1.340000e-04 
1.320000e-04 
1.060000e-04 
1.040000e-04 
1.130000e-04 
1.040000e-04 
5.600000e-05 
4.300000e-05 
1.170000e-04 
1.650000e-04 
1.640000e-04 
1.090000e-04 
6.000000e-06 
0 
1.170000e-04 
1.540000e-04 
6.700000e-05 
-1.000000e-05 
-3.000000e-05 
0 
4.400000e-05 
7.700000e-05 
7.100000e-05 
7.800000e-05 
1.050000e-04 
1.050000e-04 
5.400000e-05 
2.600000e-05 
6.000000e-05 
6.300000e-05 
4.000000e-05 
6.800000e-05 
1.110000e-04 
1.070000e-04 
5.000000e-05 
2.200000e-05 
7.000000e-05 
9.600000e-05 
8.000000e-06 
-5.300000e-05 
1.900000e-05 
8.400000e-05 
8.400000e-05 
4.600000e-05 
1.700000e-05 
1.900000e-05 
2.600000e-05 
3.800000e-05 
6.600000e-05 
6.900000e-05 
6.700000e-05 
5.900000e-05 
7.700000e-05 
9.500000e-05 
5.800000e-05 
2.600000e-05 
6.600000e-05 
1.130000e-04 
1.150000e-04 
9.900000e-05 
9.800000e-05 
9.100000e-05 
6.100000e-05 
5.500000e-05 
5.700000e-05 
7.500000e-05 
1.120000e-04 
1.490000e-04 
1.250000e-04 
3.200000e-05 
-3.200000e-05 
2.800000e-05 
1.130000e-04 
9.800000e-05 
1.000000e-05 
2.000000e-05 
8.800000e-05 
5.700000e-05 
-2.000000e-05 
9.000000e-06 
5.300000e-05 
3.400000e-05 
1.900000e-05 
6.400000e-05 
9.800000e-05 
5.500000e-05 
1.700000e-05 
5.800000e-05 
1.080000e-04 
9.900000e-05 
4.100000e-05 
3.000000e-06 
1.900000e-05 
7.300000e-05 
1.180000e-04 
1.460000e-04 
1.170000e-04 
2.800000e-05 
-4.600000e-05 
-1.700000e-05 
6.300000e-05 
6.300000e-05 
2.500000e-05 
4.300000e-05 
3.700000e-05 
-2.200000e-05 
-3.000000e-05 
1.200000e-05 
2.800000e-05 
4.000000e-05 
1.060000e-04 
1.480000e-04 
1.370000e-04 
6.300000e-05 
1.200000e-05 
4.000000e-05 
7.300000e-05 
1.040000e-04 
7.000000e-05 
2.100000e-05 
2.800000e-05 
-7.000000e-06 
-5.900000e-05 
-3.200000e-05 
2.000000e-05 
3.900000e-05 
5.500000e-05 
4.200000e-05 
2.500000e-05 
4.800000e-05 
4.700000e-05 
2.700000e-05 
5.600000e-05 
9.900000e-05 
9.400000e-05 
4.800000e-05 
5.400000e-05 
8.000000e-05 
6.100000e-05 
4.700000e-05 
3.400000e-05 
2.000000e-06 
-3.700000e-05 
-2.400000e-05 
1.300000e-05 
3.300000e-05 
6.700000e-05 
7.400000e-05 
1.400000e-05 
2.100000e-05 
8.800000e-05 
1.120000e-04 
8.400000e-05 
1.900000e-05 
-4.200000e-05 
-2.900000e-05 
2.000000e-06 
-1.800000e-05 
-3.400000e-05 
-2.500000e-05 
4.100000e-05 
9.200000e-05 
5.400000e-05 
2.000000e-06 
-2.000000e-06 
2.500000e-05 
7.100000e-05 
8.900000e-05 
4.400000e-05 
1.200000e-05 
4.400000e-05 
3.800000e-05 
-2.700000e-05 
-2.400000e-05 
6.200000e-05 
1.030000e-04 
4.900000e-05 
-4.000000e-06 
-1.000000e-06 
1.500000e-05 
2.700000e-05 
5.400000e-05 
4.300000e-05 
3.400000e-05 
8.600000e-05 
9.100000e-05 
5.600000e-05 
3.600000e-05 
5.000000e-05 
4.100000e-05 
1.100000e-05 
0 
2.000000e-05 
5.500000e-05 
5.500000e-05 
6.300000e-05 
7.600000e-05 
5.400000e-05 
4.500000e-05 
3.200000e-05 
2.100000e-05 
5.500000e-05 
9.500000e-05 
8.800000e-05 
3.300000e-05 
-4.000000e-06 
-1.000000e-06 
1.100000e-05 
1.000000e-05 
1.800000e-05 
4.900000e-05 
4.300000e-05 
8.000000e-06 
7.000000e-06 
6.000000e-05 
8.900000e-05 
4.300000e-05 
-4.000000e-06 
-5.000000e-06 
2.100000e-05 
5.500000e-05 
4.000000e-05 
1.600000e-05 
3.900000e-05 
5.200000e-05 
6.400000e-05 
7.400000e-05 
3.900000e-05 
-1.000000e-06 
5.000000e-06 
7.200000e-05 
1.400000e-04 
1.280000e-04 
7.000000e-05 
1.700000e-05 
-5.000000e-06 
1.000000e-06 
5.000000e-06 
1.700000e-05 
3.500000e-05 
-4.000000e-06 
-4.100000e-05 
-6.000000e-05 
-5.300000e-05 
2.800000e-05 
9.000000e-05 
4.900000e-05 
-7.000000e-06 
-1.000000e-05 
8.000000e-06 
1.000000e-05 
1.500000e-05 
5.600000e-05 
8.300000e-05 
3.000000e-05 
-4.800000e-05 
-4.200000e-05 
7.000000e-06 
3.000000e-05 
5.900000e-05 
7.700000e-05 
5.000000e-05 
5.000000e-05 
7.000000e-05 
5.100000e-05 
5.200000e-05 
6.800000e-05 
5.000000e-05 
5.000000e-05 
8.000000e-05 
8.000000e-05 
4.100000e-05 
3.400000e-05 
1.500000e-05 
-2.700000e-05 
1.300000e-05 
8.700000e-05 
9.200000e-05 
2.700000e-05 
-4.000000e-06 
3.400000e-05 
5.100000e-05 
4.600000e-05 
3.400000e-05 
4.000000e-05 
2.900000e-05 
-1.100000e-05 
-5.200000e-05 
-2.400000e-05 
3.400000e-05 
3.000000e-06 
-3.500000e-05 
-3.000000e-06 
5.200000e-05 
5.200000e-05 
5.100000e-05 
6.400000e-05 
3.500000e-05 
-6.000000e-06 
-1.000000e-06 
5.300000e-05 
9.100000e-05 
8.700000e-05 
7.500000e-05 
6.500000e-05 
1.400000e-05 
-4.200000e-05 
8.000000e-06 
6.500000e-05 
4.000000e-06 
-4.800000e-05 
-8.000000e-06 
5.200000e-05 
5.100000e-05 
2.500000e-05 
-2.400000e-05 
-3.800000e-05 
2.000000e-06 
6.100000e-05 
7.800000e-05 
2.900000e-05 
-1.400000e-05 
-2.400000e-05 
-4.200000e-05 
-3.400000e-05 
-4.000000e-06 
6.000000e-06 
9.000000e-06 
5.900000e-05 
1.280000e-04 
1.110000e-04 
2.100000e-05 
-1.500000e-05 
2.900000e-05 
3.800000e-05 
-1.000000e-06 
-5.000000e-06 
2.500000e-05 
-8.000000e-06 
-2.700000e-05 
3.800000e-05 
8.100000e-05 
4.700000e-05 
2.500000e-05 
1.600000e-05 
-2.000000e-06 
-1.000000e-05 
-8.000000e-06 
7.000000e-06 
3.900000e-05 
1.900000e-05 
-5.900000e-05 
-8.300000e-05 
1.400000e-05 
7.600000e-05 
0 
-5.400000e-05 
-1.100000e-05 
6.300000e-05 
8.000000e-05 
3.600000e-05 
2.400000e-05 
1.900000e-05 
1.000000e-05 
3.000000e-05 
2.700000e-05 
-1.400000e-05 
-5.900000e-05 
-3.100000e-05 
3.000000e-05 
-1.300000e-05 
-9.300000e-05 
-9.700000e-05 
-3.000000e-05 
1.000000e-06 
-3.800000e-05 
-3.300000e-05 
4.700000e-05 
8.600000e-05 
3.500000e-05 
-2.900000e-05 
-5.900000e-05 
-3.500000e-05 
2.000000e-06 
5.000000e-06 
-3.000000e-06 
-2.800000e-05 
-9.900000e-05 
-1.140000e-04 
-2.600000e-05 
6.100000e-05 
4.500000e-05 
3.000000e-06 
3.600000e-05 
7.600000e-05 
3.900000e-05 
-1.300000e-05 
-6.000000e-06 
5.300000e-05 
8.000000e-05 
3.100000e-05 
-5.000000e-06 
2.800000e-05 
2.400000e-05 
-4.300000e-05 
-3.900000e-05 
3.600000e-05 
4.500000e-05 
-1.000000e-06 
-1.900000e-05 
-7.000000e-06 
2.000000e-06 
-3.000000e-06 
5.000000e-06 
3.800000e-05 
3.200000e-05 
-1.500000e-05 
-5.700000e-05 
-5.100000e-05 
-4.200000e-05 
-2.800000e-05 
-2.000000e-06 
-1.900000e-05 
-8.700000e-05 
-7.500000e-05 
1.900000e-05 
1.050000e-04 
6.900000e-05 
0 
3.900000e-05 
1.280000e-04 
1.270000e-04 
9.500000e-05 
1.750000e-04 
3.020000e-04 
3.420000e-04 
3.150000e-04 
2.860000e-04 
2.600000e-04 
2.720000e-04 
3.020000e-04 
2.980000e-04 
2.330000e-04 
1.510000e-04 
1.060000e-04 
7.500000e-05 
3.900000e-05 
2.000000e-06 
2.700000e-05 
9.400000e-05 
1.160000e-04 
1.760000e-04 
3.470000e-04 
5.980000e-04 
8.770000e-04 
1.081000e-03 
1.170000e-03 
1.195000e-03 
1.144000e-03 
9.860000e-04 
7.220000e-04 
3.640000e-04 
-3.000000e-06 
-3.400000e-04 
-6.770000e-04 
-9.950000e-04 
-1.312000e-03 
-1.607000e-03 
-1.891000e-03 
-2.171000e-03 
-2.379000e-03 
-2.468000e-03 
-2.380000e-03 
-2.155000e-03 
-1.814000e-03 
-1.325000e-03 
-7.430000e-04 
-1.040000e-04 
5.540000e-04 
1.242000e-03 
1.875000e-03 
2.338000e-03 
2.602000e-03 
2.707000e-03 
2.637000e-03 
2.305000e-03 
1.661000e-03 
8.780000e-04 
1.740000e-04 
-4.450000e-04 
-1.045000e-03 
-1.562000e-03 
-1.888000e-03 
-1.991000e-03 
-1.967000e-03 
-1.900000e-03 
-1.712000e-03 
-1.314000e-03 
-7.780000e-04 
-2.650000e-04 
2.000000e-04 
5.910000e-04 
9.040000e-04 
1.200000e-03 
1.514000e-03 
1.799000e-03 
1.929000e-03 
1.831000e-03 
1.558000e-03 
1.310000e-03 
1.188000e-03 
1.059000e-03 
8.050000e-04 
5.790000e-04 
5.820000e-04 
7.610000e-04 
9.640000e-04 
1.140000e-03 
1.282000e-03 
1.442000e-03 
1.654000e-03 
1.952000e-03 
2.197000e-03 
2.129000e-03 
1.734000e-03 
1.241000e-03 
7.580000e-04 
2.450000e-04 
-3.210000e-04 
-1.012000e-03 
-1.753000e-03 
-2.413000e-03 
-3.048000e-03 
-3.607000e-03 
-3.961000e-03 
-3.990000e-03 
-3.679000e-03 
-3.134000e-03 
-2.458000e-03 
-1.816000e-03 
-1.264000e-03 
-6.340000e-04 
1.930000e-04 
1.196000e-03 
2.264000e-03 
3.229000e-03 
3.836000e-03 
4.074000e-03 
4.197000e-03 
4.327000e-03 
4.327000e-03 
4.065000e-03 
3.647000e-03 
3.229000e-03 
2.835000e-03 
2.333000e-03 
1.702000e-03 
1.115000e-03 
6.480000e-04 
1.800000e-04 
-5.480000e-04 
-1.552000e-03 
-2.683000e-03 
-3.834000e-03 
-4.836000e-03 
-5.433000e-03 
-5.607000e-03 
-5.475000e-03 
-5.130000e-03 
-4.772000e-03 
-4.556000e-03 
-4.431000e-03 
-4.193000e-03 
-3.627000e-03 
-2.635000e-03 
-1.305000e-03 
1.840000e-04 
1.617000e-03 
2.887000e-03 
4.004000e-03 
5.016000e-03 
5.917000e-03 
6.577000e-03 
6.863000e-03 
6.743000e-03 
6.422000e-03 
6.120000e-03 
5.747000e-03 
5.110000e-03 
4.217000e-03 
3.230000e-03 
2.198000e-03 
1.083000e-03 
-2.800000e-05 
-9.840000e-04 
-1.864000e-03 
-2.618000e-03 
-3.052000e-03 
-3.226000e-03 
-3.320000e-03 
-3.343000e-03 
-3.286000e-03 
-3.223000e-03 
-3.056000e-03 
-2.640000e-03 
-1.948000e-03 
-1.121000e-03 
-3.380000e-04 
3.490000e-04 
9.660000e-04 
1.626000e-03 
2.417000e-03 
3.326000e-03 
4.195000e-03 
4.782000e-03 
5.005000e-03 
5.150000e-03 
5.579000e-03 
6.302000e-03 
7.028000e-03 
7.663000e-03 
8.226000e-03 
8.432000e-03 
7.928000e-03 
6.679000e-03 
4.893000e-03 
2.809000e-03 
4.640000e-04 
-2.261000e-03 
-5.354000e-03 
-8.483000e-03 
-1.115200e-02 
-1.325800e-02 
-1.494200e-02 
-1.619900e-02 
-1.685300e-02 
-1.680500e-02 
-1.606100e-02 
-1.472700e-02 
-1.284400e-02 
-1.015300e-02 
-6.310000e-03 
-1.421000e-03 
4.084000e-03 
9.703000e-03 
1.500100e-02 
1.975700e-02 
2.379300e-02 
2.667300e-02 
2.808000e-02 
2.796400e-02 
2.640500e-02 
2.342700e-02 
1.908100e-02 
1.396300e-02 
8.743000e-03 
3.597000e-03 
-1.557000e-03 
-6.409000e-03 
-1.044400e-02 
-1.356300e-02 
-1.626400e-02 
-1.894600e-02 
-2.120300e-02 
-2.232500e-02 
-2.223100e-02 
-2.162200e-02 
-2.101700e-02 
-1.990900e-02 
-1.740700e-02 
-1.341900e-02 
-8.748000e-03 
-4.137000e-03 
2.200000e-04 
4.335000e-03 
7.981000e-03 
1.079900e-02 
1.267100e-02 
1.366800e-02 
1.380500e-02 
1.286600e-02 
1.078600e-02 
8.336000e-03 
6.805000e-03 
6.927000e-03 
8.361000e-03 
1.014900e-02 
1.144600e-02 
1.190000e-02 
1.167300e-02 
1.098600e-02 
9.987000e-03 
8.750000e-03 
6.985000e-03 
4.113000e-03 
-3.300000e-05 
-4.614000e-03 
-8.413000e-03 
-1.064500e-02 
-1.120700e-02 
-1.045200e-02 
-8.983000e-03 
-7.377000e-03 
-5.954000e-03 
-4.652000e-03 
-3.258000e-03 
-1.731000e-03 
-1.470000e-04 
1.108000e-03 
1.569000e-03 
1.367000e-03 
1.365000e-03 
2.446000e-03 
4.553000e-03 
6.997000e-03 
9.228000e-03 
1.099700e-02 
1.205400e-02 
1.192600e-02 
1.031200e-02 
7.687000e-03 
4.612000e-03 
9.430000e-04 
-3.654000e-03 
-8.740000e-03 
-1.318800e-02 
-1.613400e-02 
-1.745300e-02 
-1.750700e-02 
-1.651900e-02 
-1.449000e-02 
-1.149800e-02 
-7.777000e-03 
-3.603000e-03 
4.630000e-04 
3.602000e-03 
5.336000e-03 
6.008000e-03 
6.345000e-03 
6.726000e-03 
6.993000e-03 
7.017000e-03 
7.213000e-03 
8.115000e-03 
9.888000e-03 
1.231300e-02 
1.482400e-02 
1.616300e-02 
1.500300e-02 
1.116300e-02 
5.885000e-03 
9.430000e-04 
-2.444000e-03 
-4.281000e-03 
-5.494000e-03 
-6.993000e-03 
-8.761000e-03 
-9.944000e-03 
-9.899000e-03 
-9.002000e-03 
-8.092000e-03 
-7.611000e-03 
-7.801000e-03 
-8.716000e-03 
-9.912000e-03 
-1.042400e-02 
-9.608000e-03 
-7.773000e-03 
-5.545000e-03 
-2.832000e-03 
5.810000e-04 
4.176000e-03 
7.111000e-03 
8.893000e-03 
9.801000e-03 
1.053900e-02 
1.133300e-02 
1.169600e-02 
1.125200e-02 
1.017500e-02 
8.545000e-03 
6.127000e-03 
3.198000e-03 
6.900000e-04 
-6.440000e-04 
-1.067000e-03 
-1.483000e-03 
-2.290000e-03 
-3.158000e-03 
-3.841000e-03 
-4.743000e-03 
-6.700000e-03 
-9.900000e-03 
-1.346900e-02 
-1.601100e-02 
-1.665000e-02 
-1.570700e-02 
-1.409300e-02 
-1.234100e-02 
-1.023500e-02 
-7.317000e-03 
-3.318000e-03 
1.520000e-03 
6.179000e-03 
9.465000e-03 
1.119800e-02 
1.254400e-02 
1.491800e-02 
1.843100e-02 
2.190900e-02 
2.403100e-02 
2.419300e-02 
2.275100e-02 
2.038400e-02 
1.724500e-02 
1.303200e-02 
7.698000e-03 
1.757000e-03 
-4.264000e-03 
-1.017100e-02 
-1.558400e-02 
-1.972700e-02 
-2.245000e-02 
-2.438900e-02 
-2.571300e-02 
-2.563100e-02 
-2.342600e-02 
-1.961600e-02 
-1.547200e-02 
-1.143200e-02 
-6.823000e-03 
-1.164000e-03 
5.100000e-03 
1.122000e-02 
1.704500e-02 
2.318700e-02 
3.000100e-02 
3.696100e-02 
4.297200e-02 
4.656200e-02 
4.654700e-02 
4.263900e-02 
3.567800e-02 
2.720700e-02 
1.857600e-02 
1.042600e-02 
2.639000e-03 
-5.305000e-03 
-1.388200e-02 
-2.289200e-02 
-3.094900e-02 
-3.615200e-02 
-3.753100e-02 
-3.593000e-02 
-3.328900e-02 
-3.123500e-02 
-3.023800e-02 
-2.960100e-02 
-2.802300e-02 
-2.458300e-02 
-1.954500e-02 
-1.424500e-02 
-9.539000e-03 
-4.681000e-03 
1.531000e-03 
9.207000e-03 
1.754000e-02 
2.586400e-02 
3.358200e-02 
3.984300e-02 
4.380200e-02 
4.486800e-02 
4.248200e-02 
3.625200e-02 
2.680500e-02 
1.630000e-02 
7.405000e-03 
1.318000e-03 
-3.139000e-03 
-8.186000e-03 
-1.488500e-02 
-2.235100e-02 
-2.874700e-02 
-3.269600e-02 
-3.431700e-02 
-3.505000e-02 
-3.637100e-02 
-3.857100e-02 
-4.099200e-02 
-4.251700e-02 
-4.173700e-02 
-3.743700e-02 
-2.931600e-02 
-1.828300e-02 
-5.957000e-03 
6.373000e-03 
1.811700e-02 
2.883900e-02 
3.780800e-02 
4.425500e-02 
4.803800e-02 
4.968700e-02 
4.945500e-02 
4.687100e-02 
4.158500e-02 
3.450700e-02 
2.741300e-02 
2.119600e-02 
1.503900e-02 
7.809000e-03 
-5.660000e-04 
-9.236000e-03 
-1.725700e-02 
-2.402100e-02 
-2.925400e-02 
-3.339800e-02 
-3.778900e-02 
-4.361500e-02 
-5.049300e-02 
-5.636900e-02 
-5.864700e-02 
-5.543200e-02 
-4.649000e-02 
-3.374500e-02 
-2.050900e-02 
-9.505000e-03 
-1.213000e-03 
5.782000e-03 
1.314100e-02 
2.125100e-02 
2.904600e-02 
3.498200e-02 
3.785200e-02 
3.733500e-02 
3.428200e-02 
3.008000e-02 
2.592200e-02 
2.243800e-02 
1.946600e-02 
1.605500e-02 
1.087100e-02 
3.175000e-03 
-6.433000e-03 
-1.631600e-02 
-2.504600e-02 
-3.212600e-02 
-3.747900e-02 
-4.070500e-02 
-4.116100e-02 
-3.889500e-02 
-3.479000e-02 
-2.974300e-02 
-2.425100e-02 
-1.844800e-02 
-1.186400e-02 
-3.488000e-03 
7.003000e-03 
1.825900e-02 
2.803700e-02 
3.507200e-02 
3.978000e-02 
4.302100e-02 
4.506500e-02 
4.595900e-02 
4.612500e-02 
4.570300e-02 
4.400900e-02 
3.998500e-02 
3.327400e-02 
2.463700e-02 
1.527100e-02 
6.118000e-03 
-2.139000e-03 
-9.230000e-03 
-1.556800e-02 
-2.171500e-02 
-2.756500e-02 
-3.243500e-02 
-3.574700e-02 
-3.731800e-02 
-3.716200e-02 
-3.563900e-02 
-3.363800e-02 
-3.180700e-02 
-2.962300e-02 
-2.577000e-02 
-1.953600e-02 
-1.147900e-02 
-2.823000e-03 
5.242000e-03 
1.175200e-02 
1.651500e-02 
2.038600e-02 
2.417000e-02 
2.763400e-02 
2.981600e-02 
3.023300e-02 
2.932800e-02 
2.755600e-02 
2.490800e-02 
2.182300e-02 
1.936000e-02 
1.793000e-02 
1.658800e-02 
1.370800e-02 
8.760000e-03 
3.155000e-03 
-1.335000e-03 
-4.444000e-03 
-7.268000e-03 
-1.087400e-02 
-1.530100e-02 
-1.999100e-02 
-2.414600e-02 
-2.664200e-02 
-2.661900e-02 
-2.445400e-02 
-2.155800e-02 
-1.870900e-02 
-1.552900e-02 
-1.174800e-02 
-7.626000e-03 
-3.370000e-03 
8.350000e-04 
4.212000e-03 
5.895000e-03 
6.690000e-03 
8.864000e-03 
1.355500e-02 
1.914100e-02 
2.284100e-02 
2.369800e-02 
2.301200e-02 
2.209500e-02 
2.062400e-02 
1.741100e-02 
1.211300e-02 
5.654000e-03 
-8.270000e-04 
-7.011000e-03 
-1.335700e-02 
-2.007700e-02 
-2.660400e-02 
-3.182100e-02 
-3.425400e-02 
-3.274700e-02 
-2.752900e-02 
-2.056300e-02 
-1.443100e-02 
-1.025700e-02 
-6.869000e-03 
-2.595000e-03 
2.663000e-03 
7.356000e-03 
1.026000e-02 
1.147400e-02 
1.165400e-02 
1.117200e-02 
1.014500e-02 
8.573000e-03 
6.291000e-03 
3.650000e-03 
2.097000e-03 
2.876000e-03 
4.908000e-03 
5.212000e-03 
2.084000e-03 
-3.183000e-03 
-8.215000e-03 
-1.167000e-02 
-1.264200e-02 
-1.019700e-02 
-5.183000e-03 
-7.100000e-04 
1.001000e-03 
1.307000e-03 
3.126000e-03 
6.959000e-03 
1.033700e-02 
1.097000e-02 
8.873000e-03 
5.685000e-03 
2.740000e-03 
2.290000e-04 
-2.007000e-03 
-3.652000e-03 
-4.332000e-03 
-4.631000e-03 
-5.819000e-03 
-8.237000e-03 
-1.048300e-02 
-1.085200e-02 
-9.297000e-03 
-6.874000e-03 
-4.151000e-03 
-1.206000e-03 
1.628000e-03 
4.441000e-03 
8.374000e-03 
1.431300e-02 
2.155900e-02 
2.840300e-02 
3.322400e-02 
3.466600e-02 
3.181500e-02 
2.528000e-02 
1.747900e-02 
1.088300e-02 
6.111000e-03 
2.068000e-03 
-2.894000e-03 
-9.771000e-03 
-1.782100e-02 
-2.473200e-02 
-2.867400e-02 
-2.984000e-02 
-2.958300e-02 
-2.892700e-02 
-2.784900e-02 
-2.551400e-02 
-2.111600e-02 
-1.469500e-02 
-7.243000e-03 
2.500000e-04 
7.467000e-03 
1.423200e-02 
1.974600e-02 
2.274400e-02 
2.285700e-02 
2.169600e-02 
2.138100e-02 
2.207300e-02 
2.166500e-02 
1.810400e-02 
1.156900e-02 
3.745000e-03 
-4.118000e-03 
-1.170600e-02 
-1.869000e-02 
-2.441800e-02 
-2.860400e-02 
-3.131800e-02 
-3.159700e-02 
-2.760400e-02 
-1.920400e-02 
-9.505000e-03 
-2.415000e-03 
9.710000e-04 
2.583000e-03 
4.669000e-03 
7.508000e-03 
9.870000e-03 
1.097500e-02 
1.143100e-02 
1.252500e-02 
1.504900e-02 
1.899700e-02 
2.401900e-02 
2.979900e-02 
3.518500e-02 
3.821100e-02 
3.765300e-02 
3.387700e-02 
2.794900e-02 
2.068600e-02 
1.282100e-02 
5.459000e-03 
-6.050000e-04 
-5.427000e-03 
-9.231000e-03 
-1.209600e-02 
-1.426200e-02 
-1.587700e-02 
-1.686800e-02 
-1.732700e-02 
-1.778900e-02 
-1.870600e-02 
-1.991700e-02 
-2.146300e-02 
-2.357600e-02 
-2.553300e-02 
-2.586800e-02 
-2.403500e-02 
-2.080700e-02 
-1.710200e-02 
-1.313100e-02 
-8.740000e-03 
-3.937000e-03 
1.343000e-03 
7.254000e-03 
1.340900e-02 
1.847600e-02 
2.102200e-02 
2.100300e-02 
1.988200e-02 
1.900800e-02 
1.801100e-02 
1.554400e-02 
1.141300e-02 
7.159000e-03 
4.188000e-03 
1.928000e-03 
-1.132000e-03 
-4.716000e-03 
-6.430000e-03 
-5.024000e-03 
-2.667000e-03 
-2.691000e-03 
-5.876000e-03 
-1.018100e-02 
-1.373400e-02 
-1.627900e-02 
-1.793200e-02 
-1.825800e-02 
-1.680000e-02 
-1.380000e-02 
-9.727000e-03 
-4.547000e-03 
1.537000e-03 
7.125000e-03 
1.057400e-02 
1.175300e-02 
1.195700e-02 
1.226600e-02 
1.246200e-02 
1.185400e-02 
1.051000e-02 
9.232000e-03 
8.839000e-03 
8.929000e-03 
7.956000e-03 
5.275000e-03 
2.608000e-03 
2.836000e-03 
6.615000e-03 
1.048900e-02 
1.009000e-02 
5.089000e-03 
-4.380000e-04 
-3.343000e-03 
-5.039000e-03 
-8.544000e-03 
-1.360400e-02 
-1.721500e-02 
-1.840000e-02 
-1.955200e-02 
-2.245900e-02 
-2.527800e-02 
-2.497000e-02 
-2.115700e-02 
-1.588700e-02 
-1.078800e-02 
-6.546000e-03 
-3.738000e-03 
-2.264000e-03 
-8.230000e-04 
1.759000e-03 
4.777000e-03 
6.159000e-03 
5.141000e-03 
3.635000e-03 
4.444000e-03 
8.642000e-03 
1.477900e-02 
1.995000e-02 
2.191300e-02 
2.140200e-02 
2.180200e-02 
2.571800e-02 
3.141600e-02 
3.386500e-02 
3.027000e-02 
2.325200e-02 
1.720400e-02 
1.322600e-02 
9.617000e-03 
5.345000e-03 
8.190000e-04 
-3.640000e-03 
-8.051000e-03 
-1.167000e-02 
-1.316400e-02 
-1.243100e-02 
-1.111700e-02 
-1.095900e-02 
-1.188900e-02 
-1.230100e-02 
-1.107000e-02 
-8.904000e-03 
-7.069000e-03 
-5.180000e-03 
-1.316000e-03 
5.129000e-03 
1.217700e-02 
1.759000e-02 
2.090600e-02 
2.271100e-02 
2.318500e-02 
2.216600e-02 
1.986100e-02 
1.669200e-02 
1.263100e-02 
7.207000e-03 
3.320000e-04 
-6.649000e-03 
-1.156800e-02 
-1.323900e-02 
-1.224900e-02 
-9.960000e-03 
-7.608000e-03 
-6.100000e-03 
-6.053000e-03 
-7.729000e-03 
-1.047700e-02 
-1.270400e-02 
-1.283900e-02 
-1.053800e-02 
-7.010000e-03 
-3.331000e-03 
1.659000e-03 
1.015700e-02 
2.155100e-02 
3.138800e-02 
3.534300e-02 
3.340800e-02 
2.883800e-02 
2.377800e-02 
1.754100e-02 
9.146000e-03 
-2.630000e-04 
-8.166000e-03 
-1.240500e-02 
-1.169900e-02 
-6.575000e-03 
-3.160000e-04 
2.714000e-03 
1.028000e-03 
-2.360000e-03 
-3.471000e-03 
-1.532000e-03 
1.444000e-03 
3.775000e-03 
5.299000e-03 
5.911000e-03 
4.605000e-03 
1.096000e-03 
-2.733000e-03 
-4.317000e-03 
-2.746000e-03 
1.251000e-03 
6.606000e-03 
1.170600e-02 
1.375300e-02 
1.081600e-02 
4.856000e-03 
5.420000e-04 
2.420000e-04 
1.545000e-03 
1.017000e-03 
-1.057000e-03 
-1.670000e-03 
1.100000e-05 
1.199000e-03 
-2.720000e-04 
-2.242000e-03 
-9.200000e-04 
3.387000e-03 
5.629000e-03 
1.965000e-03 
-5.795000e-03 
-1.301300e-02 
-1.771600e-02 
-2.182200e-02 
-2.790100e-02 
-3.636700e-02 
-4.528600e-02 
-5.112200e-02 
-4.984900e-02 
-3.941800e-02 
-2.261900e-02 
-6.236000e-03 
4.149000e-03 
8.074000e-03 
8.303000e-03 
6.062000e-03 
3.050000e-04 
-8.224000e-03 
-1.507600e-02 
-1.599300e-02 
-1.140400e-02 
-5.624000e-03 
-2.269000e-03 
-1.432000e-03 
-7.680000e-04 
1.544000e-03 
5.060000e-03 
8.049000e-03 
9.179000e-03 
7.988000e-03 
4.491000e-03 
-1.240000e-04 
-3.365000e-03 
-4.140000e-03 
-4.308000e-03 
-5.143000e-03 
-3.592000e-03 
4.035000e-03 
1.522200e-02 
2.226600e-02 
2.151600e-02 
1.788800e-02 
1.804700e-02 
2.268900e-02 
2.783100e-02 
3.085300e-02 
3.213500e-02 
3.245700e-02 
3.184300e-02 
3.075100e-02 
3.040000e-02 
3.144900e-02 
3.330700e-02 
3.488300e-02 
3.528200e-02 
3.395100e-02 
3.081900e-02 
2.657400e-02 
2.191600e-02 
1.659300e-02 
1.000200e-02 
1.886000e-03 
-8.146000e-03 
-2.110800e-02 
-3.650800e-02 
-5.034300e-02 
-5.821200e-02 
-6.046300e-02 
-6.226800e-02 
-6.741700e-02 
-7.334100e-02 
-7.372000e-02 
-6.581500e-02 
-5.333800e-02 
-4.122000e-02 
-3.039500e-02 
-1.971100e-02 
-1.019900e-02 
-4.023000e-03 
-2.270000e-04 
5.353000e-03 
1.570800e-02 
2.964200e-02 
4.326600e-02 
5.334000e-02 
5.879400e-02 
5.976300e-02 
5.652100e-02 
5.026800e-02 
4.329100e-02 
3.695100e-02 
3.071800e-02 
2.355500e-02 
1.554200e-02 
7.352000e-03 
-6.230000e-04 
-7.416000e-03 
-1.114400e-02 
-1.083800e-02 
-8.400000e-03 
-7.356000e-03 
-9.511000e-03 
-1.327800e-02 
-1.550000e-02 
-1.428000e-02 
-9.745000e-03 
-3.485000e-03 
2.332000e-03 
5.949000e-03 
7.026000e-03 
7.288000e-03 
9.557000e-03 
1.491500e-02 
2.101500e-02 
2.437800e-02 
2.465700e-02 
2.457000e-02 
2.572000e-02 
2.661800e-02 
2.510100e-02 
2.117200e-02 
1.644500e-02 
1.209000e-02 
8.189000e-03 
4.718000e-03 
1.603000e-03 
-1.827000e-03 
-5.945000e-03 
-9.154000e-03 
-9.290000e-03 
-7.163000e-03 
-6.734000e-03 
-1.065600e-02 
-1.721800e-02 
-2.283000e-02 
-2.604000e-02 
-2.784300e-02 
-2.884700e-02 
-2.824300e-02 
-2.566800e-02 
-2.246100e-02 
-2.019800e-02 
-1.935800e-02 
-2.007400e-02 
-2.290700e-02 
-2.820600e-02 
-3.512900e-02 
-4.154000e-02 
-4.548800e-02 
-4.586200e-02 
-4.204900e-02 
-3.422800e-02 
-2.378300e-02 
-1.271300e-02 
-2.517000e-03 
6.452000e-03 
1.434200e-02 
2.041900e-02 
2.338800e-02 
2.371900e-02 
2.485300e-02 
2.975600e-02 
3.646300e-02 
3.973500e-02 
3.681700e-02 
2.903100e-02 
1.822000e-02 
5.554000e-03 
-6.458000e-03 
-1.481300e-02 
-1.969300e-02 
-2.471100e-02 
-3.264400e-02 
-4.257300e-02 
-5.185500e-02 
-5.908100e-02 
-6.359900e-02 
-6.372500e-02 
-5.764200e-02 
-4.665700e-02 
-3.647900e-02 
-3.354600e-02 
-3.896800e-02 
-4.618200e-02 
-4.691500e-02 
-3.987600e-02 
-3.095700e-02 
-2.562300e-02 
-2.445900e-02 
-2.557700e-02 
-2.764100e-02 
-3.006900e-02 
-3.270800e-02 
-3.569200e-02 
-3.838400e-02 
-3.925600e-02 
-3.760100e-02 
-3.431400e-02 
-3.011100e-02 
-2.429000e-02 
-1.631100e-02 
-7.680000e-03 
-8.010000e-04 
3.780000e-03 
7.539000e-03 
1.223800e-02 
1.904400e-02 
2.769000e-02 
3.541800e-02 
3.839700e-02 
3.572200e-02 
3.088700e-02 
2.781900e-02 
2.736500e-02 
2.845400e-02 
3.032100e-02 
3.230800e-02 
3.280200e-02 
3.027600e-02 
2.467200e-02 
1.655900e-02 
5.978000e-03 
-6.630000e-03 
-1.903100e-02 
-2.845500e-02 
-3.459800e-02 
-4.007100e-02 
-4.732400e-02 
-5.585300e-02 
-6.271700e-02 
-6.493600e-02 
-6.113800e-02 
-5.210800e-02 
-4.120400e-02 
-3.315300e-02 
-3.017500e-02 
-2.950500e-02 
-2.649700e-02 
-2.004500e-02 
-1.287200e-02 
-6.655000e-03 
-1.030000e-04 
7.842000e-03 
1.569000e-02 
2.107900e-02 
2.246500e-02 
1.915900e-02 
1.232300e-02 
5.918000e-03 
3.839000e-03 
5.913000e-03 
8.149000e-03 
7.302000e-03 
4.253000e-03 
2.427000e-03 
3.422000e-03 
4.902000e-03 
3.810000e-03 
3.220000e-04 
-2.981000e-03 
-4.552000e-03 
-4.896000e-03 
-4.361000e-03 
-1.750000e-03 
3.921000e-03 
1.120100e-02 
1.726900e-02 
2.079500e-02 
2.228200e-02 
2.223100e-02 
2.022300e-02 
1.619700e-02 
1.137900e-02 
6.715000e-03 
1.525000e-03 
-5.528000e-03 
-1.432600e-02 
-2.250400e-02 
-2.695600e-02 
-2.646700e-02 
-2.332800e-02 
-2.135300e-02 
-2.162900e-02 
-2.136600e-02 
-1.762700e-02 
-1.075100e-02 
-3.372000e-03 
2.479000e-03 
6.034000e-03 
6.719000e-03 
3.809000e-03 
-2.408000e-03 
-9.556000e-03 
-1.396600e-02 
-1.322500e-02 
-8.370000e-03 
-3.257000e-03 
-1.460000e-03 
-3.867000e-03 
-8.871000e-03 
-1.387700e-02 
-1.681300e-02 
-1.725200e-02 
-1.719700e-02 
-1.955100e-02 
-2.493600e-02 
-3.079600e-02 
-3.406800e-02 
-3.369200e-02 
-3.043600e-02 
-2.564100e-02 
-2.020000e-02 
-1.455500e-02 
-9.624000e-03 
-6.786000e-03 
-6.720000e-03 
-8.891000e-03 
-1.177200e-02 
-1.334800e-02 
-1.213900e-02 
-8.695000e-03 
-5.572000e-03 
-4.604000e-03 
-4.232000e-03 
-1.368000e-03 
4.373000e-03 
1.039100e-02 
1.434400e-02 
1.549200e-02 
1.329900e-02 
7.384000e-03 
-5.890000e-04 
-7.083000e-03 
-1.012500e-02 
-1.151000e-02 
-1.431800e-02 
-1.902300e-02 
-2.297100e-02 
-2.360500e-02 
-2.119700e-02 
-1.822000e-02 
-1.710400e-02 
-1.859200e-02 
-2.119300e-02 
-2.189100e-02 
-1.852900e-02 
-1.177500e-02 
-4.447000e-03 
7.970000e-04 
3.604000e-03 
5.927000e-03 
9.658000e-03 
1.462900e-02 
1.942100e-02 
2.329600e-02 
2.617500e-02 
2.762900e-02 
2.682000e-02 
2.301700e-02 
1.645500e-02 
8.696000e-03 
1.571000e-03 
-4.331000e-03 
-9.839000e-03 
-1.588200e-02 
-2.263500e-02 
-2.973000e-02 
-3.633600e-02 
-4.092400e-02 
-4.222800e-02 
-4.037200e-02 
-3.610500e-02 
-2.932600e-02 
-2.008400e-02 
-1.088400e-02 
-5.021000e-03 
-2.521000e-03 
-2.110000e-04 
4.779000e-03 
1.300900e-02 
2.333500e-02 
3.358800e-02 
4.120300e-02 
4.450700e-02 
4.343400e-02 
3.926300e-02 
3.402600e-02 
2.983900e-02 
2.727700e-02 
2.463400e-02 
1.962400e-02 
1.190400e-02 
3.774000e-03 
-1.824000e-03 
-3.801000e-03 
-3.308000e-03 
-1.897000e-03 
-3.840000e-04 
2.900000e-04 
-9.610000e-04 
-4.139000e-03 
-7.863000e-03 
-1.072100e-02 
-1.206200e-02 
-1.142200e-02 
-8.623000e-03 
-4.403000e-03 
-3.660000e-04 
2.179000e-03 
3.545000e-03 
5.272000e-03 
8.234000e-03 
1.142500e-02 
1.264900e-02 
1.051100e-02 
5.707000e-03 
4.240000e-04 
-3.193000e-03 
-3.940000e-03 
-1.367000e-03 
4.565000e-03 
1.244900e-02 
1.878900e-02 
2.029400e-02 
1.724200e-02 
1.348400e-02 
1.194400e-02 
1.137100e-02 
9.134000e-03 
5.553000e-03 
3.672000e-03 
5.149000e-03 
7.764000e-03 
7.879000e-03 
4.715000e-03 
1.252000e-03 
8.300000e-04 
3.573000e-03 
6.810000e-03 
7.777000e-03 
5.230000e-03 
-3.140000e-04 
-6.939000e-03 
-1.207800e-02 
-1.372000e-02 
-1.167000e-02 
-7.681000e-03 
-3.800000e-03 
-4.100000e-04 
3.362000e-03 
7.352000e-03 
1.001800e-02 
1.029900e-02 
8.646000e-03 
6.338000e-03 
4.736000e-03 
4.800000e-03 
5.811000e-03 
5.134000e-03 
8.910000e-04 
-5.577000e-03 
-1.151500e-02 
-1.623200e-02 
-2.066600e-02 
-2.445300e-02 
-2.561000e-02 
-2.358800e-02 
-2.048400e-02 
-1.833700e-02 
-1.655200e-02 
-1.329900e-02 
-8.556000e-03 
-4.393000e-03 
-2.641000e-03 
-2.968000e-03 
-3.568000e-03 
-3.036000e-03 
-1.221000e-03 
1.475000e-03 
4.901000e-03 
8.788000e-03 
1.251700e-02 
1.575900e-02 
1.874500e-02 
2.117800e-02 
2.240600e-02 
2.342800e-02 
2.634900e-02 
3.069900e-02 
3.255000e-02 
2.888200e-02 
2.158300e-02 
1.562000e-02 
1.418400e-02 
1.722700e-02 
2.295400e-02 
2.861100e-02 
3.068400e-02 
2.725200e-02 
2.036400e-02 
1.449200e-02 
1.254600e-02 
1.424900e-02 
1.790100e-02 
2.148100e-02 
2.234000e-02 
1.830700e-02 
9.970000e-03 
7.680000e-04 
-5.464000e-03 
-6.821000e-03 
-4.178000e-03 
-6.340000e-04 
1.076000e-03 
7.520000e-04 
2.280000e-04 
1.182000e-03 
3.853000e-03 
7.676000e-03 
1.203800e-02 
1.605000e-02 
1.825200e-02 
1.765700e-02 
1.494600e-02 
1.191300e-02 
1.011400e-02 
1.047900e-02 
1.340300e-02 
1.812300e-02 
2.247800e-02 
2.427200e-02 
2.291900e-02 
1.971600e-02 
1.663200e-02 
1.469200e-02 
1.339700e-02 
1.146300e-02 
8.149000e-03 
4.110000e-03 
8.180000e-04 
-1.130000e-03 
-2.654000e-03 
-4.833000e-03 
-7.502000e-03 
-9.694000e-03 
-1.132000e-02 
-1.322000e-02 
-1.558800e-02 
-1.765400e-02 
-1.898600e-02 
-1.966400e-02 
-1.906700e-02 
-1.575600e-02 
-9.029000e-03 
7.200000e-05 
9.289000e-03 
1.653300e-02 
2.128500e-02 
2.494100e-02 
2.889400e-02 
3.252900e-02 
3.362900e-02 
3.112400e-02 
2.667900e-02 
2.281200e-02 
2.046000e-02 
1.881500e-02 
1.656700e-02 
1.311300e-02 
8.423000e-03 
2.364000e-03 
-5.002000e-03 
-1.281200e-02 
-1.995300e-02 
-2.585000e-02 
-3.062400e-02 
-3.499200e-02 
-3.961900e-02 
-4.398300e-02 
-4.604100e-02 
-4.388600e-02 
-3.774500e-02 
-3.027200e-02 
-2.483900e-02 
-2.265800e-02 
-2.203900e-02 
-2.091500e-02 
-1.908400e-02 
-1.717800e-02 
-1.498500e-02 
-1.188900e-02 
-8.342000e-03 
-5.665000e-03 
-4.609000e-03 
-4.396000e-03 
-3.743000e-03 
-2.724000e-03 
-2.648000e-03 
-4.435000e-03 
-8.102000e-03 
-1.358200e-02 
-2.105100e-02 
-3.002500e-02 
-3.896500e-02 
-4.629100e-02 
-5.172900e-02 
-5.608000e-02 
-5.931400e-02 
-5.980400e-02 
-5.629000e-02 
-4.992700e-02 
-4.326400e-02 
-3.754500e-02 
-3.191300e-02 
-2.496800e-02 
-1.631800e-02 
-6.817000e-03 
1.912000e-03 
8.360000e-03 
1.233500e-02 
1.519900e-02 
1.889800e-02 
2.421600e-02 
2.965900e-02 
3.218100e-02 
2.999100e-02 
2.476300e-02 
1.976300e-02 
1.612800e-02 
1.264100e-02 
8.695000e-03 
5.457000e-03 
3.720000e-03 
2.127000e-03 
-1.482000e-03 
-7.691000e-03 
-1.479900e-02 
-2.023200e-02 
-2.286900e-02 
-2.370900e-02 
-2.461700e-02 
-2.670000e-02 
-2.935800e-02 
-3.044200e-02 
-2.796300e-02 
-2.203900e-02 
-1.460500e-02 
-7.018000e-03 
1.209000e-03 
1.044400e-02 
1.850400e-02 
2.208800e-02 
2.100500e-02 
1.934400e-02 
2.160000e-02 
2.843200e-02 
3.669200e-02 
4.241800e-02 
4.364100e-02 
4.102700e-02 
3.661200e-02 
3.223900e-02 
2.854300e-02 
2.453600e-02 
1.817000e-02 
8.570000e-03 
-2.251000e-03 
-1.064500e-02 
-1.482700e-02 
-1.655800e-02 
-1.829900e-02 
-1.950500e-02 
-1.774000e-02 
-1.335200e-02 
-1.035300e-02 
-1.141800e-02 
-1.439800e-02 
-1.525200e-02 
-1.283700e-02 
-9.115000e-03 
-5.766000e-03 
-2.986000e-03 
-9.860000e-04 
-1.400000e-04 
7.010000e-04 
3.668000e-03 
8.812000e-03 
1.335200e-02 
1.462200e-02 
1.278200e-02 
9.876000e-03 
7.297000e-03 
5.221000e-03 
3.758000e-03 
3.513000e-03 
4.748000e-03 
6.681000e-03 
7.595000e-03 
6.371000e-03 
4.204000e-03 
3.587000e-03 
4.897000e-03 
5.771000e-03 
4.782000e-03 
3.710000e-03 
4.294000e-03 
5.447000e-03 
5.669000e-03 
5.920000e-03 
7.811000e-03 
1.028000e-02 
1.092200e-02 
1.006100e-02 
1.050700e-02 
1.330000e-02 
1.639300e-02 
1.789600e-02 
1.831200e-02 
1.868700e-02 
1.868500e-02 
1.739200e-02 
1.502000e-02 
1.308700e-02 
1.357400e-02 
1.745200e-02 
2.273300e-02 
2.537400e-02 
2.361700e-02 
1.984600e-02 
1.701800e-02 
1.567200e-02 
1.531400e-02 
1.642300e-02 
1.884700e-02 
1.954800e-02 
1.521500e-02 
6.977000e-03 
-5.660000e-04 
-5.340000e-03 
-1.003100e-02 
-1.761700e-02 
-2.679700e-02 
-3.402000e-02 
-3.814900e-02 
-4.088700e-02 
-4.312600e-02 
-4.297600e-02 
-3.842000e-02 
-3.098700e-02 
-2.454400e-02 
-2.057000e-02 
-1.704800e-02 
-1.201800e-02 
-6.074000e-03 
-1.184000e-03 
1.144000e-03 
8.420000e-04 
-5.950000e-04 
-1.104000e-03 
4.250000e-04 
3.891000e-03 
8.521000e-03 
1.273300e-02 
1.479100e-02 
1.450400e-02 
1.278500e-02 
8.721000e-03 
-6.430000e-04 
-1.634200e-02 
-3.449100e-02 
-4.895300e-02 
-5.711500e-02 
-6.179200e-02 
-6.686600e-02 
-7.297900e-02 
-7.854000e-02 
-8.285600e-02 
-8.670500e-02 
-9.076000e-02 
-9.479900e-02 
-9.803800e-02 
-9.915500e-02 
-9.638000e-02 
-8.870000e-02 
-7.723300e-02 
-6.410600e-02 
-4.865000e-02 
-2.675100e-02 
2.794000e-03 
3.418200e-02 
6.004900e-02 
7.819500e-02 
9.104800e-02 
1.012570e-01 
1.096370e-01 
1.160640e-01 
1.205600e-01 
1.231250e-01 
1.234210e-01 
1.201040e-01 
1.105650e-01 
9.330700e-02 
7.072600e-02 
4.810700e-02 
2.959600e-02 
1.638500e-02 
7.849000e-03 
2.443000e-03 
-1.587000e-03 
-5.539000e-03 
-1.044500e-02 
-1.660600e-02 
-2.193000e-02 
-2.255400e-02 
-1.644000e-02 
-6.055000e-03 
3.515000e-03 
9.425000e-03 
1.222700e-02 
1.283800e-02 
1.180200e-02 
1.117900e-02 
1.325200e-02 
1.724300e-02 
1.929300e-02 
1.535400e-02 
4.153000e-03 
-1.160300e-02 
-2.701700e-02 
-3.830400e-02 
-4.460100e-02 
-4.690600e-02 
-4.531100e-02 
-3.827500e-02 
-2.524100e-02 
-8.509000e-03 
8.547000e-03 
2.423200e-02 
3.843400e-02 
5.001200e-02 
5.653100e-02 
5.768500e-02 
5.663700e-02 
5.500900e-02 
4.960500e-02 
3.806900e-02 
2.558300e-02 
2.081000e-02 
2.493200e-02 
2.981700e-02 
2.736400e-02 
1.671000e-02 
2.086000e-03 
-1.208200e-02 
-2.215200e-02 
-2.520000e-02 
-2.084800e-02 
-1.257400e-02 
-5.109000e-03 
-7.780000e-04 
1.167000e-03 
2.602000e-03 
4.882000e-03 
8.645000e-03 
1.343000e-02 
1.753800e-02 
1.927700e-02 
1.836300e-02 
1.539900e-02 
1.120000e-02 
7.108000e-03 
4.812000e-03 
4.873000e-03 
5.738000e-03 
5.495000e-03 
3.909000e-03 
1.728000e-03 
-1.024000e-03 
-4.935000e-03 
-1.007600e-02 
-1.609700e-02 
-2.290200e-02 
-3.024700e-02 
-3.714300e-02 
-4.253900e-02 
-4.672300e-02 
-5.138900e-02 
-5.788600e-02 
-6.629800e-02 
-7.589300e-02 
-8.523200e-02 
-9.233000e-02 
-9.586500e-02 
-9.618200e-02 
-9.448000e-02 
-9.105400e-02 
-8.557900e-02 
-7.843400e-02 
-7.092400e-02 
-6.376400e-02 
-5.569500e-02 
-4.426400e-02 
-2.865200e-02 
-1.120500e-02 
4.647000e-03 
1.736500e-02 
2.740700e-02 
3.570000e-02 
4.296500e-02 
4.949600e-02 
5.477700e-02 
5.726700e-02 
5.519100e-02 
4.775800e-02 
3.575400e-02 
2.097500e-02 
5.350000e-03 
-9.477000e-03 
-2.307400e-02 
-3.691200e-02 
-5.263100e-02 
-6.988100e-02 
-8.731800e-02 
-1.041330e-01 
-1.193900e-01 
-1.315990e-01 
-1.398190e-01 
-1.443900e-01 
-1.456610e-01 
-1.428010e-01 
-1.347100e-01 
-1.217760e-01 
-1.062600e-01 
-9.116800e-02 
-7.868800e-02 
-6.879000e-02 
-5.930400e-02 
-4.776200e-02 
-3.309500e-02 
-1.649500e-02 
-1.339000e-03 
9.318000e-03 
1.576100e-02 
2.140900e-02 
2.952600e-02 
4.043600e-02 
5.150300e-02 
5.941400e-02 
6.279800e-02 
6.306400e-02 
6.262200e-02 
6.226500e-02 
6.111500e-02 
5.866100e-02 
5.570700e-02 
5.378700e-02 
5.426800e-02 
5.717500e-02 
6.064300e-02 
6.190700e-02 
5.927900e-02 
5.380600e-02 
4.851700e-02 
4.498500e-02 
4.149600e-02 
3.628500e-02 
3.128600e-02 
2.978400e-02 
3.062300e-02 
2.789800e-02 
1.759600e-02 
3.073000e-03 
-7.767000e-03 
-1.010900e-02 
-5.632000e-03 
9.980000e-04 
7.319000e-03 
1.493300e-02 
2.693700e-02 
4.376800e-02 
6.230500e-02 
7.878800e-02 
9.203400e-02 
1.037590e-01 
1.169870e-01 
1.340300e-01 
1.541880e-01 
1.728290e-01 
1.843380e-01 
1.862780e-01 
1.797570e-01 
1.664920e-01 
1.470050e-01 
1.218180e-01 
9.353700e-02 
6.663200e-02 
4.393800e-02 
2.387000e-02 
2.441000e-03 
-2.194400e-02 
-4.667700e-02 
-6.849800e-02 
-8.809300e-02 
-1.099580e-01 
-1.369020e-01 
-1.652980e-01 
-1.866250e-01 
-1.934170e-01 
-1.837390e-01 
-1.606480e-01 
-1.287930e-01 
-9.190700e-02 
-5.239300e-02 
-1.138700e-02 
3.020600e-02 
7.015900e-02 
1.049450e-01 
1.307080e-01 
1.443040e-01 
1.456720e-01 
1.397960e-01 
1.339320e-01 
1.310680e-01 
1.277380e-01 
1.196390e-01 
1.066020e-01 
9.090700e-02 
7.412900e-02 
5.683500e-02 
3.899000e-02 
1.967400e-02 
-1.631000e-03 
-2.330600e-02 
-4.184900e-02 
-5.400900e-02 
-5.925700e-02 
-5.991700e-02 
-5.778300e-02 
-5.135900e-02 
-3.822200e-02 
-1.968400e-02 
-7.270000e-04 
1.437800e-02 
2.506800e-02 
3.410800e-02 
4.462600e-02 
5.642500e-02 
6.458500e-02 
6.325500e-02 
5.220700e-02 
3.864800e-02 
3.126700e-02 
3.259200e-02 
3.803800e-02 
4.128000e-02 
3.842700e-02 
2.865700e-02 
1.477400e-02 
2.400000e-03 
-4.337000e-03 
-5.840000e-03 
-4.744000e-03 
-2.283000e-03 
2.238000e-03 
9.564000e-03 
1.839600e-02 
2.498700e-02 
2.653100e-02 
2.511600e-02 
2.566200e-02 
3.062900e-02 
3.857700e-02 
4.564800e-02 
4.706300e-02 
3.952400e-02 
2.439900e-02 
6.945000e-03 
-8.438000e-03 
-2.088700e-02 
-3.189500e-02 
-4.278200e-02 
-5.326800e-02 
-6.159500e-02 
-6.603700e-02 
-6.625900e-02 
-6.332600e-02 
-5.834400e-02 
-5.075700e-02 
-3.919800e-02 
-2.423300e-02 
-7.894000e-03 
9.446000e-03 
2.840900e-02 
4.755700e-02 
6.505400e-02 
8.241400e-02 
1.020310e-01 
1.210750e-01 
1.318490e-01 
1.300820e-01 
1.199550e-01 
1.086730e-01 
9.838600e-02 
8.576600e-02 
6.722000e-02 
4.256800e-02 
1.532000e-02 
-8.361000e-03 
-2.281700e-02 
-2.799400e-02 
-3.083200e-02 
-3.862900e-02 
-5.075800e-02 
-5.875100e-02 
-5.542500e-02 
-4.246400e-02 
-2.803000e-02 
-1.843300e-02 
-1.347600e-02 
-8.480000e-03 
8.690000e-04 
1.507500e-02 
3.085600e-02 
4.383100e-02 
5.117600e-02 
5.249000e-02 
4.941800e-02 
4.430900e-02 
3.813600e-02 
2.974600e-02 
1.818700e-02 
5.451000e-03 
-4.559000e-03 
-1.042600e-02 
-1.506600e-02 
-2.167900e-02 
-2.879900e-02 
-3.207000e-02 
-3.042900e-02 
-2.697700e-02 
-2.398600e-02 
-2.126900e-02 
-1.896200e-02 
-1.816400e-02 
-1.801800e-02 
-1.569000e-02 
-1.054600e-02 
-5.600000e-03 
-4.047000e-03 
-5.430000e-03 
-5.758000e-03 
-1.792000e-03 
4.790000e-03 
8.937000e-03 
7.835000e-03 
3.444000e-03 
-2.640000e-04 
-8.030000e-04 
1.867000e-03 
5.729000e-03 
7.992000e-03 
6.864000e-03 
3.065000e-03 
-6.890000e-04 
-1.747000e-03 
4.160000e-04 
3.576000e-03 
5.457000e-03 
6.929000e-03 
1.103500e-02 
1.885000e-02 
2.826300e-02 
3.717100e-02 
4.619000e-02 
5.709500e-02 
6.965900e-02 
8.131500e-02 
8.973300e-02 
9.402700e-02 
9.373400e-02 
8.920000e-02 
8.347200e-02 
8.091100e-02 
8.190900e-02 
8.062700e-02 
7.077600e-02 
5.309400e-02 
3.523100e-02 
2.460300e-02 
2.249600e-02 
2.320900e-02 
1.779900e-02 
1.387000e-03 
-2.141900e-02 
-4.036600e-02 
-4.954800e-02 
-5.123300e-02 
-5.004300e-02 
-4.687400e-02 
-4.064000e-02 
-3.290200e-02 
-2.634500e-02 
-2.048800e-02 
-1.211500e-02 
8.300000e-04 
1.774400e-02 
3.540600e-02 
4.802200e-02 
5.059200e-02 
4.360600e-02 
3.309400e-02 
2.662700e-02 
2.929500e-02 
4.069500e-02 
5.404000e-02 
5.955600e-02 
5.150400e-02 
3.321400e-02 
1.462800e-02 
4.214000e-03 
3.480000e-03 
8.294000e-03 
1.297900e-02 
1.361600e-02 
9.770000e-03 
4.161000e-03 
1.900000e-04 
-5.180000e-04 
1.476000e-03 
4.718000e-03 
8.047000e-03 
1.041700e-02 
1.132100e-02 
1.218800e-02 
1.609700e-02 
2.511100e-02 
3.746100e-02 
4.769000e-02 
5.055900e-02 
4.554100e-02 
3.672100e-02 
2.809700e-02 
2.113500e-02 
1.719200e-02 
1.837800e-02 
2.354300e-02 
2.655900e-02 
2.193200e-02 
1.092700e-02 
-5.450000e-04 
-9.405000e-03 
-1.788200e-02 
-2.833800e-02 
-3.865100e-02 
-4.428200e-02 
-4.334800e-02 
-3.813900e-02 
-3.239900e-02 
-2.758300e-02 
-2.190700e-02 
-1.350100e-02 
-3.156000e-03 
7.385000e-03 
1.790900e-02 
2.845300e-02 
3.792400e-02 
4.661800e-02 
5.837700e-02 
7.723300e-02 
1.027400e-01 
1.298660e-01 
1.521600e-01 
1.647810e-01 
1.667140e-01 
1.618780e-01 
1.563770e-01 
1.524470e-01 
1.454740e-01 
1.287860e-01 
1.015220e-01 
7.080000e-02 
4.555000e-02 
2.890500e-02 
1.685700e-02 
2.997000e-03 
-1.688600e-02 
-4.349900e-02 
-7.360200e-02 
-1.003620e-01 
-1.176510e-01 
-1.246640e-01 
-1.248270e-01 
-1.226650e-01 
-1.223490e-01 
-1.250960e-01 
-1.266940e-01 
-1.207710e-01 
-1.056070e-01 
-8.547000e-02 
-6.545700e-02 
-4.784700e-02 
-3.290100e-02 
-1.917300e-02 
-3.049000e-03 
1.849400e-02 
4.352900e-02 
6.579000e-02 
8.076000e-02 
8.956700e-02 
9.634600e-02 
1.028850e-01 
1.073310e-01 
1.072790e-01 
1.020610e-01 
9.278900e-02 
8.184300e-02 
7.131100e-02 
6.118600e-02 
5.101100e-02 
4.250700e-02 
3.827600e-02 
3.787300e-02 
3.730300e-02 
3.352000e-02 
2.817700e-02 
2.497200e-02 
2.425100e-02 
2.296100e-02 
1.894400e-02 
1.279600e-02 
6.675000e-03 
3.355000e-03 
4.961000e-03 
1.069600e-02 
1.665100e-02 
1.891800e-02 
1.616800e-02 
9.657000e-03 
2.541000e-03 
-1.440000e-03 
-8.210000e-04 
1.736000e-03 
2.124000e-03 
-1.870000e-04 
-1.473000e-03 
9.190000e-04 
5.323000e-03 
9.009000e-03 
1.123700e-02 
1.172300e-02 
9.505000e-03 
5.308000e-03 
2.498000e-03 
3.534000e-03 
7.078000e-03 
1.020300e-02 
1.154900e-02 
1.102000e-02 
8.287000e-03 
2.864000e-03 
-5.997000e-03 
-1.988800e-02 
-3.944600e-02 
-6.180500e-02 
-8.175500e-02 
-9.536200e-02 
-1.023080e-01 
-1.051310e-01 
-1.062730e-01 
-1.064690e-01 
-1.051930e-01 
-1.014520e-01 
-9.435300e-02 
-8.443400e-02 
-7.427000e-02 
-6.594700e-02 
-5.839400e-02 
-4.938600e-02 
-3.955200e-02 
-3.233700e-02 
-3.012400e-02 
-3.211600e-02 
-3.523600e-02 
-3.512500e-02 
-2.807400e-02 
-1.481100e-02 
-1.729000e-03 
3.287000e-03 
-3.417000e-03 
-1.875800e-02 
-3.550700e-02 
-4.785600e-02 
-5.492000e-02 
-5.987900e-02 
-6.675500e-02 
-7.733000e-02 
-9.002600e-02 
-1.019730e-01 
-1.119630e-01 
-1.200120e-01 
-1.245260e-01 
-1.218300e-01 
-1.091670e-01 
-8.808700e-02 
-6.411800e-02 
-4.311400e-02 
-2.804400e-02 
-1.788500e-02 
-9.042000e-03 
1.278000e-03 
1.328500e-02 
2.619300e-02 
3.903000e-02 
4.908200e-02 
5.218700e-02 
4.702500e-02 
3.754800e-02 
2.976300e-02 
2.672300e-02 
2.715500e-02 
2.711800e-02 
2.230800e-02 
1.145700e-02 
-1.614000e-03 
-1.116000e-02 
-1.496300e-02 
-1.467100e-02 
-1.201800e-02 
-7.577000e-03 
-1.826000e-03 
4.727000e-03 
1.138100e-02 
1.621300e-02 
1.641600e-02 
1.116700e-02 
3.151000e-03 
-3.686000e-03 
-7.631000e-03 
-9.326000e-03 
-9.594000e-03 
-9.044000e-03 
-8.839000e-03 
-1.067700e-02 
-1.649400e-02 
-2.753200e-02 
-4.235500e-02 
-5.701700e-02 
-6.793900e-02 
-7.418400e-02 
-7.740300e-02 
-8.021800e-02 
-8.373300e-02 
-8.574000e-02 
-8.251200e-02 
-7.320500e-02 
-6.205100e-02 
-5.455900e-02 
-5.161300e-02 
-4.941700e-02 
-4.532500e-02 
-4.097600e-02 
-3.960300e-02 
-4.236200e-02 
-4.716700e-02 
-4.969400e-02 
-4.579900e-02 
-3.440200e-02 
-1.856600e-02 
-4.011000e-03 
4.669000e-03 
7.777000e-03 
9.874000e-03 
1.422700e-02 
1.959200e-02 
2.361600e-02 
2.664500e-02 
3.049300e-02 
3.518700e-02 
3.899900e-02 
4.222400e-02 
4.828900e-02 
5.841000e-02 
6.657300e-02 
6.367700e-02 
4.713600e-02 
2.360900e-02 
1.997000e-03 
-1.403400e-02 
-2.537500e-02 
-3.225800e-02 
-3.413100e-02 
-3.281300e-02 
-3.161400e-02 
-3.181600e-02 
-3.263700e-02 
-3.334500e-02 
-3.338800e-02 
-3.161500e-02 
-2.707500e-02 
-1.980000e-02 
-9.549000e-03 
5.285000e-03 
2.543500e-02 
4.779000e-02 
6.753000e-02 
8.234100e-02 
9.236900e-02 
9.843200e-02 
1.029260e-01 
1.099540e-01 
1.216500e-01 
1.351570e-01 
1.440580e-01 
1.430730e-01 
1.327040e-01 
1.195340e-01 
1.096550e-01 
1.015120e-01 
8.712300e-02 
6.079000e-02 
2.523200e-02 
-1.073600e-02 
-3.888200e-02 
-5.663300e-02 
-6.752400e-02 
-7.581600e-02 
-8.171100e-02 
-8.343100e-02 
-8.179200e-02 
-7.994800e-02 
-7.993900e-02 
-8.099700e-02 
-7.987600e-02 
-7.204500e-02 
-5.529100e-02 
-3.342000e-02 
-1.333200e-02 
3.897000e-03 
2.581100e-02 
5.924500e-02 
1.012820e-01 
1.420170e-01 
1.731520e-01 
1.917970e-01 
1.984230e-01 
1.946840e-01 
1.838690e-01 
1.707820e-01 
1.581500e-01 
1.436460e-01 
1.231280e-01 
9.691400e-02 
6.942300e-02 
4.227200e-02 
1.206700e-02 
-2.367400e-02 
-6.268100e-02 
-1.011440e-01 
-1.377870e-01 
-1.732380e-01 
-2.058720e-01 
-2.322530e-01 
-2.521770e-01 
-2.686100e-01 
-2.820980e-01 
-2.890940e-01 
-2.857580e-01 
-2.710810e-01 
-2.477300e-01 
-2.209010e-01 
-1.946400e-01 
-1.688170e-01 
-1.410340e-01 
-1.107650e-01 
-7.978900e-02 
-4.971500e-02 
-2.207000e-02 
6.450000e-04 
1.767400e-02 
3.177100e-02 
4.516300e-02 
5.576000e-02 
5.947300e-02 
5.473700e-02 
4.264500e-02 
2.546600e-02 
7.300000e-03 
-7.847000e-03 
-2.025400e-02 
-3.341800e-02 
-4.895700e-02 
-6.506700e-02 
-7.836700e-02 
-8.660300e-02 
-9.004300e-02 
-9.001700e-02 
-8.767400e-02 
-8.502600e-02 
-8.544100e-02 
-9.073900e-02 
-9.742800e-02 
-9.822400e-02 
-8.834800e-02 
-6.860100e-02 
-4.271700e-02 
-1.532900e-02 
9.375000e-03 
3.016900e-02 
4.874800e-02 
6.634200e-02 
8.172700e-02 
9.215400e-02 
9.524300e-02 
9.110900e-02 
8.327100e-02 
7.676800e-02 
7.417000e-02 
7.344100e-02 
7.067300e-02 
6.418700e-02 
5.534100e-02 
4.606000e-02 
3.643200e-02 
2.464600e-02 
8.990000e-03 
-9.586000e-03 
-2.695700e-02 
-3.848800e-02 
-4.171700e-02 
-3.684100e-02 
-2.611400e-02 
-1.268000e-02 
1.126000e-03 
1.492400e-02 
2.945400e-02 
4.457400e-02 
5.903800e-02 
7.169300e-02 
8.199900e-02 
8.990300e-02 
9.595300e-02 
1.012930e-01 
1.061990e-01 
1.078940e-01 
1.013460e-01 
8.463300e-02 
6.312300e-02 
4.537200e-02 
3.504000e-02 
2.869900e-02 
2.027200e-02 
6.542000e-03 
-1.072200e-02 
-2.737000e-02 
-4.106100e-02 
-5.264600e-02 
-6.421900e-02 
-7.574800e-02 
-8.374500e-02 
-8.363000e-02 
-7.305700e-02 
-5.305000e-02 
-2.796500e-02 
-3.775000e-03 
1.613900e-02 
3.351200e-02 
5.220800e-02 
7.330200e-02 
9.436100e-02 
1.126610e-01 
1.267530e-01 
1.349060e-01 
1.348530e-01 
1.266550e-01 
1.140000e-01 
1.011490e-01 
8.925200e-02 
7.721600e-02 
6.510500e-02 
5.445900e-02 
4.659000e-02 
4.151000e-02 
3.694300e-02 
2.879000e-02 
1.401800e-02 
-6.135000e-03 
-2.645600e-02 
-4.094900e-02 
-4.568900e-02 
-4.086600e-02 
-3.099100e-02 
-2.143800e-02 
-1.450000e-02 
-9.432000e-03 
-5.631000e-03 
-3.735000e-03 
-3.767000e-03 
-3.782000e-03 
-1.521000e-03 
2.822000e-03 
6.763000e-03 
8.581000e-03 
8.860000e-03 
8.434000e-03 
6.297000e-03 
4.800000e-04 
-9.453000e-03 
-2.172700e-02 
-3.411000e-02 
-4.544100e-02 
-5.514000e-02 
-6.162100e-02 
-6.218200e-02 
-5.519000e-02 
-4.176500e-02 
-2.520100e-02 
-9.735000e-03 
9.560000e-04 
5.567000e-03 
5.684000e-03 
4.323000e-03 
3.526000e-03 
2.300000e-03 
-2.229000e-03 
-1.077700e-02 
-2.005300e-02 
-2.523500e-02 
-2.376100e-02 
-1.699000e-02 
-9.320000e-03 
-5.793000e-03 
-9.371000e-03 
-1.954100e-02 
-3.330800e-02 
-4.670400e-02 
-5.594000e-02 
-5.895700e-02 
-5.645200e-02 
-5.080200e-02 
-4.393000e-02 
-3.668300e-02 
-2.959200e-02 
-2.319700e-02 
-1.824900e-02 
-1.575100e-02 
-1.637200e-02 
-1.950100e-02 
-2.292000e-02 
-2.393500e-02 
-2.176900e-02 
-1.858400e-02 
-1.816800e-02 
-2.339100e-02 
-3.393500e-02 
-4.643800e-02 
-5.774200e-02 
-6.713500e-02 
-7.513500e-02 
-8.153200e-02 
-8.587900e-02 
-8.873800e-02 
-9.082700e-02 
-9.130100e-02 
-8.808500e-02 
-7.940400e-02 
-6.511900e-02 
-4.794700e-02 
-3.229400e-02 
-2.046300e-02 
-1.118600e-02 
-2.387000e-03 
5.822000e-03 
1.148000e-02 
1.314700e-02 
1.168600e-02 
1.032500e-02 
1.296600e-02 
2.186900e-02 
3.648600e-02 
5.386100e-02 
7.028300e-02 
8.355900e-02 
9.402800e-02 
1.028300e-01 
1.090420e-01 
1.093840e-01 
1.010220e-01 
8.431600e-02 
6.294900e-02 
4.250300e-02 
2.807600e-02 
2.035100e-02 
1.393800e-02 
2.605000e-03 
-1.348500e-02 
-2.807900e-02 
-3.630600e-02 
-3.919800e-02 
-4.137900e-02 
-4.666400e-02 
-5.660000e-02 
-7.046600e-02 
-8.490500e-02 
-9.528100e-02 
-9.842400e-02 
-9.322700e-02 
-7.987900e-02 
-6.056900e-02 
-4.026800e-02 
-2.429800e-02 
-1.408000e-02 
-7.459000e-03 
-2.257000e-03 
2.802000e-03 
8.682000e-03 
1.468400e-02 
1.791300e-02 
1.636000e-02 
1.188700e-02 
8.583000e-03 
8.688000e-03 
1.069800e-02 
1.076000e-02 
5.656000e-03 
-4.879000e-03 
-1.804000e-02 
-3.052400e-02 
-4.117600e-02 
-5.091300e-02 
-6.019500e-02 
-6.742400e-02 
-7.010200e-02 
-6.694900e-02 
-5.835100e-02 
-4.512200e-02 
-2.839900e-02 
-1.046000e-02 
5.560000e-03 
1.768100e-02 
2.595600e-02 
3.078300e-02 
3.215600e-02 
3.137300e-02 
3.173000e-02 
3.561400e-02 
4.169300e-02 
4.686700e-02 
5.031900e-02 
5.384900e-02 
5.854900e-02 
6.291400e-02 
6.467600e-02 
6.246000e-02 
5.453400e-02 
3.819900e-02 
1.236300e-02 
-2.002300e-02 
-5.337000e-02 
-8.252000e-02 
-1.044220e-01 
-1.177560e-01 
-1.206160e-01 
-1.098230e-01 
-8.469500e-02 
-5.109400e-02 
-2.024200e-02 
-1.726000e-03 
3.318000e-03 
7.750000e-04 
-3.338000e-03 
-5.743000e-03 
-5.074000e-03 
-1.551000e-03 
3.891000e-03 
1.112600e-02 
2.043000e-02 
3.064400e-02 
3.929800e-02 
4.436100e-02 
4.458100e-02 
3.889900e-02 
2.793500e-02 
1.473300e-02 
2.469000e-03 
-7.414000e-03 
-1.424000e-02 
-1.646700e-02 
-1.284800e-02 
-4.653000e-03 
4.572000e-03 
1.114600e-02 
1.331600e-02 
1.176100e-02 
8.199000e-03 
3.243000e-03 
-3.314000e-03 
-1.026100e-02 
-1.527100e-02 
-1.735400e-02 
-1.749700e-02 
-1.713100e-02 
-1.721500e-02 
-1.803300e-02 
-1.887800e-02 
-1.884200e-02 
-1.797800e-02 
-1.698300e-02 
-1.637100e-02 
-1.669800e-02 
-1.828800e-02 
-2.036100e-02 
-2.187200e-02 
-2.301200e-02 
-2.519700e-02 
-2.983900e-02 
-3.630800e-02 
-4.104500e-02 
-4.040900e-02 
-3.505400e-02 
-2.976600e-02 
-2.824800e-02 
-2.940200e-02 
-2.936000e-02 
-2.582900e-02 
-1.948800e-02 
-1.230100e-02 
-5.511000e-03 
7.670000e-04 
6.525000e-03 
1.112800e-02 
1.405200e-02 
1.622700e-02 
2.006700e-02 
2.712800e-02 
3.650600e-02 
4.620500e-02 
5.474800e-02 
6.037100e-02 
5.948800e-02 
4.848700e-02 
2.854100e-02 
6.680000e-03 
-9.363000e-03 
-1.673400e-02 
-1.804400e-02 
-1.770500e-02 
-1.851200e-02 
-2.078400e-02 
-2.300300e-02 
-2.274000e-02 
-1.790700e-02 
-8.703000e-03 
1.938000e-03 
1.089400e-02 
1.703000e-02 
2.044300e-02 
2.111100e-02 
1.923800e-02 
1.596500e-02 
1.328100e-02 
1.353300e-02 
1.750800e-02 
2.251400e-02 
2.353600e-02 
1.673600e-02 
2.199000e-03 
-1.655900e-02 
-3.498200e-02 
-4.954000e-02 
-5.953500e-02 
-6.766200e-02 
-7.757900e-02 
-9.062400e-02 
-1.054050e-01 
-1.195030e-01 
-1.305090e-01 
-1.357320e-01 
-1.320700e-01 
-1.174160e-01 
-9.311300e-02 
-6.424000e-02 
-3.644300e-02 
-1.272100e-02 
7.944000e-03 
2.888600e-02 
5.190100e-02 
7.515400e-02 
9.448900e-02 
1.063120e-01 
1.098100e-01 
1.073840e-01 
1.031270e-01 
1.000490e-01 
9.833000e-02 
9.639600e-02 
9.263200e-02 
8.559300e-02 
7.412700e-02 
5.891100e-02 
4.323000e-02 
3.063900e-02 
2.097500e-02 
1.025500e-02 
-4.596000e-03 
-2.297200e-02 
-4.244100e-02 
-6.058300e-02 
-7.405900e-02 
-7.852200e-02 
-7.135200e-02 
-5.412100e-02 
-3.210200e-02 
-1.147900e-02 
3.673000e-03 
1.253700e-02 
1.713300e-02 
2.138100e-02 
2.893400e-02 
4.023000e-02 
5.218200e-02 
6.086800e-02 
6.381600e-02 
6.067800e-02 
5.358800e-02 
4.623800e-02 
4.115100e-02 
3.847800e-02 
3.714000e-02 
3.580600e-02 
3.254600e-02 
2.515400e-02 
1.341100e-02 
2.260000e-04 
-1.080700e-02 
-1.822700e-02 
-2.287200e-02 
-2.630500e-02 
-2.977600e-02 
-3.423000e-02 
-3.997600e-02 
-4.588600e-02 
-4.994000e-02 
-5.093200e-02 
-4.934100e-02 
-4.615200e-02 
-4.174600e-02 
-3.662200e-02 
-3.173100e-02 
-2.740200e-02 
-2.315600e-02 
-1.865800e-02 
-1.369300e-02 
-8.250000e-03 
-2.689000e-03 
2.601000e-03 
6.776000e-03 
8.028000e-03 
4.983000e-03 
-1.325000e-03 
-7.785000e-03 
-1.148800e-02 
-1.130300e-02 
-8.311000e-03 
-5.048000e-03 
-3.920000e-03 
-5.717000e-03 
-9.672000e-03 
-1.425000e-02 
-1.762500e-02 
-1.830100e-02 
-1.610600e-02 
-1.220800e-02 
-7.907000e-03 
-3.797000e-03 
-1.500000e-04 
2.588000e-03 
4.258000e-03 
5.341000e-03 
6.898000e-03 
1.000300e-02 
1.452200e-02 
1.842600e-02 
1.891600e-02 
1.512400e-02 
9.921000e-03 
7.467000e-03 
8.828000e-03 
1.129800e-02 
1.168900e-02 
9.404000e-03 
5.982000e-03 
2.668000e-03 
-4.550000e-04 
-3.421000e-03 
-5.760000e-03 
-6.827000e-03 
-6.209000e-03 
-3.964000e-03 
-9.370000e-04 
1.313000e-03 
1.830000e-03 
1.612000e-03 
2.573000e-03 
4.862000e-03 
6.711000e-03 
6.926000e-03 
6.365000e-03 
6.272000e-03 
6.289000e-03 
5.534000e-03 
4.802000e-03 
5.838000e-03 
8.523000e-03 
1.104500e-02 
1.296200e-02 
1.577300e-02 
1.985900e-02 
2.317900e-02 
2.398800e-02 
2.297400e-02 
2.216400e-02 
2.265000e-02 
2.376700e-02 
2.398300e-02 
2.240400e-02 
1.894800e-02 
1.314100e-02 
4.636000e-03 
-5.195000e-03 
-1.332900e-02 
-1.716500e-02 
-1.674400e-02 
-1.486300e-02 
-1.473600e-02 
-1.716300e-02 
-2.053600e-02 
-2.330000e-02 
-2.567900e-02 
-2.852300e-02 
-3.148400e-02 
-3.342000e-02 
-3.404600e-02 
-3.413200e-02 
-3.411900e-02 
-3.336700e-02 
-3.071800e-02 
-2.524800e-02 
-1.655900e-02 
-5.072000e-03 
7.680000e-03 
1.908600e-02 
2.649400e-02 
2.893500e-02 
2.740500e-02 
2.411300e-02 
2.195900e-02 
2.366900e-02 
2.984900e-02 
3.753500e-02 
4.194200e-02 
4.033600e-02 
3.421400e-02 
2.738100e-02 
2.214300e-02 
1.798800e-02 
1.319500e-02 
6.605000e-03 
-1.844000e-03 
-1.119000e-02 
-1.971800e-02 
-2.549500e-02 
-2.752400e-02 
-2.673100e-02 
-2.536800e-02 
-2.482700e-02 
-2.444400e-02 
-2.310200e-02 
-2.125900e-02 
-2.067600e-02 
-2.221000e-02 
-2.453200e-02 
-2.584500e-02 
-2.587400e-02 
-2.535500e-02 
-2.443000e-02 
-2.194500e-02 
-1.619300e-02 
-6.629000e-03 
4.743000e-03 
1.396500e-02 
1.775600e-02 
1.506800e-02 
6.589000e-03 
-5.297000e-03 
-1.602200e-02 
-2.059300e-02 
-1.784600e-02 
-1.231800e-02 
-1.038800e-02 
-1.437500e-02 
-2.102700e-02 
-2.527100e-02 
-2.420200e-02 
-1.824700e-02 
-1.076100e-02 
-6.354000e-03 
-7.786000e-03 
-1.327600e-02 
-1.791800e-02 
-1.795000e-02 
-1.294900e-02 
-4.830000e-03 
3.726000e-03 
1.000100e-02 
1.211600e-02 
1.036300e-02 
7.331000e-03 
5.869000e-03 
6.671000e-03 
7.981000e-03 
7.425000e-03 
4.251000e-03 
-8.200000e-05 
-3.271000e-03 
-4.172000e-03 
-3.366000e-03 
-2.338000e-03 
-2.734000e-03 
-5.737000e-03 
-1.107000e-02 
-1.693800e-02 
-2.063700e-02 
-1.943600e-02 
-1.233500e-02 
-1.646000e-03 
8.021000e-03 
1.350400e-02 
1.543200e-02 
1.657600e-02 
1.867500e-02 
2.168400e-02 
2.476100e-02 
2.712600e-02 
2.865200e-02 
2.954500e-02 
2.930400e-02 
2.684000e-02 
2.232800e-02 
1.778200e-02 
1.445300e-02 
1.061600e-02 
3.899000e-03 
-4.910000e-03 
-1.226600e-02 
-1.562700e-02 
-1.553300e-02 
-1.398700e-02 
-1.213700e-02 
-9.539000e-03 
-5.411000e-03 
2.890000e-04 
6.857000e-03 
1.334600e-02 
1.911800e-02 
2.410300e-02 
2.880400e-02 
3.365700e-02 
3.835600e-02 
4.225400e-02 
4.544600e-02 
4.846800e-02 
5.097800e-02 
5.158400e-02 
4.942600e-02 
4.536000e-02 
4.088900e-02 
3.639800e-02 
3.098600e-02 
2.391300e-02 
1.539600e-02 
5.988000e-03 
-3.837000e-03 
-1.320900e-02 
-2.044400e-02 
-2.393900e-02 
-2.366500e-02 
-2.145700e-02 
-1.964800e-02 
-1.934900e-02 
-2.018700e-02 
-2.116300e-02 
-2.131600e-02 
-1.984300e-02 
-1.648400e-02 
-1.224000e-02 
-8.706000e-03 
-6.355000e-03 
-4.070000e-03 
-6.110000e-04 
3.976000e-03 
8.422000e-03 
1.117000e-02 
1.141700e-02 
9.619000e-03 
7.205000e-03 
5.182000e-03 
3.049000e-03 
-3.720000e-04 
-5.077000e-03 
-9.727000e-03 
-1.332600e-02 
-1.601300e-02 
-1.804700e-02 
-1.910500e-02 
-1.943200e-02 
-2.051100e-02 
-2.338200e-02 
-2.686900e-02 
-2.852400e-02 
-2.705100e-02 
-2.330200e-02 
-1.914800e-02 
-1.569500e-02 
-1.298100e-02 
-1.101000e-02 
-9.984000e-03 
-9.410000e-03 
-8.001000e-03 
-4.919000e-03 
-1.042000e-03 
1.541000e-03 
1.273000e-03 
-1.992000e-03 
-6.986000e-03 
-1.145900e-02 
-1.308100e-02 
-1.075700e-02 
-5.867000e-03 
-1.701000e-03 
-1.080000e-03 
-4.270000e-03 
-9.077000e-03 
-1.262800e-02 
-1.338200e-02 
-1.203400e-02 
-1.031300e-02 
-9.400000e-03 
-9.704000e-03 
-1.153800e-02 
-1.495100e-02 
-1.874000e-02 
-2.071600e-02 
-1.985900e-02 
-1.764200e-02 
-1.674400e-02 
-1.844600e-02 
-2.144700e-02 
-2.354200e-02 
-2.412000e-02 
-2.454300e-02 
-2.622400e-02 
-2.929000e-02 
-3.289600e-02 
-3.598700e-02 
-3.728400e-02 
-3.566900e-02 
-3.104800e-02 
-2.467000e-02 
-1.808800e-02 
-1.209000e-02 
-6.543000e-03 
-1.215000e-03 
3.436000e-03 
6.495000e-03 
7.779000e-03 
8.385000e-03 
9.767000e-03 
1.264000e-02 
1.659100e-02 
2.087500e-02 
2.497300e-02 
2.832000e-02 
3.036500e-02 
3.108500e-02 
3.147200e-02 
3.269800e-02 
3.458900e-02 
3.572700e-02 
3.500300e-02 
3.234200e-02 
2.803800e-02 
2.257500e-02 
1.747200e-02 
1.462600e-02 
1.405200e-02 
1.356500e-02 
1.096000e-02 
6.103000e-03 
6.970000e-04 
-3.665000e-03 
-6.360000e-03 
-7.160000e-03 
-6.196000e-03 
-4.608000e-03 
-4.390000e-03 
-6.776000e-03 
-1.099900e-02 
-1.480700e-02 
-1.600000e-02 
-1.391000e-02 
-9.774000e-03 
-5.696000e-03 
-3.219000e-03 
-3.022000e-03 
-4.878000e-03 
-7.373000e-03 
-8.218000e-03 
-5.684000e-03 
-4.600000e-04 
4.198000e-03 
5.149000e-03 
2.405000e-03 
-9.920000e-04 
-2.062000e-03 
-4.910000e-04 
1.966000e-03 
3.711000e-03 
4.174000e-03 
3.215000e-03 
8.980000e-04 
-2.005000e-03 
-4.293000e-03 
-5.405000e-03 
-5.747000e-03 
-6.217000e-03 
-7.203000e-03 
-8.055000e-03 
-7.749000e-03 
-5.834000e-03 
-2.794000e-03 
1.180000e-04 
1.680000e-03 
1.700000e-03 
1.231000e-03 
1.387000e-03 
2.485000e-03 
4.281000e-03 
6.348000e-03 
8.251000e-03 
9.534000e-03 
9.750000e-03 
8.629000e-03 
6.486000e-03 
4.473000e-03 
3.468000e-03 
3.220000e-03 
2.911000e-03 
1.766000e-03 
-8.340000e-04 
-5.070000e-03 
-1.012800e-02 
-1.457600e-02 
-1.742900e-02 
-1.879300e-02 
-1.923200e-02 
-1.887300e-02 
-1.749500e-02 
-1.549700e-02 
-1.407800e-02 
-1.395100e-02 
-1.421100e-02 
-1.338600e-02 
-1.103000e-02 
-8.041000e-03 
-5.840000e-03 
-5.208000e-03 
-5.787000e-03 
-6.190000e-03 
-4.946000e-03 
-2.030000e-03 
5.260000e-04 
3.530000e-04 
-2.841000e-03 
-7.222000e-03 
-1.098200e-02 
-1.396900e-02 
-1.689800e-02 
-1.943700e-02 
-1.999900e-02 
-1.778100e-02 
-1.390900e-02 
-9.894000e-03 
-6.083000e-03 
-2.251000e-03 
1.163000e-03 
3.143000e-03 
3.570000e-03 
3.706000e-03 
5.008000e-03 
7.920000e-03 
1.188500e-02 
1.590200e-02 
1.893700e-02 
2.048800e-02 
2.075500e-02 
2.041900e-02 
2.025600e-02 
2.038100e-02 
1.982300e-02 
1.734400e-02 
1.290300e-02 
7.699000e-03 
2.626000e-03 
-2.574000e-03 
-8.070000e-03 
-1.270500e-02 
-1.478600e-02 
-1.394800e-02 
-1.174900e-02 
-9.894000e-03 
-8.410000e-03 
-6.157000e-03 
-2.501000e-03 
1.952000e-03 
5.728000e-03 
7.572000e-03 
7.045000e-03 
4.194000e-03 
-3.620000e-04 
-4.882000e-03 
-7.050000e-03 
-5.772000e-03 
-1.756000e-03 
3.138000e-03 
6.653000e-03 
7.135000e-03 
4.488000e-03 
2.210000e-04 
-3.985000e-03 
-7.087000e-03 
-7.934000e-03 
-5.820000e-03 
-1.581000e-03 
2.938000e-03 
6.658000e-03 
1.001200e-02 
1.365600e-02 
1.749100e-02 
2.125100e-02 
2.503500e-02 
2.867500e-02 
3.153200e-02 
3.334200e-02 
3.424200e-02 
3.390100e-02 
3.142400e-02 
2.689900e-02 
2.153900e-02 
1.572400e-02 
8.726000e-03 
4.920000e-04 
-7.539000e-03 
-1.404300e-02 
-1.948200e-02 
-2.529300e-02 
-3.180700e-02 
-3.763800e-02 
-4.108000e-02 
-4.141600e-02 
-3.892700e-02 
-3.411100e-02 
-2.758600e-02 
-2.085800e-02 
-1.618400e-02 
-1.480700e-02 
-1.563900e-02 
-1.642700e-02 
-1.565900e-02 
-1.314800e-02 
-9.492000e-03 
-5.664000e-03 
-2.520000e-03 
-3.700000e-04 
1.294000e-03 
3.486000e-03 
6.616000e-03 
9.490000e-03 
1.020600e-02 
8.379000e-03 
5.255000e-03 
2.020000e-03 
-9.060000e-04 
-3.110000e-03 
-3.828000e-03 
-2.770000e-03 
-4.880000e-04 
2.112000e-03 
4.691000e-03 
7.281000e-03 
9.378000e-03 
9.791000e-03 
7.868000e-03 
4.425000e-03 
8.850000e-04 
-2.385000e-03 
-5.974000e-03 
-9.489000e-03 
-1.112100e-02 
-9.641000e-03 
-6.491000e-03 
-4.884000e-03 
-6.702000e-03 
-1.084900e-02 
-1.481000e-02 
-1.717500e-02 
-1.787400e-02 
-1.659100e-02 
-1.262100e-02 
-6.647000e-03 
-1.203000e-03 
1.120000e-03 
-3.320000e-04 
-3.608000e-03 
-5.332000e-03 
-3.095000e-03 
2.238000e-03 
6.980000e-03 
7.829000e-03 
4.563000e-03 
-1.670000e-04 
-3.158000e-03 
-2.278000e-03 
3.145000e-03 
1.180700e-02 
2.099200e-02 
2.840900e-02 
3.312100e-02 
3.502500e-02 
3.408300e-02 
3.057100e-02 
2.566300e-02 
2.052500e-02 
1.560700e-02 
1.087800e-02 
6.067000e-03 
1.045000e-03 
-3.707000e-03 
-7.244000e-03 
-9.030000e-03 
-9.750000e-03 
-1.084000e-02 
-1.307000e-02 
-1.555900e-02 
-1.660100e-02 
-1.571100e-02 
-1.412700e-02 
-1.336300e-02 
-1.377800e-02 
-1.442800e-02 
-1.370700e-02 
-1.048700e-02 
-4.849000e-03 
2.297000e-03 
9.829000e-03 
1.674600e-02 
2.215200e-02 
2.517000e-02 
2.488000e-02 
2.036600e-02 
1.156900e-02 
3.170000e-04 
-1.005800e-02 
-1.670300e-02 
-1.949700e-02 
-2.085900e-02 
-2.297100e-02 
-2.615100e-02 
-2.999200e-02 
-3.429400e-02 
-3.836500e-02 
-4.100500e-02 
-4.191300e-02 
-4.188800e-02 
-4.108900e-02 
-3.821400e-02 
-3.155700e-02 
-2.080400e-02 
-7.992000e-03 
3.458000e-03 
1.092500e-02 
1.411500e-02 
1.494300e-02 
1.540600e-02 
1.603000e-02 
1.667100e-02 
1.768200e-02 
1.960400e-02 
2.177200e-02 
2.191600e-02 
1.837500e-02 
1.239700e-02 
7.044000e-03 
3.785000e-03 
1.356000e-03 
-2.330000e-03 
-8.123000e-03 
-1.514200e-02 
-2.161900e-02 
-2.574400e-02 
-2.580000e-02 
-2.097700e-02 
-1.258500e-02 
-3.692000e-03 
3.300000e-03 
8.139000e-03 
1.199800e-02 
1.624700e-02 
2.196900e-02 
2.947100e-02 
3.776700e-02 
4.496900e-02 
4.895200e-02 
4.811300e-02 
4.250200e-02 
3.442600e-02 
2.704900e-02 
2.185700e-02 
1.784600e-02 
1.326700e-02 
7.495000e-03 
6.860000e-04 
-6.917000e-03 
-1.461500e-02 
-2.064700e-02 
-2.304500e-02 
-2.167500e-02 
-1.858800e-02 
-1.616400e-02 
-1.516100e-02 
-1.447000e-02 
-1.225200e-02 
-7.379000e-03 
-6.400000e-04 
5.984000e-03 
1.109000e-02 
1.440600e-02 
1.596400e-02 
1.591800e-02 
1.553000e-02 
1.678300e-02 
2.038100e-02 
2.469400e-02 
2.690000e-02 
2.521800e-02 
1.997000e-02 
1.248000e-02 
3.825000e-03 
-5.082000e-03 
-1.289000e-02 
-1.816900e-02 
-2.018200e-02 
-1.942000e-02 
-1.739000e-02 
-1.595200e-02 
-1.609100e-02 
-1.710300e-02 
-1.739200e-02 
-1.591600e-02 
-1.275900e-02 
-8.866000e-03 
-5.353000e-03 
-2.326000e-03 
1.357000e-03 
6.219000e-03 
1.087600e-02 
1.319600e-02 
1.254200e-02 
1.048900e-02 
9.382000e-03 
1.038200e-02 
1.293100e-02 
1.542600e-02 
1.606800e-02 
1.386000e-02 
9.509000e-03 
5.121000e-03 
2.460000e-03 
1.865000e-03 
2.844000e-03 
4.864000e-03 
7.123000e-03 
8.307000e-03 
7.301000e-03 
4.416000e-03 
1.750000e-03 
1.491000e-03 
3.940000e-03 
7.321000e-03 
9.334000e-03 
8.827000e-03 
6.562000e-03 
4.491000e-03 
4.136000e-03 
5.632000e-03 
7.945000e-03 
1.011900e-02 
1.206500e-02 
1.400600e-02 
1.553400e-02 
1.548000e-02 
1.330800e-02 
1.036400e-02 
9.036000e-03 
1.020400e-02 
1.221800e-02 
1.261300e-02 
1.023400e-02 
5.790000e-03 
1.118000e-03 
-2.008000e-03 
-3.143000e-03 
-3.340000e-03 
-4.075000e-03 
-6.004000e-03 
-8.730000e-03 
-1.153900e-02 
-1.386700e-02 
-1.514700e-02 
-1.470500e-02 
-1.269300e-02 
-1.031500e-02 
-8.632000e-03 
-7.174000e-03 
-4.481000e-03 
-1.960000e-04 
4.259000e-03 
7.096000e-03 
8.059000e-03 
8.378000e-03 
8.895000e-03 
9.016000e-03 
7.762000e-03 
5.303000e-03 
2.381000e-03 
-8.820000e-04 
-4.460000e-03 
-7.528000e-03 
-9.170000e-03 
-9.435000e-03 
-8.998000e-03 
-8.144000e-03 
-6.542000e-03 
-3.676000e-03 
4.280000e-04 
5.120000e-03 
9.596000e-03 
1.339800e-02 
1.665600e-02 
2.010500e-02 
2.415000e-02 
2.813600e-02 
3.096700e-02 
3.212200e-02 
3.180300e-02 
3.056700e-02 
2.926100e-02 
2.844600e-02 
2.799800e-02 
2.763800e-02 
2.702900e-02 
2.540000e-02 
2.209600e-02 
1.732600e-02 
1.199700e-02 
7.195000e-03 
3.557000e-03 
1.332000e-03 
4.540000e-04 
3.000000e-04 
-1.200000e-05 
-7.510000e-04 
-1.219000e-03 
-6.050000e-04 
8.370000e-04 
2.542000e-03 
5.064000e-03 
9.461000e-03 
1.562300e-02 
2.184800e-02 
2.614300e-02 
2.769600e-02 
2.716100e-02 
2.606400e-02 
2.593300e-02 
2.729300e-02 
2.914800e-02 
2.941400e-02 
2.654500e-02 
2.115200e-02 
1.558600e-02 
1.197200e-02 
1.082200e-02 
1.102300e-02 
1.041700e-02 
6.951000e-03 
7.900000e-05 
-8.515000e-03 
-1.615700e-02 
-2.091100e-02 
-2.200300e-02 
-1.933100e-02 
-1.405400e-02 
-9.172000e-03 
-7.607000e-03 
-9.396000e-03 
-1.156100e-02 
-1.086700e-02 
-6.297000e-03 
8.980000e-04 
8.447000e-03 
1.391300e-02 
1.551000e-02 
1.314300e-02 
9.144000e-03 
6.931000e-03 
8.249000e-03 
1.177000e-02 
1.443300e-02 
1.429100e-02 
1.192800e-02 
9.345000e-03 
8.091000e-03 
8.699000e-03 
1.110000e-02 
1.448700e-02 
1.691900e-02 
1.617900e-02 
1.129400e-02 
3.182000e-03 
-6.163000e-03 
-1.448700e-02 
-1.987200e-02 
-2.145200e-02 
-1.994400e-02 
-1.728300e-02 
-1.540500e-02 
-1.488800e-02 
-1.477700e-02 
-1.393500e-02 
-1.221200e-02 
-1.007500e-02 
-7.515000e-03 
-3.934000e-03 
1.089000e-03 
7.371000e-03 
1.445100e-02 
2.175600e-02 
2.838800e-02 
3.326700e-02 
3.577800e-02 
3.627500e-02 
3.573100e-02 
3.473100e-02 
3.265000e-02 
2.839400e-02 
2.224700e-02 
1.607300e-02 
1.143600e-02 
8.645000e-03 
7.306000e-03 
7.016000e-03 
7.450000e-03 
8.227000e-03 
8.735000e-03 
8.233000e-03 
6.227000e-03 
3.160000e-03 
6.700000e-04 
6.920000e-04 
3.850000e-03 
8.670000e-03 
1.284100e-02 
1.500400e-02 
1.514800e-02 
1.393100e-02 
1.213100e-02 
1.032000e-02 
8.671000e-03 
6.858000e-03 
4.347000e-03 
1.197000e-03 
-1.689000e-03 
-3.316000e-03 
-3.735000e-03 
-3.887000e-03 
-4.356000e-03 
-4.846000e-03 
-4.929000e-03 
-4.735000e-03 
-4.464000e-03 
-3.609000e-03 
-1.642000e-03 
1.024000e-03 
3.181000e-03 
3.833000e-03 
3.418000e-03 
3.517000e-03 
5.056000e-03 
7.190000e-03 
7.991000e-03 
6.345000e-03 
3.117000e-03 
5.570000e-04 
5.780000e-04 
3.328000e-03 
7.427000e-03 
1.138000e-02 
1.425700e-02 
1.569100e-02 
1.588100e-02 
1.547400e-02 
1.505400e-02 
1.480600e-02 
1.504200e-02 
1.654400e-02 
1.962600e-02 
2.330700e-02 
2.591800e-02 
2.667700e-02 
2.652300e-02 
2.683900e-02 
2.775300e-02 
2.836600e-02 
2.795700e-02 
2.649800e-02 
2.421100e-02 
2.152800e-02 
1.917700e-02 
1.770100e-02 
1.682300e-02 
1.563500e-02 
1.364100e-02 
1.144500e-02 
1.016200e-02 
9.924000e-03 
9.788000e-03 
8.937000e-03 
7.003000e-03 
3.775000e-03 
-7.900000e-04 
-6.174000e-03 
-1.136900e-02 
-1.548900e-02 
-1.785100e-02 
-1.798200e-02 
-1.613100e-02 
-1.357500e-02 
-1.160400e-02 
-1.049400e-02 
-9.955000e-03 
-1.000700e-02 
-1.077100e-02 
-1.175700e-02 
-1.212500e-02 
-1.175500e-02 
-1.117100e-02 
-1.036600e-02 
-8.555000e-03 
-5.060000e-03 
-1.360000e-04 
5.048000e-03 
9.122000e-03 
1.154800e-02 
1.265100e-02 
1.257300e-02 
1.087600e-02 
7.590000e-03 
4.029000e-03 
1.741000e-03 
1.099000e-03 
1.322000e-03 
1.592000e-03 
1.369000e-03 
-1.180000e-04 
-3.357000e-03 
-7.743000e-03 
-1.169800e-02 
-1.369900e-02 
-1.350000e-02 
-1.225600e-02 
-1.131100e-02 
-1.100100e-02 
-1.086000e-02 
-1.025300e-02 
-8.752000e-03 
-6.384000e-03 
-3.362000e-03 
4.500000e-05 
3.496000e-03 
6.680000e-03 
9.757000e-03 
1.344700e-02 
1.826300e-02 
2.369000e-02 
2.826600e-02 
3.070400e-02 
3.091800e-02 
2.968000e-02 
2.767800e-02 
2.525400e-02 
2.264400e-02 
2.004700e-02 
1.721300e-02 
1.368300e-02 
9.291000e-03 
4.111000e-03 
-1.623000e-03 
-7.328000e-03 
-1.218100e-02 
-1.542200e-02 
-1.715900e-02 
-1.851200e-02 
-2.031900e-02 
-2.196100e-02 
-2.207200e-02 
-2.020000e-02 
-1.703400e-02 
-1.343100e-02 
-9.669000e-03 
-5.734000e-03 
-1.858000e-03 
1.902000e-03 
5.819000e-03 
1.025300e-02 
1.512400e-02 
1.945100e-02 
2.192300e-02 
2.203300e-02 
2.089500e-02 
2.039200e-02 
2.123000e-02 
2.234500e-02 
2.208100e-02 
1.947800e-02 
1.451600e-02 
7.814000e-03 
4.530000e-04 
-6.263000e-03 
-1.142600e-02 
-1.535600e-02 
-1.909800e-02 
-2.301600e-02 
-2.627300e-02 
-2.764700e-02 
-2.671300e-02 
-2.382900e-02 
-1.928800e-02 
-1.328000e-02 
-6.539000e-03 
-3.720000e-04 
4.115000e-03 
6.835000e-03 
8.751000e-03 
1.106800e-02 
1.424900e-02 
1.756300e-02 
1.966700e-02 
1.973700e-02 
1.784200e-02 
1.470400e-02 
1.165800e-02 
1.005300e-02 
1.022700e-02 
1.115100e-02 
1.113700e-02 
8.874000e-03 
4.258000e-03 
-1.311000e-03 
-5.922000e-03 
-8.595000e-03 
-9.331000e-03 
-8.357000e-03 
-6.125000e-03 
-3.340000e-03 
-5.920000e-04 
1.735000e-03 
3.497000e-03 
4.852000e-03 
6.184000e-03 
7.718000e-03 
8.764000e-03 
8.192000e-03 
5.783000e-03 
2.535000e-03 
-4.420000e-04 
-2.737000e-03 
-4.166000e-03 
-4.135000e-03 
-2.154000e-03 
1.272000e-03 
4.681000e-03 
6.797000e-03 
7.426000e-03 
7.215000e-03 
7.051000e-03 
7.441000e-03 
8.558000e-03 
1.032700e-02 
1.263500e-02 
1.548700e-02 
1.866800e-02 
2.183900e-02 
2.475700e-02 
2.724600e-02 
2.910500e-02 
3.007700e-02 
2.987000e-02 
2.831300e-02 
2.566000e-02 
2.244500e-02 
1.912600e-02 
1.602500e-02 
1.319300e-02 
1.076600e-02 
9.159000e-03 
8.692000e-03 
9.394000e-03 
1.090200e-02 
1.241500e-02 
1.304700e-02 
1.234800e-02 
1.035300e-02 
7.397000e-03 
4.136000e-03 
1.048000e-03 
-1.866000e-03 
-4.600000e-03 
-6.775000e-03 
-8.330000e-03 
-1.011200e-02 
-1.291300e-02 
-1.629100e-02 
-1.878900e-02 
-1.940800e-02 
-1.850100e-02 
-1.722900e-02 
-1.638600e-02 
-1.628700e-02 
-1.681700e-02 
-1.740700e-02 
-1.736000e-02 
-1.600200e-02 
-1.283700e-02 
-8.335000e-03 
-3.899000e-03 
-6.350000e-04 
1.792000e-03 
4.723000e-03 
9.112000e-03 
1.470800e-02 
2.024100e-02 
2.413600e-02 
2.521600e-02 
2.341000e-02 
1.991800e-02 
1.642000e-02 
1.416800e-02 
1.362000e-02 
1.451900e-02 
1.582800e-02 
1.600100e-02 
1.405300e-02 
1.015500e-02 
4.811000e-03 
-1.545000e-03 
-8.241000e-03 
-1.416000e-02 
-1.803400e-02 
-1.919100e-02 
-1.832400e-02 
-1.714600e-02 
-1.712900e-02 
-1.868200e-02 
-2.086600e-02 
-2.232800e-02 
-2.243500e-02 
-2.118300e-02 
-1.845100e-02 
-1.395700e-02 
-7.972000e-03 
-1.896000e-03 
2.395000e-03 
3.660000e-03 
2.007000e-03 
-1.165000e-03 
-3.938000e-03 
-5.069000e-03 
-4.701000e-03 
-4.030000e-03 
-4.241000e-03 
-5.670000e-03 
-7.582000e-03 
-8.869000e-03 
-8.894000e-03 
-8.009000e-03 
-7.344000e-03 
-7.813000e-03 
-9.115000e-03 
-1.027900e-02 
-1.069300e-02 
-1.010400e-02 
-8.314000e-03 
-5.182000e-03 
-6.580000e-04 
4.850000e-03 
1.010900e-02 
1.373100e-02 
1.514500e-02 
1.469400e-02 
1.330700e-02 
1.210300e-02 
1.206600e-02 
1.353300e-02 
1.565200e-02 
1.669100e-02 
1.528900e-02 
1.144800e-02 
6.366000e-03 
1.632000e-03 
-1.707000e-03 
-3.504000e-03 
-4.677000e-03 
-6.747000e-03 
-1.082300e-02 
-1.673300e-02 
-2.273000e-02 
-2.627600e-02 
-2.551100e-02 
-2.033300e-02 
-1.245500e-02 
-4.624000e-03 
5.280000e-04 
1.587000e-03 
-6.540000e-04 
-3.398000e-03 
-3.972000e-03 
-1.862000e-03 
1.684000e-03 
5.425000e-03 
8.718000e-03 
1.091300e-02 
1.150400e-02 
1.114800e-02 
1.149500e-02 
1.318500e-02 
1.503700e-02 
1.528300e-02 
1.284500e-02 
7.702000e-03 
9.040000e-04 
-5.431000e-03 
-8.685000e-03 
-7.364000e-03 
-2.552000e-03 
2.412000e-03 
4.062000e-03 
1.199000e-03 
-4.400000e-03 
-9.170000e-03 
-1.012200e-02 
-6.747000e-03 
-7.070000e-04 
5.266000e-03 
8.561000e-03 
7.974000e-03 
4.284000e-03 
-6.070000e-04 
-4.891000e-03 
-7.816000e-03 
-9.865000e-03 
-1.181700e-02 
-1.390800e-02 
-1.604700e-02 
-1.803400e-02 
-1.928600e-02 
-1.872400e-02 
-1.543900e-02 
-9.903000e-03 
-4.176000e-03 
-4.040000e-04 
6.530000e-04 
-2.700000e-05 
-5.570000e-04 
6.620000e-04 
4.316000e-03 
9.881000e-03 
1.554600e-02 
1.909700e-02 
1.938300e-02 
1.680400e-02 
1.272400e-02 
8.824000e-03 
6.539000e-03 
6.326000e-03 
7.300000e-03 
8.045000e-03 
7.514000e-03 
5.300000e-03 
1.729000e-03 
-2.341000e-03 
-5.794000e-03 
-8.091000e-03 
-9.549000e-03 
-1.082900e-02 
-1.217300e-02 
-1.333600e-02 
-1.378000e-02 
-1.322500e-02 
-1.215800e-02 
-1.108000e-02 
-9.822000e-03 
-7.991000e-03 
-5.792000e-03 
-4.127000e-03 
-3.623000e-03 
-4.060000e-03 
-4.828000e-03 
-5.651000e-03 
-6.204000e-03 
-5.668000e-03 
-3.713000e-03 
-1.043000e-03 
1.380000e-03 
3.096000e-03 
3.961000e-03 
3.922000e-03 
3.155000e-03 
2.383000e-03 
2.663000e-03 
4.550000e-03 
7.706000e-03 
1.101700e-02 
1.308600e-02 
1.311500e-02 
1.134300e-02 
8.854000e-03 
6.833000e-03 
5.704000e-03 
4.845000e-03 
3.245000e-03 
4.940000e-04 
-2.988000e-03 
-6.523000e-03 
-9.423000e-03 
-1.112000e-02 
-1.119300e-02 
-9.441000e-03 
-6.043000e-03 
-1.652000e-03 
2.449000e-03 
4.807000e-03 
4.889000e-03 
3.561000e-03 
2.225000e-03 
1.595000e-03 
1.602000e-03 
2.111000e-03 
3.274000e-03 
5.169000e-03 
7.606000e-03 
1.025900e-02 
1.301600e-02 
1.574200e-02 
1.803800e-02 
1.942900e-02 
1.993200e-02 
1.997600e-02 
1.981000e-02 
1.915500e-02 
1.767600e-02 
1.530600e-02 
1.197800e-02 
7.838000e-03 
3.614000e-03 
1.570000e-04 
-2.446000e-03 
-4.701000e-03 
-6.709000e-03 
-7.857000e-03 
-7.600000e-03 
-6.125000e-03 
-4.267000e-03 
-2.892000e-03 
-2.363000e-03 
-2.653000e-03 
-3.579000e-03 
-4.695000e-03 
-5.326000e-03 
-4.887000e-03 
-3.236000e-03 
-9.150000e-04 
9.540000e-04 
1.374000e-03 
8.200000e-05 
-2.405000e-03 
-5.285000e-03 
-8.019000e-03 
-1.043200e-02 
-1.265100e-02 
-1.494100e-02 
-1.717900e-02 
-1.875800e-02 
-1.842400e-02 
-1.626800e-02 
-1.331700e-02 
-1.041700e-02 
-7.410000e-03 
-3.668000e-03 
1.062000e-03 
6.441000e-03 
1.162600e-02 
1.573900e-02 
1.852600e-02 
2.035900e-02 
2.174400e-02 
2.272500e-02 
2.269700e-02 
2.117200e-02 
1.841000e-02 
1.497600e-02 
1.117400e-02 
7.026000e-03 
2.706000e-03 
-1.335000e-03 
-5.017000e-03 
-8.840000e-03 
-1.307900e-02 
-1.732200e-02 
-2.078900e-02 
-2.272100e-02 
-2.264100e-02 
-2.069500e-02 
-1.758800e-02 
-1.440500e-02 
-1.206400e-02 
-1.046600e-02 
-8.734000e-03 
-6.539000e-03 
-4.548000e-03 
-3.498000e-03 
-3.406000e-03 
-3.997000e-03 
-5.295000e-03 
-7.228000e-03 
-9.045000e-03 
-9.799000e-03 
-9.557000e-03 
-9.497000e-03 
-1.067900e-02 
-1.292400e-02 
-1.498500e-02 
-1.581300e-02 
-1.545100e-02 
-1.464600e-02 
-1.394700e-02 
-1.315200e-02 
-1.134600e-02 
-7.967000e-03 
-3.674000e-03 
9.800000e-05 
2.517000e-03 
4.123000e-03 
5.868000e-03 
7.694000e-03 
8.388000e-03 
6.857000e-03 
3.191000e-03 
-1.584000e-03 
-6.344000e-03 
-1.013500e-02 
-1.260000e-02 
-1.430700e-02 
-1.603200e-02 
-1.789700e-02 
-1.930100e-02 
-1.960200e-02 
-1.876000e-02 
-1.722800e-02 
-1.547100e-02 
-1.366500e-02 
-1.167400e-02 
-9.121000e-03 
-5.637000e-03 
-1.412000e-03 
2.673000e-03 
5.460000e-03 
6.366000e-03 
5.634000e-03 
3.846000e-03 
1.683000e-03 
-1.290000e-04 
-9.600000e-04 
-7.700000e-04 
-5.850000e-04 
-1.719000e-03 
-4.569000e-03 
-8.290000e-03 
-1.147300e-02 
-1.309200e-02 
-1.290000e-02 
-1.137800e-02 
-9.338000e-03 
-7.431000e-03 
-5.953000e-03 
-4.973000e-03 
-4.098000e-03 
-2.580000e-03 
1.160000e-04 
3.760000e-03 
7.265000e-03 
9.523000e-03 
1.005600e-02 
9.030000e-03 
6.782000e-03 
3.739000e-03 
5.040000e-04 
-2.437000e-03 
-5.084000e-03 
-7.758000e-03 
-1.061100e-02 
-1.337100e-02 
-1.570900e-02 
-1.754800e-02 
-1.900800e-02 
-2.015300e-02 
-2.089700e-02 
-2.086900e-02 
-1.980500e-02 
-1.813300e-02 
-1.656000e-02 
-1.501400e-02 
-1.258800e-02 
-8.575000e-03 
-3.306000e-03 
2.342000e-03 
7.547000e-03 
1.154500e-02 
1.353100e-02 
1.293300e-02 
1.002300e-02 
5.768000e-03 
1.070000e-03 
-3.578000e-03 
-8.050000e-03 
-1.261000e-02 
-1.766300e-02 
-2.287500e-02 
-2.700100e-02 
-2.908500e-02 
-2.954700e-02 
-2.962200e-02 
-3.002000e-02 
-3.056000e-02 
-3.065500e-02 
-2.960100e-02 
-2.696000e-02 
-2.276000e-02 
-1.737800e-02 
-1.135100e-02 
-5.202000e-03 
6.470000e-04 
6.101000e-03 
1.150100e-02 
1.700800e-02 
2.180000e-02 
2.451200e-02 
2.469100e-02 
2.286600e-02 
1.962700e-02 
1.533100e-02 
1.029300e-02 
4.927000e-03 
-4.230000e-04 
-5.702000e-03 
-1.110000e-02 
-1.635800e-02 
-2.062500e-02 
-2.313500e-02 
-2.365600e-02 
-2.258900e-02 
-2.093400e-02 
-1.981300e-02 
-1.984600e-02 
-2.100900e-02 
-2.270800e-02 
-2.400500e-02 
-2.415800e-02 
-2.302700e-02 
-2.102600e-02 
-1.870400e-02 
-1.650500e-02 
-1.468900e-02 
-1.329100e-02 
-1.215000e-02 
-1.115600e-02 
-1.047200e-02 
-1.025200e-02 
-1.043500e-02 
-1.073100e-02 
-1.082600e-02 
-1.069900e-02 
-1.053000e-02 
-1.052700e-02 
-1.073700e-02 
-1.121000e-02 
-1.201200e-02 
-1.299300e-02 
-1.386900e-02 
-1.446000e-02 
-1.487600e-02 
-1.519000e-02 
-1.508000e-02 
-1.416200e-02 
-1.240600e-02 
-1.031200e-02 
-8.529000e-03 
-7.326000e-03 
-6.670000e-03 
-6.596000e-03 
-7.164000e-03 
-8.126000e-03 
-8.883000e-03 
-8.785000e-03 
-7.506000e-03 
-5.312000e-03 
-2.882000e-03 
-9.070000e-04 
1.670000e-04 
4.150000e-04 
4.420000e-04 
9.240000e-04 
1.935000e-03 
2.756000e-03 
2.659000e-03 
1.600000e-03 
9.000000e-06 
-1.627000e-03 
-2.943000e-03 
-3.568000e-03 
-3.106000e-03 
-1.494000e-03 
6.170000e-04 
2.133000e-03 
2.395000e-03 
1.586000e-03 
2.870000e-04 
-9.440000e-04 
-1.633000e-03 
-1.524000e-03 
-8.750000e-04 
-1.250000e-04 
4.820000e-04 
7.450000e-04 
4.290000e-04 
-6.030000e-04 
-2.128000e-03 
-3.702000e-03 
-4.901000e-03 
-5.495000e-03 
-5.586000e-03 
-5.547000e-03 
-5.567000e-03 
-5.417000e-03 
-4.663000e-03 
-3.061000e-03 
-8.410000e-04 
1.343000e-03 
2.814000e-03 
3.418000e-03 
3.476000e-03 
3.379000e-03 
3.278000e-03 
3.112000e-03 
2.859000e-03 
2.457000e-03 
1.639000e-03 
2.380000e-04 
-1.588000e-03 
-3.640000e-03 
-5.763000e-03 
-7.740000e-03 
-9.377000e-03 
-1.055100e-02 
-1.112100e-02 
-1.091600e-02 
-9.882000e-03 
-8.256000e-03 
-6.518000e-03 
-5.021000e-03 
-3.678000e-03 
-2.075000e-03 
-1.200000e-04 
1.712000e-03 
2.801000e-03 
2.863000e-03 
2.155000e-03 
1.346000e-03 
1.080000e-03 
1.588000e-03 
2.641000e-03 
3.910000e-03 
4.988000e-03 
5.392000e-03 
4.773000e-03 
3.231000e-03 
1.298000e-03 
-4.640000e-04 
-1.707000e-03 
-2.262000e-03 
-2.026000e-03 
-9.610000e-04 
8.600000e-04 
3.206000e-03 
5.701000e-03 
7.941000e-03 
9.560000e-03 
1.038700e-02 
1.055100e-02 
1.042300e-02 
1.027100e-02 
9.993000e-03 
9.272000e-03 
8.020000e-03 
6.537000e-03 
5.306000e-03 
4.606000e-03 
4.243000e-03 
3.742000e-03 
2.619000e-03 
6.960000e-04 
-1.650000e-03 
-3.742000e-03 
-5.152000e-03 
-5.940000e-03 
-6.419000e-03 
-6.709000e-03 
-6.752000e-03 
-6.460000e-03 
-5.663000e-03 
-4.227000e-03 
-2.294000e-03 
-2.950000e-04 
1.339000e-03 
2.498000e-03 
3.336000e-03 
3.938000e-03 
4.190000e-03 
4.055000e-03 
3.865000e-03 
4.095000e-03 
4.842000e-03 
5.724000e-03 
6.234000e-03 
6.170000e-03 
5.693000e-03 
5.110000e-03 
4.691000e-03 
4.540000e-03 
4.539000e-03 
4.361000e-03 
3.772000e-03 
2.766000e-03 
1.515000e-03 
2.240000e-04 
-8.940000e-04 
-1.620000e-03 
-1.893000e-03 
-1.967000e-03 
-2.139000e-03 
-2.444000e-03 
-2.650000e-03 
-2.565000e-03 
-2.225000e-03 
-1.754000e-03 
-1.217000e-03 
-6.570000e-04 
-9.000000e-05 
4.930000e-04 
1.084000e-03 
1.675000e-03 
2.307000e-03 
3.050000e-03 
3.886000e-03 
4.708000e-03 
5.381000e-03 
5.857000e-03 
6.165000e-03 
6.329000e-03 
6.303000e-03 
6.018000e-03 
5.563000e-03 
5.171000e-03 
4.979000e-03 
4.866000e-03 
4.593000e-03 
4.053000e-03 
3.279000e-03 
2.352000e-03 
1.410000e-03 
6.360000e-04 
1.690000e-04 
-3.200000e-05 
-1.320000e-04 
-2.330000e-04 
-3.540000e-04 
-4.580000e-04 
-4.910000e-04 
-4.170000e-04 
-2.000000e-04 
1.260000e-04 
4.630000e-04 
7.340000e-04 
9.400000e-04 
1.155000e-03 
1.437000e-03 
1.791000e-03 
2.195000e-03 
2.593000e-03 
2.905000e-03 
3.090000e-03 
3.182000e-03 
3.264000e-03 
3.390000e-03 
3.541000e-03 
3.650000e-03 
3.638000e-03 
3.445000e-03 
3.058000e-03 
2.533000e-03 
1.991000e-03 
1.572000e-03 
1.349000e-03 
1.294000e-03 
1.327000e-03 
1.379000e-03 
1.405000e-03 
1.394000e-03 
1.359000e-03 
1.311000e-03 
1.260000e-03 
1.220000e-03 
1.203000e-03 
1.221000e-03 
1.290000e-03 
1.441000e-03 
1.703000e-03 
2.046000e-03 
2.372000e-03 
2.584000e-03 
2.668000e-03 
2.673000e-03 
2.636000e-03 
2.554000e-03 
2.422000e-03 
2.254000e-03 
2.061000e-03 
1.863000e-03 
1.712000e-03 
1.638000e-03 
1.613000e-03 
1.587000e-03 
1.536000e-03 
1.498000e-03 
1.498000e-03 
1.508000e-03 
1.485000e-03 
1.441000e-03 
1.422000e-03 
1.452000e-03 
1.505000e-03 
1.536000e-03 
1.533000e-03 
1.514000e-03 
1.493000e-03 
1.471000e-03 
1.453000e-03 
1.455000e-03 
1.483000e-03 
1.522000e-03 
1.545000e-03 
1.536000e-03 
1.500000e-03 
1.455000e-03 
1.416000e-03 
1.393000e-03 
1.378000e-03 
1.357000e-03 
1.327000e-03 
1.306000e-03 
1.306000e-03 
1.324000e-03 
1.344000e-03 
1.360000e-03 
1.365000e-03 
1.352000e-03 
1.323000e-03 
1.295000e-03 
1.286000e-03 
1.298000e-03 
1.318000e-03 
1.328000e-03 
1.328000e-03 
1.335000e-03 
1.360000e-03 
1.392000e-03 
1.414000e-03 
1.417000e-03 
1.407000e-03 
1.392000e-03 
1.377000e-03 
1.369000e-03 
1.372000e-03 
1.377000e-03 
1.375000e-03 
1.364000e-03 
1.350000e-03 
1.342000e-03 
1.346000e-03 
1.359000e-03 
1.377000e-03 
1.398000e-03 
1.416000e-03 
1.431000e-03 
1.444000e-03 
1.456000e-03 
1.465000e-03 
1.472000e-03 
1.479000e-03 
1.488000e-03 
1.501000e-03 
1.515000e-03 
1.529000e-03 
1.542000e-03 
1.556000e-03 
1.574000e-03 
1.593000e-03 
1.612000e-03 
1.627000e-03 
1.638000e-03 
1.646000e-03 
1.653000e-03 
1.660000e-03 
1.668000e-03 
1.678000e-03 
1.691000e-03 
1.704000e-03 
1.716000e-03 
1.728000e-03 
1.740000e-03 
1.754000e-03 
1.768000e-03 
1.782000e-03 
1.794000e-03 
1.806000e-03 
1.817000e-03 
1.831000e-03 
1.846000e-03 
1.862000e-03 
1.880000e-03 
1.898000e-03 
1.916000e-03 
1.934000e-03 
1.952000e-03 
1.970000e-03 
1.988000e-03 
2.006000e-03 
2.024000e-03 
2.043000e-03 
2.062000e-03 
2.081000e-03 
2.100000e-03 
2.118000e-03 
2.137000e-03 
2.156000e-03 
2.174000e-03 
2.193000e-03 
2.212000e-03 
2.230000e-03 
2.249000e-03 
2.268000e-03 
2.287000e-03 
2.306000e-03 
2.326000e-03 
2.345000e-03 
2.364000e-03 
2.384000e-03 
2.403000e-03 
2.422000e-03 
2.442000e-03 
2.461000e-03 
2.480000e-03 
2.500000e-03 
2.519000e-03 
2.538000e-03 
2.558000e-03 
2.577000e-03 
2.597000e-03 
2.616000e-03 
2.635000e-03 
2.655000e-03 
2.674000e-03 
