1 
1.000000e-02 
-6.592130e-04 
-9.057181e-05 
4.136230e-04 
6.379407e-04 
5.155756e-04 
2.068771e-04 
4.621053e-06 
1.533894e-04 
5.696794e-04 
8.907899e-04 
9.677257e-04 
1.053165e-03 
1.272791e-03 
1.241167e-03 
5.670633e-04 
-2.866258e-04 
-4.589910e-04 
1.800646e-04 
8.432158e-04 
1.100811e-03 
1.431516e-03 
2.244112e-03 
2.841221e-03 
2.158749e-03 
3.020996e-04 
-1.384089e-03 
-1.749160e-03 
-7.589320e-04 
8.597103e-04 
2.307824e-03 
3.037507e-03 
2.992655e-03 
2.557555e-03 
2.064875e-03 
1.273802e-03 
-2.512175e-05 
-1.000226e-03 
-5.079588e-04 
1.344605e-03 
3.057313e-03 
3.613116e-03 
3.351279e-03 
2.847722e-03 
1.870356e-03 
4.059673e-04 
-4.400887e-04 
1.840068e-04 
1.430575e-03 
1.899531e-03 
1.820666e-03 
2.297671e-03 
2.999190e-03 
2.375945e-03 
6.204067e-04 
7.516123e-05 
1.907658e-03 
4.044792e-03 
4.103814e-03 
2.760016e-03 
2.379680e-03 
3.165963e-03 
3.169349e-03 
1.840944e-03 
1.095157e-03 
2.255237e-03 
3.825867e-03 
3.888810e-03 
3.007147e-03 
2.962917e-03 
3.676569e-03 
3.284037e-03 
1.388371e-03 
9.715057e-05 
1.078196e-03 
3.150741e-03 
3.943170e-03 
3.061748e-03 
2.193927e-03 
2.481471e-03 
3.064918e-03 
2.753269e-03 
2.054351e-03 
2.387623e-03 
3.740113e-03 
4.279773e-03 
2.754679e-03 
3.908633e-04 
-4.427883e-04 
7.781393e-04 
2.330052e-03 
2.841018e-03 
3.139308e-03 
4.527812e-03 
6.053528e-03 
5.384263e-03 
2.287867e-03 
-2.120791e-04 
6.293411e-04 
3.668223e-03 
5.277559e-03 
3.799153e-03 
1.257712e-03 
3.920257e-04 
1.537944e-03 
3.008732e-03 
3.634385e-03 
3.545618e-03 
3.073536e-03 
2.153316e-03 
1.015691e-03 
5.608456e-04 
1.410728e-03 
3.167503e-03 
4.798207e-03 
5.590099e-03 
5.438246e-03 
4.641773e-03 
3.769099e-03 
3.354221e-03 
3.297272e-03 
2.964993e-03 
2.050194e-03 
1.262062e-03 
1.482529e-03 
2.625764e-03 
3.713773e-03 
3.997265e-03 
3.489819e-03 
2.707600e-03 
2.251904e-03 
2.557849e-03 
3.301098e-03 
3.345917e-03 
1.986554e-03 
2.933493e-04 
2.513708e-06 
1.278029e-03 
2.384336e-03 
2.107043e-03 
1.440232e-03 
2.238963e-03 
4.622009e-03 
6.770195e-03 
6.848269e-03 
4.556730e-03 
1.326832e-03 
-6.450059e-04 
4.865340e-05 
2.728910e-03 
5.101690e-03 
5.562506e-03 
4.752263e-03 
4.164021e-03 
4.179719e-03 
4.049965e-03 
3.470613e-03 
2.718385e-03 
1.716820e-03 
3.858077e-04 
-4.177862e-04 
4.936070e-04 
2.602342e-03 
3.967693e-03 
3.931753e-03 
3.987433e-03 
5.236011e-03 
6.325678e-03 
5.293634e-03 
2.515480e-03 
4.485576e-04 
6.509580e-04 
2.465253e-03 
4.227462e-03 
4.880772e-03 
4.387881e-03 
3.737743e-03 
4.517363e-03 
7.313180e-03 
1.027758e-02 
1.045797e-02 
7.098842e-03 
2.709778e-03 
4.820022e-04 
1.132655e-03 
2.980463e-03 
4.395977e-03 
5.254741e-03 
5.888750e-03 
5.777781e-03 
4.167570e-03 
1.520427e-03 
-4.978584e-04 
-8.394889e-04 
-3.608072e-04 
-5.471877e-04 
-1.403188e-03 
-1.261240e-03 
1.172830e-03 
5.219524e-03 
8.796663e-03 
9.813631e-03 
7.451996e-03 
2.907250e-03 
-7.028774e-04 
-7.459374e-04 
2.032656e-03 
4.209624e-03 
4.415327e-03 
5.552051e-03 
1.035428e-02 
1.575246e-02 
1.514828e-02 
6.917051e-03 
-2.269698e-03 
-4.735159e-03 
-5.164976e-04 
3.469396e-03 
2.482260e-03 
-9.193378e-04 
-1.352566e-03 
2.163154e-03 
5.634643e-03 
6.028943e-03 
5.056546e-03 
5.937568e-03 
8.289702e-03 
8.399371e-03 
4.496236e-03 
-5.291841e-04 
-2.822215e-03 
-2.173712e-03 
-1.195754e-03 
-1.083692e-03 
-3.884972e-04 
2.057582e-03 
5.327618e-03 
7.973018e-03 
9.405636e-03 
8.755767e-03 
4.476544e-03 
-3.028983e-03 
-9.798432e-03 
-1.141372e-02 
-7.458317e-03 
-1.455520e-03 
3.282617e-03 
6.040792e-03 
7.199321e-03 
6.460442e-03 
3.667752e-03 
4.646270e-05 
-2.643041e-03 
-3.686647e-03 
-3.674067e-03 
-3.378074e-03 
-3.119585e-03 
-2.708052e-03 
-1.521444e-03 
1.092696e-03 
4.585664e-03 
7.023989e-03 
6.855850e-03 
4.867213e-03 
3.277349e-03 
2.790586e-03 
1.729085e-03 
-9.128910e-04 
-2.875422e-03 
-9.495070e-04 
3.857116e-03 
6.235925e-03 
2.646437e-03 
-3.956462e-03 
-7.591845e-03 
-6.244370e-03 
-2.998228e-03 
-6.507520e-04 
1.615193e-03 
4.896492e-03 
7.074987e-03 
5.311177e-03 
8.286111e-04 
-1.902120e-03 
-6.987142e-04 
1.965145e-03 
2.601818e-03 
9.882386e-04 
-5.844323e-04 
-9.875923e-04 
-1.714241e-03 
-4.417453e-03 
-8.089800e-03 
-9.210706e-03 
-5.182455e-03 
2.739259e-03 
1.010199e-02 
1.314972e-02 
1.125207e-02 
6.078012e-03 
-4.639615e-04 
-6.548137e-03 
-1.039604e-02 
-1.157861e-02 
-1.171762e-02 
-1.218954e-02 
-1.152311e-02 
-6.867439e-03 
1.477380e-03 
8.840197e-03 
1.029498e-02 
5.177404e-03 
-2.660213e-03 
-7.808352e-03 
-6.843145e-03 
-6.700437e-04 
5.584145e-03 
6.914710e-03 
3.658755e-03 
8.568072e-04 
1.676157e-03 
3.542453e-03 
2.100744e-03 
-2.730726e-03 
-6.768631e-03 
-6.306677e-03 
-1.491400e-03 
4.096797e-03 
5.555675e-03 
5.030473e-05 
-9.559187e-03 
-1.567620e-02 
-1.319326e-02 
-5.410811e-03 
-2.155073e-04 
-1.169930e-03 
-5.130880e-03 
-8.082330e-03 
-9.763953e-03 
-1.140442e-02 
-1.222402e-02 
-1.030878e-02 
-5.350372e-03 
6.465936e-04 
4.810155e-03 
5.011870e-03 
1.655034e-03 
-2.123069e-03 
-3.342207e-03 
-2.597546e-03 
-2.888270e-03 
-4.903026e-03 
-5.638858e-03 
-2.546556e-03 
2.933494e-03 
7.068325e-03 
7.167316e-03 
2.455063e-03 
-6.094156e-03 
-1.495066e-02 
-1.902802e-02 
-1.611467e-02 
-9.748983e-03 
-6.420586e-03 
-9.806149e-03 
-1.800620e-02 
-2.513132e-02 
-2.534563e-02 
-1.744737e-02 
-7.130900e-03 
-2.518136e-03 
-6.222725e-03 
-1.281318e-02 
-1.504999e-02 
-1.068431e-02 
-2.598402e-03 
4.842083e-03 
7.981732e-03 
5.790287e-03 
1.958904e-03 
2.035108e-03 
5.536944e-03 
4.623771e-03 
-5.448735e-03 
-1.830598e-02 
-2.420786e-02 
-2.293580e-02 
-2.179069e-02 
-2.240978e-02 
-1.857648e-02 
-8.575516e-03 
-8.791277e-04 
-2.536638e-03 
-8.745745e-03 
-1.054798e-02 
-8.398501e-03 
-1.012994e-02 
-1.699337e-02 
-2.006601e-02 
-1.253433e-02 
1.583202e-04 
6.319728e-03 
1.349422e-03 
-8.331830e-03 
-1.356054e-02 
-1.142255e-02 
-6.066269e-03 
-2.657288e-03 
-2.359170e-03 
-3.274582e-03 
-4.290846e-03 
-6.245050e-03 
-9.124694e-03 
-1.057335e-02 
-8.444788e-03 
-3.651073e-03 
1.008763e-03 
3.332749e-03 
1.966931e-03 
-4.270156e-03 
-1.454736e-02 
-2.437742e-02 
-2.865151e-02 
-2.640992e-02 
-2.070516e-02 
-1.365262e-02 
-4.290517e-03 
7.644192e-03 
1.800459e-02 
2.040454e-02 
1.234003e-02 
-1.133905e-03 
-1.063148e-02 
-1.071503e-02 
-4.901861e-03 
-4.548278e-04 
7.987066e-04 
2.521347e-03 
4.686847e-03 
1.110009e-03 
-1.008360e-02 
-1.988379e-02 
-1.930229e-02 
-1.261944e-02 
-1.085627e-02 
-1.429522e-02 
-1.181261e-02 
4.639110e-04 
1.033184e-02 
5.411183e-03 
-8.880356e-03 
-1.536101e-02 
-6.857073e-03 
5.385468e-03 
6.106881e-03 
-6.403193e-03 
-2.003859e-02 
-2.432054e-02 
-2.173869e-02 
-2.130308e-02 
-2.405376e-02 
-2.168171e-02 
-1.151921e-02 
-4.718934e-03 
-1.142133e-02 
-2.351925e-02 
-2.410608e-02 
-1.265512e-02 
-6.545543e-03 
-1.457859e-02 
-2.353150e-02 
-1.941175e-02 
-8.977941e-03 
-7.473633e-03 
-1.422740e-02 
-1.590578e-02 
-9.100612e-03 
-3.601290e-03 
-4.343330e-03 
-5.866903e-03 
-7.213621e-03 
-1.629056e-02 
-3.326632e-02 
-4.338993e-02 
-3.645170e-02 
-2.315811e-02 
-2.078016e-02 
-2.984150e-02 
-3.724242e-02 
-3.779018e-02 
-3.936481e-02 
-4.724130e-02 
-5.561915e-02 
-5.771012e-02 
-5.451992e-02 
-4.949520e-02 
-4.156747e-02 
-2.864904e-02 
-1.370610e-02 
-2.774155e-03 
1.044155e-03 
-4.761863e-04 
-2.093516e-03 
2.261538e-03 
1.448585e-02 
2.830307e-02 
3.401655e-02 
2.922910e-02 
2.161043e-02 
1.913473e-02 
2.100613e-02 
1.976574e-02 
8.866275e-03 
-1.370187e-02 
-4.433165e-02 
-7.324269e-02 
-8.977853e-02 
-9.329115e-02 
-9.567489e-02 
-1.079029e-01 
-1.260174e-01 
-1.358175e-01 
-1.301952e-01 
-1.168265e-01 
-1.084620e-01 
-1.098185e-01 
-1.145679e-01 
-1.117145e-01 
-9.496954e-02 
-6.902684e-02 
-4.729754e-02 
-3.969166e-02 
-4.144131e-02 
-3.723432e-02 
-1.802467e-02 
9.403080e-03 
3.113357e-02 
4.100533e-02 
4.365665e-02 
4.573095e-02 
4.876615e-02 
4.959730e-02 
4.293271e-02 
2.351993e-02 
-9.214170e-03 
-4.683834e-02 
-7.644505e-02 
-9.292278e-02 
-1.038783e-01 
-1.192933e-01 
-1.386876e-01 
-1.531217e-01 
-1.582470e-01 
-1.589306e-01 
-1.591134e-01 
-1.531113e-01 
-1.324536e-01 
-9.930222e-02 
-6.642577e-02 
-4.275412e-02 
-2.418684e-02 
-1.525289e-03 
2.696301e-02 
5.541116e-02 
7.955191e-02 
1.000997e-01 
1.185338e-01 
1.353889e-01 
1.520217e-01 
1.668658e-01 
1.686344e-01 
1.420961e-01 
8.589984e-02 
1.923185e-02 
-3.475933e-02 
-6.772954e-02 
-8.414926e-02 
-8.837093e-02 
-8.370996e-02 
-7.884715e-02 
-8.117322e-02 
-8.268289e-02 
-6.566385e-02 
-2.763820e-02 
1.045650e-02 
2.849724e-02 
3.108707e-02 
3.848688e-02 
6.042239e-02 
8.974956e-02 
1.174544e-01 
1.410829e-01 
1.581286e-01 
1.639816e-01 
1.611896e-01 
1.608632e-01 
1.678631e-01 
1.716227e-01 
1.601286e-01 
1.385566e-01 
1.247839e-01 
1.273737e-01 
1.363333e-01 
1.363475e-01 
1.213424e-01 
9.396678e-02 
5.913648e-02 
2.359836e-02 
-3.788694e-03 
-1.916127e-02 
-2.886267e-02 
-4.125998e-02 
-5.437848e-02 
-5.845011e-02 
-5.050196e-02 
-3.913951e-02 
-3.248449e-02 
-2.811356e-02 
-1.929728e-02 
-5.729646e-03 
7.215486e-03 
1.672729e-02 
2.413139e-02 
3.003960e-02 
3.380952e-02 
3.835175e-02 
5.060553e-02 
7.518298e-02 
1.086032e-01 
1.403535e-01 
1.594156e-01 
1.622864e-01 
1.556532e-01 
1.478751e-01 
1.360505e-01 
1.071669e-01 
5.693514e-02 
1.846276e-03 
-3.615676e-02 
-5.387731e-02 
-6.592219e-02 
-8.103293e-02 
-9.205980e-02 
-9.210612e-02 
-8.780108e-02 
-8.875429e-02 
-9.276857e-02 
-9.101470e-02 
-8.191093e-02 
-7.067486e-02 
-5.930904e-02 
-4.691463e-02 
-3.698660e-02 
-3.483456e-02 
-3.821425e-02 
-3.826597e-02 
-2.901113e-02 
-9.183166e-03 
2.163255e-02 
5.846686e-02 
8.541619e-02 
8.868446e-02 
7.706207e-02 
7.534426e-02 
9.199228e-02 
1.070822e-01 
1.011548e-01 
8.318853e-02 
7.617469e-02 
8.371134e-02 
8.804426e-02 
7.842708e-02 
6.421572e-02 
5.652707e-02 
5.200676e-02 
4.303912e-02 
3.337982e-02 
3.311575e-02 
4.351289e-02 
5.706716e-02 
7.076776e-02 
8.958320e-02 
1.144522e-01 
1.338593e-01 
1.333887e-01 
1.118864e-01 
8.458876e-02 
6.904393e-02 
6.951593e-02 
7.626352e-02 
7.872354e-02 
7.636073e-02 
7.559070e-02 
7.947202e-02 
8.512421e-02 
9.070488e-02 
9.929280e-02 
1.126607e-01 
1.250784e-01 
1.275075e-01 
1.175533e-01 
1.020817e-01 
9.051201e-02 
8.778028e-02 
9.310093e-02 
1.020744e-01 
1.094571e-01 
1.127817e-01 
1.145943e-01 
1.194659e-01 
1.279699e-01 
1.355123e-01 
1.383646e-01 
1.384148e-01 
1.396183e-01 
1.410716e-01 
1.372946e-01 
1.259119e-01 
1.116755e-01 
1.008113e-01 
9.350803e-02 
8.537785e-02 
7.513857e-02 
6.666232e-02 
6.285936e-02 
6.141940e-02 
5.944530e-02 
5.847234e-02 
6.102378e-02 
6.438880e-02 
6.371377e-02 
6.091467e-02 
6.418484e-02 
7.594526e-02 
8.693102e-02 
8.723244e-02 
7.915781e-02 
7.330674e-02 
7.401619e-02 
7.593189e-02 
7.491555e-02 
7.460485e-02 
7.907791e-02 
8.536723e-02 
8.816224e-02 
8.799559e-02 
8.880664e-02 
9.007643e-02 
8.751295e-02 
8.130847e-02 
7.715847e-02 
7.757360e-02 
7.663545e-02 
6.656181e-02 
4.641617e-02 
2.218815e-02 
3.779111e-04 
-1.603088e-02 
-2.723975e-02 
-3.543312e-02 
-4.338984e-02 
-5.193123e-02 
-5.907596e-02 
-6.361131e-02 
-6.932817e-02 
-8.311132e-02 
-1.078930e-01 
-1.391734e-01 
-1.693282e-01 
-1.941532e-01 
-2.139644e-01 
-2.298704e-01 
-2.410771e-01 
-2.461167e-01 
-2.446599e-01 
-2.367828e-01 
-2.210881e-01 
-1.956795e-01 
-1.622885e-01 
-1.287646e-01 
-1.051898e-01 
-9.546401e-02 
-9.308154e-02 
-8.770604e-02 
-7.732216e-02 
-7.182535e-02 
-8.189092e-02 
-1.049778e-01 
-1.265673e-01 
-1.365955e-01 
-1.397066e-01 
-1.450092e-01 
-1.502997e-01 
-1.451216e-01 
-1.295767e-01 
-1.192860e-01 
-1.258170e-01 
-1.402322e-01 
-1.462301e-01 
-1.450694e-01 
-1.539418e-01 
-1.779858e-01 
-1.977121e-01 
-1.926434e-01 
-1.680833e-01 
-1.463088e-01 
-1.359756e-01 
-1.239655e-01 
-9.910307e-02 
-7.061431e-02 
-5.588368e-02 
-5.800133e-02 
-6.510885e-02 
-6.826714e-02 
-7.018740e-02 
-7.606783e-02 
-8.460278e-02 
-9.185832e-02 
-9.821335e-02 
-1.059353e-01 
-1.121979e-01 
-1.102474e-01 
-9.806088e-02 
-8.211870e-02 
-7.069262e-02 
-6.527818e-02 
-6.035930e-02 
-5.074920e-02 
-3.719020e-02 
-2.482403e-02 
-1.756374e-02 
-1.500898e-02 
-1.357406e-02 
-9.514171e-03 
-1.236995e-03 
1.005251e-02 
2.140842e-02 
2.970464e-02 
3.228330e-02 
2.684288e-02 
1.293409e-02 
-5.499743e-03 
-2.121756e-02 
-2.975304e-02 
-3.334027e-02 
-3.640865e-02 
-3.888208e-02 
-3.807149e-02 
-3.637005e-02 
-4.092973e-02 
-5.283685e-02 
-6.203523e-02 
-5.847224e-02 
-4.522232e-02 
-3.465450e-02 
-3.274470e-02 
-3.313620e-02 
-2.732187e-02 
-1.459546e-02 
4.219816e-04 
1.454442e-02 
2.635307e-02 
3.333998e-02 
3.391514e-02 
3.130509e-02 
3.102312e-02 
3.393995e-02 
3.524633e-02 
3.100522e-02 
2.372169e-02 
2.027338e-02 
2.559312e-02 
3.881719e-02 
5.430915e-02 
6.606438e-02 
7.222881e-02 
7.611287e-02 
8.237084e-02 
9.241745e-02 
1.039370e-01 
1.135144e-01 
1.172931e-01 
1.102218e-01 
8.878230e-02 
5.640237e-02 
2.359261e-02 
8.849225e-05 
-1.137301e-02 
-1.203445e-02 
-1.954200e-03 
1.677940e-02 
3.331160e-02 
3.264845e-02 
1.072642e-02 
-1.956680e-02 
-4.195701e-02 
-5.321787e-02 
-6.139486e-02 
-7.069399e-02 
-7.574153e-02 
-7.157714e-02 
-6.216279e-02 
-5.460003e-02 
-4.965382e-02 
-4.310595e-02 
-3.390906e-02 
-2.556345e-02 
-2.059640e-02 
-1.863814e-02 
-1.979501e-02 
-2.471242e-02 
-3.033581e-02 
-3.070214e-02 
-2.417466e-02 
-1.579986e-02 
-1.018629e-02 
-5.899241e-03 
-4.277804e-04 
3.035808e-03 
-9.634719e-04 
-1.154791e-02 
-2.168593e-02 
-2.728948e-02 
-3.151829e-02 
-3.936905e-02 
-5.175830e-02 
-6.648624e-02 
-8.070153e-02 
-8.991898e-02 
-8.806088e-02 
-7.274650e-02 
-4.908686e-02 
-2.498249e-02 
-3.591082e-03 
1.642652e-02 
3.355298e-02 
4.038574e-02 
2.974693e-02 
1.993475e-03 
-3.454445e-02 
-6.847850e-02 
-9.014142e-02 
-9.519818e-02 
-8.687620e-02 
-7.339584e-02 
-6.004788e-02 
-4.438549e-02 
-2.218502e-02 
2.441978e-03 
1.802926e-02 
1.897491e-02 
1.365701e-02 
1.453253e-02 
2.299391e-02 
2.992729e-02 
3.090937e-02 
3.360903e-02 
4.660364e-02 
6.691069e-02 
8.455096e-02 
9.608961e-02 
1.062475e-01 
1.163736e-01 
1.187764e-01 
1.055981e-01 
7.823423e-02 
4.450192e-02 
1.017175e-02 
-2.227402e-02 
-4.963347e-02 
-6.828912e-02 
-7.850147e-02 
-8.374740e-02 
-8.486622e-02 
-7.866266e-02 
-6.393812e-02 
-4.566664e-02 
-3.042036e-02 
-1.967209e-02 
-9.659076e-03 
3.073334e-03 
1.819205e-02 
3.307422e-02 
4.591210e-02 
5.724798e-02 
6.943210e-02 
8.414737e-02 
9.990485e-02 
1.125031e-01 
1.187294e-01 
1.191269e-01 
1.162634e-01 
1.114868e-01 
1.048515e-01 
9.724440e-02 
9.041912e-02 
8.481825e-02 
7.934893e-02 
7.360307e-02 
6.884569e-02 
6.645641e-02 
6.665024e-02 
6.983882e-02 
7.748716e-02 
9.016362e-02 
1.050894e-01 
1.167092e-01 
1.202798e-01 
1.150354e-01 
1.046073e-01 
9.452102e-02 
8.834484e-02 
8.535460e-02 
8.212752e-02 
7.660160e-02 
7.004312e-02 
6.473786e-02 
6.104702e-02 
5.806933e-02 
5.664829e-02 
5.951799e-02 
6.802941e-02 
7.975875e-02 
9.021434e-02 
9.632600e-02 
9.796803e-02 
9.682334e-02 
9.452423e-02 
9.158196e-02 
8.741027e-02 
8.139559e-02 
7.385609e-02 
6.584720e-02 
5.773420e-02 
4.875351e-02 
3.800814e-02 
2.594280e-02 
1.431688e-02 
5.375805e-03 
1.133263e-03 
2.732720e-03 
9.488826e-03 
1.846495e-02 
2.569640e-02 
2.853026e-02 
2.675425e-02 
2.173323e-02 
1.469270e-02 
5.557454e-03 
-6.635201e-03 
-2.252516e-02 
-4.117043e-02 
-5.992210e-02 
-7.579048e-02 
-8.739153e-02 
-9.568490e-02 
-1.027392e-01 
-1.096116e-01 
-1.153602e-01 
-1.177076e-01 
-1.142221e-01 
-1.026696e-01 
-8.172974e-02 
-5.316197e-02 
-2.332845e-02 
-2.865590e-04 
1.222299e-02 
1.744918e-02 
2.093603e-02 
2.374736e-02 
2.162630e-02 
1.082846e-02 
-6.950041e-03 
-2.589942e-02 
-4.059581e-02 
-4.809153e-02 
-4.743280e-02 
-3.924843e-02 
-2.593412e-02 
-1.104879e-02 
2.165017e-03 
1.150581e-02 
1.575692e-02 
1.465631e-02 
9.042059e-03 
6.839795e-05 
-1.181217e-02 
-2.667320e-02 
-4.327168e-02 
-5.784929e-02 
-6.597851e-02 
-6.641682e-02 
-6.264808e-02 
-5.919101e-02 
-5.642504e-02 
-5.069497e-02 
-4.059241e-02 
-3.093093e-02 
-2.786318e-02 
-3.130174e-02 
-3.554484e-02 
-3.795655e-02 
-4.255346e-02 
-5.257782e-02 
-6.295642e-02 
-6.474492e-02 
-5.636227e-02 
-4.556501e-02 
-3.913849e-02 
-3.458114e-02 
-2.463460e-02 
-8.177849e-03 
6.873996e-03 
1.189042e-02 
6.586431e-03 
-1.595981e-03 
-6.604318e-03 
-1.090643e-02 
-2.219484e-02 
-4.272455e-02 
-6.366154e-02 
-7.287645e-02 
-6.828688e-02 
-6.063880e-02 
-6.163764e-02 
-7.142166e-02 
-8.061046e-02 
-8.278455e-02 
-8.067870e-02 
-7.938216e-02 
-7.804024e-02 
-7.197326e-02 
-6.105441e-02 
-5.159986e-02 
-4.879784e-02 
-5.012880e-02 
-4.837205e-02 
-3.977707e-02 
-2.717008e-02 
-1.572544e-02 
-8.128995e-03 
-4.211304e-03 
-3.233757e-03 
-4.455975e-03 
-6.380069e-03 
-7.380296e-03 
-7.296089e-03 
-7.294826e-03 
-7.987100e-03 
-8.822182e-03 
-9.762420e-03 
-1.207747e-02 
-1.632147e-02 
-2.062283e-02 
-2.253986e-02 
-2.221184e-02 
-2.208049e-02 
-2.336401e-02 
-2.433095e-02 
-2.258864e-02 
-1.795135e-02 
-1.189280e-02 
-5.045290e-03 
3.413778e-03 
1.364100e-02 
2.367268e-02 
3.082415e-02 
3.430107e-02 
3.567172e-02 
3.710738e-02 
3.960197e-02 
4.279021e-02 
4.586802e-02 
4.847389e-02 
5.089222e-02 
5.377592e-02 
5.740373e-02 
6.115121e-02 
6.375191e-02 
6.445779e-02 
6.359579e-02 
6.208998e-02 
6.057278e-02 
5.937787e-02 
5.876996e-02 
5.852735e-02 
5.743308e-02 
5.403492e-02 
4.803840e-02 
4.035889e-02 
3.175783e-02 
2.242255e-02 
1.316763e-02 
6.027258e-03 
2.633211e-03 
2.359663e-03 
2.942564e-03 
2.677400e-03 
1.156014e-03 
-1.584913e-03 
-5.421565e-03 
-9.283063e-03 
-1.148582e-02 
-1.149539e-02 
-1.088361e-02 
-1.160623e-02 
-1.383796e-02 
-1.592995e-02 
-1.641598e-02 
-1.531935e-02 
-1.368190e-02 
-1.251237e-02 
-1.198298e-02 
-1.138996e-02 
-9.913290e-03 
-7.891748e-03 
-6.923406e-03 
-8.051115e-03 
-9.909273e-03 
-9.876219e-03 
-7.266399e-03 
-4.571121e-03 
-4.897185e-03 
-8.933715e-03 
-1.518105e-02 
-2.217094e-02 
-2.904959e-02 
-3.439440e-02 
-3.623750e-02 
-3.421243e-02 
-3.061742e-02 
-2.853073e-02 
-2.913581e-02 
-3.147958e-02 
-3.427772e-02 
-3.682030e-02 
-3.844373e-02 
-3.828973e-02 
-3.608297e-02 
-3.244637e-02 
-2.798633e-02 
-2.271486e-02 
-1.687952e-02 
-1.206212e-02 
-1.042078e-02 
-1.257998e-02 
-1.690391e-02 
-2.092907e-02 
-2.310804e-02 
-2.292198e-02 
-2.020888e-02 
-1.537975e-02 
-1.008105e-02 
-6.639916e-03 
-6.211414e-03 
-8.087155e-03 
-1.107351e-02 
-1.506668e-02 
-2.058297e-02 
-2.738020e-02 
-3.426154e-02 
-4.021154e-02 
-4.476407e-02 
-4.755359e-02 
-4.821741e-02 
-4.704045e-02 
-4.484631e-02 
-4.196038e-02 
-3.796219e-02 
-3.269378e-02 
-2.671399e-02 
-2.054858e-02 
-1.432970e-02 
-8.742132e-03 
-5.311718e-03 
-4.470037e-03 
-4.043139e-03 
-1.268554e-03 
3.910045e-03 
8.782713e-03 
1.115299e-02 
1.135522e-02 
1.082884e-02 
1.006702e-02 
8.790511e-03 
6.467876e-03 
1.888435e-03 
-6.732805e-03 
-1.949238e-02 
-3.327404e-02 
-4.381488e-02 
-4.934337e-02 
-5.106866e-02 
-5.044129e-02 
-4.751839e-02 
-4.226163e-02 
-3.577427e-02 
-2.934522e-02 
-2.325703e-02 
-1.732895e-02 
-1.184969e-02 
-6.923482e-03 
-1.416733e-03 
5.989040e-03 
1.474967e-02 
2.250074e-02 
2.745185e-02 
3.002743e-02 
3.178818e-02 
3.343065e-02 
3.430525e-02 
3.354174e-02 
3.089097e-02 
2.675060e-02 
2.173356e-02 
1.630333e-02 
1.057266e-02 
4.538557e-03 
-1.287341e-03 
-5.793277e-03 
-7.946723e-03 
-7.532850e-03 
-4.962040e-03 
-4.168093e-04 
6.211879e-03 
1.451481e-02 
2.325099e-02 
3.095192e-02 
3.672479e-02 
4.044622e-02 
4.255691e-02 
4.391080e-02 
4.517086e-02 
4.586969e-02 
4.415605e-02 
3.825029e-02 
2.812523e-02 
1.577756e-02 
3.654458e-03 
-6.633265e-03 
-1.464637e-02 
-2.072614e-02 
-2.547983e-02 
-2.897551e-02 
-3.009785e-02 
-2.732136e-02 
-2.045938e-02 
-1.145873e-02 
-2.882441e-03 
4.252387e-03 
1.063994e-02 
1.717450e-02 
2.390508e-02 
3.039085e-02 
3.648386e-02 
4.218048e-02 
4.724305e-02 
5.099292e-02 
5.279760e-02 
5.247305e-02 
5.072705e-02 
4.899357e-02 
4.847704e-02 
4.925185e-02 
5.053127e-02 
5.176004e-02 
5.320791e-02 
5.510332e-02 
5.690464e-02 
5.776226e-02 
5.732852e-02 
5.577800e-02 
5.336785e-02 
5.060354e-02 
4.860076e-02 
4.839292e-02 
4.972009e-02 
5.110558e-02 
5.151916e-02 
5.145412e-02 
5.196300e-02 
5.315448e-02 
5.420501e-02 
5.450277e-02 
5.410792e-02 
5.309196e-02 
5.128367e-02 
4.880857e-02 
4.632815e-02 
4.450908e-02 
4.359831e-02 
4.363191e-02 
4.468966e-02 
4.657999e-02 
4.848885e-02 
4.960129e-02 
4.987675e-02 
4.983008e-02 
4.959760e-02 
4.854594e-02 
4.600307e-02 
4.218172e-02 
3.801872e-02 
3.440420e-02 
3.157138e-02 
2.925759e-02 
2.737891e-02 
2.625367e-02 
2.615822e-02 
2.679767e-02 
2.752400e-02 
2.793847e-02 
2.801766e-02 
2.766681e-02 
2.665238e-02 
2.528623e-02 
2.462762e-02 
2.553171e-02 
2.780547e-02 
3.062260e-02 
3.359343e-02 
3.647432e-02 
3.815783e-02 
3.712774e-02 
3.331296e-02 
2.884886e-02 
2.583547e-02 
2.396587e-02 
2.096099e-02 
1.533616e-02 
7.975798e-03 
1.003629e-03 
-4.235545e-03 
-7.929514e-03 
-1.079688e-02 
-1.277200e-02 
-1.279773e-02 
-9.977121e-03 
-5.212579e-03 
-9.449566e-04 
1.132152e-03 
1.727159e-03 
2.689638e-03 
4.370590e-03 
5.171464e-03 
3.955050e-03 
1.666062e-03 
1.268142e-04 
1.324461e-04 
1.228491e-03 
2.612828e-03 
3.262164e-03 
1.982164e-03 
-1.405374e-03 
-5.283916e-03 
-7.806607e-03 
-9.236446e-03 
-1.143849e-02 
-1.499401e-02 
-1.809694e-02 
-1.904098e-02 
-1.853430e-02 
-1.844235e-02 
-1.902086e-02 
-1.883511e-02 
-1.714483e-02 
-1.501943e-02 
-1.388266e-02 
-1.391667e-02 
-1.447316e-02 
-1.530871e-02 
-1.677931e-02 
-1.891676e-02 
-2.107418e-02 
-2.237364e-02 
-2.233071e-02 
-2.095434e-02 
-1.865405e-02 
-1.604554e-02 
-1.377987e-02 
-1.236283e-02 
-1.207956e-02 
-1.303786e-02 
-1.499327e-02 
-1.737504e-02 
-1.946498e-02 
-2.072911e-02 
-2.101541e-02 
-2.035374e-02 
-1.883655e-02 
-1.677293e-02 
-1.502551e-02 
-1.467618e-02 
-1.611358e-02 
-1.838438e-02 
-2.026469e-02 
-2.191958e-02 
-2.474365e-02 
-2.926177e-02 
-3.373975e-02 
-3.579966e-02 
-3.513763e-02 
-3.363636e-02 
-3.283404e-02 
-3.242745e-02 
-3.141224e-02 
-2.982944e-02 
-2.838951e-02 
-2.727576e-02 
-2.603814e-02 
-2.437380e-02 
-2.228271e-02 
-1.951001e-02 
-1.582135e-02 
-1.157303e-02 
-7.456582e-03 
-3.834122e-03 
-1.070631e-03 
-2.805812e-04 
-2.701263e-03 
-7.907276e-03 
-1.366377e-02 
-1.803175e-02 
-2.115735e-02 
-2.431222e-02 
-2.774829e-02 
-3.016166e-02 
-3.021646e-02 
-2.793529e-02 
-2.457264e-02 
-2.148381e-02 
-1.921821e-02 
-1.745275e-02 
-1.551817e-02 
-1.318731e-02 
-1.054141e-02 
-7.284609e-03 
-2.756311e-03 
2.819352e-03 
7.769922e-03 
1.037802e-02 
1.078435e-02 
1.076085e-02 
1.158004e-02 
1.291235e-02 
1.401921e-02 
1.497567e-02 
1.613189e-02 
1.695837e-02 
1.648591e-02 
1.467787e-02 
1.265281e-02 
1.126357e-02 
1.010771e-02 
8.249542e-03 
5.445213e-03 
2.401194e-03 
-1.593142e-04 
-2.081381e-03 
-3.778544e-03 
-5.512825e-03 
-6.924325e-03 
-7.156597e-03 
-5.607967e-03 
-2.575952e-03 
8.503239e-04 
3.855310e-03 
6.423238e-03 
8.973166e-03 
1.151289e-02 
1.335679e-02 
1.341187e-02 
1.073330e-02 
4.912626e-03 
-3.271104e-03 
-1.172988e-02 
-1.790656e-02 
-2.046247e-02 
-2.003347e-02 
-1.842972e-02 
-1.696537e-02 
-1.591315e-02 
-1.507233e-02 
-1.445008e-02 
-1.416044e-02 
-1.407737e-02 
-1.384846e-02 
-1.330615e-02 
-1.266981e-02 
-1.225798e-02 
-1.206418e-02 
-1.165100e-02 
-1.050356e-02 
-8.537055e-03 
-6.191037e-03 
-3.948790e-03 
-1.753582e-03 
9.648356e-04 
4.694546e-03 
9.270996e-03 
1.374538e-02 
1.655953e-02 
1.623002e-02 
1.240657e-02 
6.539251e-03 
1.041837e-03 
-2.528250e-03 
-4.256325e-03 
-4.867861e-03 
-4.583091e-03 
-3.369267e-03 
-1.785295e-03 
-6.457375e-04 
-4.268564e-06 
7.019036e-04 
1.499221e-03 
1.849553e-03 
1.855799e-03 
2.730596e-03 
5.302682e-03 
8.891660e-03 
1.219447e-02 
1.488058e-02 
1.733621e-02 
1.921079e-02 
1.920761e-02 
1.650455e-02 
1.163991e-02 
5.770387e-03 
-3.311557e-04 
-6.253626e-03 
-1.158892e-02 
-1.609144e-02 
-1.985559e-02 
-2.299617e-02 
-2.538832e-02 
-2.691025e-02 
-2.778959e-02 
-2.832058e-02 
-2.862232e-02 
-2.892527e-02 
-3.003087e-02 
-3.282015e-02 
-3.724674e-02 
-4.215403e-02 
-4.609198e-02 
-4.827599e-02 
-4.883826e-02 
-4.843292e-02 
-4.766711e-02 
-4.677133e-02 
-4.565844e-02 
-4.450761e-02 
-4.389111e-02 
-4.405958e-02 
-4.437207e-02 
-4.373468e-02 
-4.178606e-02 
-3.909497e-02 
-3.622132e-02 
-3.312304e-02 
-2.957601e-02 
-2.559520e-02 
-2.110342e-02 
-1.557489e-02 
-8.901412e-03 
-2.117801e-03 
3.205679e-03 
6.557113e-03 
8.635868e-03 
9.909642e-03 
9.794836e-03 
7.569661e-03 
3.494627e-03 
-1.682459e-03 
-7.791186e-03 
-1.505796e-02 
-2.273531e-02 
-2.915025e-02 
-3.315564e-02 
-3.505491e-02 
-3.561604e-02 
-3.478299e-02 
-3.202132e-02 
-2.743349e-02 
-2.195231e-02 
-1.642302e-02 
-1.126807e-02 
-6.779006e-03 
-3.166545e-03 
-1.342616e-04 
2.757241e-03 
5.344082e-03 
6.860889e-03 
6.967545e-03 
6.275295e-03 
5.422751e-03 
4.067137e-03 
1.570263e-03 
-1.952733e-03 
-5.657959e-03 
-9.179137e-03 
-1.283445e-02 
-1.675329e-02 
-2.017865e-02 
-2.208486e-02 
-2.205507e-02 
-2.032188e-02 
-1.737870e-02 
-1.366067e-02 
-9.527583e-03 
-5.108285e-03 
-4.296689e-04 
4.159974e-03 
7.981416e-03 
1.070602e-02 
1.292101e-02 
1.543225e-02 
1.835959e-02 
2.108392e-02 
2.313143e-02 
2.469649e-02 
2.617040e-02 
2.747491e-02 
2.815554e-02 
2.773418e-02 
2.585879e-02 
2.235808e-02 
1.734185e-02 
1.147623e-02 
5.961219e-03 
2.009607e-03 
2.217107e-04 
1.803198e-04 
7.351172e-04 
8.818961e-04 
5.888076e-04 
6.561621e-04 
1.754261e-03 
3.888219e-03 
6.634040e-03 
9.602890e-03 
1.243712e-02 
1.466417e-02 
1.605604e-02 
1.714564e-02 
1.873222e-02 
2.093346e-02 
2.276513e-02 
2.318216e-02 
2.224041e-02 
2.106669e-02 
2.071750e-02 
2.112539e-02 
2.152330e-02 
2.168607e-02 
2.233100e-02 
2.417538e-02 
2.686868e-02 
2.912334e-02 
3.006404e-02 
2.987455e-02 
2.911078e-02 
2.772778e-02 
2.533531e-02 
2.219024e-02 
1.930388e-02 
1.733861e-02 
1.588372e-02 
1.419839e-02 
1.231488e-02 
1.099786e-02 
1.068971e-02 
1.107566e-02 
1.165302e-02 
1.243773e-02 
1.374797e-02 
1.550957e-02 
1.719297e-02 
1.841173e-02 
1.931934e-02 
2.032007e-02 
2.137319e-02 
2.194737e-02 
2.143844e-02 
1.964272e-02 
1.675158e-02 
1.309722e-02 
9.171454e-03 
5.672396e-03 
3.460489e-03 
3.219333e-03 
4.950744e-03 
7.893306e-03 
1.086545e-02 
1.281499e-02 
1.336740e-02 
1.287698e-02 
1.193241e-02 
1.079627e-02 
9.236236e-03 
7.121364e-03 
4.926392e-03 
3.592587e-03 
3.657283e-03 
4.789328e-03 
6.116180e-03 
6.984893e-03 
7.146540e-03 
6.549535e-03 
5.370992e-03 
4.111803e-03 
3.187422e-03 
2.270566e-03 
3.380169e-04 
-3.060027e-03 
-7.048503e-03 
-1.018735e-02 
-1.202340e-02 
-1.319892e-02 
-1.428119e-02 
-1.506962e-02 
-1.540100e-02 
-1.579953e-02 
-1.700020e-02 
-1.882460e-02 
-2.048185e-02 
-2.170747e-02 
-2.304078e-02 
-2.485489e-02 
-2.653624e-02 
-2.708762e-02 
-2.616357e-02 
-2.416763e-02 
-2.168090e-02 
-1.897162e-02 
-1.618634e-02 
-1.351280e-02 
-1.101643e-02 
-8.567036e-03 
-6.096624e-03 
-3.853892e-03 
-2.365033e-03 
-1.998266e-03 
-2.719345e-03 
-4.087421e-03 
-5.580319e-03 
-6.759689e-03 
-7.327150e-03 
-7.083348e-03 
-6.118375e-03 
-5.106171e-03 
-5.192227e-03 
-7.069955e-03 
-1.019474e-02 
-1.293857e-02 
-1.395447e-02 
-1.331545e-02 
-1.228544e-02 
-1.182327e-02 
-1.152007e-02 
-1.014211e-02 
-7.103074e-03 
-3.060133e-03 
9.633301e-04 
4.622958e-03 
8.115763e-03 
1.129110e-02 
1.337971e-02 
1.378459e-02 
1.277909e-02 
1.119643e-02 
9.525109e-03 
7.633174e-03 
5.180632e-03 
2.170301e-03 
-9.223109e-04 
-3.444731e-03 
-5.148187e-03 
-6.493451e-03 
-8.304930e-03 
-1.091162e-02 
-1.376485e-02 
-1.601098e-02 
-1.720735e-02 
-1.742044e-02 
-1.682936e-02 
-1.551865e-02 
-1.364815e-02 
-1.136550e-02 
-8.662506e-03 
-5.443052e-03 
-1.939204e-03 
1.341390e-03 
4.026788e-03 
6.036328e-03 
7.367512e-03 
8.106421e-03 
8.718464e-03 
1.006562e-02 
1.263518e-02 
1.604726e-02 
1.926541e-02 
2.124239e-02 
2.139827e-02 
1.994595e-02 
1.783387e-02 
1.604335e-02 
1.469982e-02 
1.312137e-02 
1.089756e-02 
8.431221e-03 
6.189518e-03 
3.729548e-03 
3.125390e-04 
-3.716337e-03 
-6.976211e-03 
-8.488419e-03 
-8.616035e-03 
-8.435201e-03 
-8.610579e-03 
-9.228874e-03 
-1.009603e-02 
-1.074325e-02 
-1.049743e-02 
-9.032093e-03 
-6.610576e-03 
-3.674229e-03 
-1.691363e-04 
4.161327e-03 
9.008700e-03 
1.354391e-02 
1.708468e-02 
1.956564e-02 
2.119007e-02 
2.220826e-02 
2.302529e-02 
2.405629e-02 
2.524600e-02 
2.593658e-02 
2.559659e-02 
2.446008e-02 
2.319269e-02 
2.217006e-02 
2.121966e-02 
2.011191e-02 
1.882364e-02 
1.739638e-02 
1.591849e-02 
1.473345e-02 
1.440596e-02 
1.504078e-02 
1.589681e-02 
1.586251e-02 
1.452109e-02 
1.236886e-02 
1.013373e-02 
8.106852e-03 
6.267488e-03 
4.789576e-03 
4.145499e-03 
4.668723e-03 
6.233176e-03 
8.427862e-03 
1.082388e-02 
1.296772e-02 
1.449102e-02 
1.539746e-02 
1.607593e-02 
1.686964e-02 
1.769373e-02 
1.813683e-02 
1.806479e-02 
1.775598e-02 
1.766322e-02 
1.790978e-02 
1.820793e-02 
1.803448e-02 
1.689566e-02 
1.451411e-02 
1.098664e-02 
6.704994e-03 
2.322630e-03 
-1.471834e-03 
-4.170115e-03 
-5.812583e-03 
-6.971065e-03 
-8.312947e-03 
-9.927903e-03 
-1.128703e-02 
-1.192491e-02 
-1.187174e-02 
-1.139686e-02 
-1.040354e-02 
-8.353685e-03 
-4.851666e-03 
-1.299036e-04 
5.076465e-03 
1.003980e-02 
1.422671e-02 
1.727866e-02 
1.897156e-02 
1.944367e-02 
1.917618e-02 
1.867840e-02 
1.810588e-02 
1.737307e-02 
1.629191e-02 
1.490531e-02 
1.348363e-02 
1.233177e-02 
1.142241e-02 
1.026116e-02 
8.330870e-03 
5.831092e-03 
3.651794e-03 
2.283032e-03 
1.248125e-03 
-1.358282e-04 
-1.596229e-03 
-2.477955e-03 
-3.084917e-03 
-4.438006e-03 
-6.344205e-03 
-7.031776e-03 
-5.398735e-03 
-2.856412e-03 
-1.444149e-03 
-9.146368e-04 
9.157705e-04 
4.853607e-03 
9.030345e-03 
1.129718e-02 
1.163251e-02 
1.130175e-02 
1.076949e-02 
9.835755e-03 
8.939824e-03 
8.860934e-03 
9.218960e-03 
8.615482e-03 
6.431927e-03 
3.661297e-03 
1.583781e-03 
4.717294e-04 
-2.083644e-05 
-3.414318e-04 
-1.235039e-03 
-3.433694e-03 
-6.588870e-03 
-9.008476e-03 
-9.424713e-03 
-8.509476e-03 
-7.703085e-03 
-7.292192e-03 
-6.388868e-03 
-4.773868e-03 
-3.392425e-03 
-2.923278e-03 
-2.854884e-03 
-2.560851e-03 
-2.353191e-03 
-2.849690e-03 
-3.935004e-03 
-5.109020e-03 
-6.563222e-03 
-8.886274e-03 
-1.181130e-02 
-1.404436e-02 
-1.465819e-02 
-1.400811e-02 
-1.307272e-02 
-1.224967e-02 
-1.141953e-02 
-1.069512e-02 
-1.055167e-02 
-1.110367e-02 
-1.189276e-02 
-1.262939e-02 
-1.369959e-02 
-1.556896e-02 
-1.794753e-02 
-2.001101e-02 
-2.154412e-02 
-2.311924e-02 
-2.512889e-02 
-2.708753e-02 
-2.834584e-02 
-2.908358e-02 
-2.997518e-02 
-3.086543e-02 
-3.053740e-02 
-2.809123e-02 
-2.423190e-02 
-2.065308e-02 
-1.828867e-02 
-1.669248e-02 
-1.512035e-02 
-1.350199e-02 
-1.234331e-02 
-1.180554e-02 
-1.155034e-02 
-1.126183e-02 
-1.106742e-02 
-1.138110e-02 
-1.245621e-02 
-1.421140e-02 
-1.628644e-02 
-1.823061e-02 
-1.962077e-02 
-2.013263e-02 
-1.976690e-02 
-1.884063e-02 
-1.802659e-02 
-1.786304e-02 
-1.844500e-02 
-1.937574e-02 
-2.026203e-02 
-2.106400e-02 
-2.198752e-02 
-2.291747e-02 
-2.345189e-02 
-2.326386e-02 
-2.239149e-02 
-2.098675e-02 
-1.902889e-02 
-1.637374e-02 
-1.312819e-02 
-9.747591e-03 
-6.687043e-03 
-4.132217e-03 
-1.983132e-03 
-2.544119e-04 
8.557046e-04 
1.314251e-03 
1.520276e-03 
2.102065e-03 
3.281065e-03 
4.396569e-03 
4.476055e-03 
3.136610e-03 
9.373380e-04 
-1.223187e-03 
-2.903427e-03 
-4.046739e-03 
-4.630742e-03 
-4.564193e-03 
-4.035690e-03 
-3.452382e-03 
-3.072636e-03 
-2.824917e-03 
-2.737772e-03 
-3.207642e-03 
-4.436898e-03 
-5.874337e-03 
-6.580037e-03 
-6.096927e-03 
-4.897922e-03 
-3.771176e-03 
-3.158111e-03 
-3.012704e-03 
-3.091668e-03 
-3.140595e-03 
-2.830532e-03 
-1.950380e-03 
-6.721927e-04 
5.235255e-04 
1.239713e-03 
1.592386e-03 
2.016391e-03 
2.780562e-03 
3.625866e-03 
4.115612e-03 
4.117210e-03 
3.979049e-03 
4.117521e-03 
4.542135e-03 
5.028642e-03 
5.478965e-03 
5.970003e-03 
6.283027e-03 
5.767165e-03 
4.010279e-03 
1.622216e-03 
-9.030070e-05 
-1.689922e-04 
1.253276e-03 
3.378070e-03 
5.677701e-03 
8.188843e-03 
1.105994e-02 
1.403023e-02 
1.659442e-02 
1.841937e-02 
1.954642e-02 
2.018782e-02 
2.052088e-02 
2.059162e-02 
2.032277e-02 
1.946076e-02 
1.777600e-02 
1.537894e-02 
1.273409e-02 
1.023451e-02 
7.941511e-03 
5.655603e-03 
3.293620e-03 
9.796035e-04 
-1.240478e-03 
-3.424365e-03 
-5.536521e-03 
-7.453575e-03 
-9.200384e-03 
-1.105825e-02 
-1.322815e-02 
-1.549803e-02 
-1.738495e-02 
-1.863268e-02 
-1.929257e-02 
-1.934893e-02 
-1.867398e-02 
-1.720923e-02 
-1.522962e-02 
-1.307874e-02 
-1.079555e-02 
-8.124589e-03 
-4.981495e-03 
-1.830015e-03 
5.363132e-04 
1.611460e-03 
1.646381e-03 
1.295537e-03 
9.632677e-04 
4.830839e-04 
-3.164866e-04 
-1.294310e-03 
-2.201091e-03 
-3.197523e-03 
-4.804030e-03 
-7.145238e-03 
-9.689958e-03 
-1.167963e-02 
-1.283736e-02 
-1.334816e-02 
-1.338532e-02 
-1.295769e-02 
-1.199726e-02 
-1.042415e-02 
-8.162082e-03 
-5.291747e-03 
-2.191002e-03 
6.239256e-04 
2.847168e-03 
4.477366e-03 
5.558524e-03 
6.027097e-03 
5.907682e-03 
5.588233e-03 
5.590520e-03 
6.142183e-03 
6.993293e-03 
7.707810e-03 
7.995930e-03 
7.882316e-03 
7.530185e-03 
7.099638e-03 
6.684162e-03 
6.130843e-03 
5.189206e-03 
3.672726e-03 
1.745170e-03 
-2.037778e-04 
-1.871200e-03 
-3.163062e-03 
-3.933272e-03 
-3.951459e-03 
-3.206072e-03 
-2.070966e-03 
-1.122187e-03 
-6.334879e-04 
-5.355954e-04 
-7.229035e-04 
-1.120181e-03 
-1.356858e-03 
-8.574142e-04 
6.525144e-04 
2.803763e-03 
4.973259e-03 
6.817227e-03 
8.359173e-03 
9.658562e-03 
1.070882e-02 
1.156377e-02 
1.230287e-02 
1.287946e-02 
1.326089e-02 
1.355215e-02 
1.393903e-02 
1.442647e-02 
1.503598e-02 
1.592817e-02 
1.712918e-02 
1.805079e-02 
1.776200e-02 
1.612501e-02 
1.418525e-02 
1.317282e-02 
1.328600e-02 
1.381550e-02 
1.421171e-02 
1.452718e-02 
1.492346e-02 
1.516568e-02 
1.498586e-02 
1.444840e-02 
1.384378e-02 
1.335666e-02 
1.310063e-02 
1.321721e-02 
1.370274e-02 
1.411296e-02 
1.376858e-02 
1.240169e-02 
1.028991e-02 
7.917113e-03 
5.549476e-03 
3.287284e-03 
1.319538e-03 
-4.833904e-05 
-5.276882e-04 
-1.429290e-04 
8.662696e-04 
2.151266e-03 
3.650837e-03 
5.587525e-03 
8.200860e-03 
1.128761e-02 
1.425665e-02 
1.651141e-02 
1.794115e-02 
1.892139e-02 
1.978070e-02 
2.045408e-02 
2.057495e-02 
1.998374e-02 
1.894967e-02 
1.801388e-02 
1.755593e-02 
1.768478e-02 
1.834169e-02 
1.930878e-02 
2.026630e-02 
2.091849e-02 
2.125964e-02 
2.141967e-02 
2.126393e-02 
2.041263e-02 
1.868323e-02 
1.646881e-02 
1.445153e-02 
1.295526e-02 
1.188138e-02 
1.104958e-02 
1.055245e-02 
1.052070e-02 
1.080054e-02 
1.103603e-02 
1.087475e-02 
1.027913e-02 
9.607039e-03 
9.388584e-03 
9.939382e-03 
1.094071e-02 
1.168965e-02 
1.169419e-02 
1.105494e-02 
1.015681e-02 
9.100592e-03 
7.812601e-03 
6.382280e-03 
5.043953e-03 
3.769459e-03 
2.111600e-03 
-3.160239e-04 
-3.325238e-03 
-6.451222e-03 
-9.355722e-03 
-1.201508e-02 
-1.442282e-02 
-1.643611e-02 
-1.793902e-02 
-1.892906e-02 
-1.941062e-02 
-1.934636e-02 
-1.873065e-02 
-1.770274e-02 
-1.647007e-02 
-1.520888e-02 
-1.406989e-02 
-1.312412e-02 
-1.237351e-02 
-1.169798e-02 
-1.109033e-02 
-1.070295e-02 
-1.068584e-02 
-1.092574e-02 
-1.106982e-02 
-1.100457e-02 
-1.105645e-02 
-1.167237e-02 
-1.286945e-02 
-1.405726e-02 
-1.473116e-02 
-1.499310e-02 
-1.550831e-02 
-1.680235e-02 
-1.870213e-02 
-2.063616e-02 
-2.211598e-02 
-2.292718e-02 
-2.307689e-02 
-2.264165e-02 
-2.181686e-02 
-2.081371e-02 
-1.974964e-02 
-1.870256e-02 
-1.775590e-02 
-1.691476e-02 
-1.596885e-02 
-1.459184e-02 
-1.281336e-02 
-1.099813e-02 
-9.504739e-03 
-8.429233e-03 
-7.808270e-03 
-7.779935e-03 
-8.364541e-03 
-9.119805e-03 
-9.445499e-03 
-9.201933e-03 
-8.796951e-03 
-8.629978e-03 
-8.729358e-03 
-8.909295e-03 
-9.090322e-03 
-9.224141e-03 
-9.100080e-03 
-8.564247e-03 
-7.864936e-03 
-7.438750e-03 
-7.409888e-03 
-7.452826e-03 
-7.312761e-03 
-7.208901e-03 
-7.561521e-03 
-8.423120e-03 
-9.371388e-03 
-9.997853e-03 
-1.025644e-02 
-1.025039e-02 
-9.934010e-03 
-9.158162e-03 
-7.991833e-03 
-6.794206e-03 
-5.906464e-03 
-5.348220e-03 
-5.043113e-03 
-5.048188e-03 
-5.428347e-03 
-5.890705e-03 
-5.897916e-03 
-5.142742e-03 
-3.946878e-03 
-2.837465e-03 
-2.041709e-03 
-1.375613e-03 
-5.668903e-04 
3.839582e-04 
1.219916e-03 
1.594989e-03 
1.382639e-03 
7.281075e-04 
-9.384179e-05 
-8.944894e-04 
-1.566332e-03 
-1.889846e-03 
-1.609593e-03 
-8.263776e-04 
-1.285396e-04 
1.125676e-05 
-2.415578e-04 
-2.578678e-04 
2.177133e-04 
8.244997e-04 
1.190500e-03 
1.386316e-03 
1.610435e-03 
1.722351e-03 
1.442079e-03 
8.794576e-04 
4.935770e-04 
5.609436e-04 
9.561747e-04 
1.470185e-03 
2.158898e-03 
3.043219e-03 
3.917841e-03 
4.687469e-03 
5.616156e-03 
7.006035e-03 
8.678012e-03 
1.006691e-02 
1.087909e-02 
1.136561e-02 
1.187755e-02 
1.237050e-02 
1.254559e-02 
1.228351e-02 
1.175076e-02 
1.119734e-02 
1.086048e-02 
1.088856e-02 
1.126046e-02 
1.163635e-02 
1.161843e-02 
1.104529e-02 
1.001786e-02 
8.743288e-03 
7.355094e-03 
5.998370e-03 
4.883709e-03 
4.182392e-03 
3.989451e-03 
4.265794e-03 
4.909438e-03 
5.714518e-03 
6.451172e-03 
6.974837e-03 
7.249979e-03 
7.268191e-03 
7.026339e-03 
6.674145e-03 
6.573967e-03 
7.073300e-03 
8.147595e-03 
9.355269e-03 
1.026389e-02 
1.079735e-02 
1.119761e-02 
1.162021e-02 
1.201003e-02 
1.218324e-02 
1.204032e-02 
1.162118e-02 
1.089250e-02 
9.789467e-03 
8.355852e-03 
6.880182e-03 
5.726566e-03 
5.076022e-03 
4.876379e-03 
5.076986e-03 
5.707677e-03 
6.629835e-03 
7.473278e-03 
7.825912e-03 
7.631436e-03 
7.116979e-03 
6.426347e-03 
5.569316e-03 
4.580367e-03 
3.656341e-03 
2.921256e-03 
2.285518e-03 
1.564739e-03 
7.915446e-04 
2.355973e-04 
5.250423e-05 
2.126153e-04 
6.029360e-04 
1.224862e-03 
2.075462e-03 
3.068457e-03 
4.049590e-03 
4.750612e-03 
4.863860e-03 
3.999542e-03 
2.078454e-03 
-5.575036e-04 
-3.274748e-03 
-5.497268e-03 
-6.988221e-03 
-7.760996e-03 
-7.963333e-03 
-7.767895e-03 
-7.321863e-03 
-6.749480e-03 
-6.062935e-03 
-5.218665e-03 
-4.140484e-03 
-2.846866e-03 
-1.541999e-03 
-5.272903e-04 
2.875668e-05 
2.921742e-04 
4.595271e-04 
5.396857e-04 
4.438117e-04 
2.175323e-04 
4.784355e-06 
-1.868333e-04 
-5.318147e-04 
-1.109856e-03 
-1.701764e-03 
-2.134475e-03 
-2.570387e-03 
-3.341048e-03 
-4.467815e-03 
-5.677850e-03 
-6.665722e-03 
-7.371791e-03 
-7.893666e-03 
-8.265404e-03 
-8.355585e-03 
-7.959362e-03 
-7.077462e-03 
-6.111787e-03 
-5.700745e-03 
-6.095309e-03 
-6.786146e-03 
-7.104000e-03 
-6.862153e-03 
-6.381282e-03 
-5.813248e-03 
-5.001695e-03 
-3.912085e-03 
-2.971380e-03 
-2.589947e-03 
-2.662666e-03 
-2.850342e-03 
-3.087390e-03 
-3.565785e-03 
-4.358554e-03 
-5.301148e-03 
-6.268525e-03 
-7.202478e-03 
-7.971314e-03 
-8.402029e-03 
-8.591501e-03 
-8.765789e-03 
-8.912298e-03 
-8.681963e-03 
-7.853118e-03 
-6.638947e-03 
-5.437671e-03 
-4.391302e-03 
-3.508404e-03 
-2.864271e-03 
-2.474768e-03 
-2.072362e-03 
-1.358013e-03 
-4.433880e-04 
2.330663e-04 
5.100384e-04 
7.128635e-04 
1.194506e-03 
1.859331e-03 
2.227791e-03 
2.008905e-03 
1.261512e-03 
1.548390e-04 
-1.252135e-03 
-2.935232e-03 
-4.827389e-03 
-6.798570e-03 
-8.743813e-03 
-1.052523e-02 
-1.196342e-02 
-1.305384e-02 
-1.393089e-02 
-1.467247e-02 
-1.496573e-02 
-1.444779e-02 
-1.310785e-02 
-1.146251e-02 
-1.000412e-02 
-8.637554e-03 
-6.791628e-03 
-4.218278e-03 
-1.439563e-03 
7.111867e-04 
1.785944e-03 
2.089499e-03 
2.168444e-03 
2.336862e-03 
2.570019e-03 
2.729669e-03 
2.729354e-03 
2.648924e-03 
2.637743e-03 
2.897334e-03 
3.341455e-03 
3.437438e-03 
2.576324e-03 
6.835896e-04 
-1.556168e-03 
-3.456192e-03 
-4.966571e-03 
-6.643465e-03 
-8.752088e-03 
-1.080665e-02 
-1.204688e-02 
-1.234307e-02 
-1.219594e-02 
-1.217875e-02 
-1.226965e-02 
-1.204151e-02 
-1.125903e-02 
-1.014843e-02 
-9.093912e-03 
-8.198858e-03 
-7.271934e-03 
-6.156686e-03 
-4.875459e-03 
-3.589566e-03 
-2.490258e-03 
-1.755532e-03 
-1.350381e-03 
-9.563925e-04 
-2.935369e-04 
4.563915e-04 
6.101981e-04 
-2.498382e-04 
-1.814040e-03 
-3.342036e-03 
-4.481407e-03 
-5.402129e-03 
-6.249823e-03 
-6.822666e-03 
-6.964613e-03 
-6.912485e-03 
-6.949850e-03 
-7.000832e-03 
-6.730572e-03 
-6.078134e-03 
-5.328906e-03 
-4.766279e-03 
-4.386303e-03 
-4.127444e-03 
-3.877398e-03 
-3.472233e-03 
-2.672735e-03 
-1.399904e-03 
9.188311e-05 
1.511054e-03 
2.777662e-03 
3.945516e-03 
5.008079e-03 
5.918752e-03 
6.621810e-03 
7.100509e-03 
7.323348e-03 
7.336620e-03 
7.315061e-03 
7.387085e-03 
7.453463e-03 
7.282440e-03 
6.776603e-03 
6.027894e-03 
5.210567e-03 
4.489273e-03 
4.056725e-03 
4.110254e-03 
4.631965e-03 
5.433459e-03 
6.348981e-03 
7.329236e-03 
8.268785e-03 
8.925844e-03 
9.218522e-03 
9.444353e-03 
9.897491e-03 
1.056332e-02 
1.119438e-02 
1.178932e-02 
1.261976e-02 
1.384815e-02 
1.524708e-02 
1.659126e-02 
1.793662e-02 
1.940981e-02 
2.087690e-02 
2.198310e-02 
2.259562e-02 
2.294539e-02 
2.340338e-02 
2.413186e-02 
2.504565e-02 
2.579762e-02 
2.595364e-02 
2.531050e-02 
2.408413e-02 
2.265343e-02 
2.127645e-02 
1.992954e-02 
1.857408e-02 
1.718767e-02 
1.572365e-02 
1.401059e-02 
1.205004e-02 
1.003880e-02 
8.226247e-03 
6.626809e-03 
5.180227e-03 
3.821317e-03 
2.644747e-03 
1.828643e-03 
1.601003e-03 
2.042109e-03 
2.944555e-03 
3.963869e-03 
4.937575e-03 
6.068660e-03 
7.517366e-03 
8.944684e-03 
9.845795e-03 
1.014391e-02 
1.025867e-02 
1.053517e-02 
1.072519e-02 
1.034417e-02 
9.320775e-03 
8.202529e-03 
7.640564e-03 
7.744926e-03 
8.016538e-03 
7.881237e-03 
7.169149e-03 
6.279050e-03 
5.692186e-03 
5.463854e-03 
5.235435e-03 
4.839574e-03 
4.656558e-03 
5.222590e-03 
6.484058e-03 
7.757751e-03 
8.537436e-03 
9.108871e-03 
9.979991e-03 
1.100581e-02 
1.142489e-02 
1.093759e-02 
1.009550e-02 
9.590592e-03 
9.214867e-03 
8.318225e-03 
6.945436e-03 
5.983054e-03 
6.125324e-03 
6.991559e-03 
7.641381e-03 
7.637860e-03 
7.126062e-03 
6.338735e-03 
5.384972e-03 
4.439838e-03 
3.718102e-03 
3.158255e-03 
2.450266e-03 
1.513103e-03 
5.900789e-04 
-1.178649e-04 
-8.139559e-04 
-1.713048e-03 
-2.604202e-03 
-3.086071e-03 
-3.077546e-03 
-2.906506e-03 
-2.878787e-03 
-3.075956e-03 
-3.388629e-03 
-3.663398e-03 
-3.712359e-03 
-3.394611e-03 
-2.682347e-03 
-1.784390e-03 
-9.888941e-04 
-5.887546e-04 
-7.436291e-04 
-1.379037e-03 
-2.153532e-03 
-2.750227e-03 
-3.269475e-03 
-4.203372e-03 
-5.717610e-03 
-7.302704e-03 
-8.346894e-03 
-8.999021e-03 
-1.005519e-02 
-1.199816e-02 
-1.430744e-02 
-1.602710e-02 
-1.691894e-02 
-1.767443e-02 
-1.903673e-02 
-2.082609e-02 
-2.208577e-02 
-2.215558e-02 
-2.137526e-02 
-2.069728e-02 
-2.072081e-02 
-2.121052e-02 
-2.153800e-02 
-2.135819e-02 
-2.080715e-02 
-2.012966e-02 
-1.940444e-02 
-1.858926e-02 
-1.766430e-02 
-1.671161e-02 
-1.578170e-02 
-1.494362e-02 
-1.421662e-02 
-1.357257e-02 
-1.294322e-02 
-1.225359e-02 
-1.156083e-02 
-1.109968e-02 
-1.106671e-02 
-1.150921e-02 
-1.220911e-02 
-1.279192e-02 
-1.307660e-02 
-1.326188e-02 
-1.370356e-02 
-1.446227e-02 
-1.523797e-02 
-1.574745e-02 
-1.612353e-02 
-1.667376e-02 
-1.747032e-02 
-1.828522e-02 
-1.893660e-02 
-1.940604e-02 
-1.975838e-02 
-1.997459e-02 
-2.005199e-02 
-1.997147e-02 
-1.955029e-02 
-1.856688e-02 
-1.721860e-02 
-1.605668e-02 
-1.536946e-02 
-1.476018e-02 
-1.364517e-02 
-1.205054e-02 
-1.055357e-02 
-9.550081e-03 
-8.825157e-03 
-7.917110e-03 
-6.777039e-03 
-5.737146e-03 
-5.033414e-03 
-4.595399e-03 
-4.162304e-03 
-3.641961e-03 
-3.161605e-03 
-2.964002e-03 
-3.190858e-03 
-3.737970e-03 
-4.274350e-03 
-4.547755e-03 
-4.487126e-03 
-4.224153e-03 
-3.809283e-03 
-3.172224e-03 
-2.122247e-03 
-6.120951e-04 
1.172801e-03 
2.868280e-03 
4.198456e-03 
5.148590e-03 
5.839560e-03 
6.461780e-03 
7.107359e-03 
7.788079e-03 
8.375190e-03 
8.633894e-03 
8.442510e-03 
7.959254e-03 
7.490364e-03 
7.008224e-03 
6.177340e-03 
4.829149e-03 
3.326925e-03 
2.149029e-03 
1.312305e-03 
4.599041e-04 
-6.236334e-04 
-1.623001e-03 
-2.153276e-03 
-2.213828e-03 
-2.224458e-03 
-2.447461e-03 
-2.630649e-03 
-2.239118e-03 
-1.022637e-03 
6.813252e-04 
2.234477e-03 
3.258560e-03 
3.930197e-03 
4.602262e-03 
5.363835e-03 
5.977289e-03 
6.263910e-03 
6.366820e-03 
6.524026e-03 
6.790510e-03 
7.088026e-03 
7.359976e-03 
7.679364e-03 
7.992611e-03 
8.179159e-03 
8.280018e-03 
8.617141e-03 
9.487857e-03 
1.065200e-02 
1.153480e-02 
1.177290e-02 
1.155496e-02 
1.132721e-02 
1.132869e-02 
1.149165e-02 
1.173352e-02 
1.204758e-02 
1.243417e-02 
1.282803e-02 
1.321833e-02 
1.371979e-02 
1.435189e-02 
1.490564e-02 
1.511208e-02 
1.493791e-02 
1.464816e-02 
1.450003e-02 
1.449322e-02 
1.438035e-02 
1.390743e-02 
1.311281e-02 
1.234953e-02 
1.194115e-02 
1.184960e-02 
1.159167e-02 
1.076175e-02 
9.477176e-03 
8.326091e-03 
7.702361e-03 
7.483344e-03 
7.273555e-03 
6.919394e-03 
6.563356e-03 
6.342919e-03 
6.154427e-03 
5.849261e-03 
5.595168e-03 
5.828571e-03 
6.713773e-03 
7.832717e-03 
8.505181e-03 
8.518840e-03 
8.283422e-03 
8.246960e-03 
8.418681e-03 
8.432939e-03 
8.180107e-03 
7.879056e-03 
7.742882e-03 
7.677770e-03 
7.508424e-03 
7.113531e-03 
6.415099e-03 
5.275602e-03 
3.842840e-03 
2.553512e-03 
1.821096e-03 
1.607757e-03 
1.643479e-03 
1.753015e-03 
1.885093e-03 
1.896821e-03 
1.613820e-03 
1.114398e-03 
6.861646e-04 
3.429320e-04 
-3.015928e-04 
-1.434608e-03 
-2.626107e-03 
-3.265275e-03 
-3.281885e-03 
-3.124456e-03 
-3.179613e-03 
-3.325604e-03 
-3.383459e-03 
-3.403814e-03 
-3.523339e-03 
-3.635452e-03 
-3.497995e-03 
-3.075081e-03 
-2.543540e-03 
-2.006276e-03 
-1.444127e-03 
-9.065396e-04 
-6.849504e-04 
-9.864658e-04 
-1.735991e-03 
-2.686891e-03 
-3.655743e-03 
-4.598243e-03 
-5.399099e-03 
-5.932520e-03 
-6.173056e-03 
-6.255284e-03 
-6.336395e-03 
-6.470438e-03 
-6.713106e-03 
-7.106793e-03 
-7.575784e-03 
-7.917142e-03 
-8.013326e-03 
-7.934081e-03 
-7.787829e-03 
-7.517504e-03 
-7.027378e-03 
-6.464911e-03 
-6.175104e-03 
-6.335062e-03 
-6.828965e-03 
-7.395689e-03 
-7.787078e-03 
-7.888883e-03 
-7.744585e-03 
-7.583015e-03 
-7.673508e-03 
-8.005143e-03 
-8.195557e-03 
-7.955033e-03 
-7.383151e-03 
-6.794712e-03 
-6.302460e-03 
-5.689878e-03 
-4.728947e-03 
-3.443273e-03 
-2.130811e-03 
-1.101435e-03 
-5.227291e-04 
-3.099625e-04 
-2.537909e-04 
-2.455030e-04 
-3.694062e-04 
-7.132357e-04 
-1.163469e-03 
-1.500531e-03 
-1.688422e-03 
-1.967283e-03 
-2.593675e-03 
-3.657901e-03 
-5.074409e-03 
-6.638611e-03 
-8.041929e-03 
-8.987931e-03 
-9.415592e-03 
-9.557770e-03 
-9.553248e-03 
-9.292396e-03 
-8.640535e-03 
-7.819645e-03 
-7.230657e-03 
-6.996568e-03 
-6.829616e-03 
-6.516265e-03 
-6.240613e-03 
-6.313680e-03 
-6.693207e-03 
-7.049025e-03 
-7.172202e-03 
-7.190553e-03 
-7.307416e-03 
-7.625965e-03 
-8.131077e-03 
-8.747609e-03 
-9.362619e-03 
-9.830576e-03 
-1.007074e-02 
-1.006910e-02 
-9.750690e-03 
-8.995937e-03 
-7.883957e-03 
-6.728276e-03 
-5.807909e-03 
-5.174751e-03 
-4.721672e-03 
-4.397183e-03 
-4.318592e-03 
-4.546648e-03 
-5.072341e-03 
-5.753368e-03 
-6.479354e-03 
-7.170675e-03 
-7.773256e-03 
-8.193797e-03 
-8.321732e-03 
-8.152726e-03 
-7.879805e-03 
-7.680852e-03 
-7.505768e-03 
-7.115610e-03 
-6.367376e-03 
-5.406933e-03 
-4.398121e-03 
-3.302067e-03 
-1.987473e-03 
-5.371242e-04 
7.992884e-04 
1.829871e-03 
2.543511e-03 
3.066463e-03 
3.470951e-03 
3.731548e-03 
3.749551e-03 
3.396918e-03 
2.643205e-03 
1.654622e-03 
6.511451e-04 
-3.159588e-04 
-1.300253e-03 
-2.253702e-03 
-2.933172e-03 
-3.174768e-03 
-3.046141e-03 
-2.733503e-03 
-2.387568e-03 
-2.010502e-03 
-1.578796e-03 
-1.005637e-03 
-1.675554e-04 
9.139448e-04 
2.024102e-03 
2.914886e-03 
3.471997e-03 
3.776969e-03 
3.990173e-03 
4.273968e-03 
4.760761e-03 
5.440113e-03 
6.087297e-03 
6.512207e-03 
6.675569e-03 
6.637271e-03 
6.380889e-03 
5.973058e-03 
5.646575e-03 
5.659700e-03 
6.070119e-03 
6.614938e-03 
7.124899e-03 
7.608124e-03 
8.047354e-03 
8.250629e-03 
7.972069e-03 
7.293360e-03 
6.581282e-03 
6.191395e-03 
6.158695e-03 
6.320996e-03 
6.588749e-03 
6.945064e-03 
7.373336e-03 
7.645214e-03 
7.481783e-03 
6.843919e-03 
6.023639e-03 
5.349122e-03 
4.907097e-03 
4.687633e-03 
4.763542e-03 
5.251818e-03 
5.938682e-03 
6.397671e-03 
6.459511e-03 
6.471716e-03 
6.824891e-03 
7.538140e-03 
8.310056e-03 
9.005454e-03 
9.713283e-03 
1.047979e-02 
1.114605e-02 
1.165620e-02 
1.209001e-02 
1.248967e-02 
1.271467e-02 
1.261113e-02 
1.220183e-02 
1.158216e-02 
1.089018e-02 
1.028896e-02 
9.919366e-03 
9.801702e-03 
9.715988e-03 
9.519655e-03 
9.301334e-03 
9.238524e-03 
9.363187e-03 
9.642801e-03 
1.008052e-02 
1.070142e-02 
1.137383e-02 
1.187495e-02 
1.212080e-02 
1.216501e-02 
1.200839e-02 
1.164711e-02 
1.128611e-02 
1.123558e-02 
1.161009e-02 
1.217552e-02 
1.267014e-02 
1.313255e-02 
1.371872e-02 
1.442966e-02 
1.499630e-02 
1.519832e-02 
1.497277e-02 
1.448333e-02 
1.398269e-02 
1.367993e-02 
1.358168e-02 
1.335081e-02 
1.266652e-02 
1.144743e-02 
9.949596e-03 
8.492543e-03 
7.277770e-03 
6.406563e-03 
5.838882e-03 
5.415776e-03 
4.928280e-03 
4.339702e-03 
3.768001e-03 
3.291550e-03 
2.893719e-03 
2.563956e-03 
2.429574e-03 
2.558503e-03 
2.829111e-03 
3.060660e-03 
3.130058e-03 
2.974772e-03 
2.504568e-03 
1.750568e-03 
8.450782e-04 
-1.482615e-05 
-8.457139e-04 
-1.799020e-03 
-3.002945e-03 
-4.367573e-03 
-5.741019e-03 
-6.976918e-03 
-8.043531e-03 
-9.008845e-03 
-1.000200e-02 
-1.102872e-02 
-1.174398e-02 
-1.177590e-02 
-1.112301e-02 
-1.021738e-02 
-9.488947e-03 
-8.928827e-03 
-8.251172e-03 
-7.347645e-03 
-6.464229e-03 
-5.918722e-03 
-5.697361e-03 
-5.533554e-03 
-5.244822e-03 
-4.889027e-03 
-4.708321e-03 
-4.716986e-03 
-4.717494e-03 
-4.530021e-03 
-4.261439e-03 
-4.225621e-03 
-4.606382e-03 
-5.240543e-03 
-5.889217e-03 
-6.417590e-03 
-6.915037e-03 
-7.500934e-03 
-8.213093e-03 
-9.018197e-03 
-9.882058e-03 
-1.077731e-02 
-1.161943e-02 
-1.223456e-02 
-1.245198e-02 
-1.228041e-02 
-1.197326e-02 
-1.170584e-02 
-1.138307e-02 
-1.076085e-02 
-9.769215e-03 
-8.600430e-03 
-7.431177e-03 
-6.239069e-03 
-4.928061e-03 
-3.598628e-03 
-2.491626e-03 
-1.736078e-03 
-1.286695e-03 
-1.081518e-03 
-1.043986e-03 
-1.075259e-03 
-1.040206e-03 
-8.716805e-04 
-6.704301e-04 
-5.834154e-04 
-7.719835e-04 
-1.343635e-03 
-2.399199e-03 
-3.851015e-03 
-5.434612e-03 
-6.856963e-03 
-7.960868e-03 
-8.720578e-03 
-9.156511e-03 
-9.256253e-03 
-9.113124e-03 
-8.864924e-03 
-8.651376e-03 
-8.473965e-03 
-8.207732e-03 
-7.745438e-03 
-7.137762e-03 
-6.610636e-03 
-6.351232e-03 
-6.324480e-03 
-6.264259e-03 
-5.895324e-03 
-5.177873e-03 
-4.272553e-03 
-3.408893e-03 
-2.734453e-03 
-2.302594e-03 
-2.124794e-03 
-2.187379e-03 
-2.418132e-03 
-2.660719e-03 
-2.804097e-03 
-2.903401e-03 
-3.021912e-03 
-3.132892e-03 
-3.083968e-03 
-2.793079e-03 
-2.431434e-03 
-2.230696e-03 
-2.257608e-03 
-2.274785e-03 
-2.130304e-03 
-1.881315e-03 
-1.791605e-03 
-1.974244e-03 
-2.358262e-03 
-2.762902e-03 
-3.059354e-03 
-3.198001e-03 
-3.134937e-03 
-2.894593e-03 
-2.605497e-03 
-2.405146e-03 
-2.404329e-03 
-2.575670e-03 
-2.810636e-03 
-3.004154e-03 
-3.169921e-03 
-3.354297e-03 
-3.573968e-03 
-3.766544e-03 
-3.895641e-03 
-3.944196e-03 
-3.999086e-03 
-4.059221e-03 
-4.045804e-03 
-3.912747e-03 
-3.735630e-03 
-3.566591e-03 
-3.352353e-03 
-3.007824e-03 
-2.511877e-03 
-1.901033e-03 
-1.230255e-03 
-6.219387e-04 
-3.625919e-04 
-5.494332e-04 
-8.811498e-04 
-8.094529e-04 
-1.747553e-04 
6.440730e-04 
1.171059e-03 
1.420467e-03 
1.663434e-03 
2.015669e-03 
2.291736e-03 
2.458498e-03 
2.665291e-03 
2.973153e-03 
3.112089e-03 
2.841483e-03 
2.315460e-03 
1.852679e-03 
1.536985e-03 
1.277215e-03 
1.046826e-03 
9.647792e-04 
1.014558e-03 
1.016087e-03 
9.660185e-04 
1.034613e-03 
1.311257e-03 
1.562811e-03 
1.604996e-03 
1.500317e-03 
1.438503e-03 
1.390476e-03 
1.198601e-03 
8.898682e-04 
6.932834e-04 
7.014135e-04 
7.578249e-04 
7.129575e-04 
6.195477e-04 
5.813240e-04 
5.602214e-04 
4.374054e-04 
1.954640e-04 
-1.549943e-04 
-6.382445e-04 
-1.344414e-03 
-2.203668e-03 
-2.983200e-03 
-3.487753e-03 
-3.648679e-03 
-3.502114e-03 
-3.055955e-03 
-2.320163e-03 
-1.357285e-03 
-2.007531e-04 
1.184530e-03 
2.837238e-03 
4.600044e-03 
6.154065e-03 
7.268849e-03 
7.942893e-03 
8.343173e-03 
8.563764e-03 
8.570401e-03 
8.279643e-03 
7.690285e-03 
6.972871e-03 
6.228820e-03 
5.508003e-03 
4.778493e-03 
4.034567e-03 
3.272362e-03 
2.460568e-03 
1.519621e-03 
4.727012e-04 
-4.892062e-04 
-1.175733e-03 
-1.477593e-03 
-1.454278e-03 
-1.175019e-03 
-6.580909e-04 
6.460217e-05 
8.947618e-04 
1.641001e-03 
2.173264e-03 
2.482317e-03 
2.712454e-03 
3.030467e-03 
3.500645e-03 
4.107013e-03 
4.739824e-03 
5.311153e-03 
5.777143e-03 
6.200941e-03 
6.592474e-03 
6.862706e-03 
6.862677e-03 
6.528030e-03 
5.975586e-03 
5.285646e-03 
4.427490e-03 
3.428693e-03 
2.522206e-03 
2.046356e-03 
2.118175e-03 
2.488437e-03 
2.956466e-03 
3.570472e-03 
4.430266e-03 
5.408531e-03 
6.310746e-03 
7.107078e-03 
7.747667e-03 
7.970057e-03 
7.496733e-03 
6.519792e-03 
5.644830e-03 
5.220532e-03 
4.939974e-03 
4.387041e-03 
3.499840e-03 
2.484150e-03 
1.515116e-03 
6.459101e-04 
6.598753e-05 
-1.178726e-04 
-6.919788e-05 
-6.374905e-05 
-4.868553e-05 
2.744613e-04 
8.944829e-04 
1.372268e-03 
1.355788e-03 
9.752055e-04 
5.572537e-04 
2.185938e-04 
-1.735170e-04 
-6.430550e-04 
-1.073215e-03 
-1.347301e-03 
-1.377311e-03 
-1.122891e-03 
-7.235828e-04 
-5.707025e-04 
-9.407566e-04 
-1.760684e-03 
-2.678317e-03 
-3.561249e-03 
-4.415619e-03 
-5.143275e-03 
-5.483451e-03 
-5.392615e-03 
-5.249408e-03 
-5.374333e-03 
-5.680468e-03 
-5.803101e-03 
-5.597509e-03 
-5.251092e-03 
-4.979340e-03 
-4.784249e-03 
-4.682200e-03 
-4.737788e-03 
-5.025597e-03 
-5.519663e-03 
-6.144732e-03 
-6.866322e-03 
-7.686528e-03 
-8.606980e-03 
-9.601034e-03 
-1.054637e-02 
-1.122207e-02 
-1.145294e-02 
-1.125781e-02 
-1.082637e-02 
-1.024065e-02 
-9.418245e-03 
-8.327813e-03 
-7.171009e-03 
-6.154623e-03 
-5.231033e-03 
-4.266641e-03 
-3.363871e-03 
-2.787265e-03 
-2.586663e-03 
-2.377006e-03 
-1.865604e-03 
-1.207063e-03 
-7.851729e-04 
-7.351141e-04 
-8.982191e-04 
-1.220604e-03 
-1.772878e-03 
-2.445988e-03 
-2.907711e-03 
-3.055486e-03 
-3.158431e-03 
-3.460539e-03 
-3.842494e-03 
-4.089883e-03 
-4.247395e-03 
-4.541096e-03 
-4.872008e-03 
-4.913550e-03 
-4.599453e-03 
-4.205752e-03 
-3.831390e-03 
-3.234806e-03 
-2.291687e-03 
-1.401894e-03 
-1.000414e-03 
-9.479886e-04 
-6.577355e-04 
1.351722e-04 
1.074034e-03 
1.659034e-03 
1.811099e-03 
1.694718e-03 
1.389131e-03 
8.842253e-04 
2.659491e-04 
-2.363248e-04 
-4.722077e-04 
-5.028370e-04 
-3.643643e-04 
-4.017228e-05 
5.025272e-04 
1.230817e-03 
2.098466e-03 
2.931833e-03 
3.553293e-03 
3.927340e-03 
4.373016e-03 
5.185054e-03 
6.178762e-03 
6.885665e-03 
7.134355e-03 
7.350415e-03 
7.866887e-03 
8.505190e-03 
8.913180e-03 
9.252241e-03 
9.930270e-03 
1.091441e-02 
1.169817e-02 
1.207891e-02 
1.238057e-02 
1.286610e-02 
1.324505e-02 
1.310988e-02 
1.259488e-02 
1.206329e-02 
1.151571e-02 
1.075080e-02 
9.851709e-03 
9.205049e-03 
8.890319e-03 
8.572086e-03 
8.067018e-03 
7.614924e-03 
7.555574e-03 
7.909075e-03 
8.603684e-03 
9.587693e-03 
1.066527e-02 
1.139639e-02 
1.157317e-02 
1.151869e-02 
1.168653e-02 
1.199677e-02 
1.212915e-02 
1.202765e-02 
1.202426e-02 
1.228695e-02 
1.260242e-02 
1.281113e-02 
1.295780e-02 
1.310700e-02 
1.312979e-02 
1.294949e-02 
1.270493e-02 
1.262585e-02 
1.276408e-02 
1.306157e-02 
1.328910e-02 
1.316315e-02 
1.252791e-02 
1.173123e-02 
1.147595e-02 
1.212314e-02 
1.315148e-02 
1.369486e-02 
1.336873e-02 
1.262448e-02 
1.211215e-02 
1.208850e-02 
1.228387e-02 
1.231610e-02 
1.200804e-02 
1.149764e-02 
1.108150e-02 
1.085518e-02 
1.068109e-02 
1.039193e-02 
9.983724e-03 
9.501671e-03 
8.924146e-03 
8.300699e-03 
7.758619e-03 
7.237759e-03 
6.536274e-03 
5.676742e-03 
5.141114e-03 
5.256816e-03 
5.699651e-03 
5.928310e-03 
6.052219e-03 
6.575536e-03 
7.397969e-03 
7.757568e-03 
7.259557e-03 
6.502102e-03 
6.125003e-03 
5.839638e-03 
4.957914e-03 
3.501223e-03 
2.134508e-03 
1.118171e-03 
1.124180e-04 
-9.623432e-04 
-1.670359e-03 
-1.816383e-03 
-1.914555e-03 
-2.541791e-03 
-3.543253e-03 
-4.344982e-03 
-4.743697e-03 
-5.034202e-03 
-5.394442e-03 
-5.568330e-03 
-5.354796e-03 
-4.881304e-03 
-4.497150e-03 
-4.357804e-03 
-4.364846e-03 
-4.372640e-03 
-4.297697e-03 
-4.132436e-03 
-3.852770e-03 
-3.472046e-03 
-3.125743e-03 
-3.020602e-03 
-3.235981e-03 
-3.693125e-03 
-4.180997e-03 
-4.633956e-03 
-5.030875e-03 
-5.407053e-03 
-5.736034e-03 
-6.080530e-03 
-6.615330e-03 
-7.378593e-03 
-8.238785e-03 
-9.013092e-03 
-9.714318e-03 
-1.044565e-02 
-1.121907e-02 
-1.201571e-02 
-1.289806e-02 
-1.385147e-02 
-1.468412e-02 
-1.524086e-02 
-1.561211e-02 
-1.607810e-02 
-1.670141e-02 
-1.723768e-02 
-1.749676e-02 
-1.753523e-02 
-1.764379e-02 
-1.795998e-02 
-1.845273e-02 
-1.892222e-02 
-1.914588e-02 
-1.905636e-02 
-1.885777e-02 
-1.883460e-02 
-1.891554e-02 
-1.871726e-02 
-1.815030e-02 
-1.761717e-02 
-1.766750e-02 
-1.831203e-02 
-1.905569e-02 
-1.943800e-02 
-1.942178e-02 
-1.912395e-02 
-1.861367e-02 
-1.792973e-02 
-1.719191e-02 
-1.660903e-02 
-1.633070e-02 
-1.642756e-02 
-1.673634e-02 
-1.691764e-02 
-1.682990e-02 
-1.684221e-02 
-1.749454e-02 
-1.870931e-02 
-1.969720e-02 
-1.988450e-02 
-1.961843e-02 
-1.965028e-02 
-2.009903e-02 
-2.028043e-02 
-1.974791e-02 
-1.887284e-02 
-1.826133e-02 
-1.797717e-02 
-1.764259e-02 
-1.702033e-02 
-1.622021e-02 
-1.532590e-02 
-1.441851e-02 
-1.367924e-02 
-1.333559e-02 
-1.326874e-02 
-1.303911e-02 
-1.243469e-02 
-1.186987e-02 
-1.187934e-02 
-1.237749e-02 
-1.268100e-02 
-1.230397e-02 
-1.146621e-02 
-1.082619e-02 
-1.063357e-02 
-1.054564e-02 
-1.014807e-02 
-9.445516e-03 
-8.821677e-03 
-8.448180e-03 
-8.161766e-03 
-7.738547e-03 
-7.096591e-03 
-6.233478e-03 
-5.225528e-03 
-4.329784e-03 
-3.668916e-03 
-2.906662e-03 
-1.545067e-03 
1.885262e-04 
1.375140e-03 
1.562072e-03 
1.492714e-03 
2.017857e-03 
2.959916e-03 
3.622828e-03 
4.145533e-03 
5.083847e-03 
6.081943e-03 
6.286063e-03 
5.947077e-03 
6.463514e-03 
8.176545e-03 
9.636052e-03 
9.878290e-03 
9.894812e-03 
1.080938e-02 
1.166268e-02 
1.082377e-02 
8.752587e-03 
7.428815e-03 
7.248461e-03 
6.657257e-03 
4.980142e-03 
3.503967e-03 
3.277369e-03 
3.291272e-03 
2.436098e-03 
1.481647e-03 
1.814290e-03 
3.153050e-03 
4.078913e-03 
4.195956e-03 
4.336495e-03 
4.841358e-03 
5.146897e-03 
4.993019e-03 
4.792936e-03 
4.602783e-03 
4.128220e-03 
3.667016e-03 
4.163988e-03 
5.656418e-03 
6.997633e-03 
7.451134e-03 
7.707147e-03 
8.575543e-03 
9.748420e-03 
1.047579e-02 
1.078741e-02 
1.121217e-02 
1.174143e-02 
1.207750e-02 
1.248505e-02 
1.343095e-02 
1.460411e-02 
1.518121e-02 
1.505293e-02 
1.486861e-02 
1.494979e-02 
1.481511e-02 
1.414202e-02 
1.336984e-02 
1.297537e-02 
1.259455e-02 
1.170385e-02 
1.048559e-02 
9.592612e-03 
9.138387e-03 
8.584106e-03 
7.644628e-03 
6.795693e-03 
6.557140e-03 
6.777079e-03 
6.877039e-03 
6.599974e-03 
6.251097e-03 
6.113562e-03 
6.158086e-03 
6.217618e-03 
6.320051e-03 
6.526792e-03 
6.799168e-03 
7.038405e-03 
7.231261e-03 
7.316795e-03 
7.040808e-03 
6.133379e-03 
4.744592e-03 
3.398993e-03 
2.382281e-03 
1.516182e-03 
5.569423e-04 
-4.313930e-04 
-1.243847e-03 
-1.890638e-03 
-2.508599e-03 
-3.043075e-03 
-3.345709e-03 
-3.487609e-03 
-3.759966e-03 
-4.270594e-03 
-4.868711e-03 
-5.435381e-03 
-6.016167e-03 
-6.579875e-03 
-6.924130e-03 
-6.976099e-03 
-6.831039e-03 
-6.503292e-03 
-5.769379e-03 
-4.559759e-03 
-3.341993e-03 
-2.844770e-03 
-3.402858e-03 
-4.729224e-03 
-6.213234e-03 
-7.306615e-03 
-7.648292e-03 
-7.061864e-03 
-5.785737e-03 
-4.444730e-03 
-3.772518e-03 
-4.111243e-03 
-5.060248e-03 
-5.673032e-03 
-5.174061e-03 
-3.804673e-03 
-2.705093e-03 
-2.792871e-03 
-3.738141e-03 
-4.343748e-03 
-3.932100e-03 
-2.960112e-03 
-2.136734e-03 
-1.559669e-03 
-9.960915e-04 
-5.508435e-04 
-6.046985e-04 
-1.158018e-03 
-1.817635e-03 
-2.414019e-03 
-3.169558e-03 
-4.127900e-03 
-4.820741e-03 
-4.841639e-03 
-4.279773e-03 
-3.593637e-03 
-3.019911e-03 
-2.762771e-03 
-3.211917e-03 
-4.616198e-03 
-6.523446e-03 
-8.005455e-03 
-8.504073e-03 
-8.333881e-03 
-8.175487e-03 
-8.417738e-03 
-8.911412e-03 
-9.181562e-03 
-8.805343e-03 
-7.696756e-03 
-6.264042e-03 
-5.014553e-03 
-4.054462e-03 
-3.060095e-03 
-1.858383e-03 
-7.562487e-04 
-1.798399e-04 
-9.506547e-05 
-1.514745e-04 
-2.061010e-04 
-4.229645e-04 
-8.453157e-04 
-1.203255e-03 
-1.179208e-03 
-7.023243e-04 
4.345275e-05 
8.142051e-04 
1.497638e-03 
2.238947e-03 
3.338280e-03 
4.983965e-03 
6.897674e-03 
8.375368e-03 
8.990937e-03 
9.021628e-03 
9.099496e-03 
9.530191e-03 
1.011074e-02 
1.043663e-02 
1.031523e-02 
9.822986e-03 
9.164103e-03 
8.689180e-03 
8.704980e-03 
9.204405e-03 
9.839777e-03 
1.029104e-02 
1.057030e-02 
1.082605e-02 
1.096567e-02 
1.075013e-02 
1.018814e-02 
9.636520e-03 
9.349124e-03 
9.256141e-03 
9.175688e-03 
9.131370e-03 
9.380549e-03 
1.007568e-02 
1.112350e-02 
1.219339e-02 
1.292594e-02 
1.317613e-02 
1.320563e-02 
1.348497e-02 
1.402201e-02 
1.427856e-02 
1.386074e-02 
1.304778e-02 
1.252786e-02 
1.255478e-02 
1.286980e-02 
1.313218e-02 
1.327628e-02 
1.324457e-02 
1.305537e-02 
1.287994e-02 
1.293573e-02 
1.305436e-02 
1.283263e-02 
1.218368e-02 
1.150257e-02 
1.111899e-02 
1.103538e-02 
1.113345e-02 
1.127848e-02 
1.107653e-02 
1.029375e-02 
9.548664e-03 
9.941150e-03 
1.151712e-02 
1.290748e-02 
1.290956e-02 
1.205411e-02 
1.168708e-02 
1.224294e-02 
1.330471e-02 
1.460383e-02 
1.599620e-02 
1.663585e-02 
1.568660e-02 
1.388922e-02 
1.314475e-02 
1.397556e-02 
1.467338e-02 
1.379608e-02 
1.218097e-02 
1.157137e-02 
1.206109e-02 
1.231457e-02 
1.163593e-02 
1.052279e-02 
9.297198e-03 
7.779230e-03 
6.254720e-03 
5.551149e-03 
5.597453e-03 
5.252105e-03 
4.024522e-03 
2.981649e-03 
3.130557e-03 
3.757223e-03 
3.290736e-03 
1.435309e-03 
-4.841693e-04 
-1.222758e-03 
-8.142915e-04 
-3.368914e-04 
-9.723770e-04 
-3.077189e-03 
-5.854576e-03 
-7.785543e-03 
-8.133084e-03 
-7.651763e-03 
-7.558326e-03 
-7.760690e-03 
-7.132351e-03 
-5.302903e-03 
-3.264222e-03 
-1.930807e-03 
-1.060689e-03 
-6.107991e-05 
8.324607e-04 
9.420049e-04 
2.960381e-04 
-4.910980e-04 
-1.199536e-03 
-2.238023e-03 
-3.870860e-03 
-5.819668e-03 
-7.676019e-03 
-9.166097e-03 
-1.003318e-02 
-1.026180e-02 
-1.031655e-02 
-1.093624e-02 
-1.228134e-02 
-1.367222e-02 
-1.436202e-02 
-1.425710e-02 
-1.379038e-02 
-1.340359e-02 
-1.338790e-02 
-1.376147e-02 
-1.422196e-02 
-1.433768e-02 
-1.421417e-02 
-1.449802e-02 
-1.553709e-02 
-1.675867e-02 
-1.735539e-02 
-1.732789e-02 
-1.731040e-02 
-1.762652e-02 
-1.788232e-02 
-1.750899e-02 
-1.629252e-02 
-1.432194e-02 
-1.202754e-02 
-1.030223e-02 
-1.006588e-02 
-1.144069e-02 
-1.358820e-02 
-1.536593e-02 
-1.614688e-02 
-1.602061e-02 
-1.561133e-02 
-1.563488e-02 
-1.604292e-02 
-1.564414e-02 
-1.327424e-02 
-9.541667e-03 
-6.783254e-03 
-6.759966e-03 
-8.811187e-03 
-1.069810e-02 
-1.086836e-02 
-9.314301e-03 
-6.878726e-03 
-4.601244e-03 
-3.657088e-03 
-4.737083e-03 
-7.042725e-03 
-8.675218e-03 
-8.494439e-03 
-7.241345e-03 
-6.414891e-03 
-6.546251e-03 
-6.933798e-03 
-6.879879e-03 
-6.339967e-03 
-5.611517e-03 
-4.907996e-03 
-4.352209e-03 
-3.957667e-03 
-3.442794e-03 
-2.434144e-03 
-8.962045e-04 
7.059469e-04 
1.946523e-03 
2.842242e-03 
3.714839e-03 
4.747743e-03 
5.896490e-03 
6.995851e-03 
7.804687e-03 
8.088560e-03 
7.790218e-03 
7.135271e-03 
6.418139e-03 
5.825186e-03 
5.417377e-03 
5.191805e-03 
4.897496e-03 
4.199180e-03 
3.231503e-03 
2.677728e-03 
3.148634e-03 
4.299960e-03 
5.217769e-03 
5.561033e-03 
5.899146e-03 
6.812792e-03 
8.111199e-03 
9.173985e-03 
9.899057e-03 
1.052708e-02 
1.091826e-02 
1.043700e-02 
8.842570e-03 
6.928893e-03 
5.910353e-03 
6.161937e-03 
6.801545e-03 
6.686698e-03 
5.655177e-03 
4.767018e-03 
5.201366e-03 
6.909169e-03 
8.561757e-03 
8.867699e-03 
7.932940e-03 
7.052078e-03 
7.295330e-03 
8.438308e-03 
9.457028e-03 
9.824542e-03 
1.000100e-02 
1.065151e-02 
1.162419e-02 
1.204567e-02 
1.126817e-02 
9.697250e-03 
8.324275e-03 
7.694499e-03 
7.399685e-03 
6.757500e-03 
5.699976e-03 
4.894365e-03 
4.915643e-03 
5.646256e-03 
6.436049e-03 
6.769135e-03 
6.499018e-03 
5.862728e-03 
5.278561e-03 
5.268689e-03 
5.984056e-03 
6.986446e-03 
7.477545e-03 
7.053843e-03 
6.135867e-03 
5.419199e-03 
5.147804e-03 
4.976465e-03 
4.516543e-03 
3.776238e-03 
2.967895e-03 
2.139692e-03 
1.081121e-03 
-2.964568e-04 
-1.726495e-03 
-2.795247e-03 
-3.349061e-03 
-3.570883e-03 
-3.596224e-03 
-3.253620e-03 
-2.498495e-03 
-1.835023e-03 
-2.016103e-03 
-3.136032e-03 
-4.318668e-03 
-4.574113e-03 
-3.873934e-03 
-3.140578e-03 
-3.307307e-03 
-4.407147e-03 
-5.692376e-03 
-6.364958e-03 
-6.168474e-03 
-5.370645e-03 
-4.316568e-03 
-3.094652e-03 
-1.698278e-03 
-3.894445e-04 
4.067031e-04 
5.586558e-04 
3.830819e-04 
1.850631e-04 
-1.007947e-04 
-6.157803e-04 
-1.184559e-03 
-1.487720e-03 
-1.713868e-03 
-2.420448e-03 
-3.719284e-03 
-5.056718e-03 
-5.912562e-03 
-6.469914e-03 
-7.146694e-03 
-7.848893e-03 
-8.172899e-03 
-8.070437e-03 
-7.988668e-03 
-8.169222e-03 
-8.430192e-03 
-8.591830e-03 
-8.839895e-03 
-9.341628e-03 
-1.000061e-02 
-1.058511e-02 
-1.122081e-02 
-1.211811e-02 
-1.317884e-02 
-1.389302e-02 
-1.389345e-02 
-1.331088e-02 
-1.261014e-02 
-1.223989e-02 
-1.233769e-02 
-1.265336e-02 
-1.280498e-02 
-1.270817e-02 
-1.278386e-02 
-1.338534e-02 
-1.406592e-02 
-1.375656e-02 
-1.191283e-02 
-9.355733e-03 
-7.450331e-03 
-6.674001e-03 
-6.125877e-03 
-4.884910e-03 
-3.316165e-03 
-2.992881e-03 
-4.962236e-03 
-8.616272e-03 
-1.192795e-02 
-1.299314e-02 
-1.143482e-02 
-8.455963e-03 
-5.768164e-03 
-4.174599e-03 
-3.201382e-03 
-2.127356e-03 
-1.416604e-03 
-2.635286e-03 
-6.852183e-03 
-1.301501e-02 
-1.825472e-02 
-2.007356e-02 
-1.812971e-02 
-1.412861e-02 
-1.028139e-02 
-7.791952e-03 
-6.552469e-03 
-5.792252e-03 
-5.071953e-03 
-4.657641e-03 
-5.096985e-03 
-6.439257e-03 
-7.780688e-03 
-7.811158e-03 
-5.839348e-03 
-2.441648e-03 
9.809892e-04 
3.189783e-03 
3.963402e-03 
3.986398e-03 
3.927205e-03 
3.887268e-03 
3.504876e-03 
2.745474e-03 
1.957301e-03 
1.418594e-03 
1.025506e-03 
5.178102e-04 
1.797262e-05 
-2.404603e-04 
-3.595773e-04 
-7.894729e-04 
-1.638383e-03 
-2.330588e-03 
-2.028293e-03 
-5.556263e-04 
1.289967e-03 
2.413656e-03 
2.370020e-03 
1.614810e-03 
1.057879e-03 
1.276141e-03 
2.153795e-03 
3.171975e-03 
3.884077e-03 
4.016287e-03 
3.530039e-03 
2.549134e-03 
1.433167e-03 
6.907462e-04 
6.995993e-04 
1.500846e-03 
2.780165e-03 
3.963178e-03 
4.550132e-03 
4.466104e-03 
4.052929e-03 
3.789467e-03 
3.820701e-03 
4.109368e-03 
4.661703e-03 
5.469896e-03 
6.280206e-03 
6.626609e-03 
6.386285e-03 
5.721881e-03 
4.705763e-03 
3.280942e-03 
1.841548e-03 
1.380431e-03 
2.483432e-03 
4.396122e-03 
5.590377e-03 
5.344547e-03 
4.390652e-03 
3.725782e-03 
3.399893e-03 
2.678365e-03 
1.303072e-03 
3.743581e-05 
-2.946806e-05 
1.346503e-03 
3.272757e-03 
4.490902e-03 
4.424555e-03 
3.611161e-03 
2.944637e-03 
2.720668e-03 
2.484925e-03 
1.768711e-03 
8.527824e-04 
4.295415e-04 
8.420480e-04 
1.742159e-03 
2.549511e-03 
3.019291e-03 
3.346287e-03 
3.710703e-03 
4.048811e-03 
4.078489e-03 
3.641455e-03 
2.913782e-03 
2.248964e-03 
1.834504e-03 
1.659229e-03 
1.576846e-03 
1.509201e-03 
1.264016e-03 
6.654305e-04 
-1.533194e-04 
-5.929488e-04 
-1.746238e-04 
1.019524e-03 
2.504503e-03 
4.066233e-03 
5.783337e-03 
7.325876e-03 
7.797602e-03 
6.629989e-03 
4.386867e-03 
2.440490e-03 
1.799437e-03 
2.571402e-03 
4.255704e-03 
6.296123e-03 
8.130710e-03 
9.224122e-03 
9.341625e-03 
8.704108e-03 
7.755723e-03 
6.757332e-03 
5.936451e-03 
5.581026e-03 
5.930429e-03 
6.827147e-03 
7.700280e-03 
8.055854e-03 
7.870759e-03 
7.371379e-03 
6.670213e-03 
5.769112e-03 
4.837082e-03 
4.196366e-03 
3.978800e-03 
3.951011e-03 
3.672259e-03 
2.971543e-03 
2.070981e-03 
1.308262e-03 
8.670995e-04 
7.124376e-04 
7.483388e-04 
9.768956e-04 
1.511203e-03 
2.357396e-03 
3.215897e-03 
3.538752e-03 
2.984220e-03 
1.865400e-03 
1.024243e-03 
1.174763e-03 
2.222050e-03 
3.405964e-03 
3.950702e-03 
3.678988e-03 
2.986281e-03 
2.330155e-03 
1.832967e-03 
1.245157e-03 
4.745640e-04 
-2.121252e-04 
-4.100772e-04 
-8.386261e-05 
4.097567e-04 
7.615794e-04 
9.761897e-04 
1.150302e-03 
1.208630e-03 
9.478985e-04 
3.729296e-04 
-3.712979e-04 
-1.154166e-03 
-1.851856e-03 
-2.235153e-03 
-2.036870e-03 
-1.313046e-03 
-3.269418e-04 
7.756103e-04 
1.917506e-03 
2.864773e-03 
3.257151e-03 
3.031928e-03 
2.529142e-03 
2.133812e-03 
1.817933e-03 
1.484510e-03 
1.232800e-03 
1.227856e-03 
1.330091e-03 
1.224465e-03 
7.492809e-04 
8.203953e-05 
-5.738800e-04 
-1.243907e-03 
-2.017188e-03 
-2.886854e-03 
-3.622089e-03 
-3.909536e-03 
-3.548487e-03 
-2.765296e-03 
-2.179414e-03 
-2.239058e-03 
-2.804460e-03 
-3.388494e-03 
-3.784448e-03 
-4.140754e-03 
-4.521538e-03 
-4.733740e-03 
-4.606065e-03 
-4.187101e-03 
-3.500167e-03 
-2.388508e-03 
-9.444773e-04 
2.656843e-04 
6.599644e-04 
3.281959e-04 
-1.182076e-04 
-2.243530e-04 
-1.296645e-05 
2.378787e-04 
3.287095e-04 
1.021709e-04 
-5.519937e-04 
-1.591036e-03 
-2.690577e-03 
-3.519910e-03 
-3.978342e-03 
-4.168146e-03 
-4.291725e-03 
-4.626958e-03 
-5.430355e-03 
-6.612776e-03 
-7.640464e-03 
-7.894073e-03 
-7.208787e-03 
-5.968126e-03 
-4.668920e-03 
-3.634491e-03 
-3.122409e-03 
-3.462674e-03 
-4.723853e-03 
-6.338103e-03 
-7.354853e-03 
-7.239604e-03 
-6.387939e-03 
-5.571687e-03 
-5.150839e-03 
-4.809911e-03 
-4.167979e-03 
-3.327745e-03 
-2.717923e-03 
-2.557176e-03 
-2.568419e-03 
-2.289296e-03 
-1.496914e-03 
-4.428046e-04 
3.618672e-04 
4.538895e-04 
-3.548649e-04 
-1.815234e-03 
-3.411325e-03 
-4.547457e-03 
-4.815184e-03 
-4.196993e-03 
-3.035071e-03 
-1.839737e-03 
-9.349973e-04 
-4.073108e-04 
-3.901942e-04 
-1.052341e-03 
-2.266635e-03 
-3.431849e-03 
-3.816963e-03 
-3.191572e-03 
-1.967679e-03 
-6.617127e-04 
5.096667e-04 
1.585905e-03 
2.439534e-03 
2.922185e-03 
2.991782e-03 
2.770042e-03 
2.439371e-03 
2.208392e-03 
2.285051e-03 
2.678337e-03 
3.018832e-03 
2.913870e-03 
2.391748e-03 
1.771905e-03 
1.233503e-03 
7.107900e-04 
1.427703e-04 
-2.912634e-04 
-5.717075e-04 
-8.729312e-04 
-1.290846e-03 
-1.588536e-03 
-1.510326e-03 
-1.196220e-03 
-9.337383e-04 
-6.772720e-04 
-1.720808e-04 
4.193217e-04 
6.849758e-04 
5.503553e-04 
4.399137e-04 
6.268559e-04 
7.701063e-04 
4.932614e-04 
2.388066e-05 
-1.192055e-04 
1.991938e-04 
5.810277e-04 
7.179905e-04 
6.794549e-04 
5.424574e-04 
1.910503e-04 
-3.188468e-04 
-5.569716e-04 
-1.521614e-04 
7.776555e-04 
1.769860e-03 
2.534961e-03 
3.037068e-03 
3.182879e-03 
2.785175e-03 
1.831234e-03 
6.444021e-04 
-2.919432e-04 
-6.406571e-04 
-2.947339e-04 
6.083561e-04 
1.767221e-03 
2.767341e-03 
3.303511e-03 
3.241563e-03 
2.763125e-03 
2.230910e-03 
1.991463e-03 
2.088810e-03 
2.274127e-03 
2.353846e-03 
2.411453e-03 
2.724155e-03 
3.347199e-03 
4.040155e-03 
4.483889e-03 
4.593247e-03 
4.485317e-03 
4.356415e-03 
4.296500e-03 
4.212811e-03 
3.943290e-03 
3.518789e-03 
3.248168e-03 
3.423251e-03 
3.848855e-03 
4.076730e-03 
3.927798e-03 
3.785380e-03 
3.988492e-03 
4.283898e-03 
4.251943e-03 
3.966440e-03 
4.076522e-03 
4.908002e-03 
6.062494e-03 
6.896280e-03 
7.244530e-03 
7.378897e-03 
7.518686e-03 
7.557133e-03 
7.364217e-03 
6.975462e-03 
6.569275e-03 
6.210663e-03 
5.792120e-03 
5.207356e-03 
4.528291e-03 
3.953253e-03 
3.647778e-03 
3.586782e-03 
3.618590e-03 
3.565098e-03 
3.378925e-03 
3.135921e-03 
2.856406e-03 
2.545449e-03 
2.228645e-03 
1.981921e-03 
1.921515e-03 
2.048319e-03 
2.300596e-03 
2.681751e-03 
3.230545e-03 
3.909071e-03 
4.422989e-03 
4.517089e-03 
4.215533e-03 
3.850603e-03 
3.742875e-03 
3.855522e-03 
3.952015e-03 
3.902398e-03 
3.816292e-03 
3.671016e-03 
3.172241e-03 
2.091662e-03 
6.494293e-04 
-6.562611e-04 
-1.482395e-03 
-1.717795e-03 
-1.395330e-03 
-6.179185e-04 
2.537810e-04 
6.679673e-04 
3.989173e-04 
-1.300032e-04 
-2.751845e-04 
2.595943e-04 
1.219669e-03 
2.356372e-03 
3.607478e-03 
4.870380e-03 
5.755739e-03 
5.919029e-03 
5.428223e-03 
4.751369e-03 
4.219738e-03 
3.915115e-03 
3.844811e-03 
4.081800e-03 
4.502076e-03 
4.691023e-03 
4.281782e-03 
3.309803e-03 
2.202412e-03 
1.354583e-03 
9.041689e-04 
8.430990e-04 
1.156799e-03 
1.749625e-03 
2.406378e-03 
2.969089e-03 
3.397121e-03 
3.631278e-03 
3.526954e-03 
3.068441e-03 
2.432857e-03 
2.012241e-03 
2.023656e-03 
2.470423e-03 
3.209936e-03 
4.078886e-03 
4.854338e-03 
5.297948e-03 
5.335925e-03 
5.089319e-03 
4.784152e-03 
4.478582e-03 
4.125801e-03 
3.717352e-03 
3.313701e-03 
2.891806e-03 
2.295981e-03 
1.424412e-03 
4.461694e-04 
-3.402932e-04 
-8.245190e-04 
-1.138520e-03 
-1.426633e-03 
-1.675843e-03 
-1.809267e-03 
-1.838200e-03 
-1.899332e-03 
-2.126817e-03 
-2.544538e-03 
-3.093303e-03 
-3.621902e-03 
-3.954678e-03 
-4.013565e-03 
-3.930487e-03 
-3.911966e-03 
-4.055084e-03 
-4.344647e-03 
-4.689646e-03 
-5.041925e-03 
-5.269129e-03 
-5.227515e-03 
-4.945323e-03 
-4.665435e-03 
-4.625053e-03 
-4.798841e-03 
-5.097384e-03 
-5.568688e-03 
-6.425443e-03 
-7.659994e-03 
