1 
1.000000e-02 
6.000000e-06 
6.000000e-06 
6.000000e-06 
6.000000e-06 
6.000000e-06 
6.000000e-06 
6.000000e-06 
6.000000e-06 
6.000000e-06 
5.000000e-06 
6.000000e-06 
6.000000e-06 
7.000000e-06 
6.000000e-06 
5.000000e-06 
5.000000e-06 
5.000000e-06 
4.000000e-06 
4.000000e-06 
6.000000e-06 
7.000000e-06 
7.000000e-06 
6.000000e-06 
5.000000e-06 
1.000000e-06 
-8.000000e-06 
-9.000000e-06 
1.000000e-06 
1.000000e-05 
1.100000e-05 
3.000000e-06 
4.000000e-06 
1.500000e-05 
1.300000e-05 
4.000000e-06 
9.000000e-06 
2.000000e-05 
1.900000e-05 
8.000000e-06 
2.000000e-06 
8.000000e-06 
1.700000e-05 
9.000000e-06 
-5.000000e-06 
-1.000000e-06 
1.100000e-05 
9.000000e-06 
-6.000000e-06 
-7.000000e-06 
5.000000e-06 
9.000000e-06 
0 
-1.200000e-05 
-1.400000e-05 
1.200000e-05 
2.200000e-05 
1.000000e-06 
-1.800000e-05 
-7.000000e-06 
2.100000e-05 
2.300000e-05 
3.000000e-06 
-4.000000e-06 
1.100000e-05 
1.800000e-05 
-2.600000e-05 
-3.700000e-05 
1.000000e-05 
3.800000e-05 
3.300000e-05 
6.000000e-06 
-1.200000e-05 
-8.000000e-06 
-2.100000e-05 
-2.900000e-05 
-2.500000e-05 
-1.300000e-05 
-2.100000e-05 
-9.600000e-05 
-1.240000e-04 
-2.300000e-05 
6.500000e-05 
4.300000e-05 
-7.000000e-06 
-4.800000e-05 
-3.000000e-05 
-2.000000e-06 
-1.800000e-05 
-1.500000e-05 
6.000000e-06 
-2.300000e-05 
-9.200000e-05 
-7.900000e-05 
1.700000e-05 
8.900000e-05 
9.300000e-05 
5.700000e-05 
5.000000e-05 
9.400000e-05 
3.700000e-05 
-8.800000e-05 
-7.900000e-05 
1.100000e-05 
6.000000e-06 
-6.000000e-05 
-4.500000e-05 
3.100000e-05 
8.500000e-05 
4.000000e-05 
-3.700000e-05 
-6.400000e-05 
-1.300000e-05 
3.100000e-05 
1.100000e-05 
-7.000000e-06 
-1.000000e-05 
-1.200000e-05 
2.100000e-05 
8.300000e-05 
1.010000e-04 
9.700000e-05 
1.260000e-04 
1.240000e-04 
3.500000e-05 
-3.900000e-05 
-5.400000e-05 
-2.400000e-05 
5.300000e-05 
9.500000e-05 
4.800000e-05 
-2.400000e-05 
-2.600000e-05 
7.200000e-05 
1.520000e-04 
1.350000e-04 
2.100000e-05 
-6.000000e-05 
-5.700000e-05 
-6.000000e-06 
4.900000e-05 
8.700000e-05 
9.400000e-05 
7.800000e-05 
1.680000e-04 
2.040000e-04 
1.070000e-04 
4.000000e-05 
2.800000e-05 
1.000000e-06 
-8.800000e-05 
-1.060000e-04 
-3.000000e-05 
1.500000e-05 
1.800000e-05 
6.000000e-06 
3.400000e-05 
3.100000e-05 
-6.000000e-06 
-7.000000e-06 
-1.000000e-06 
-1.100000e-05 
-6.400000e-05 
-7.800000e-05 
-3.100000e-05 
-1.000000e-05 
-3.300000e-05 
-4.700000e-05 
-6.500000e-05 
-5.000000e-05 
2.100000e-05 
1.400000e-05 
-3.900000e-05 
-1.700000e-05 
0 
-2.700000e-05 
-6.800000e-05 
-7.000000e-05 
-1.900000e-05 
-8.000000e-06 
-5.300000e-05 
-9.600000e-05 
-1.510000e-04 
-2.200000e-04 
-1.080000e-04 
5.600000e-05 
4.500000e-05 
-3.000000e-06 
2.200000e-05 
3.300000e-05 
5.000000e-06 
3.400000e-05 
7.600000e-05 
7.200000e-05 
9.000000e-06 
-3.200000e-05 
-8.000000e-06 
5.500000e-05 
1.260000e-04 
2.330000e-04 
2.280000e-04 
-5.600000e-05 
-3.130000e-04 
-2.590000e-04 
2.100000e-05 
2.100000e-04 
1.490000e-04 
4.600000e-05 
5.100000e-05 
6.800000e-05 
-3.000000e-06 
-1.100000e-04 
-7.600000e-05 
1.100000e-05 
-5.600000e-05 
-1.830000e-04 
-9.100000e-05 
8.900000e-05 
4.500000e-05 
-7.900000e-05 
-1.500000e-04 
-1.190000e-04 
-4.000000e-05 
-3.400000e-05 
-6.700000e-05 
-1.160000e-04 
-1.430000e-04 
-1.860000e-04 
-2.320000e-04 
-1.120000e-04 
7.400000e-05 
7.000000e-05 
-8.100000e-05 
-2.030000e-04 
-5.200000e-05 
1.390000e-04 
1.680000e-04 
1.090000e-04 
8.800000e-05 
1.390000e-04 
1.430000e-04 
3.100000e-05 
5.000000e-06 
1.670000e-04 
2.050000e-04 
1.350000e-04 
8.300000e-05 
9.800000e-05 
8.900000e-05 
3.900000e-05 
1.300000e-05 
-4.100000e-05 
-8.600000e-05 
-4.800000e-05 
-3.000000e-05 
-1.360000e-04 
-2.140000e-04 
-9.400000e-05 
-3.500000e-05 
-8.400000e-05 
-4.000000e-06 
9.300000e-05 
1.500000e-05 
-7.100000e-05 
1.050000e-04 
2.330000e-04 
1.900000e-05 
-1.760000e-04 
-1.660000e-04 
-1.670000e-04 
-3.120000e-04 
-2.610000e-04 
-1.000000e-05 
6.100000e-05 
-1.500000e-05 
-1.000000e-05 
8.900000e-05 
1.140000e-04 
1.070000e-04 
1.250000e-04 
4.600000e-05 
-9.100000e-05 
-1.110000e-04 
-2.600000e-05 
8.100000e-05 
1.580000e-04 
1.950000e-04 
1.780000e-04 
1.200000e-04 
7.100000e-05 
1.000000e-06 
-2.200000e-05 
3.700000e-05 
7.800000e-05 
8.200000e-05 
-4.900000e-05 
-3.800000e-04 
-3.750000e-04 
-3.500000e-05 
1.470000e-04 
9.700000e-05 
7.200000e-05 
1.190000e-04 
7.400000e-05 
-7.700000e-05 
-1.650000e-04 
-1.830000e-04 
-1.120000e-04 
1.500000e-05 
1.140000e-04 
1.740000e-04 
9.500000e-05 
-2.300000e-05 
-2.100000e-05 
1.800000e-05 
2.500000e-05 
3.300000e-05 
4.600000e-05 
-5.000000e-06 
-3.500000e-05 
-5.500000e-05 
-7.300000e-05 
1.100000e-05 
5.800000e-05 
-1.500000e-05 
-1.110000e-04 
-1.030000e-04 
-1.400000e-05 
8.500000e-05 
1.770000e-04 
2.570000e-04 
1.860000e-04 
-1.150000e-04 
-3.230000e-04 
-1.980000e-04 
9.000000e-06 
-6.000000e-06 
-1.380000e-04 
-1.630000e-04 
-4.300000e-05 
2.200000e-05 
2.100000e-05 
1.590000e-04 
2.340000e-04 
1.540000e-04 
1.000000e-06 
-1.450000e-04 
-1.440000e-04 
-4.900000e-05 
-1.300000e-05 
-8.000000e-06 
2.000000e-06 
4.900000e-05 
8.400000e-05 
1.370000e-04 
2.580000e-04 
2.500000e-04 
6.500000e-05 
-8.000000e-05 
-9.700000e-05 
8.000000e-06 
1.050000e-04 
-4.900000e-05 
-2.090000e-04 
-1.560000e-04 
-3.900000e-05 
-4.200000e-05 
-2.400000e-05 
1.190000e-04 
2.560000e-04 
1.850000e-04 
7.300000e-05 
9.000000e-06 
-1.090000e-04 
-1.670000e-04 
-7.500000e-05 
3.000000e-06 
-1.210000e-04 
-1.380000e-04 
4.200000e-05 
1.090000e-04 
-5.600000e-05 
-1.950000e-04 
-9.200000e-05 
8.700000e-05 
1.650000e-04 
1.320000e-04 
4.100000e-05 
-1.000000e-05 
5.500000e-05 
9.700000e-05 
1.000000e-06 
-7.800000e-05 
2.500000e-05 
1.540000e-04 
1.020000e-04 
3.000000e-05 
-1.100000e-05 
-5.900000e-05 
-7.100000e-05 
-6.700000e-05 
-3.000000e-05 
3.600000e-05 
1.760000e-04 
1.920000e-04 
1.200000e-05 
-8.100000e-05 
7.700000e-05 
3.000000e-04 
2.640000e-04 
-1.700000e-05 
-1.570000e-04 
-5.700000e-05 
1.420000e-04 
2.060000e-04 
6.900000e-05 
-7.400000e-05 
-1.170000e-04 
-4.800000e-05 
8.400000e-05 
1.640000e-04 
1.620000e-04 
1.010000e-04 
3.200000e-05 
1.900000e-05 
3.000000e-05 
7.700000e-05 
1.200000e-05 
-8.800000e-05 
1.200000e-05 
1.480000e-04 
1.250000e-04 
-1.500000e-05 
-1.060000e-04 
-4.200000e-05 
7.300000e-05 
5.300000e-05 
-3.100000e-05 
4.900000e-05 
2.510000e-04 
2.800000e-04 
6.000000e-06 
-2.490000e-04 
-2.200000e-04 
-1.580000e-04 
-3.260000e-04 
-2.290000e-04 
1.310000e-04 
2.120000e-04 
3.000000e-06 
-1.940000e-04 
-2.090000e-04 
-7.500000e-05 
5.600000e-05 
6.300000e-05 
7.000000e-06 
4.000000e-05 
3.800000e-05 
-8.000000e-05 
-1.030000e-04 
-3.500000e-05 
-5.400000e-05 
-1.800000e-04 
-2.560000e-04 
-1.070000e-04 
6.600000e-05 
1.180000e-04 
3.800000e-05 
-5.500000e-05 
-8.200000e-05 
-6.400000e-05 
-2.400000e-05 
-1.040000e-04 
-1.780000e-04 
-1.400000e-04 
-5.400000e-05 
-1.900000e-05 
-7.600000e-05 
-2.500000e-05 
9.700000e-05 
5.400000e-05 
3.000000e-06 
1.900000e-05 
7.000000e-06 
-2.200000e-05 
-9.100000e-05 
-1.000000e-04 
3.700000e-05 
1.130000e-04 
-1.140000e-04 
-4.090000e-04 
-3.330000e-04 
-1.030000e-04 
-4.500000e-05 
-8.300000e-05 
1.700000e-05 
1.760000e-04 
7.800000e-05 
-3.500000e-05 
8.500000e-05 
2.230000e-04 
1.070000e-04 
-7.100000e-05 
6.000000e-05 
3.150000e-04 
3.370000e-04 
1.290000e-04 
-3.500000e-05 
1.100000e-05 
8.700000e-05 
4.100000e-05 
-4.600000e-05 
-6.000000e-05 
-7.100000e-05 
-1.180000e-04 
-1.170000e-04 
-6.600000e-05 
-4.000000e-06 
4.200000e-05 
2.000000e-06 
-5.300000e-05 
-6.900000e-05 
-8.300000e-05 
-1.710000e-04 
-4.110000e-04 
-6.290000e-04 
-6.990000e-04 
-7.250000e-04 
-7.270000e-04 
-5.810000e-04 
-3.570000e-04 
-2.580000e-04 
-2.490000e-04 
-1.320000e-04 
1.020000e-04 
1.840000e-04 
3.200000e-05 
-7.100000e-05 
3.000000e-05 
2.260000e-04 
3.670000e-04 
5.420000e-04 
7.660000e-04 
7.090000e-04 
4.100000e-05 
-7.580000e-04 
-1.129000e-03 
-1.108000e-03 
-9.670000e-04 
-8.210000e-04 
-3.720000e-04 
2.300000e-04 
4.140000e-04 
-4.700000e-05 
-6.440000e-04 
-9.920000e-04 
-1.171000e-03 
-1.259000e-03 
-1.253000e-03 
-1.153000e-03 
-1.056000e-03 
-9.390000e-04 
-6.380000e-04 
-2.720000e-04 
-1.860000e-04 
-4.040000e-04 
-8.560000e-04 
-1.524000e-03 
-2.029000e-03 
-2.041000e-03 
-1.343000e-03 
-3.160000e-04 
3.300000e-04 
3.410000e-04 
2.400000e-05 
-1.270000e-04 
8.300000e-05 
2.660000e-04 
1.470000e-04 
-2.610000e-04 
-1.061000e-03 
-2.324000e-03 
-3.590000e-03 
-4.185000e-03 
-3.951000e-03 
-3.508000e-03 
-3.615000e-03 
-4.438000e-03 
-5.510000e-03 
-6.316000e-03 
-6.537000e-03 
-5.927000e-03 
-4.628000e-03 
-3.113000e-03 
-1.840000e-03 
-1.144000e-03 
-1.088000e-03 
-1.414000e-03 
-1.752000e-03 
-1.974000e-03 
-2.332000e-03 
-3.046000e-03 
-3.877000e-03 
-4.124000e-03 
-3.248000e-03 
-1.472000e-03 
4.550000e-04 
1.837000e-03 
2.365000e-03 
1.952000e-03 
7.620000e-04 
-4.700000e-04 
-1.167000e-03 
-1.209000e-03 
-6.590000e-04 
3.610000e-04 
1.681000e-03 
3.093000e-03 
4.389000e-03 
5.410000e-03 
6.261000e-03 
7.210000e-03 
8.215000e-03 
8.716000e-03 
8.363000e-03 
7.696000e-03 
7.417000e-03 
7.218000e-03 
6.369000e-03 
4.898000e-03 
3.190000e-03 
1.815000e-03 
1.520000e-03 
2.575000e-03 
4.921000e-03 
7.825000e-03 
9.993000e-03 
1.069600e-02 
1.003900e-02 
8.976000e-03 
8.101000e-03 
7.502000e-03 
7.169000e-03 
6.703000e-03 
5.744000e-03 
4.241000e-03 
2.573000e-03 
1.221000e-03 
5.260000e-04 
5.150000e-04 
7.800000e-04 
1.079000e-03 
1.641000e-03 
2.531000e-03 
3.203000e-03 
2.787000e-03 
8.750000e-04 
-2.012000e-03 
-4.901000e-03 
-6.789000e-03 
-6.893000e-03 
-5.018000e-03 
-1.878000e-03 
1.495000e-03 
4.301000e-03 
6.061000e-03 
6.448000e-03 
5.219000e-03 
2.509000e-03 
-9.150000e-04 
-3.790000e-03 
-4.970000e-03 
-4.149000e-03 
-1.882000e-03 
6.030000e-04 
1.820000e-03 
9.660000e-04 
-1.895000e-03 
-5.956000e-03 
-1.011600e-02 
-1.330600e-02 
-1.475600e-02 
-1.446000e-02 
-1.290900e-02 
-1.109500e-02 
-9.981000e-03 
-1.028300e-02 
-1.209700e-02 
-1.444500e-02 
-1.534000e-02 
-1.367200e-02 
-9.935000e-03 
-5.446000e-03 
-1.584000e-03 
1.007000e-03 
2.203000e-03 
2.115000e-03 
8.520000e-04 
-1.589000e-03 
-5.138000e-03 
-9.519000e-03 
-1.399000e-02 
-1.751600e-02 
-1.889900e-02 
-1.738400e-02 
-1.337200e-02 
-8.052000e-03 
-3.089000e-03 
-2.400000e-05 
5.840000e-04 
-7.080000e-04 
-2.629000e-03 
-3.967000e-03 
-4.050000e-03 
-3.023000e-03 
-1.170000e-03 
1.308000e-03 
3.659000e-03 
5.324000e-03 
6.675000e-03 
7.986000e-03 
9.167000e-03 
9.910000e-03 
9.812000e-03 
8.953000e-03 
8.139000e-03 
8.323000e-03 
9.900000e-03 
1.207100e-02 
1.354700e-02 
1.349100e-02 
1.143800e-02 
7.746000e-03 
4.202000e-03 
2.939000e-03 
5.333000e-03 
1.165600e-02 
2.085500e-02 
3.065500e-02 
3.860400e-02 
4.280900e-02 
4.242700e-02 
3.808600e-02 
3.150100e-02 
2.506400e-02 
2.091400e-02 
1.966900e-02 
2.066700e-02 
2.262900e-02 
2.431900e-02 
2.432800e-02 
2.136800e-02 
1.551000e-02 
8.435000e-03 
2.118000e-03 
-2.469000e-03 
-5.477000e-03 
-7.754000e-03 
-9.900000e-03 
-1.184700e-02 
-1.353200e-02 
-1.537000e-02 
-1.745800e-02 
-1.900900e-02 
-1.905200e-02 
-1.704900e-02 
-1.297800e-02 
-7.154000e-03 
-3.400000e-04 
6.186000e-03 
1.091900e-02 
1.291700e-02 
1.232900e-02 
9.967000e-03 
6.805000e-03 
3.742000e-03 
1.726000e-03 
1.269000e-03 
1.646000e-03 
1.535000e-03 
5.530000e-04 
-2.760000e-04 
4.880000e-04 
3.317000e-03 
7.650000e-03 
1.238100e-02 
1.581300e-02 
1.578400e-02 
1.098700e-02 
2.449000e-03 
-6.937000e-03 
-1.452000e-02 
-1.961500e-02 
-2.283700e-02 
-2.444200e-02 
-2.434600e-02 
-2.288300e-02 
-2.063100e-02 
-1.825500e-02 
-1.635600e-02 
-1.557700e-02 
-1.683100e-02 
-2.028300e-02 
-2.482800e-02 
-2.862500e-02 
-3.004500e-02 
-2.823500e-02 
-2.354600e-02 
-1.705500e-02 
-1.011700e-02 
-4.239000e-03 
-3.100000e-04 
2.384000e-03 
5.644000e-03 
1.039200e-02 
1.558000e-02 
1.919200e-02 
1.974600e-02 
1.669800e-02 
1.060000e-02 
3.109000e-03 
-3.514000e-03 
-7.618000e-03 
-8.933000e-03 
-8.088000e-03 
-6.333000e-03 
-5.137000e-03 
-5.395000e-03 
-7.287000e-03 
-1.065200e-02 
-1.538500e-02 
-2.125500e-02 
-2.757500e-02 
-3.320100e-02 
-3.690700e-02 
-3.783400e-02 
-3.584200e-02 
-3.160900e-02 
-2.648100e-02 
-2.167900e-02 
-1.726900e-02 
-1.282700e-02 
-8.496000e-03 
-4.591000e-03 
-1.404000e-03 
5.660000e-04 
1.081000e-03 
6.610000e-04 
1.120000e-04 
1.690000e-04 
1.206000e-03 
2.442000e-03 
2.828000e-03 
2.438000e-03 
2.410000e-03 
3.624000e-03 
5.344000e-03 
5.346000e-03 
1.888000e-03 
-4.858000e-03 
-1.297600e-02 
-1.975300e-02 
-2.274500e-02 
-2.058600e-02 
-1.436700e-02 
-7.457000e-03 
-3.178000e-03 
-3.011000e-03 
-6.189000e-03 
-1.039900e-02 
-1.358500e-02 
-1.461200e-02 
-1.302300e-02 
-8.488000e-03 
-1.463000e-03 
6.305000e-03 
1.269100e-02 
1.553900e-02 
1.413700e-02 
9.775000e-03 
5.077000e-03 
2.864000e-03 
4.776000e-03 
1.082800e-02 
1.955300e-02 
2.856700e-02 
3.516200e-02 
3.742600e-02 
3.528000e-02 
3.036000e-02 
2.483100e-02 
2.019700e-02 
1.718500e-02 
1.563700e-02 
1.509600e-02 
1.517900e-02 
1.545300e-02 
1.576800e-02 
1.588400e-02 
1.498300e-02 
1.252800e-02 
8.965000e-03 
5.172000e-03 
1.619000e-03 
-2.250000e-03 
-7.071000e-03 
-1.229400e-02 
-1.617100e-02 
-1.692200e-02 
-1.352700e-02 
-6.138000e-03 
3.991000e-03 
1.443600e-02 
2.228200e-02 
2.595900e-02 
2.647200e-02 
2.618500e-02 
2.635900e-02 
2.646100e-02 
2.513000e-02 
2.105600e-02 
1.386800e-02 
4.525000e-03 
-4.651000e-03 
-1.047900e-02 
-1.052800e-02 
-5.038000e-03 
2.676000e-03 
8.427000e-03 
9.069000e-03 
4.041000e-03 
-4.237000e-03 
-1.233200e-02 
-1.807200e-02 
-2.113300e-02 
-2.222300e-02 
-2.236100e-02 
-2.221500e-02 
-2.143700e-02 
-1.901800e-02 
-1.448800e-02 
-8.691000e-03 
-3.451000e-03 
-1.340000e-04 
1.122000e-03 
8.660000e-04 
2.830000e-04 
2.830000e-04 
9.320000e-04 
1.380000e-03 
3.850000e-04 
-2.016000e-03 
-3.553000e-03 
-1.616000e-03 
4.201000e-03 
1.124700e-02 
1.571400e-02 
1.544900e-02 
1.165600e-02 
7.536000e-03 
5.249000e-03 
4.964000e-03 
5.174000e-03 
3.750000e-03 
-1.910000e-04 
-5.522000e-03 
-1.039500e-02 
-1.351100e-02 
-1.470300e-02 
-1.528000e-02 
-1.669000e-02 
-1.926100e-02 
-2.235500e-02 
-2.499900e-02 
-2.627500e-02 
-2.556800e-02 
-2.293100e-02 
-1.957200e-02 
-1.752000e-02 
-1.761700e-02 
-1.876200e-02 
-1.917200e-02 
-1.757100e-02 
-1.386200e-02 
-9.302000e-03 
-5.257000e-03 
-1.809000e-03 
2.058000e-03 
7.839000e-03 
1.658200e-02 
2.760700e-02 
3.843100e-02 
4.552400e-02 
4.581600e-02 
3.863200e-02 
2.615800e-02 
1.198600e-02 
-9.870000e-04 
-1.178700e-02 
-2.092300e-02 
-2.869900e-02 
-3.392200e-02 
-3.454700e-02 
-2.951000e-02 
-1.964800e-02 
-7.817000e-03 
2.209000e-03 
7.742000e-03 
8.452000e-03 
6.230000e-03 
3.955000e-03 
3.187000e-03 
3.472000e-03 
3.793000e-03 
3.992000e-03 
5.230000e-03 
9.690000e-03 
1.883400e-02 
3.152900e-02 
4.409700e-02 
5.223500e-02 
5.311300e-02 
4.651800e-02 
3.499800e-02 
2.282100e-02 
1.416800e-02 
1.166000e-02 
1.517000e-02 
2.197400e-02 
2.855500e-02 
3.258900e-02 
3.348300e-02 
3.164000e-02 
2.760400e-02 
2.200500e-02 
1.577700e-02 
1.021600e-02 
6.833000e-03 
6.433000e-03 
8.812000e-03 
1.272200e-02 
1.573800e-02 
1.495600e-02 
8.734000e-03 
-1.846000e-03 
-1.346200e-02 
-2.243400e-02 
-2.681800e-02 
-2.667600e-02 
-2.304400e-02 
-1.715500e-02 
-9.952000e-03 
-2.271000e-03 
5.017000e-03 
1.080100e-02 
1.357000e-02 
1.215200e-02 
7.164000e-03 
7.600000e-04 
-3.851000e-03 
-3.605000e-03 
2.581000e-03 
1.284100e-02 
2.321600e-02 
3.000300e-02 
3.133400e-02 
2.701600e-02 
1.875400e-02 
9.949000e-03 
3.833000e-03 
1.418000e-03 
1.123000e-03 
2.010000e-04 
-2.862000e-03 
-7.578000e-03 
-1.276500e-02 
-1.791400e-02 
-2.355300e-02 
-3.014900e-02 
-3.674900e-02 
-4.128100e-02 
-4.147300e-02 
-3.583400e-02 
-2.480200e-02 
-1.136100e-02 
7.900000e-05 
5.610000e-03 
3.989000e-03 
-3.178000e-03 
-1.274200e-02 
-2.146600e-02 
-2.721100e-02 
-2.955500e-02 
-2.934900e-02 
-2.751700e-02 
-2.479400e-02 
-2.209900e-02 
-2.037600e-02 
-2.006500e-02 
-2.115200e-02 
-2.354000e-02 
-2.722800e-02 
-3.184900e-02 
-3.646000e-02 
-3.986100e-02 
-4.118200e-02 
-4.028100e-02 
-3.798400e-02 
-3.564700e-02 
-3.450700e-02 
-3.507300e-02 
-3.659100e-02 
-3.734400e-02 
-3.572800e-02 
-3.130000e-02 
-2.485400e-02 
-1.784200e-02 
-1.177200e-02 
-7.794000e-03 
-6.609000e-03 
-7.852000e-03 
-1.031100e-02 
-1.249800e-02 
-1.283400e-02 
-1.018800e-02 
-4.504000e-03 
2.810000e-03 
9.545000e-03 
1.361600e-02 
1.329100e-02 
7.858000e-03 
-1.425000e-03 
-1.144700e-02 
-1.838800e-02 
-1.925900e-02 
-1.345100e-02 
-3.154000e-03 
8.411000e-03 
1.879700e-02 
2.727400e-02 
3.404300e-02 
3.870100e-02 
4.004000e-02 
3.737700e-02 
3.171300e-02 
2.562900e-02 
2.234700e-02 
2.437700e-02 
3.269900e-02 
4.539600e-02 
5.798300e-02 
6.531900e-02 
6.389300e-02 
5.314500e-02 
3.523300e-02 
1.410700e-02 
-5.360000e-03 
-1.816500e-02 
-2.070200e-02 
-1.228800e-02 
4.674000e-03 
2.527900e-02 
4.377200e-02 
5.511400e-02 
5.675800e-02 
4.938200e-02 
3.578200e-02 
1.989700e-02 
5.419000e-03 
-5.346000e-03 
-1.200300e-02 
-1.557800e-02 
-1.760800e-02 
-1.939700e-02 
-2.101600e-02 
-2.171000e-02 
-2.138800e-02 
-2.116500e-02 
-2.286000e-02 
-2.810500e-02 
-3.713500e-02 
-4.867000e-02 
-6.017700e-02 
-6.826100e-02 
-7.014800e-02 
-6.525400e-02 
-5.531600e-02 
-4.320000e-02 
-3.131500e-02 
-2.147700e-02 
-1.456000e-02 
-9.639000e-03 
-4.801000e-03 
1.526000e-03 
9.946000e-03 
1.979500e-02 
2.967600e-02 
3.887100e-02 
4.753400e-02 
5.570100e-02 
6.282200e-02 
6.803000e-02 
7.085200e-02 
7.166000e-02 
7.134100e-02 
7.047900e-02 
6.897300e-02 
6.618500e-02 
6.152700e-02 
5.478000e-02 
4.617600e-02 
3.642400e-02 
2.622300e-02 
1.604700e-02 
6.190000e-03 
-3.817000e-03 
-1.499300e-02 
-2.779400e-02 
-4.101300e-02 
-5.178200e-02 
-5.712700e-02 
-5.545500e-02 
-4.750000e-02 
-3.621400e-02 
-2.506000e-02 
-1.618800e-02 
-9.408000e-03 
-2.295000e-03 
8.023000e-03 
2.317500e-02 
4.254300e-02 
6.318200e-02 
8.122300e-02 
9.359200e-02 
9.914900e-02 
9.901800e-02 
9.626600e-02 
9.422500e-02 
9.494900e-02 
9.887700e-02 
1.050580e-01 
1.118530e-01 
1.170430e-01 
1.183020e-01 
1.144930e-01 
1.059640e-01 
9.350800e-02 
7.838200e-02 
6.226800e-02 
4.722000e-02 
3.536400e-02 
2.830100e-02 
2.659400e-02 
2.919600e-02 
3.305400e-02 
3.394400e-02 
2.828500e-02 
1.520600e-02 
-2.993000e-03 
-2.229000e-02 
-3.899600e-02 
-5.100600e-02 
-5.749200e-02 
-5.847400e-02 
-5.521900e-02 
-5.051700e-02 
-4.810900e-02 
-5.121200e-02 
-6.113500e-02 
-7.767800e-02 
-9.948000e-02 
-1.242970e-01 
-1.490990e-01 
-1.697660e-01 
-1.814590e-01 
-1.799920e-01 
-1.637610e-01 
-1.354130e-01 
-1.012740e-01 
-6.933700e-02 
-4.684900e-02 
-3.789000e-02 
-4.227000e-02 
-5.553400e-02 
-7.045000e-02 
-8.074800e-02 
-8.416800e-02 
-8.220400e-02 
-7.879900e-02 
-7.756400e-02 
-7.947200e-02 
-8.192000e-02 
-7.987000e-02 
-6.886900e-02 
-4.688500e-02 
-1.499400e-02 
2.253900e-02 
5.933400e-02 
8.933200e-02 
1.088860e-01 
1.172240e-01 
1.156160e-01 
1.062310e-01 
9.183600e-02 
7.586800e-02 
6.154100e-02 
5.080300e-02 
4.415400e-02 
4.082800e-02 
3.897600e-02 
3.690900e-02 
3.374500e-02 
2.998700e-02 
2.787400e-02 
2.986200e-02 
3.637500e-02 
4.512700e-02 
5.278200e-02 
5.687100e-02 
5.612300e-02 
5.074400e-02 
4.271900e-02 
3.481500e-02 
2.918100e-02 
2.640600e-02 
2.545700e-02 
2.457300e-02 
2.169100e-02 
1.427900e-02 
-4.340000e-04 
-2.434100e-02 
-5.715400e-02 
-9.582500e-02 
-1.357320e-01 
-1.721000e-01 
-2.008350e-01 
-2.191430e-01 
-2.263290e-01 
-2.243920e-01 
-2.176470e-01 
-2.109390e-01 
-2.074490e-01 
-2.081430e-01 
-2.123210e-01 
-2.187110e-01 
-2.262160e-01 
-2.337730e-01 
-2.386380e-01 
-2.347450e-01 
-2.156670e-01 
-1.791960e-01 
-1.293730e-01 
-7.496400e-02 
-2.554500e-02 
1.196100e-02 
3.457800e-02 
4.383100e-02 
4.447000e-02 
4.225100e-02 
4.250100e-02 
4.924600e-02 
6.464000e-02 
8.835700e-02 
1.178500e-01 
1.495520e-01 
1.797750e-01 
2.054430e-01 
2.247280e-01 
2.369030e-01 
2.426090e-01 
2.432510e-01 
2.400620e-01 
2.334310e-01 
2.229350e-01 
2.079860e-01 
1.889250e-01 
1.677780e-01 
1.481770e-01 
1.338620e-01 
1.272960e-01 
1.286700e-01 
1.355840e-01 
1.443460e-01 
1.517850e-01 
1.549420e-01 
1.515090e-01 
1.411200e-01 
1.248210e-01 
1.043570e-01 
8.178400e-02 
5.927600e-02 
3.842000e-02 
2.001600e-02 
4.187000e-03 
-9.782000e-03 
-2.331100e-02 
-3.763700e-02 
-5.354900e-02 
-7.080500e-02 
-8.723700e-02 
-9.971100e-02 
-1.060850e-01 
-1.061870e-01 
-1.016070e-01 
-9.486700e-02 
-8.802900e-02 
-8.161000e-02 
-7.471700e-02 
-6.617500e-02 
-5.529500e-02 
-4.239100e-02 
-2.933700e-02 
-1.890900e-02 
-1.353400e-02 
-1.427400e-02 
-1.959100e-02 
-2.567500e-02 
-2.831400e-02 
-2.399800e-02 
-1.148100e-02 
7.282000e-03 
2.820200e-02 
4.675300e-02 
5.897100e-02 
6.171300e-02 
5.285900e-02 
3.182300e-02 
4.260000e-04 
-3.696200e-02 
-7.441800e-02 
-1.059430e-01 
-1.269820e-01 
-1.353280e-01 
-1.314550e-01 
-1.180980e-01 
-9.953900e-02 
-8.088900e-02 
-6.730000e-02 
-6.215500e-02 
-6.548600e-02 
-7.455300e-02 
-8.552200e-02 
-9.480400e-02 
-9.979700e-02 
-9.977100e-02 
-9.585000e-02 
-8.993500e-02 
-8.357800e-02 
-7.743200e-02 
-7.148600e-02 
-6.575100e-02 
-6.057100e-02 
-5.680000e-02 
-5.526100e-02 
-5.642300e-02 
-6.022600e-02 
-6.609700e-02 
-7.342300e-02 
-8.154700e-02 
-8.946900e-02 
-9.611600e-02 
-9.962700e-02 
-9.633600e-02 
-8.188300e-02 
-5.431500e-02 
-1.597800e-02 
2.682500e-02 
6.584300e-02 
9.385400e-02 
1.070140e-01 
1.054480e-01 
9.233600e-02 
7.294500e-02 
5.314900e-02 
3.767900e-02 
2.876700e-02 
2.646900e-02 
2.946300e-02 
3.551300e-02 
4.184200e-02 
4.570200e-02 
4.463200e-02 
3.720400e-02 
2.283300e-02 
1.841000e-03 
-2.389500e-02 
-5.128100e-02 
-7.716000e-02 
-9.847300e-02 
-1.128240e-01 
-1.191070e-01 
-1.177190e-01 
-1.104530e-01 
-1.002430e-01 
-9.052700e-02 
-8.359500e-02 
-7.942900e-02 
-7.600500e-02 
-7.035100e-02 
-6.006200e-02 
-4.427800e-02 
-2.376000e-02 
-3.180000e-04 
2.414400e-02 
4.801800e-02 
7.024800e-02 
9.081400e-02 
1.104820e-01 
1.299120e-01 
1.486340e-01 
1.653580e-01 
1.786700e-01 
1.873590e-01 
1.906300e-01 
1.882090e-01 
1.804580e-01 
1.693090e-01 
1.576710e-01 
1.481330e-01 
1.418930e-01 
1.385200e-01 
1.362790e-01 
1.328050e-01 
1.251840e-01 
1.112590e-01 
9.041300e-02 
6.342000e-02 
3.245600e-02 
3.580000e-04 
-3.032800e-02 
-5.770200e-02 
-8.029300e-02 
-9.669300e-02 
-1.055340e-01 
-1.059030e-01 
-9.835800e-02 
-8.502700e-02 
-6.886900e-02 
-5.306700e-02 
-4.028500e-02 
-3.119000e-02 
-2.398600e-02 
-1.550800e-02 
-2.657000e-03 
1.639100e-02 
4.125200e-02 
6.922100e-02 
9.624700e-02 
1.181040e-01 
1.309310e-01 
1.323410e-01 
1.229120e-01 
1.051480e-01 
8.249600e-02 
5.870700e-02 
3.691900e-02 
1.916500e-02 
6.502000e-03 
-7.780000e-04 
-3.047000e-03 
-1.104000e-03 
3.794000e-03 
9.467000e-03 
1.324200e-02 
1.266500e-02 
6.204000e-03 
-5.973000e-03 
-2.233800e-02 
-4.032500e-02 
-5.683900e-02 
-6.916600e-02 
-7.561800e-02 
-7.603400e-02 
-7.132200e-02 
-6.257600e-02 
-5.098400e-02 
-3.784500e-02 
-2.461000e-02 
-1.308500e-02 
-4.854000e-03 
-5.620000e-04 
2.330000e-04 
-8.730000e-04 
-1.808000e-03 
-3.510000e-04 
5.411000e-03 
1.579900e-02 
2.903000e-02 
4.174600e-02 
4.992200e-02 
4.986700e-02 
3.963600e-02 
2.034100e-02 
-4.085000e-03 
-2.835300e-02 
-4.798600e-02 
-6.095500e-02 
-6.709600e-02 
-6.703000e-02 
-6.213500e-02 
-5.438500e-02 
-4.573500e-02 
-3.800800e-02 
-3.268500e-02 
-3.090700e-02 
-3.315900e-02 
-3.867300e-02 
-4.521200e-02 
-5.003400e-02 
-5.040500e-02 
-4.351600e-02 
-2.751800e-02 
-2.562000e-03 
2.867900e-02 
6.169900e-02 
9.105500e-02 
1.117650e-01 
1.208910e-01 
1.186080e-01 
1.080630e-01 
9.400700e-02 
8.110600e-02 
7.301300e-02 
7.170000e-02 
7.683400e-02 
8.576800e-02 
9.452700e-02 
9.922500e-02 
9.716200e-02 
8.735100e-02 
7.041400e-02 
4.810800e-02 
2.264300e-02 
-3.175000e-03 
-2.623100e-02 
-4.367900e-02 
-5.334700e-02 
-5.412100e-02 
-4.726200e-02 
-3.660600e-02 
-2.715600e-02 
-2.319500e-02 
-2.664700e-02 
-3.624300e-02 
-4.827200e-02 
-5.788700e-02 
-6.076100e-02 
-5.546300e-02 
-4.382700e-02 
-2.885600e-02 
-1.368900e-02 
-6.010000e-04 
9.754000e-03 
1.858600e-02 
2.771500e-02 
3.790900e-02 
4.844600e-02 
5.734900e-02 
6.246800e-02 
6.297700e-02 
5.982800e-02 
5.511400e-02 
5.135100e-02 
5.089000e-02 
5.495500e-02 
6.318400e-02 
7.391700e-02 
8.473300e-02 
9.285000e-02 
9.542700e-02 
9.041200e-02 
7.730100e-02 
5.711000e-02 
3.218700e-02 
5.575000e-03 
-1.960400e-02 
-4.021000e-02 
-5.418600e-02 
-6.139300e-02 
-6.325000e-02 
-6.218600e-02 
-6.116900e-02 
-6.275200e-02 
-6.831400e-02 
-7.764000e-02 
-8.855300e-02 
-9.773600e-02 
-1.026340e-01 
-1.024390e-01 
-9.790600e-02 
-9.056700e-02 
-8.223100e-02 
-7.466700e-02 
-6.852200e-02 
-6.361700e-02 
-5.969700e-02 
-5.678800e-02 
-5.523400e-02 
-5.518400e-02 
-5.672000e-02 
-5.954600e-02 
-6.247600e-02 
-6.342900e-02 
-6.036700e-02 
-5.239300e-02 
-4.054500e-02 
-2.729400e-02 
-1.572100e-02 
-9.039000e-03 
-9.259000e-03 
-1.612200e-02 
-2.750100e-02 
-4.034100e-02 
-5.163000e-02 
-5.928800e-02 
-6.246500e-02 
-6.122100e-02 
-5.647200e-02 
-4.901600e-02 
-3.891500e-02 
-2.635900e-02 
-1.232600e-02 
1.469000e-03 
1.315200e-02 
2.116400e-02 
2.478200e-02 
2.452700e-02 
2.217400e-02 
2.026100e-02 
2.075100e-02 
2.432400e-02 
3.034100e-02 
3.691700e-02 
4.206400e-02 
4.432700e-02 
4.318300e-02 
3.929300e-02 
3.438300e-02 
3.028200e-02 
2.845300e-02 
2.981900e-02 
3.428200e-02 
4.059400e-02 
4.709000e-02 
5.221700e-02 
5.530500e-02 
5.666200e-02 
5.685000e-02 
5.626200e-02 
5.508600e-02 
5.325400e-02 
5.104600e-02 
4.959300e-02 
5.061000e-02 
5.531300e-02 
6.380500e-02 
7.505000e-02 
8.725700e-02 
9.800800e-02 
1.048800e-01 
1.062400e-01 
1.018650e-01 
9.304600e-02 
8.195900e-02 
7.091300e-02 
6.190100e-02 
5.634600e-02 
5.490300e-02 
5.755500e-02 
6.355600e-02 
7.181100e-02 
8.071600e-02 
8.847300e-02 
9.348900e-02 
9.443300e-02 
9.063800e-02 
8.171500e-02 
6.707200e-02 
4.642200e-02 
2.100400e-02 
-5.884000e-03 
-3.000900e-02 
-4.721000e-02 
-5.447200e-02 
-5.188800e-02 
-4.278600e-02 
-3.190700e-02 
-2.327600e-02 
-1.973900e-02 
-2.276000e-02 
-3.153100e-02 
-4.355600e-02 
-5.538200e-02 
-6.359500e-02 
-6.646500e-02 
-6.394600e-02 
-5.749000e-02 
-4.959000e-02 
-4.289600e-02 
-3.945400e-02 
-4.008400e-02 
-4.440800e-02 
-5.128500e-02 
-5.899500e-02 
-6.593900e-02 
-7.121800e-02 
-7.457200e-02 
-7.620500e-02 
-7.670000e-02 
-7.661900e-02 
-7.648700e-02 
-7.642500e-02 
-7.630100e-02 
-7.583200e-02 
-7.415200e-02 
-7.050700e-02 
-6.472200e-02 
-5.691500e-02 
-4.788100e-02 
-3.910600e-02 
-3.231700e-02 
-2.864900e-02 
-2.816100e-02 
-2.994400e-02 
-3.278500e-02 
-3.606400e-02 
-3.933400e-02 
-4.207100e-02 
-4.391100e-02 
-4.433200e-02 
-4.234600e-02 
-3.711400e-02 
-2.916100e-02 
-2.005800e-02 
-1.188400e-02 
-6.519000e-03 
-4.942000e-03 
-6.962000e-03 
-1.115300e-02 
-1.523200e-02 
-1.712100e-02 
-1.585900e-02 
-1.192500e-02 
-6.928000e-03 
-3.160000e-03 
-2.984000e-03 
-7.463000e-03 
-1.555900e-02 
-2.529100e-02 
-3.391200e-02 
-3.838800e-02 
-3.674000e-02 
-2.876800e-02 
-1.633800e-02 
-2.248000e-03 
1.116400e-02 
2.234100e-02 
3.077600e-02 
3.682800e-02 
4.141300e-02 
4.566600e-02 
5.040200e-02 
5.602700e-02 
6.240300e-02 
6.899100e-02 
7.528400e-02 
8.065500e-02 
8.386900e-02 
8.404000e-02 
8.104000e-02 
7.499000e-02 
6.662000e-02 
5.722400e-02 
4.803700e-02 
4.015000e-02 
3.412600e-02 
3.024900e-02 
2.844300e-02 
2.865100e-02 
3.035900e-02 
3.235200e-02 
3.321600e-02 
3.192900e-02 
2.827800e-02 
2.281100e-02 
1.636600e-02 
9.882000e-03 
4.718000e-03 
2.122000e-03 
2.927000e-03 
7.443000e-03 
1.494200e-02 
2.419000e-02 
3.409700e-02 
4.350300e-02 
5.081900e-02 
5.417400e-02 
5.203300e-02 
4.395900e-02 
3.104000e-02 
1.577900e-02 
1.028000e-03 
-1.090800e-02 
-1.841100e-02 
-2.089700e-02 
-1.957000e-02 
-1.655700e-02 
-1.386400e-02 
-1.294300e-02 
-1.448100e-02 
-1.799700e-02 
-2.204700e-02 
-2.541600e-02 
-2.793600e-02 
-3.004400e-02 
-3.221300e-02 
-3.522700e-02 
-3.974500e-02 
-4.564200e-02 
-5.222000e-02 
-5.819100e-02 
-6.205000e-02 
-6.310600e-02 
-6.184700e-02 
-5.993300e-02 
-5.942800e-02 
-6.188500e-02 
-6.757900e-02 
-7.561200e-02 
-8.398600e-02 
-9.005600e-02 
-9.168200e-02 
-8.786400e-02 
-7.910600e-02 
-6.714500e-02 
-5.426300e-02 
-4.273500e-02 
-3.468100e-02 
-3.141200e-02 
-3.255300e-02 
-3.641300e-02 
-4.058500e-02 
-4.276800e-02 
-4.170800e-02 
-3.751500e-02 
-3.118700e-02 
-2.394900e-02 
-1.676100e-02 
-9.939000e-03 
-3.029000e-03 
4.732000e-03 
1.330200e-02 
2.131100e-02 
2.680500e-02 
2.844100e-02 
2.603000e-02 
2.062600e-02 
1.421100e-02 
9.371000e-03 
8.232000e-03 
1.132600e-02 
1.788000e-02 
2.672400e-02 
3.634300e-02 
4.511900e-02 
5.146000e-02 
5.383200e-02 
5.125800e-02 
4.304000e-02 
2.941600e-02 
1.269700e-02 
-3.157000e-03 
-1.405200e-02 
-1.733000e-02 
-1.261800e-02 
-2.047000e-03 
1.021900e-02 
1.911500e-02 
2.082300e-02 
1.430000e-02 
1.191000e-03 
-1.502000e-02 
-3.030500e-02 
-4.108000e-02 
-4.524200e-02 
-4.303500e-02 
-3.652700e-02 
-2.810800e-02 
-1.969100e-02 
-1.235400e-02 
-6.555000e-03 
-2.225000e-03 
1.150000e-03 
4.374000e-03 
8.035000e-03 
1.247400e-02 
1.745800e-02 
2.203300e-02 
2.518700e-02 
2.648600e-02 
2.625600e-02 
2.556700e-02 
2.601800e-02 
2.863700e-02 
3.341900e-02 
3.927300e-02 
4.407900e-02 
4.546100e-02 
4.154900e-02 
3.188700e-02 
1.808600e-02 
3.715000e-03 
-7.087000e-03 
-1.134000e-02 
-7.883000e-03 
1.789000e-03 
1.389600e-02 
2.439900e-02 
3.032300e-02 
3.015500e-02 
2.413700e-02 
1.394900e-02 
1.917000e-03 
-9.630000e-03 
-1.895500e-02 
-2.562600e-02 
-2.995600e-02 
-3.250900e-02 
-3.387500e-02 
-3.416700e-02 
-3.321700e-02 
-3.121600e-02 
-2.865500e-02 
-2.603600e-02 
-2.326300e-02 
-1.995300e-02 
-1.614200e-02 
-1.220400e-02 
-8.831000e-03 
-6.722000e-03 
-6.803000e-03 
-9.505000e-03 
-1.387000e-02 
-1.802700e-02 
-2.009000e-02 
-1.929700e-02 
-1.644900e-02 
-1.328300e-02 
-1.157400e-02 
-1.242700e-02 
-1.586000e-02 
-2.063400e-02 
-2.483400e-02 
-2.692800e-02 
-2.645900e-02 
-2.389400e-02 
-2.023900e-02 
-1.601000e-02 
-1.092500e-02 
-4.463000e-03 
3.861000e-03 
1.356800e-02 
2.332300e-02 
3.140800e-02 
3.637300e-02 
3.769500e-02 
3.592100e-02 
3.253100e-02 
2.980700e-02 
3.002500e-02 
3.428800e-02 
4.215000e-02 
5.185300e-02 
6.127400e-02 
6.878200e-02 
7.371700e-02 
7.578000e-02 
7.503900e-02 
7.173800e-02 
6.605800e-02 
5.858200e-02 
5.004800e-02 
4.101500e-02 
3.179700e-02 
2.268000e-02 
1.412900e-02 
6.870000e-03 
1.776000e-03 
-8.270000e-04 
-1.800000e-03 
-2.406000e-03 
-3.717000e-03 
-6.488000e-03 
-1.111100e-02 
-1.715300e-02 
-2.348000e-02 
-2.888200e-02 
-3.231300e-02 
-3.340500e-02 
-3.294100e-02 
-3.193300e-02 
-3.079900e-02 
-2.955900e-02 
-2.737700e-02 
-2.342300e-02 
-1.779300e-02 
-1.099800e-02 
-3.759000e-03 
3.106000e-03 
8.888000e-03 
1.364900e-02 
1.789000e-02 
2.188600e-02 
2.597300e-02 
3.029200e-02 
3.445000e-02 
3.815100e-02 
4.151400e-02 
4.411500e-02 
4.533800e-02 
4.514000e-02 
4.364900e-02 
4.071900e-02 
3.641300e-02 
3.103800e-02 
2.446900e-02 
1.677800e-02 
8.861000e-03 
1.772000e-03 
-3.548000e-03 
-6.419000e-03 
-6.848000e-03 
-5.845000e-03 
-5.050000e-03 
-5.756000e-03 
-8.717000e-03 
-1.426000e-02 
-2.169100e-02 
-2.918500e-02 
-3.500300e-02 
-3.826400e-02 
-3.887600e-02 
-3.727100e-02 
-3.391500e-02 
-2.921800e-02 
-2.380000e-02 
-1.835400e-02 
-1.390000e-02 
-1.175500e-02 
-1.287500e-02 
-1.753500e-02 
-2.496100e-02 
-3.354300e-02 
-4.153100e-02 
-4.727300e-02 
-4.933700e-02 
-4.697200e-02 
-4.064500e-02 
-3.228300e-02 
-2.418900e-02 
-1.800900e-02 
-1.482900e-02 
-1.472500e-02 
-1.667300e-02 
-1.926400e-02 
-2.156100e-02 
-2.307700e-02 
-2.336100e-02 
-2.204700e-02 
-1.892300e-02 
-1.376000e-02 
-6.724000e-03 
1.576000e-03 
1.016000e-02 
1.736000e-02 
2.151400e-02 
2.222200e-02 
2.045300e-02 
1.776400e-02 
1.569000e-02 
1.528900e-02 
1.664300e-02 
1.868500e-02 
2.005900e-02 
2.003600e-02 
1.884500e-02 
1.761000e-02 
1.768200e-02 
1.976000e-02 
2.352600e-02 
2.789800e-02 
3.157200e-02 
3.306200e-02 
3.117700e-02 
2.613500e-02 
1.945100e-02 
1.346000e-02 
1.019400e-02 
1.073100e-02 
1.497700e-02 
2.139200e-02 
2.715800e-02 
2.965000e-02 
2.762400e-02 
2.122900e-02 
1.195700e-02 
2.162000e-03 
-5.697000e-03 
-1.028700e-02 
-1.159100e-02 
-1.024300e-02 
-7.175000e-03 
-3.492000e-03 
-1.560000e-04 
2.036000e-03 
2.794000e-03 
1.902000e-03 
-9.530000e-04 
-5.793000e-03 
-1.232800e-02 
-1.996700e-02 
-2.795100e-02 
-3.519800e-02 
-4.035700e-02 
-4.226100e-02 
-4.030600e-02 
-3.500500e-02 
-2.762000e-02 
-1.934200e-02 
-1.185100e-02 
-7.024000e-03 
-5.957000e-03 
-8.538000e-03 
-1.368900e-02 
-1.988000e-02 
-2.565300e-02 
-2.953800e-02 
-3.046000e-02 
-2.840500e-02 
-2.437400e-02 
-1.982300e-02 
-1.581000e-02 
-1.304700e-02 
-1.201300e-02 
-1.276600e-02 
-1.449300e-02 
-1.586800e-02 
-1.593800e-02 
-1.434000e-02 
-1.116000e-02 
-6.959000e-03 
-2.695000e-03 
3.360000e-04 
1.015000e-03 
-9.990000e-04 
-4.678000e-03 
-8.454000e-03 
-1.135800e-02 
-1.335600e-02 
-1.463100e-02 
-1.528800e-02 
-1.541700e-02 
-1.471000e-02 
-1.228600e-02 
-7.211000e-03 
3.080000e-04 
8.679000e-03 
1.584600e-02 
2.005300e-02 
2.040400e-02 
1.756900e-02 
1.359600e-02 
1.104100e-02 
1.181300e-02 
1.635700e-02 
2.369000e-02 
3.192100e-02 
3.898400e-02 
4.358000e-02 
4.510400e-02 
4.369500e-02 
4.022700e-02 
3.560100e-02 
3.013100e-02 
2.418700e-02 
1.862200e-02 
1.472800e-02 
1.372400e-02 
1.599400e-02 
2.082100e-02 
2.635800e-02 
3.029600e-02 
3.068900e-02 
2.648300e-02 
1.815600e-02 
7.826000e-03 
-2.055000e-03 
-9.453000e-03 
-1.315700e-02 
-1.310000e-02 
-9.834000e-03 
-4.381000e-03 
1.821000e-03 
7.287000e-03 
1.071600e-02 
1.130900e-02 
8.851000e-03 
3.782000e-03 
-2.925000e-03 
-9.881000e-03 
-1.518900e-02 
-1.653500e-02 
-1.284900e-02 
-4.929000e-03 
5.257000e-03 
1.495300e-02 
2.126400e-02 
2.215700e-02 
1.725300e-02 
8.351000e-03 
-1.221000e-03 
-8.408000e-03 
-1.178800e-02 
-1.195000e-02 
-1.083700e-02 
-1.035500e-02 
-1.162900e-02 
-1.466500e-02 
-1.856000e-02 
-2.234200e-02 
-2.540900e-02 
-2.786900e-02 
-3.075300e-02 
-3.498400e-02 
-4.064600e-02 
-4.686800e-02 
-5.171100e-02 
-5.378100e-02 
-5.261300e-02 
-4.831300e-02 
-4.169000e-02 
-3.424100e-02 
-2.757000e-02 
-2.270100e-02 
-1.987500e-02 
-1.837400e-02 
-1.732600e-02 
-1.626100e-02 
-1.520000e-02 
-1.427500e-02 
-1.362500e-02 
-1.337300e-02 
-1.323500e-02 
-1.241600e-02 
-1.024400e-02 
-6.829000e-03 
-3.136000e-03 
-2.530000e-04 
1.244000e-03 
7.190000e-04 
-1.960000e-03 
-5.739000e-03 
-9.202000e-03 
-1.137900e-02 
-1.187800e-02 
-1.112600e-02 
-1.004200e-02 
-9.328000e-03 
-9.346000e-03 
-1.009700e-02 
-1.100700e-02 
-1.117300e-02 
-9.938000e-03 
-7.047000e-03 
-2.520000e-03 
3.365000e-03 
1.016200e-02 
1.688100e-02 
2.221800e-02 
2.533200e-02 
2.623000e-02 
2.505600e-02 
2.216400e-02 
1.835400e-02 
1.483800e-02 
1.267100e-02 
1.239900e-02 
1.432000e-02 
1.857100e-02 
2.447400e-02 
3.048600e-02 
3.493200e-02 
3.672700e-02 
3.551200e-02 
3.174700e-02 
2.680400e-02 
2.244000e-02 
2.001600e-02 
1.992500e-02 
2.160100e-02 
2.393000e-02 
2.569900e-02 
2.617400e-02 
2.531800e-02 
2.381500e-02 
2.275000e-02 
2.287000e-02 
2.424900e-02 
2.631600e-02 
2.829000e-02 
2.966400e-02 
3.019000e-02 
2.971100e-02 
2.811900e-02 
2.553400e-02 
2.207500e-02 
1.790400e-02 
1.367900e-02 
1.027000e-02 
8.531000e-03 
8.643000e-03 
9.896000e-03 
1.117500e-02 
1.124700e-02 
9.149000e-03 
4.477000e-03 
-2.362000e-03 
-1.017200e-02 
-1.743100e-02 
-2.283700e-02 
-2.561000e-02 
-2.538400e-02 
-2.247100e-02 
-1.799200e-02 
-1.284000e-02 
-7.669000e-03 
-3.209000e-03 
-2.330000e-04 
8.750000e-04 
3.640000e-04 
-1.308000e-03 
-3.207000e-03 
-4.513000e-03 
-4.473000e-03 
-2.527000e-03 
1.103000e-03 
5.631000e-03 
1.014800e-02 
1.388900e-02 
1.615700e-02 
1.653300e-02 
1.505500e-02 
1.182000e-02 
6.968000e-03 
1.050000e-03 
-5.232000e-03 
-1.115200e-02 
-1.594900e-02 
-1.896300e-02 
-1.996100e-02 
-1.943500e-02 
-1.812000e-02 
-1.691200e-02 
-1.692000e-02 
-1.874800e-02 
-2.205100e-02 
-2.597900e-02 
-2.974700e-02 
-3.256400e-02 
-3.383500e-02 
-3.330800e-02 
-3.098400e-02 
-2.746200e-02 
-2.330300e-02 
-1.848900e-02 
-1.314500e-02 
-7.726000e-03 
-2.384000e-03 
2.554000e-03 
6.135000e-03 
7.350000e-03 
5.715000e-03 
1.679000e-03 
-3.940000e-03 
-9.969000e-03 
-1.500800e-02 
-1.798200e-02 
-1.829900e-02 
-1.552500e-02 
-9.805000e-03 
-2.125000e-03 
6.041000e-03 
1.318700e-02 
1.802400e-02 
1.972500e-02 
1.809300e-02 
1.354100e-02 
7.294000e-03 
1.026000e-03 
-3.832000e-03 
-6.109000e-03 
-5.070000e-03 
-8.280000e-04 
5.766000e-03 
1.327000e-02 
1.995900e-02 
2.434000e-02 
2.552700e-02 
2.341200e-02 
1.875800e-02 
1.323600e-02 
8.425000e-03 
5.353000e-03 
4.628000e-03 
5.761000e-03 
7.756000e-03 
9.872000e-03 
1.167700e-02 
1.296300e-02 
1.358700e-02 
1.367300e-02 
1.344500e-02 
1.301700e-02 
1.281900e-02 
1.350700e-02 
1.528600e-02 
1.834200e-02 
2.260500e-02 
2.729800e-02 
3.154100e-02 
3.464800e-02 
3.621600e-02 
3.637500e-02 
3.577700e-02 
3.521300e-02 
3.518100e-02 
3.596900e-02 
3.758500e-02 
3.945800e-02 
4.089700e-02 
4.152300e-02 
4.101900e-02 
3.939500e-02 
3.675000e-02 
3.314500e-02 
2.903600e-02 
2.516300e-02 
2.209300e-02 
1.992200e-02 
1.835500e-02 
1.718000e-02 
1.613200e-02 
1.452000e-02 
1.182000e-02 
8.051000e-03 
3.591000e-03 
-1.154000e-03 
-5.739000e-03 
-9.325000e-03 
-1.121400e-02 
-1.142100e-02 
-1.047200e-02 
-8.852000e-03 
-6.811000e-03 
-4.687000e-03 
-3.511000e-03 
-4.095000e-03 
-6.294000e-03 
-9.627000e-03 
-1.350400e-02 
-1.695200e-02 
-1.893300e-02 
-1.854400e-02 
-1.530400e-02 
-9.907000e-03 
-4.046000e-03 
4.500000e-04 
2.163000e-03 
4.800000e-04 
-4.355000e-03 
-1.141600e-02 
-1.929100e-02 
-2.640000e-02 
-3.101200e-02 
-3.198900e-02 
-2.946600e-02 
-2.454400e-02 
-1.857500e-02 
-1.293000e-02 
-9.106000e-03 
-7.958000e-03 
-9.109000e-03 
-1.132900e-02 
-1.354700e-02 
-1.503000e-02 
-1.498800e-02 
-1.304600e-02 
-9.555000e-03 
-4.956000e-03 
2.200000e-05 
4.542000e-03 
8.243000e-03 
1.084400e-02 
1.195500e-02 
1.141700e-02 
9.320000e-03 
6.253000e-03 
3.321000e-03 
1.167000e-03 
-2.850000e-04 
-1.340000e-03 
-2.427000e-03 
-4.151000e-03 
-6.885000e-03 
-1.046900e-02 
-1.427200e-02 
-1.750200e-02 
-1.957500e-02 
-2.039900e-02 
-2.029900e-02 
-2.007700e-02 
-2.051700e-02 
-2.173900e-02 
-2.321600e-02 
-2.443400e-02 
-2.515200e-02 
-2.554800e-02 
-2.600200e-02 
-2.646600e-02 
-2.678400e-02 
-2.724900e-02 
-2.810600e-02 
-2.911600e-02 
-3.007300e-02 
-3.099300e-02 
-3.148300e-02 
-3.097700e-02 
-2.938300e-02 
-2.693600e-02 
-2.405100e-02 
-2.101600e-02 
-1.807000e-02 
-1.556400e-02 
-1.352900e-02 
-1.178200e-02 
-1.018700e-02 
-8.656000e-03 
-7.261000e-03 
-6.202000e-03 
-5.507000e-03 
-4.963000e-03 
-4.137000e-03 
-2.717000e-03 
-9.930000e-04 
2.010000e-04 
2.500000e-05 
-1.850000e-03 
-5.292000e-03 
-9.757000e-03 
-1.445900e-02 
-1.834500e-02 
-2.060700e-02 
-2.114100e-02 
-2.042100e-02 
-1.867800e-02 
-1.616200e-02 
-1.352300e-02 
-1.132200e-02 
-9.974000e-03 
-9.708000e-03 
-1.046700e-02 
-1.223200e-02 
-1.500000e-02 
-1.848800e-02 
-2.201100e-02 
-2.477700e-02 
-2.620500e-02 
-2.625400e-02 
-2.511800e-02 
-2.305600e-02 
-2.069300e-02 
-1.867300e-02 
-1.744100e-02 
-1.720200e-02 
-1.801300e-02 
-1.940800e-02 
-2.059300e-02 
-2.075900e-02 
-1.951700e-02 
-1.704500e-02 
-1.389300e-02 
-1.080100e-02 
-8.587000e-03 
-8.020000e-03 
-9.189000e-03 
-1.149500e-02 
-1.423100e-02 
-1.643000e-02 
-1.709800e-02 
-1.582500e-02 
-1.302900e-02 
-9.875000e-03 
-7.842000e-03 
-7.787000e-03 
-9.767000e-03 
-1.325400e-02 
-1.733200e-02 
-2.106400e-02 
-2.337200e-02 
-2.343100e-02 
-2.112900e-02 
-1.685900e-02 
-1.119600e-02 
-4.941000e-03 
8.080000e-04 
5.058000e-03 
7.368000e-03 
7.994000e-03 
7.653000e-03 
7.378000e-03 
8.186000e-03 
1.073000e-02 
1.485300e-02 
1.977800e-02 
2.472600e-02 
2.932400e-02 
3.343000e-02 
3.706200e-02 
4.062600e-02 
4.464200e-02 
4.911100e-02 
5.337200e-02 
5.674100e-02 
5.886200e-02 
5.958900e-02 
5.896100e-02 
5.724200e-02 
5.485400e-02 
5.246000e-02 
5.052900e-02 
4.919100e-02 
4.836600e-02 
4.789400e-02 
4.747500e-02 
4.673800e-02 
4.577100e-02 
4.466300e-02 
4.364700e-02 
4.283600e-02 
4.202300e-02 
4.127600e-02 
4.079900e-02 
4.057900e-02 
4.035400e-02 
3.961200e-02 
3.791200e-02 
3.493500e-02 
3.056400e-02 
2.497300e-02 
1.882700e-02 
1.326700e-02 
9.397000e-03 
8.156000e-03 
9.901000e-03 
1.377600e-02 
1.829600e-02 
2.196900e-02 
2.358100e-02 
2.249000e-02 
1.888500e-02 
1.367600e-02 
8.266000e-03 
4.067000e-03 
1.881000e-03 
2.066000e-03 
4.665000e-03 
8.968000e-03 
1.360700e-02 
1.705300e-02 
1.841100e-02 
1.769800e-02 
1.539900e-02 
1.198100e-02 
8.173000e-03 
5.291000e-03 
3.842000e-03 
3.412000e-03 
3.588000e-03 
4.118000e-03 
4.623000e-03 
4.379000e-03 
2.772000e-03 
-1.980000e-04 
-4.052000e-03 
-8.160000e-03 
-1.201700e-02 
-1.469000e-02 
-1.561200e-02 
-1.545000e-02 
-1.515500e-02 
-1.530700e-02 
-1.612800e-02 
-1.749600e-02 
-1.930700e-02 
-2.121300e-02 
-2.271400e-02 
-2.357900e-02 
-2.385400e-02 
-2.358300e-02 
-2.284000e-02 
-2.178600e-02 
-2.041200e-02 
-1.869000e-02 
-1.667300e-02 
-1.442200e-02 
-1.215000e-02 
-1.045500e-02 
-9.713000e-03 
-9.787000e-03 
-1.050900e-02 
-1.179100e-02 
-1.356200e-02 
-1.541200e-02 
-1.677600e-02 
-1.737900e-02 
-1.725000e-02 
-1.640300e-02 
-1.466300e-02 
-1.234100e-02 
-1.001900e-02 
-8.199000e-03 
-6.999000e-03 
-6.329000e-03 
-5.933000e-03 
-5.341000e-03 
-3.885000e-03 
-9.510000e-04 
3.361000e-03 
7.912000e-03 
1.153500e-02 
1.328000e-02 
1.249300e-02 
9.201000e-03 
4.381000e-03 
-6.780000e-04 
-5.232000e-03 
-8.941000e-03 
-1.155000e-02 
-1.288600e-02 
-1.306200e-02 
-1.243200e-02 
-1.144800e-02 
-1.059700e-02 
-1.029100e-02 
-1.054200e-02 
-1.119600e-02 
-1.194000e-02 
-1.244900e-02 
-1.260300e-02 
-1.229200e-02 
-1.141700e-02 
-1.015100e-02 
-8.884000e-03 
-7.817000e-03 
-6.756000e-03 
-5.235000e-03 
-2.843000e-03 
3.430000e-04 
3.834000e-03 
7.035000e-03 
9.187000e-03 
9.674000e-03 
8.153000e-03 
4.829000e-03 
6.060000e-04 
-3.470000e-03 
-6.140000e-03 
-6.217000e-03 
-3.434000e-03 
1.526000e-03 
7.455000e-03 
1.296300e-02 
1.693800e-02 
1.865600e-02 
1.774200e-02 
1.491500e-02 
1.128600e-02 
7.797000e-03 
5.277000e-03 
4.535000e-03 
5.937000e-03 
9.078000e-03 
1.296100e-02 
1.643400e-02 
1.866500e-02 
1.926600e-02 
1.809000e-02 
1.528200e-02 
1.140800e-02 
7.432000e-03 
3.990000e-03 
1.147000e-03 
-1.245000e-03 
-3.136000e-03 
-4.542000e-03 
-5.622000e-03 
-6.309000e-03 
-6.299000e-03 
-5.635000e-03 
-4.697000e-03 
-3.921000e-03 
-3.726000e-03 
-4.640000e-03 
-6.812000e-03 
-9.843000e-03 
-1.301900e-02 
-1.550000e-02 
-1.656800e-02 
-1.570600e-02 
-1.306500e-02 
-9.265000e-03 
-5.262000e-03 
-2.117000e-03 
-6.590000e-04 
-1.180000e-03 
-3.343000e-03 
-6.559000e-03 
-1.005200e-02 
-1.271800e-02 
-1.390300e-02 
-1.363100e-02 
-1.232200e-02 
-1.028700e-02 
-7.767000e-03 
-5.293000e-03 
-3.554000e-03 
-2.916000e-03 
-3.404000e-03 
-5.113000e-03 
-7.668000e-03 
-1.013600e-02 
-1.172600e-02 
-1.170700e-02 
-9.889000e-03 
-6.824000e-03 
-3.128000e-03 
6.170000e-04 
4.188000e-03 
7.372000e-03 
9.889000e-03 
1.184600e-02 
1.322200e-02 
1.378500e-02 
1.341200e-02 
1.205300e-02 
9.956000e-03 
7.448000e-03 
5.071000e-03 
3.757000e-03 
3.786000e-03 
4.638000e-03 
5.710000e-03 
6.633000e-03 
7.231000e-03 
7.617000e-03 
7.912000e-03 
8.160000e-03 
8.646000e-03 
9.643000e-03 
1.099300e-02 
1.229500e-02 
1.349600e-02 
1.451400e-02 
1.509800e-02 
1.505900e-02 
1.462800e-02 
1.393800e-02 
1.287200e-02 
1.130100e-02 
9.204000e-03 
6.680000e-03 
3.768000e-03 
6.410000e-04 
-2.121000e-03 
-3.909000e-03 
-4.502000e-03 
-3.921000e-03 
-2.456000e-03 
-7.840000e-04 
3.480000e-04 
2.290000e-04 
-1.472000e-03 
-4.214000e-03 
-7.055000e-03 
-9.262000e-03 
-1.036200e-02 
-1.012600e-02 
-8.450000e-03 
-5.604000e-03 
-2.290000e-03 
9.190000e-04 
3.440000e-03 
4.802000e-03 
4.776000e-03 
3.550000e-03 
1.562000e-03 
-7.520000e-04 
-2.827000e-03 
-4.511000e-03 
-5.926000e-03 
-6.895000e-03 
-7.052000e-03 
-6.450000e-03 
-5.299000e-03 
-3.935000e-03 
-3.097000e-03 
-3.101000e-03 
-3.848000e-03 
-5.006000e-03 
-5.945000e-03 
-5.790000e-03 
-4.075000e-03 
-1.166000e-03 
2.275000e-03 
5.703000e-03 
8.352000e-03 
9.583000e-03 
9.312000e-03 
7.498000e-03 
4.124000e-03 
-3.000000e-04 
-4.987000e-03 
-9.229000e-03 
-1.225000e-02 
-1.355000e-02 
-1.325000e-02 
-1.195200e-02 
-1.070800e-02 
-1.053900e-02 
-1.199600e-02 
-1.512300e-02 
-1.917000e-02 
-2.322100e-02 
-2.645500e-02 
-2.776500e-02 
-2.672100e-02 
-2.396700e-02 
-2.027400e-02 
-1.614300e-02 
-1.218800e-02 
-8.995000e-03 
-6.899000e-03 
-5.429000e-03 
-4.451000e-03 
-4.225000e-03 
-4.351000e-03 
-4.020000e-03 
-3.159000e-03 
-1.978000e-03 
-6.340000e-04 
4.710000e-04 
1.056000e-03 
1.212000e-03 
1.227000e-03 
1.294000e-03 
1.465000e-03 
1.810000e-03 
2.190000e-03 
2.270000e-03 
1.712000e-03 
5.770000e-04 
-7.120000e-04 
-1.934000e-03 
-3.103000e-03 
-4.462000e-03 
-5.960000e-03 
-7.366000e-03 
-8.763000e-03 
-9.890000e-03 
-1.070100e-02 
-1.151600e-02 
-1.208100e-02 
-1.215600e-02 
-1.149300e-02 
-1.001400e-02 
-8.240000e-03 
-6.749000e-03 
-5.601000e-03 
-4.491000e-03 
-3.295000e-03 
-2.208000e-03 
-1.280000e-03 
-5.960000e-04 
-3.180000e-04 
-4.970000e-04 
-8.940000e-04 
-9.620000e-04 
-6.170000e-04 
3.000000e-06 
1.052000e-03 
2.470000e-03 
4.007000e-03 
5.329000e-03 
6.174000e-03 
6.793000e-03 
7.058000e-03 
6.636000e-03 
5.671000e-03 
4.618000e-03 
3.962000e-03 
4.127000e-03 
5.502000e-03 
7.962000e-03 
1.103700e-02 
1.420900e-02 
1.666300e-02 
1.774300e-02 
1.712200e-02 
1.504000e-02 
1.201500e-02 
8.457000e-03 
4.851000e-03 
2.039000e-03 
6.620000e-04 
5.680000e-04 
1.430000e-03 
2.987000e-03 
4.825000e-03 
6.402000e-03 
7.316000e-03 
7.404000e-03 
6.527000e-03 
4.550000e-03 
1.381000e-03 
-2.341000e-03 
-5.561000e-03 
-7.612000e-03 
-8.283000e-03 
-7.588000e-03 
-5.817000e-03 
-3.569000e-03 
-1.762000e-03 
-1.134000e-03 
-1.871000e-03 
-3.672000e-03 
-6.038000e-03 
-8.377000e-03 
-9.973000e-03 
-1.048600e-02 
-1.007600e-02 
-8.884000e-03 
-6.964000e-03 
-4.677000e-03 
-2.677000e-03 
-1.367000e-03 
-1.113000e-03 
-2.397000e-03 
-4.754000e-03 
-7.323000e-03 
-9.554000e-03 
-1.098200e-02 
-1.097900e-02 
-9.346000e-03 
-6.502000e-03 
-3.070000e-03 
2.360000e-04 
2.686000e-03 
4.023000e-03 
4.362000e-03 
3.823000e-03 
2.677000e-03 
1.445000e-03 
4.540000e-04 
1.080000e-04 
6.320000e-04 
1.820000e-03 
3.587000e-03 
6.275000e-03 
9.600000e-03 
1.284200e-02 
1.575100e-02 
1.809100e-02 
1.947600e-02 
1.954600e-02 
1.821500e-02 
1.607000e-02 
1.411800e-02 
1.297400e-02 
1.273200e-02 
1.331300e-02 
1.436400e-02 
1.526900e-02 
1.544800e-02 
1.448900e-02 
1.235600e-02 
9.412000e-03 
6.150000e-03 
3.008000e-03 
2.360000e-04 
-2.068000e-03 
-3.995000e-03 
-5.884000e-03 
-7.801000e-03 
-9.461000e-03 
-1.086400e-02 
-1.219300e-02 
-1.331600e-02 
-1.369400e-02 
-1.315200e-02 
-1.208400e-02 
-1.089100e-02 
-9.710000e-03 
-8.611000e-03 
-7.774000e-03 
-7.158000e-03 
-6.666000e-03 
-6.205000e-03 
-5.694000e-03 
-5.123000e-03 
-4.322000e-03 
-3.282000e-03 
-2.258000e-03 
-1.532000e-03 
-1.201000e-03 
-1.164000e-03 
-1.273000e-03 
-1.449000e-03 
-1.701000e-03 
-1.669000e-03 
-1.207000e-03 
-5.670000e-04 
3.500000e-05 
4.670000e-04 
6.160000e-04 
4.000000e-04 
-3.630000e-04 
-1.801000e-03 
-3.610000e-03 
-5.203000e-03 
-6.300000e-03 
-6.743000e-03 
-6.435000e-03 
-5.262000e-03 
-3.239000e-03 
-7.670000e-04 
1.549000e-03 
3.240000e-03 
3.855000e-03 
3.091000e-03 
9.620000e-04 
-1.980000e-03 
-4.787000e-03 
-6.632000e-03 
-7.138000e-03 
-6.338000e-03 
-4.314000e-03 
-1.594000e-03 
6.590000e-04 
1.847000e-03 
1.934000e-03 
1.088000e-03 
-2.200000e-04 
-1.317000e-03 
-1.668000e-03 
-1.293000e-03 
-3.270000e-04 
1.063000e-03 
2.345000e-03 
2.812000e-03 
2.154000e-03 
8.260000e-04 
-6.260000e-04 
-1.898000e-03 
-2.614000e-03 
-2.445000e-03 
-1.253000e-03 
8.650000e-04 
3.378000e-03 
5.579000e-03 
6.988000e-03 
7.397000e-03 
6.584000e-03 
4.501000e-03 
1.643000e-03 
-1.340000e-03 
-3.865000e-03 
-5.322000e-03 
-5.658000e-03 
-5.436000e-03 
-5.221000e-03 
-5.277000e-03 
-5.723000e-03 
-6.582000e-03 
-7.795000e-03 
-9.096000e-03 
-1.013500e-02 
-1.063500e-02 
-1.023900e-02 
-8.863000e-03 
-6.683000e-03 
-4.040000e-03 
-1.329000e-03 
1.288000e-03 
3.369000e-03 
4.298000e-03 
3.704000e-03 
2.206000e-03 
5.640000e-04 
-9.650000e-04 
-2.000000e-03 
-1.981000e-03 
-6.840000e-04 
1.528000e-03 
3.944000e-03 
5.914000e-03 
6.887000e-03 
6.431000e-03 
4.469000e-03 
1.445000e-03 
-2.000000e-03 
-5.146000e-03 
-7.575000e-03 
-9.073000e-03 
-9.539000e-03 
-9.267000e-03 
-8.688000e-03 
-7.637000e-03 
-6.265000e-03 
-5.215000e-03 
-4.801000e-03 
-4.933000e-03 
-5.487000e-03 
-6.108000e-03 
-6.345000e-03 
-5.787000e-03 
-3.911000e-03 
-9.530000e-04 
2.472000e-03 
6.024000e-03 
9.522000e-03 
1.280300e-02 
1.587000e-02 
1.869900e-02 
2.138500e-02 
2.391300e-02 
2.592700e-02 
2.684500e-02 
2.651000e-02 
2.524400e-02 
2.333000e-02 
2.118700e-02 
1.922200e-02 
1.759800e-02 
1.653500e-02 
1.612300e-02 
1.601300e-02 
1.620400e-02 
1.654400e-02 
1.627400e-02 
1.487900e-02 
1.252400e-02 
9.686000e-03 
7.026000e-03 
5.267000e-03 
4.840000e-03 
5.769000e-03 
7.673000e-03 
9.748000e-03 
1.134000e-02 
1.209200e-02 
1.190900e-02 
1.095700e-02 
9.557000e-03 
8.017000e-03 
6.572000e-03 
5.502000e-03 
5.052000e-03 
5.115000e-03 
5.402000e-03 
5.888000e-03 
6.479000e-03 
7.080000e-03 
7.571000e-03 
7.610000e-03 
7.173000e-03 
6.365000e-03 
5.270000e-03 
4.131000e-03 
3.162000e-03 
2.506000e-03 
2.285000e-03 
2.469000e-03 
2.855000e-03 
3.306000e-03 
3.572000e-03 
3.347000e-03 
2.575000e-03 
1.246000e-03 
-6.700000e-04 
-2.485000e-03 
-3.617000e-03 
-4.029000e-03 
-3.835000e-03 
-3.063000e-03 
-1.904000e-03 
-8.610000e-04 
-6.980000e-04 
-2.059000e-03 
-4.783000e-03 
-8.277000e-03 
-1.170700e-02 
-1.437300e-02 
-1.590300e-02 
-1.575900e-02 
-1.375600e-02 
-1.047000e-02 
-6.619000e-03 
-2.785000e-03 
2.860000e-04 
2.046000e-03 
2.338000e-03 
1.532000e-03 
-1.090000e-04 
-2.082000e-03 
-3.562000e-03 
-4.056000e-03 
-3.670000e-03 
-2.562000e-03 
-1.122000e-03 
2.300000e-04 
1.429000e-03 
2.286000e-03 
2.729000e-03 
3.048000e-03 
3.444000e-03 
3.879000e-03 
4.062000e-03 
3.695000e-03 
2.887000e-03 
1.765000e-03 
2.450000e-04 
-1.465000e-03 
-2.962000e-03 
-4.170000e-03 
-5.248000e-03 
-6.277000e-03 
-7.211000e-03 
-8.044000e-03 
-9.163000e-03 
-1.099600e-02 
-1.325200e-02 
-1.546500e-02 
-1.727000e-02 
-1.834100e-02 
-1.866300e-02 
-1.836300e-02 
-1.750800e-02 
-1.607500e-02 
-1.400800e-02 
-1.127600e-02 
-7.955000e-03 
-4.524000e-03 
-1.418000e-03 
1.171000e-03 
3.083000e-03 
4.227000e-03 
4.836000e-03 
5.398000e-03 
6.193000e-03 
7.331000e-03 
8.503000e-03 
9.073000e-03 
8.669000e-03 
7.370000e-03 
5.627000e-03 
3.956000e-03 
2.385000e-03 
7.510000e-04 
-7.790000e-04 
-2.048000e-03 
-3.055000e-03 
-3.877000e-03 
-4.633000e-03 
-5.282000e-03 
-5.942000e-03 
-6.843000e-03 
-8.078000e-03 
-9.464000e-03 
-1.092400e-02 
-1.234100e-02 
-1.313100e-02 
-1.284000e-02 
-1.169400e-02 
-1.018300e-02 
-8.506000e-03 
-6.944000e-03 
-5.972000e-03 
-5.715000e-03 
-6.212000e-03 
-7.379000e-03 
-8.709000e-03 
-9.507000e-03 
-9.152000e-03 
-7.405000e-03 
-4.550000e-03 
-1.249000e-03 
1.765000e-03 
4.084000e-03 
5.637000e-03 
6.458000e-03 
6.628000e-03 
6.379000e-03 
6.136000e-03 
6.191000e-03 
6.552000e-03 
6.913000e-03 
6.666000e-03 
5.487000e-03 
3.419000e-03 
7.140000e-04 
-2.258000e-03 
-4.929000e-03 
-6.637000e-03 
-7.355000e-03 
-7.493000e-03 
-7.573000e-03 
-8.031000e-03 
-8.783000e-03 
-9.356000e-03 
-9.196000e-03 
-8.101000e-03 
-6.286000e-03 
-4.110000e-03 
-1.984000e-03 
-2.890000e-04 
6.430000e-04 
7.270000e-04 
4.510000e-04 
2.600000e-04 
1.780000e-04 
3.300000e-05 
-1.910000e-04 
-1.640000e-04 
2.590000e-04 
8.100000e-04 
1.189000e-03 
1.263000e-03 
9.790000e-04 
6.700000e-05 
-1.836000e-03 
-4.394000e-03 
-6.806000e-03 
-8.536000e-03 
-9.294000e-03 
-9.139000e-03 
-8.336000e-03 
-7.088000e-03 
-5.955000e-03 
-5.431000e-03 
-5.551000e-03 
-6.117000e-03 
-6.951000e-03 
-7.649000e-03 
-7.780000e-03 
-7.066000e-03 
-5.425000e-03 
-3.087000e-03 
-2.340000e-04 
2.861000e-03 
5.728000e-03 
8.121000e-03 
9.871000e-03 
1.081600e-02 
1.123000e-02 
1.154000e-02 
1.180900e-02 
1.173200e-02 
1.140200e-02 
1.112200e-02 
1.084300e-02 
1.028900e-02 
9.299000e-03 
8.111000e-03 
7.029000e-03 
6.227000e-03 
5.685000e-03 
5.108000e-03 
4.503000e-03 
3.926000e-03 
3.295000e-03 
2.629000e-03 
1.829000e-03 
1.029000e-03 
7.140000e-04 
8.640000e-04 
1.065000e-03 
9.020000e-04 
3.130000e-04 
-4.590000e-04 
-1.238000e-03 
-1.615000e-03 
-1.693000e-03 
-1.693000e-03 
-1.427000e-03 
-6.730000e-04 
4.100000e-04 
1.617000e-03 
2.901000e-03 
4.215000e-03 
5.389000e-03 
6.416000e-03 
7.442000e-03 
8.311000e-03 
8.965000e-03 
9.459000e-03 
9.741000e-03 
9.649000e-03 
9.063000e-03 
8.133000e-03 
7.253000e-03 
6.569000e-03 
6.026000e-03 
5.392000e-03 
4.619000e-03 
3.886000e-03 
3.185000e-03 
2.302000e-03 
1.160000e-03 
-2.140000e-04 
-1.881000e-03 
-3.798000e-03 
-5.814000e-03 
-7.704000e-03 
-9.290000e-03 
-1.031600e-02 
-1.048200e-02 
-9.754000e-03 
-8.397000e-03 
-6.800000e-03 
-5.073000e-03 
-3.222000e-03 
-1.287000e-03 
3.920000e-04 
1.349000e-03 
1.675000e-03 
1.525000e-03 
1.011000e-03 
2.990000e-04 
-2.980000e-04 
-4.450000e-04 
-1.150000e-04 
6.720000e-04 
1.788000e-03 
3.042000e-03 
4.244000e-03 
5.438000e-03 
6.571000e-03 
7.277000e-03 
7.387000e-03 
7.094000e-03 
6.540000e-03 
5.742000e-03 
4.884000e-03 
4.230000e-03 
3.977000e-03 
4.367000e-03 
5.568000e-03 
7.177000e-03 
8.648000e-03 
9.684000e-03 
1.019000e-02 
1.017500e-02 
9.664000e-03 
8.719000e-03 
7.803000e-03 
7.537000e-03 
8.011000e-03 
8.779000e-03 
9.681000e-03 
1.076600e-02 
1.185800e-02 
1.265100e-02 
1.298500e-02 
1.287500e-02 
1.242100e-02 
1.166800e-02 
1.065100e-02 
9.589000e-03 
8.682000e-03 
7.392000e-03 
5.942000e-03 
4.426000e-03 
2.875000e-03 
1.188000e-03 
-3.940000e-04 
-1.592000e-03 
-2.254000e-03 
-2.435000e-03 
-2.344000e-03 
-1.945000e-03 
-1.056000e-03 
2.450000e-04 
1.607000e-03 
2.801000e-03 
3.859000e-03 
4.708000e-03 
5.066000e-03 
4.974000e-03 
4.875000e-03 
4.902000e-03 
4.989000e-03 
5.154000e-03 
5.375000e-03 
5.570000e-03 
5.472000e-03 
4.950000e-03 
3.970000e-03 
2.614000e-03 
9.780000e-04 
-9.680000e-04 
-3.105000e-03 
-5.033000e-03 
-6.716000e-03 
-8.214000e-03 
-9.262000e-03 
-9.500000e-03 
-9.035000e-03 
-8.245000e-03 
-7.368000e-03 
-6.681000e-03 
-6.302000e-03 
-6.232000e-03 
-6.591000e-03 
-7.160000e-03 
-7.596000e-03 
-7.682000e-03 
-7.264000e-03 
-6.330000e-03 
-4.942000e-03 
-3.324000e-03 
-1.379000e-03 
8.350000e-04 
2.701000e-03 
3.843000e-03 
4.247000e-03 
3.903000e-03 
2.883000e-03 
1.484000e-03 
-1.880000e-04 
-2.142000e-03 
-4.130000e-03 
-5.852000e-03 
-7.296000e-03 
-8.721000e-03 
-1.032100e-02 
-1.208700e-02 
-1.389100e-02 
-1.560300e-02 
-1.713500e-02 
-1.851300e-02 
-1.966400e-02 
-2.043200e-02 
-2.072200e-02 
-2.035900e-02 
-1.912400e-02 
-1.704100e-02 
-1.445400e-02 
-1.182000e-02 
-9.631000e-03 
-8.248000e-03 
-7.886000e-03 
-8.478000e-03 
-9.711000e-03 
-1.110600e-02 
-1.224500e-02 
-1.290400e-02 
-1.275900e-02 
-1.147400e-02 
-9.161000e-03 
-6.381000e-03 
-3.775000e-03 
-1.575000e-03 
-8.300000e-05 
2.410000e-04 
-4.410000e-04 
-1.652000e-03 
-2.839000e-03 
-3.504000e-03 
-3.595000e-03 
-3.262000e-03 
-2.631000e-03 
-1.860000e-03 
-1.327000e-03 
-1.223000e-03 
-1.437000e-03 
-1.851000e-03 
-2.206000e-03 
-2.382000e-03 
-2.160000e-03 
-1.274000e-03 
2.130000e-04 
2.090000e-03 
4.146000e-03 
6.196000e-03 
8.144000e-03 
9.782000e-03 
1.084000e-02 
1.125300e-02 
1.128800e-02 
1.112800e-02 
1.092100e-02 
1.069400e-02 
1.028900e-02 
9.826000e-03 
9.434000e-03 
9.021000e-03 
8.537000e-03 
8.021000e-03 
7.459000e-03 
6.812000e-03 
6.098000e-03 
5.488000e-03 
5.004000e-03 
4.401000e-03 
3.677000e-03 
3.053000e-03 
2.504000e-03 
1.898000e-03 
1.217000e-03 
5.640000e-04 
-1.680000e-04 
-1.112000e-03 
-2.156000e-03 
-3.081000e-03 
-3.773000e-03 
-4.200000e-03 
-4.368000e-03 
-4.303000e-03 
-4.117000e-03 
-3.983000e-03 
-4.063000e-03 
-4.531000e-03 
-5.254000e-03 
-5.967000e-03 
-6.533000e-03 
-6.923000e-03 
-7.153000e-03 
-7.302000e-03 
-7.559000e-03 
-7.728000e-03 
-7.537000e-03 
-7.267000e-03 
-7.203000e-03 
-7.328000e-03 
-7.523000e-03 
-7.750000e-03 
-7.900000e-03 
-7.724000e-03 
-6.997000e-03 
-5.660000e-03 
-3.934000e-03 
-2.033000e-03 
-1.560000e-04 
1.502000e-03 
2.884000e-03 
3.981000e-03 
4.754000e-03 
5.151000e-03 
5.211000e-03 
5.082000e-03 
4.954000e-03 
4.909000e-03 
4.921000e-03 
4.905000e-03 
4.828000e-03 
4.699000e-03 
4.424000e-03 
3.763000e-03 
2.677000e-03 
1.536000e-03 
5.420000e-04 
-3.460000e-04 
-1.141000e-03 
-1.770000e-03 
-2.093000e-03 
-2.038000e-03 
-1.753000e-03 
-1.405000e-03 
-1.026000e-03 
-6.230000e-04 
-2.340000e-04 
7.100000e-05 
2.530000e-04 
3.360000e-04 
3.040000e-04 
2.230000e-04 
2.340000e-04 
4.240000e-04 
7.410000e-04 
1.077000e-03 
1.490000e-03 
1.930000e-03 
2.193000e-03 
2.193000e-03 
1.981000e-03 
1.792000e-03 
1.686000e-03 
1.582000e-03 
1.584000e-03 
1.728000e-03 
1.897000e-03 
2.056000e-03 
2.288000e-03 
2.568000e-03 
2.860000e-03 
3.209000e-03 
3.536000e-03 
3.755000e-03 
3.877000e-03 
3.953000e-03 
3.991000e-03 
3.873000e-03 
3.516000e-03 
3.010000e-03 
2.490000e-03 
2.031000e-03 
1.789000e-03 
1.736000e-03 
1.715000e-03 
1.671000e-03 
1.600000e-03 
1.533000e-03 
1.486000e-03 
1.447000e-03 
1.428000e-03 
1.503000e-03 
1.689000e-03 
1.866000e-03 
1.999000e-03 
2.138000e-03 
2.267000e-03 
2.309000e-03 
2.220000e-03 
2.049000e-03 
1.870000e-03 
1.718000e-03 
1.591000e-03 
1.514000e-03 
1.529000e-03 
1.650000e-03 
1.799000e-03 
1.883000e-03 
1.868000e-03 
1.743000e-03 
1.503000e-03 
1.204000e-03 
8.970000e-04 
6.740000e-04 
5.950000e-04 
6.030000e-04 
5.880000e-04 
4.800000e-04 
2.700000e-04 
-3.500000e-05 
-3.850000e-04 
-6.860000e-04 
-8.770000e-04 
-9.370000e-04 
-9.030000e-04 
-8.310000e-04 
-7.380000e-04 
-6.460000e-04 
-6.360000e-04 
-7.500000e-04 
-9.260000e-04 
-1.089000e-03 
-1.247000e-03 
-1.436000e-03 
-1.580000e-03 
-1.638000e-03 
-1.684000e-03 
-1.754000e-03 
-1.806000e-03 
-1.827000e-03 
-1.839000e-03 
-1.856000e-03 
-1.855000e-03 
-1.815000e-03 
-1.722000e-03 
-1.581000e-03 
-1.385000e-03 
-1.143000e-03 
-8.990000e-04 
-6.900000e-04 
-5.260000e-04 
-3.910000e-04 
-2.680000e-04 
-1.560000e-04 
-5.200000e-05 
5.700000e-05 
1.770000e-04 
2.960000e-04 
3.890000e-04 
4.510000e-04 
4.820000e-04 
4.840000e-04 
4.630000e-04 
4.390000e-04 
4.310000e-04 
4.520000e-04 
4.910000e-04 
5.260000e-04 
5.390000e-04 
5.190000e-04 
4.770000e-04 
4.240000e-04 
3.760000e-04 
3.550000e-04 
3.720000e-04 
4.180000e-04 
4.720000e-04 
5.140000e-04 
5.320000e-04 
5.150000e-04 
4.560000e-04 
3.670000e-04 
2.720000e-04 
1.900000e-04 
1.230000e-04 
7.200000e-05 
4.000000e-05 
2.000000e-05 
7.000000e-06 
-4.000000e-06 
-1.500000e-05 
-2.700000e-05 
-4.200000e-05 
-6.300000e-05 
-9.200000e-05 
-1.190000e-04 
-1.390000e-04 
-1.500000e-04 
-1.520000e-04 
-1.450000e-04 
-1.330000e-04 
-1.210000e-04 
-1.090000e-04 
-1.010000e-04 
-9.500000e-05 
-9.200000e-05 
-9.300000e-05 
-9.400000e-05 
-9.800000e-05 
-1.010000e-04 
-1.030000e-04 
-1.050000e-04 
-1.060000e-04 
-1.060000e-04 
-1.050000e-04 
-1.050000e-04 
-1.060000e-04 
-1.080000e-04 
-1.110000e-04 
-1.140000e-04 
-1.160000e-04 
-1.190000e-04 
-1.190000e-04 
-1.190000e-04 
-1.170000e-04 
-1.150000e-04 
-1.110000e-04 
-1.070000e-04 
-1.030000e-04 
-9.900000e-05 
-9.500000e-05 
-9.100000e-05 
-8.600000e-05 
-8.200000e-05 
-7.800000e-05 
-7.400000e-05 
-7.000000e-05 
-6.600000e-05 
-6.200000e-05 
-5.800000e-05 
-5.300000e-05 
-4.900000e-05 
-4.500000e-05 
-4.100000e-05 
-3.800000e-05 
-3.400000e-05 
-3.000000e-05 
-2.600000e-05 
-2.200000e-05 
-1.800000e-05 
-1.400000e-05 
-1.000000e-05 
-6.000000e-06 
