5.236220e-02 
4.606299e-02 
3.976378e-02 
3.346457e-02 
2.755906e-02 
2.165354e-02 
1.614173e-02 
1.062992e-02 
4.724409e-03 
-1.574803e-03 
-8.267717e-03 
-1.496063e-02 
-2.125984e-02 
-2.755906e-02 
-3.425197e-02 
-4.094488e-02 
-4.803150e-02 
-5.472441e-02 
-6.102362e-02 
-6.653543e-02 
-7.125984e-02 
-7.559055e-02 
-7.913386e-02 
-8.307087e-02 
-8.700787e-02 
-9.173228e-02 
-9.685039e-02 
-1.031496e-01 
-1.098425e-01 
-1.169291e-01 
-1.236220e-01 
-1.295276e-01 
-1.342520e-01 
-1.381890e-01 
-1.421260e-01 
-1.460630e-01 
-1.503937e-01 
-1.559055e-01 
-1.614173e-01 
-1.681102e-01 
-1.748031e-01 
-1.811024e-01 
-1.874016e-01 
-1.933071e-01 
-1.992126e-01 
-2.051181e-01 
-2.118110e-01 
-2.188976e-01 
-2.267717e-01 
-2.346457e-01 
-2.425197e-01 
-2.496063e-01 
-2.566929e-01 
-2.629921e-01 
-2.692913e-01 
-2.759843e-01 
-2.826772e-01 
-2.901575e-01 
-2.980315e-01 
-3.062992e-01 
-3.145669e-01 
-3.232283e-01 
-3.314961e-01 
-3.393701e-01 
-3.472441e-01 
-3.543307e-01 
-3.614173e-01 
-3.677165e-01 
-3.740157e-01 
-3.799213e-01 
-3.858268e-01 
-3.913386e-01 
-3.972441e-01 
-4.027559e-01 
-4.086614e-01 
-4.149606e-01 
-4.208661e-01 
-4.263780e-01 
-4.311024e-01 
-4.350394e-01 
-4.381890e-01 
-4.405512e-01 
-4.429134e-01 
-4.444882e-01 
-4.456693e-01 
-4.472441e-01 
-4.496063e-01 
-4.527559e-01 
-4.570866e-01 
-4.625984e-01 
-4.685039e-01 
-4.744094e-01 
-4.791339e-01 
-4.830709e-01 
-4.858268e-01 
-4.881890e-01 
-4.909449e-01 
-4.944882e-01 
-4.988189e-01 
-5.043307e-01 
-5.102362e-01 
-5.165354e-01 
-5.228346e-01 
-5.291339e-01 
-5.358268e-01 
-5.425197e-01 
-5.496063e-01 
-5.559055e-01 
-5.625984e-01 
-5.688976e-01 
-5.751969e-01 
-5.811024e-01 
-5.874016e-01 
-5.933071e-01 
-5.992126e-01 
-6.047244e-01 
-6.102362e-01 
-6.157480e-01 
-6.208661e-01 
-6.259843e-01 
-6.314961e-01 
-6.370079e-01 
-6.425197e-01 
-6.480315e-01 
-6.535433e-01 
-6.590551e-01 
-6.641732e-01 
-6.692913e-01 
-6.740157e-01 
-6.779528e-01 
-6.811024e-01 
-6.842520e-01 
-6.870079e-01 
-6.897638e-01 
-6.921260e-01 
-6.948819e-01 
-6.972441e-01 
-6.996063e-01 
-7.019685e-01 
-7.047244e-01 
-7.078740e-01 
-7.118110e-01 
-7.157480e-01 
-7.192913e-01 
-7.220472e-01 
-7.236220e-01 
-7.244094e-01 
-7.251969e-01 
-7.263780e-01 
-7.283465e-01 
-7.303150e-01 
-7.322835e-01 
-7.330709e-01 
-7.326772e-01 
-7.318898e-01 
-7.311024e-01 
-7.307087e-01 
-7.307087e-01 
-7.307087e-01 
-7.307087e-01 
-7.299213e-01 
-7.283465e-01 
-7.263780e-01 
-7.240157e-01 
-7.220472e-01 
-7.196850e-01 
-7.181102e-01 
-7.169291e-01 
-7.165354e-01 
-7.173228e-01 
-7.188976e-01 
-7.208661e-01 
-7.232283e-01 
-7.251969e-01 
-7.267717e-01 
-7.275591e-01 
-7.279528e-01 
-7.283465e-01 
-7.291339e-01 
-7.299213e-01 
-7.307087e-01 
-7.311024e-01 
-7.322835e-01 
-7.330709e-01 
-7.342520e-01 
-7.350394e-01 
-7.350394e-01 
-7.350394e-01 
-7.346457e-01 
-7.338583e-01 
-7.326772e-01 
-7.311024e-01 
-7.287402e-01 
-7.263780e-01 
-7.236220e-01 
-7.208661e-01 
-7.181102e-01 
-7.157480e-01 
-7.133858e-01 
-7.110236e-01 
-7.078740e-01 
-7.043307e-01 
-7.003937e-01 
-6.960630e-01 
-6.921260e-01 
-6.885827e-01 
-6.850394e-01 
-6.814961e-01 
-6.771654e-01 
-6.720472e-01 
-6.665354e-01 
-6.606299e-01 
-6.551181e-01 
-6.492126e-01 
-6.437008e-01 
-6.393701e-01 
-6.362205e-01 
-6.338583e-01 
-6.311024e-01 
-6.275591e-01 
-6.232283e-01 
-6.173228e-01 
-6.110236e-01 
-6.035433e-01 
-5.952756e-01 
-5.870079e-01 
-5.787402e-01 
-5.704724e-01 
-5.622047e-01 
-5.543307e-01 
-5.460630e-01 
-5.377953e-01 
-5.299213e-01 
-5.216535e-01 
-5.133858e-01 
-5.043307e-01 
-4.952756e-01 
-4.854331e-01 
-4.755906e-01 
-4.657480e-01 
-4.555118e-01 
-4.456693e-01 
-4.362205e-01 
-4.271654e-01 
-4.173228e-01 
-4.066929e-01 
-3.940945e-01 
-3.799213e-01 
-3.649606e-01 
-3.500000e-01 
-3.358268e-01 
-3.232283e-01 
-3.114173e-01 
-2.996063e-01 
-2.874016e-01 
-2.751969e-01 
-2.629921e-01 
-2.511811e-01 
-2.401575e-01 
-2.299213e-01 
-2.196850e-01 
-2.094488e-01 
-1.992126e-01 
-1.885827e-01 
-1.791339e-01 
-1.700787e-01 
-1.614173e-01 
-1.523622e-01 
-1.437008e-01 
-1.350394e-01 
-1.263780e-01 
-1.177165e-01 
-1.094488e-01 
-1.003937e-01 
-9.173228e-02 
-8.307087e-02 
-7.519685e-02 
-6.771654e-02 
-5.866142e-02 
-4.803150e-02 
-3.503937e-02 
-2.047244e-02 
-6.692913e-03 
5.511811e-03 
1.496063e-02 
2.204724e-02 
2.795276e-02 
3.503937e-02 
4.448819e-02 
5.708661e-02 
7.007874e-02 
8.149606e-02 
9.133858e-02 
9.921260e-02 
1.055118e-01 
1.114173e-01 
1.169291e-01 
1.240157e-01 
1.334646e-01 
1.460630e-01 
1.602362e-01 
1.751969e-01 
1.905512e-01 
2.062992e-01 
2.228346e-01 
2.405512e-01 
2.594488e-01 
2.783465e-01 
2.956693e-01 
3.106299e-01 
3.228346e-01 
3.330709e-01 
3.417323e-01 
3.503937e-01 
3.590551e-01 
3.677165e-01 
3.771654e-01 
3.874016e-01 
4.000000e-01 
4.137795e-01 
4.275591e-01 
4.393701e-01 
4.480315e-01 
4.555118e-01 
4.629921e-01 
4.720472e-01 
4.834646e-01 
4.960630e-01 
5.098425e-01 
5.244094e-01 
5.401575e-01 
5.570866e-01 
5.751969e-01 
5.937008e-01 
6.133858e-01 
6.342520e-01 
6.566929e-01 
6.803150e-01 
7.035433e-01 
7.255906e-01 
7.460630e-01 
7.649606e-01 
7.830709e-01 
8.027559e-01 
8.240157e-01 
8.476378e-01 
8.720472e-01 
8.976378e-01 
9.236220e-01 
9.515748e-01 
9.811024e-01 
1.012992e+00 
1.048031e+00 
1.087008e+00 
1.129134e+00 
1.174016e+00 
1.220079e+00 
1.266535e+00 
1.311024e+00 
1.352362e+00 
1.388189e+00 
1.418110e+00 
1.442913e+00 
1.463386e+00 
1.481890e+00 
1.500000e+00 
1.518504e+00 
1.539764e+00 
1.564567e+00 
1.593307e+00 
1.624803e+00 
1.656693e+00 
1.688189e+00 
1.717323e+00 
1.743307e+00 
1.766142e+00 
1.785827e+00 
1.804724e+00 
1.824803e+00 
1.847638e+00 
1.873228e+00 
1.900394e+00 
1.927559e+00 
1.954724e+00 
1.980709e+00 
2.004331e+00 
2.025984e+00 
2.045669e+00 
2.064173e+00 
2.081102e+00 
2.096850e+00 
2.111811e+00 
2.125984e+00 
2.138583e+00 
2.146850e+00 
2.149606e+00 
2.146457e+00 
2.139764e+00 
2.130315e+00 
2.120079e+00 
2.112205e+00 
2.108268e+00 
2.109843e+00 
2.114961e+00 
2.120079e+00 
2.121654e+00 
2.118898e+00 
2.112205e+00 
2.103150e+00 
2.092126e+00 
2.079921e+00 
2.067323e+00 
2.054724e+00 
2.041339e+00 
2.026772e+00 
2.010630e+00 
1.993307e+00 
1.975591e+00 
1.957087e+00 
1.936614e+00 
1.912205e+00 
1.883071e+00 
1.850787e+00 
1.817717e+00 
1.787402e+00 
1.760630e+00 
1.737008e+00 
1.716142e+00 
1.697638e+00 
1.679528e+00 
1.660236e+00 
1.637795e+00 
1.611417e+00 
1.581890e+00 
1.550787e+00 
1.520866e+00 
1.494488e+00 
1.472441e+00 
1.455906e+00 
1.444488e+00 
1.437008e+00 
1.432283e+00 
1.428740e+00 
1.424016e+00 
1.416929e+00 
1.405906e+00 
1.390945e+00 
1.371654e+00 
1.347244e+00 
1.319291e+00 
1.291339e+00 
1.266142e+00 
1.245276e+00 
1.227953e+00 
1.212992e+00 
1.198425e+00 
1.181890e+00 
1.161024e+00 
1.135039e+00 
1.105118e+00 
1.074409e+00 
1.046457e+00 
1.021260e+00 
9.988189e-01 
9.767717e-01 
9.543307e-01 
9.299213e-01 
9.039370e-01 
8.775591e-01 
8.539370e-01 
8.346457e-01 
8.181102e-01 
8.023622e-01 
7.858268e-01 
7.681102e-01 
7.496063e-01 
7.295276e-01 
7.082677e-01 
6.862205e-01 
6.649606e-01 
6.464567e-01 
6.307087e-01 
6.177165e-01 
6.059055e-01 
5.940945e-01 
5.822835e-01 
5.712598e-01 
5.606299e-01 
5.503937e-01 
5.405512e-01 
5.307087e-01 
5.204724e-01 
5.078740e-01 
4.933071e-01 
4.771654e-01 
4.618110e-01 
4.484252e-01 
4.393701e-01 
4.350394e-01 
4.350394e-01 
4.389764e-01 
4.456693e-01 
4.523622e-01 
4.574803e-01 
4.590551e-01 
4.551181e-01 
4.460630e-01 
4.330709e-01 
4.188976e-01 
4.066929e-01 
4.011811e-01 
4.039370e-01 
4.141732e-01 
4.275591e-01 
4.401575e-01 
4.480315e-01 
4.492126e-01 
4.429134e-01 
4.326772e-01 
4.220472e-01 
4.165354e-01 
4.169291e-01 
4.232283e-01 
4.334646e-01 
4.464567e-01 
4.622047e-01 
4.811024e-01 
5.019685e-01 
5.248031e-01 
5.507874e-01 
5.795276e-01 
6.098425e-01 
6.401575e-01 
6.685039e-01 
6.937008e-01 
7.161417e-01 
7.381890e-01 
7.602362e-01 
7.838583e-01 
8.086614e-01 
8.346457e-01 
8.606299e-01 
8.846457e-01 
9.066929e-01 
9.263780e-01 
9.460630e-01 
9.669291e-01 
9.881890e-01 
1.009055e+00 
1.028740e+00 
1.047244e+00 
1.064173e+00 
1.078346e+00 
1.088583e+00 
1.095669e+00 
1.099606e+00 
1.101969e+00 
1.103150e+00 
1.103543e+00 
1.103543e+00 
1.102362e+00 
1.099213e+00 
1.090945e+00 
1.076772e+00 
1.056693e+00 
1.031890e+00 
1.004331e+00 
9.744094e-01 
9.440945e-01 
9.149606e-01 
8.881890e-01 
8.629921e-01 
8.385827e-01 
8.141732e-01 
7.897638e-01 
7.649606e-01 
7.385827e-01 
7.110236e-01 
6.826772e-01 
6.559055e-01 
6.314961e-01 
6.078740e-01 
5.822835e-01 
5.543307e-01 
5.248031e-01 
4.944882e-01 
4.622047e-01 
4.240157e-01 
3.783465e-01 
3.255906e-01 
2.696850e-01 
2.153543e-01 
1.645669e-01 
1.177165e-01 
7.244094e-02 
2.677165e-02 
-2.086614e-02 
-7.244094e-02 
-1.283465e-01 
-1.893701e-01 
-2.555118e-01 
-3.228346e-01 
-3.877953e-01 
-4.468504e-01 
-4.988189e-01 
-5.460630e-01 
-5.913386e-01 
-6.393701e-01 
-6.925197e-01 
-7.523622e-01 
-8.157480e-01 
-8.799213e-01 
-9.421260e-01 
-1.001969e+00 
-1.059449e+00 
-1.115354e+00 
-1.169685e+00 
-1.222835e+00 
-1.273622e+00 
-1.322441e+00 
-1.368898e+00 
-1.412992e+00 
-1.456693e+00 
-1.500394e+00 
-1.545276e+00 
-1.590945e+00 
-1.636220e+00 
-1.680315e+00 
-1.722835e+00 
-1.764173e+00 
-1.804724e+00 
-1.845669e+00 
-1.885827e+00 
-1.923622e+00 
-1.956299e+00 
-1.983071e+00 
-2.005118e+00 
-2.025591e+00 
-2.047244e+00 
-2.072441e+00 
-2.101181e+00 
-2.132283e+00 
-2.164961e+00 
-2.198425e+00 
-2.233465e+00 
-2.268504e+00 
-2.303543e+00 
-2.337795e+00 
-2.370866e+00 
-2.402756e+00 
-2.433858e+00 
-2.464567e+00 
-2.494488e+00 
-2.523622e+00 
-2.552756e+00 
-2.583465e+00 
-2.615748e+00 
-2.650394e+00 
-2.684252e+00 
-2.714961e+00 
-2.739764e+00 
-2.757087e+00 
-2.768504e+00 
-2.777953e+00 
-2.788189e+00 
-2.801181e+00 
-2.816142e+00 
-2.829921e+00 
-2.840945e+00 
-2.849213e+00 
-2.855512e+00 
-2.862205e+00 
-2.871654e+00 
-2.884252e+00 
-2.899606e+00 
-2.914961e+00 
-2.928346e+00 
-2.938583e+00 
-2.945669e+00 
-2.950394e+00 
-2.955512e+00 
-2.963386e+00 
-2.975591e+00 
-2.994094e+00 
-3.018110e+00 
-3.045276e+00 
-3.072835e+00 
-3.097244e+00 
-3.117717e+00 
-3.132677e+00 
-3.140551e+00 
-3.141339e+00 
-3.137402e+00 
-3.131890e+00 
-3.127953e+00 
-3.125591e+00 
-3.124016e+00 
-3.122441e+00 
-3.120472e+00 
-3.116929e+00 
-3.111024e+00 
-3.103150e+00 
-3.092913e+00 
-3.079921e+00 
-3.062992e+00 
-3.042126e+00 
-3.020079e+00 
-2.999213e+00 
-2.981890e+00 
-2.967717e+00 
-2.954331e+00 
-2.939370e+00 
-2.922047e+00 
-2.901575e+00 
-2.878740e+00 
-2.855118e+00 
-2.832283e+00 
-2.811811e+00 
-2.794094e+00 
-2.779528e+00 
-2.766535e+00 
-2.754331e+00 
-2.740945e+00 
-2.725984e+00 
-2.708661e+00 
-2.688189e+00 
-2.665354e+00 
-2.640157e+00 
-2.612992e+00 
-2.584646e+00 
-2.554724e+00 
-2.523228e+00 
-2.490551e+00 
-2.457087e+00 
-2.422441e+00 
-2.387402e+00 
-2.352756e+00 
-2.318504e+00 
-2.285433e+00 
-2.251969e+00 
-2.216929e+00 
-2.178740e+00 
-2.137008e+00 
-2.092126e+00 
-2.045669e+00 
-2 
-1.955906e+00 
-1.913386e+00 
-1.872047e+00 
-1.832677e+00 
-1.794488e+00 
-1.756299e+00 
-1.717717e+00 
-1.678346e+00 
-1.639764e+00 
-1.603543e+00 
-1.572047e+00 
-1.545276e+00 
-1.521654e+00 
-1.498425e+00 
-1.473228e+00 
-1.445276e+00 
-1.416142e+00 
-1.386614e+00 
-1.356693e+00 
-1.325984e+00 
-1.294094e+00 
-1.261811e+00 
-1.228740e+00 
-1.195276e+00 
-1.162992e+00 
-1.132283e+00 
-1.103543e+00 
-1.076772e+00 
-1.052756e+00 
-1.032283e+00 
-1.014567e+00 
-9.960630e-01 
-9.751969e-01 
-9.511811e-01 
-9.248031e-01 
-8.964567e-01 
-8.661417e-01 
-8.342520e-01 
-8.007874e-01 
-7.673228e-01 
-7.334646e-01 
-7.003937e-01 
-6.677165e-01 
-6.370079e-01 
-6.074803e-01 
-5.807087e-01 
-5.559055e-01 
-5.330709e-01 
-5.114173e-01 
-4.893701e-01 
-4.677165e-01 
-4.468504e-01 
-4.251969e-01 
-4.015748e-01 
-3.751969e-01 
-3.476378e-01 
-3.200787e-01 
-2.933071e-01 
-2.665354e-01 
-2.393701e-01 
-2.110236e-01 
-1.830709e-01 
-1.551181e-01 
-1.267717e-01 
-9.763780e-02 
-6.692913e-02 
-3.543307e-02 
-2.755906e-03 
3.070866e-02 
6.574803e-02 
1.011811e-01 
1.358268e-01 
1.681102e-01 
1.976378e-01 
2.255906e-01 
2.531496e-01 
2.811024e-01 
3.098425e-01 
3.409449e-01 
3.744094e-01 
4.090551e-01 
4.440945e-01 
4.783465e-01 
5.106299e-01 
5.421260e-01 
5.720472e-01 
6.003937e-01 
6.275591e-01 
6.531496e-01 
6.795276e-01 
7.074803e-01 
7.374016e-01 
7.685039e-01 
8.000000e-01 
8.311024e-01 
8.614173e-01 
8.909449e-01 
9.192913e-01 
9.460630e-01 
9.728346e-01 
9.996063e-01 
1.027559e+00 
1.055906e+00 
1.085827e+00 
1.116535e+00 
1.148819e+00 
1.181496e+00 
1.213386e+00 
1.244488e+00 
1.273622e+00 
1.300394e+00 
1.325197e+00 
1.349213e+00 
1.374016e+00 
1.400787e+00 
1.430315e+00 
1.461811e+00 
1.494488e+00 
1.527953e+00 
1.560630e+00 
1.592126e+00 
1.621654e+00 
1.648819e+00 
1.672441e+00 
1.693307e+00 
1.712205e+00 
1.731102e+00 
1.750787e+00 
1.772441e+00 
1.796063e+00 
1.819685e+00 
1.842520e+00 
1.863780e+00 
1.883071e+00 
1.901181e+00 
1.918504e+00 
1.936220e+00 
1.954724e+00 
1.974016e+00 
1.994882e+00 
2.016535e+00 
2.037795e+00 
2.058268e+00 
2.077165e+00 
2.093701e+00 
2.108268e+00 
2.120866e+00 
2.132283e+00 
2.142520e+00 
2.151575e+00 
2.159449e+00 
2.166142e+00 
2.172047e+00 
2.179134e+00 
2.187008e+00 
2.196063e+00 
2.205118e+00 
2.212992e+00 
2.218504e+00 
2.221654e+00 
2.222835e+00 
2.223228e+00 
2.223622e+00 
2.224409e+00 
2.225984e+00 
2.227559e+00 
2.227953e+00 
2.226772e+00 
2.224016e+00 
2.220472e+00 
2.216142e+00 
2.211024e+00 
2.205118e+00 
2.196850e+00 
2.187402e+00 
2.177559e+00 
2.168504e+00 
2.159843e+00 
2.152362e+00 
2.144882e+00 
2.137402e+00 
2.129134e+00 
2.121260e+00 
2.113386e+00 
2.105512e+00 
2.098425e+00 
2.091732e+00 
2.084646e+00 
2.077165e+00 
2.069685e+00 
2.061811e+00 
2.053937e+00 
2.046063e+00 
2.037795e+00 
2.029134e+00 
2.019685e+00 
2.010236e+00 
2.001181e+00 
1.992520e+00 
1.984646e+00 
1.976378e+00 
1.967717e+00 
1.957480e+00 
1.946063e+00 
1.932283e+00 
1.916142e+00 
1.898425e+00 
1.879528e+00 
1.861024e+00 
1.842913e+00 
1.825591e+00 
1.808661e+00 
1.792126e+00 
1.774803e+00 
1.756299e+00 
1.736614e+00 
1.715354e+00 
1.693701e+00 
1.672047e+00 
1.651575e+00 
1.631890e+00 
1.612205e+00 
1.592126e+00 
1.570866e+00 
1.548031e+00 
1.524803e+00 
1.501575e+00 
1.479134e+00 
1.457874e+00 
1.437795e+00 
1.418110e+00 
1.398031e+00 
1.377953e+00 
1.357480e+00 
1.337795e+00 
1.318504e+00 
1.299213e+00 
1.279528e+00 
1.260236e+00 
1.241339e+00 
1.223228e+00 
1.205512e+00 
1.188189e+00 
1.171654e+00 
1.155906e+00 
1.140551e+00 
1.125591e+00 
1.110236e+00 
1.094882e+00 
1.079134e+00 
1.064173e+00 
1.049606e+00 
1.035827e+00 
1.022835e+00 
1.010630e+00 
9.996063e-01 
9.897638e-01 
9.807087e-01 
9.724409e-01 
9.653543e-01 
9.594488e-01 
9.547244e-01 
9.496063e-01 
9.440945e-01 
9.366142e-01 
9.275591e-01 
9.169291e-01 
9.051181e-01 
8.933071e-01 
8.803150e-01 
8.665354e-01 
8.515748e-01 
8.366142e-01 
8.212598e-01 
8.062992e-01 
7.901575e-01 
7.732283e-01 
7.547244e-01 
7.342520e-01 
7.129921e-01 
6.921260e-01 
6.716535e-01 
6.531496e-01 
6.362205e-01 
6.204724e-01 
6.047244e-01 
5.885827e-01 
5.720472e-01 
5.547244e-01 
5.374016e-01 
5.192913e-01 
5.007874e-01 
4.826772e-01 
4.645669e-01 
4.472441e-01 
4.311024e-01 
4.157480e-01 
4.007874e-01 
3.858268e-01 
3.700787e-01 
3.539370e-01 
3.374016e-01 
3.200787e-01 
3.031496e-01 
2.862205e-01 
2.692913e-01 
2.519685e-01 
2.346457e-01 
2.169291e-01 
1.988189e-01 
1.799213e-01 
1.606299e-01 
1.409449e-01 
1.216535e-01 
1.019685e-01 
8.267717e-02 
6.377953e-02 
4.645669e-02 
3.031496e-02 
1.535433e-02 
1.181102e-03 
-1.299213e-02 
-2.755906e-02 
-4.251969e-02 
-5.787402e-02 
-7.362205e-02 
-8.976378e-02 
-1.059055e-01 
-1.208661e-01 
-1.346457e-01 
-1.476378e-01 
-1.606299e-01 
-1.740157e-01 
-1.881890e-01 
-2.035433e-01 
-2.196850e-01 
-2.366142e-01 
-2.535433e-01 
-2.700787e-01 
-2.850394e-01 
-2.980315e-01 
-3.094488e-01 
-3.196850e-01 
-3.299213e-01 
-3.405512e-01 
-3.527559e-01 
-3.657480e-01 
-3.799213e-01 
-3.940945e-01 
-4.078740e-01 
-4.220472e-01 
-4.366142e-01 
-4.515748e-01 
-4.669291e-01 
-4.830709e-01 
-4.992126e-01 
-5.149606e-01 
-5.307087e-01 
-5.460630e-01 
-5.618110e-01 
-5.771654e-01 
-5.925197e-01 
-6.074803e-01 
-6.216535e-01 
-6.354331e-01 
-6.488189e-01 
-6.625984e-01 
-6.759843e-01 
-6.901575e-01 
-7.043307e-01 
-7.181102e-01 
-7.314961e-01 
-7.440945e-01 
-7.559055e-01 
-7.673228e-01 
-7.783465e-01 
-7.897638e-01 
-8.019685e-01 
-8.149606e-01 
-8.283465e-01 
-8.421260e-01 
-8.555118e-01 
-8.688976e-01 
-8.814961e-01 
-8.933071e-01 
-9.047244e-01 
-9.153543e-01 
-9.255906e-01 
-9.350394e-01 
-9.444882e-01 
-9.527559e-01 
-9.602362e-01 
-9.661417e-01 
-9.704724e-01 
-9.740157e-01 
-9.767717e-01 
-9.791339e-01 
-9.818898e-01 
-9.850394e-01 
-9.881890e-01 
-9.921260e-01 
-9.960630e-01 
-1.000787e+00 
-1.005512e+00 
-1.009843e+00 
-1.013780e+00 
-1.016535e+00 
-1.018110e+00 
-1.019291e+00 
-1.019685e+00 
-1.020472e+00 
-1.021260e+00 
-1.023228e+00 
-1.025197e+00 
-1.027953e+00 
-1.030315e+00 
-1.033071e+00 
-1.035433e+00 
-1.037402e+00 
-1.039764e+00 
-1.042520e+00 
-1.045276e+00 
-1.047638e+00 
-1.050000e+00 
-1.052362e+00 
-1.053937e+00 
-1.055512e+00 
-1.056693e+00 
-1.057874e+00 
-1.058661e+00 
-1.058661e+00 
-1.058661e+00 
-1.057874e+00 
-1.057087e+00 
-1.055906e+00 
-1.055118e+00 
-1.054331e+00 
-1.053150e+00 
-1.051969e+00 
-1.050394e+00 
-1.048031e+00 
-1.045276e+00 
-1.042126e+00 
-1.038976e+00 
-1.035827e+00 
-1.033071e+00 
-1.029528e+00 
-1.025984e+00 
-1.022441e+00 
-1.018504e+00 
-1.014567e+00 
-1.010236e+00 
-1.005906e+00 
-1.000394e+00 
-9.948819e-01 
-9.893701e-01 
-9.842520e-01 
-9.795276e-01 
-9.759843e-01 
-9.728346e-01 
-9.700787e-01 
-9.677165e-01 
-9.653543e-01 
-9.625984e-01 
-9.586614e-01 
-9.543307e-01 
-9.492126e-01 
-9.429134e-01 
-9.370079e-01 
-9.311024e-01 
-9.255906e-01 
-9.200787e-01 
-9.153543e-01 
-9.106299e-01 
-9.055118e-01 
-9.011811e-01 
-8.964567e-01 
-8.921260e-01 
-8.870079e-01 
-8.818898e-01 
-8.759843e-01 
-8.696850e-01 
-8.633858e-01 
-8.570866e-01 
-8.507874e-01 
-8.440945e-01 
-8.374016e-01 
-8.303150e-01 
-8.228346e-01 
-8.153543e-01 
-8.082677e-01 
-8.011811e-01 
-7.940945e-01 
-7.862205e-01 
-7.779528e-01 
-7.688976e-01 
-7.594488e-01 
-7.500000e-01 
-7.401575e-01 
-7.303150e-01 
-7.208661e-01 
-7.114173e-01 
-7.019685e-01 
-6.921260e-01 
-6.814961e-01 
-6.708661e-01 
-6.598425e-01 
-6.488189e-01 
-6.374016e-01 
-6.259843e-01 
-6.145669e-01 
-6.031496e-01 
-5.921260e-01 
-5.811024e-01 
-5.704724e-01 
-5.602362e-01 
-5.496063e-01 
-5.397638e-01 
-5.295276e-01 
-5.196850e-01 
-5.098425e-01 
-5.003937e-01 
-4.913386e-01 
-4.826772e-01 
-4.748031e-01 
-4.669291e-01 
-4.594488e-01 
-4.515748e-01 
-4.437008e-01 
-4.358268e-01 
-4.271654e-01 
-4.185039e-01 
-4.098425e-01 
-4.003937e-01 
-3.909449e-01 
-3.811024e-01 
-3.712598e-01 
-3.614173e-01 
-3.515748e-01 
-3.417323e-01 
-3.322835e-01 
-3.228346e-01 
-3.133858e-01 
-3.035433e-01 
-2.937008e-01 
-2.826772e-01 
-2.708661e-01 
-2.582677e-01 
-2.448819e-01 
-2.303150e-01 
-2.153543e-01 
-2.000000e-01 
-1.850394e-01 
-1.700787e-01 
-1.551181e-01 
-1.409449e-01 
-1.263780e-01 
-1.118110e-01 
-9.763780e-02 
-8.385827e-02 
-7.007874e-02 
-5.629921e-02 
-4.291339e-02 
-2.992126e-02 
-1.692913e-02 
-4.330709e-03 
7.874016e-03 
2.007874e-02 
3.149606e-02 
4.212598e-02 
5.157480e-02 
6.023622e-02 
6.771654e-02 
7.559055e-02 
8.307087e-02 
9.015748e-02 
9.724409e-02 
1.035433e-01 
1.094488e-01 
1.149606e-01 
1.204724e-01 
1.259843e-01 
1.311024e-01 
1.362205e-01 
1.405512e-01 
1.452756e-01 
1.492126e-01 
1.531496e-01 
1.566929e-01 
1.598425e-01 
1.625984e-01 
1.649606e-01 
1.669291e-01 
1.692913e-01 
1.716535e-01 
1.744094e-01 
1.771654e-01 
1.803150e-01 
1.834646e-01 
1.866142e-01 
1.893701e-01 
1.925197e-01 
1.960630e-01 
2.003937e-01 
2.055118e-01 
2.110236e-01 
2.165354e-01 
2.220472e-01 
2.271654e-01 
2.322835e-01 
2.366142e-01 
2.413386e-01 
2.464567e-01 
2.511811e-01 
2.566929e-01 
2.622047e-01 
2.677165e-01 
2.740157e-01 
2.803150e-01 
2.874016e-01 
2.944882e-01 
3.023622e-01 
3.106299e-01 
3.185039e-01 
3.267717e-01 
3.346457e-01 
3.417323e-01 
3.488189e-01 
3.551181e-01 
3.622047e-01 
3.692913e-01 
3.763780e-01 
3.838583e-01 
3.921260e-01 
4.000000e-01 
4.078740e-01 
4.157480e-01 
4.232283e-01 
4.303150e-01 
4.370079e-01 
4.440945e-01 
4.511811e-01 
4.586614e-01 
4.665354e-01 
4.751969e-01 
4.842520e-01 
4.933071e-01 
5.023622e-01 
5.110236e-01 
5.192913e-01 
5.275591e-01 
5.358268e-01 
5.444882e-01 
5.539370e-01 
5.637795e-01 
5.740157e-01 
5.842520e-01 
5.940945e-01 
6.035433e-01 
6.122047e-01 
6.196850e-01 
6.267717e-01 
6.330709e-01 
6.397638e-01 
6.468504e-01 
6.547244e-01 
6.637795e-01 
6.740157e-01 
6.854331e-01 
6.968504e-01 
7.082677e-01 
7.192913e-01 
7.295276e-01 
7.397638e-01 
7.500000e-01 
7.598425e-01 
7.700787e-01 
7.807087e-01 
7.913386e-01 
8.027559e-01 
8.141732e-01 
8.251969e-01 
8.358268e-01 
8.460630e-01 
8.559055e-01 
8.661417e-01 
8.763780e-01 
8.866142e-01 
8.972441e-01 
9.074803e-01 
9.177165e-01 
9.275591e-01 
9.370079e-01 
9.460630e-01 
9.547244e-01 
9.629921e-01 
9.708661e-01 
9.783465e-01 
9.854331e-01 
9.921260e-01 
9.988189e-01 
1.004331e+00 
1.009449e+00 
1.013780e+00 
1.017717e+00 
1.021654e+00 
1.024803e+00 
1.027559e+00 
1.029921e+00 
1.032283e+00 
1.033465e+00 
1.034252e+00 
1.034646e+00 
1.034646e+00 
1.035039e+00 
1.035039e+00 
1.035039e+00 
1.034646e+00 
1.033858e+00 
1.032677e+00 
1.030709e+00 
1.027559e+00 
1.023228e+00 
1.017717e+00 
1.011417e+00 
1.004331e+00 
9.968504e-01 
9.893701e-01 
9.814961e-01 
9.736220e-01 
9.653543e-01 
9.566929e-01 
9.480315e-01 
9.393701e-01 
9.307087e-01 
9.224409e-01 
9.137795e-01 
9.051181e-01 
8.960630e-01 
8.862205e-01 
8.759843e-01 
8.649606e-01 
8.535433e-01 
8.417323e-01 
8.295276e-01 
8.173228e-01 
8.047244e-01 
7.917323e-01 
7.783465e-01 
7.641732e-01 
7.496063e-01 
7.342520e-01 
7.185039e-01 
7.019685e-01 
6.850394e-01 
6.677165e-01 
6.500000e-01 
6.318898e-01 
6.129921e-01 
5.937008e-01 
5.740157e-01 
5.531496e-01 
5.318898e-01 
5.098425e-01 
4.874016e-01 
4.641732e-01 
4.409449e-01 
4.177165e-01 
3.948819e-01 
3.720472e-01 
3.492126e-01 
3.263780e-01 
3.031496e-01 
2.795276e-01 
2.551181e-01 
2.299213e-01 
2.043307e-01 
1.787402e-01 
1.531496e-01 
1.283465e-01 
1.039370e-01 
8.031496e-02 
5.748031e-02 
3.503937e-02 
1.299213e-02 
-9.055118e-03 
-3.110236e-02 
-5.354331e-02 
-7.598425e-02 
-9.881890e-02 
-1.220472e-01 
-1.456693e-01 
-1.696850e-01 
-1.937008e-01 
-2.177165e-01 
-2.421260e-01 
-2.661417e-01 
-2.901575e-01 
-3.145669e-01 
-3.381890e-01 
-3.618110e-01 
-3.846457e-01 
-4.066929e-01 
-4.275591e-01 
-4.480315e-01 
-4.685039e-01 
-4.885827e-01 
-5.090551e-01 
-5.295276e-01 
-5.507874e-01 
-5.716535e-01 
-5.929134e-01 
-6.137795e-01 
-6.346457e-01 
-6.555118e-01 
-6.759843e-01 
-6.960630e-01 
-7.161417e-01 
-7.362205e-01 
-7.559055e-01 
-7.759843e-01 
-7.956693e-01 
-8.153543e-01 
-8.346457e-01 
-8.539370e-01 
-8.728346e-01 
-8.917323e-01 
-9.102362e-01 
-9.283465e-01 
-9.460630e-01 
-9.637795e-01 
-9.814961e-01 
-9.988189e-01 
-1.016142e+00 
-1.032677e+00 
-1.049213e+00 
-1.064961e+00 
-1.080709e+00 
-1.096063e+00 
-1.111811e+00 
-1.127165e+00 
-1.142520e+00 
-1.157087e+00 
-1.170866e+00 
-1.183858e+00 
-1.195669e+00 
-1.206693e+00 
-1.216929e+00 
-1.226378e+00 
-1.235827e+00 
-1.244488e+00 
-1.253543e+00 
-1.261811e+00 
-1.270079e+00 
-1.277559e+00 
-1.285039e+00 
-1.292126e+00 
-1.298425e+00 
-1.304331e+00 
-1.309449e+00 
-1.313780e+00 
-1.317323e+00 
-1.320079e+00 
-1.322441e+00 
-1.324803e+00 
-1.326772e+00 
-1.328346e+00 
-1.329528e+00 
-1.329528e+00 
-1.329134e+00 
-1.327953e+00 
-1.325984e+00 
-1.323228e+00 
-1.320079e+00 
-1.316535e+00 
-1.312598e+00 
-1.307874e+00 
-1.302756e+00 
-1.297244e+00 
-1.291339e+00 
-1.284646e+00 
-1.277165e+00 
-1.269291e+00 
-1.261024e+00 
-1.252362e+00 
-1.243701e+00 
-1.235433e+00 
-1.226378e+00 
-1.217323e+00 
-1.207874e+00 
-1.198031e+00 
-1.187795e+00 
-1.177165e+00 
-1.166142e+00 
-1.154724e+00 
-1.143701e+00 
-1.132677e+00 
-1.122047e+00 
-1.111417e+00 
-1.100787e+00 
-1.090551e+00 
-1.079921e+00 
-1.068898e+00 
-1.057874e+00 
-1.046457e+00 
-1.035039e+00 
-1.023622e+00 
-1.012205e+00 
-1.000394e+00 
-9.881890e-01 
-9.751969e-01 
-9.618110e-01 
-9.484252e-01 
-9.346457e-01 
-9.208661e-01 
-9.070866e-01 
-8.929134e-01 
-8.787402e-01 
-8.641732e-01 
-8.492126e-01 
-8.338583e-01 
-8.185039e-01 
-8.027559e-01 
-7.870079e-01 
-7.704724e-01 
-7.539370e-01 
-7.374016e-01 
-7.204724e-01 
-7.039370e-01 
-6.877953e-01 
-6.712598e-01 
-6.551181e-01 
-6.385827e-01 
-6.224409e-01 
-6.059055e-01 
-5.893701e-01 
-5.724409e-01 
-5.547244e-01 
-5.370079e-01 
-5.188976e-01 
-5.003937e-01 
-4.818898e-01 
-4.629921e-01 
-4.444882e-01 
-4.259843e-01 
-4.070866e-01 
-3.885827e-01 
-3.696850e-01 
-3.507874e-01 
-3.314961e-01 
-3.125984e-01 
-2.937008e-01 
-2.748031e-01 
-2.562992e-01 
-2.374016e-01 
-2.188976e-01 
-1.996063e-01 
-1.803150e-01 
-1.606299e-01 
-1.409449e-01 
-1.208661e-01 
-1.015748e-01 
-8.188976e-02 
-6.299213e-02 
-4.409449e-02 
-2.559055e-02 
-7.480315e-03 
1.062992e-02 
2.874016e-02 
4.685039e-02 
6.496063e-02 
8.307087e-02 
1.007874e-01 
1.185039e-01 
1.358268e-01 
1.527559e-01 
1.700787e-01 
1.874016e-01 
2.051181e-01 
2.228346e-01 
2.413386e-01 
2.598425e-01 
2.787402e-01 
2.972441e-01 
3.153543e-01 
3.326772e-01 
3.500000e-01 
3.665354e-01 
3.826772e-01 
3.988189e-01 
4.149606e-01 
4.314961e-01 
4.476378e-01 
4.637795e-01 
4.791339e-01 
4.940945e-01 
5.082677e-01 
5.220472e-01 
5.354331e-01 
5.480315e-01 
5.602362e-01 
5.724409e-01 
5.842520e-01 
5.960630e-01 
6.074803e-01 
6.188976e-01 
6.295276e-01 
6.393701e-01 
6.492126e-01 
6.582677e-01 
6.669291e-01 
6.755906e-01 
6.834646e-01 
6.913386e-01 
6.988189e-01 
7.062992e-01 
7.141732e-01 
7.216535e-01 
7.291339e-01 
7.366142e-01 
7.440945e-01 
7.511811e-01 
7.586614e-01 
7.661417e-01 
7.736220e-01 
7.811024e-01 
7.885827e-01 
7.956693e-01 
8.027559e-01 
8.098425e-01 
8.169291e-01 
8.236220e-01 
8.307087e-01 
8.374016e-01 
8.437008e-01 
8.496063e-01 
8.555118e-01 
8.606299e-01 
8.657480e-01 
8.708661e-01 
8.755906e-01 
8.803150e-01 
8.854331e-01 
8.901575e-01 
8.952756e-01 
9.007874e-01 
9.059055e-01 
9.110236e-01 
9.157480e-01 
9.208661e-01 
9.255906e-01 
9.299213e-01 
9.346457e-01 
9.389764e-01 
9.429134e-01 
9.468504e-01 
9.500000e-01 
9.531496e-01 
9.562992e-01 
9.594488e-01 
9.625984e-01 
9.661417e-01 
9.696850e-01 
9.732283e-01 
9.767717e-01 
9.803150e-01 
9.842520e-01 
9.874016e-01 
9.905512e-01 
9.933071e-01 
9.956693e-01 
9.980315e-01 
9.996063e-01 
1.000787e+00 
1.001969e+00 
1.001969e+00 
1.001969e+00 
1.001181e+00 
1 
9.984252e-01 
9.960630e-01 
9.937008e-01 
9.909449e-01 
9.877953e-01 
9.842520e-01 
9.799213e-01 
9.744094e-01 
9.685039e-01 
9.614173e-01 
9.539370e-01 
9.456693e-01 
9.370079e-01 
9.279528e-01 
9.188976e-01 
9.090551e-01 
8.992126e-01 
8.885827e-01 
8.775591e-01 
8.661417e-01 
8.539370e-01 
8.417323e-01 
8.287402e-01 
8.157480e-01 
8.023622e-01 
7.885827e-01 
7.744094e-01 
7.602362e-01 
7.460630e-01 
7.318898e-01 
7.169291e-01 
7.019685e-01 
6.858268e-01 
6.692913e-01 
6.519685e-01 
6.342520e-01 
6.157480e-01 
5.968504e-01 
5.779528e-01 
5.590551e-01 
5.401575e-01 
5.212598e-01 
5.027559e-01 
4.838583e-01 
4.649606e-01 
4.456693e-01 
4.267717e-01 
4.078740e-01 
3.893701e-01 
3.708661e-01 
3.523622e-01 
3.342520e-01 
3.161417e-01 
2.984252e-01 
2.811024e-01 
2.633858e-01 
2.464567e-01 
2.291339e-01 
2.122047e-01 
1.948819e-01 
1.779528e-01 
1.610236e-01 
1.437008e-01 
1.263780e-01 
1.090551e-01 
9.173228e-02 
7.440945e-02 
5.708661e-02 
3.976378e-02 
2.244094e-02 
5.511811e-03 
-1.102362e-02 
-2.755906e-02 
-4.370079e-02 
-5.944882e-02 
-7.519685e-02 
-9.055118e-02 
-1.059055e-01 
-1.208661e-01 
-1.354331e-01 
-1.496063e-01 
-1.633858e-01 
-1.763780e-01 
-1.889764e-01 
-2.015748e-01 
-2.133858e-01 
-2.248031e-01 
-2.354331e-01 
-2.452756e-01 
-2.543307e-01 
-2.625984e-01 
-2.704724e-01 
-2.783465e-01 
-2.858268e-01 
-2.933071e-01 
-3.007874e-01 
-3.078740e-01 
-3.145669e-01 
-3.216535e-01 
-3.283465e-01 
-3.350394e-01 
-3.417323e-01 
-3.484252e-01 
-3.547244e-01 
-3.614173e-01 
-3.673228e-01 
-3.736220e-01 
-3.799213e-01 
-3.858268e-01 
-3.917323e-01 
-3.972441e-01 
-4.023622e-01 
-4.070866e-01 
-4.110236e-01 
-4.149606e-01 
-4.181102e-01 
-4.212598e-01 
-4.244094e-01 
-4.275591e-01 
-4.307087e-01 
-4.334646e-01 
-4.362205e-01 
-4.381890e-01 
-4.397638e-01 
-4.405512e-01 
-4.417323e-01 
-4.429134e-01 
-4.440945e-01 
-4.452756e-01 
-4.472441e-01 
-4.488189e-01 
-4.503937e-01 
-4.519685e-01 
-4.531496e-01 
-4.539370e-01 
-4.543307e-01 
-4.547244e-01 
-4.543307e-01 
-4.543307e-01 
-4.539370e-01 
-4.531496e-01 
-4.523622e-01 
-4.511811e-01 
-4.503937e-01 
-4.492126e-01 
-4.480315e-01 
-4.468504e-01 
-4.452756e-01 
-4.433071e-01 
-4.413386e-01 
-4.393701e-01 
-4.370079e-01 
-4.346457e-01 
-4.318898e-01 
-4.287402e-01 
-4.255906e-01 
-4.216535e-01 
-4.177165e-01 
-4.133858e-01 
-4.090551e-01 
-4.047244e-01 
-4.003937e-01 
-3.960630e-01 
-3.913386e-01 
-3.858268e-01 
-3.803150e-01 
-3.740157e-01 
-3.677165e-01 
-3.610236e-01 
-3.543307e-01 
-3.476378e-01 
-3.413386e-01 
-3.350394e-01 
-3.291339e-01 
-3.232283e-01 
-3.169291e-01 
-3.102362e-01 
-3.031496e-01 
-2.960630e-01 
-2.885827e-01 
-2.814961e-01 
-2.744094e-01 
-2.673228e-01 
-2.598425e-01 
-2.523622e-01 
-2.448819e-01 
-2.366142e-01 
-2.283465e-01 
-2.200787e-01 
-2.114173e-01 
-2.031496e-01 
-1.948819e-01 
-1.862205e-01 
-1.779528e-01 
-1.696850e-01 
-1.610236e-01 
-1.527559e-01 
-1.444882e-01 
-1.362205e-01 
-1.279528e-01 
-1.196850e-01 
-1.110236e-01 
-1.027559e-01 
-9.370079e-02 
-8.464567e-02 
-7.559055e-02 
-6.614173e-02 
-5.669291e-02 
-4.724409e-02 
-3.818898e-02 
-2.952756e-02 
-2.125984e-02 
-1.299213e-02 
-5.118110e-03 
3.543307e-03 
1.220472e-02 
2.086614e-02 
2.952756e-02 
3.818898e-02 
4.685039e-02 
5.472441e-02 
6.299213e-02 
7.125984e-02 
7.992126e-02 
8.858268e-02 
9.763780e-02 
1.066929e-01 
1.157480e-01 
1.244094e-01 
1.334646e-01 
1.421260e-01 
1.511811e-01 
1.598425e-01 
1.685039e-01 
1.767717e-01 
1.850394e-01 
1.937008e-01 
2.019685e-01 
2.106299e-01 
2.196850e-01 
2.287402e-01 
2.377953e-01 
2.468504e-01 
2.559055e-01 
2.645669e-01 
2.728346e-01 
2.814961e-01 
2.897638e-01 
2.976378e-01 
3.059055e-01 
3.141732e-01 
3.224409e-01 
3.307087e-01 
3.389764e-01 
3.476378e-01 
3.559055e-01 
3.641732e-01 
3.724409e-01 
3.807087e-01 
3.885827e-01 
3.964567e-01 
4.043307e-01 
4.122047e-01 
4.200787e-01 
4.275591e-01 
4.350394e-01 
4.425197e-01 
4.500000e-01 
4.570866e-01 
4.641732e-01 
4.708661e-01 
4.775591e-01 
4.838583e-01 
4.897638e-01 
4.956693e-01 
5.011811e-01 
5.062992e-01 
5.114173e-01 
5.157480e-01 
5.196850e-01 
5.228346e-01 
5.259843e-01 
5.283465e-01 
5.299213e-01 
5.314961e-01 
5.326772e-01 
5.338583e-01 
5.346457e-01 
5.350394e-01 
5.358268e-01 
5.362205e-01 
5.366142e-01 
5.370079e-01 
5.374016e-01 
5.377953e-01 
5.381890e-01 
5.389764e-01 
5.393701e-01 
5.401575e-01 
5.405512e-01 
5.409449e-01 
5.409449e-01 
5.409449e-01 
5.409449e-01 
5.405512e-01 
5.405512e-01 
5.401575e-01 
5.401575e-01 
5.401575e-01 
5.401575e-01 
5.397638e-01 
5.389764e-01 
5.377953e-01 
5.362205e-01 
5.346457e-01 
5.326772e-01 
5.307087e-01 
5.287402e-01 
5.267717e-01 
5.244094e-01 
5.220472e-01 
5.188976e-01 
5.153543e-01 
5.114173e-01 
5.070866e-01 
5.023622e-01 
4.976378e-01 
4.925197e-01 
4.866142e-01 
4.807087e-01 
4.744094e-01 
4.673228e-01 
4.598425e-01 
4.519685e-01 
4.433071e-01 
4.342520e-01 
4.248031e-01 
4.149606e-01 
4.047244e-01 
3.944882e-01 
3.830709e-01 
3.716535e-01 
3.590551e-01 
3.460630e-01 
3.326772e-01 
3.185039e-01 
3.043307e-01 
2.897638e-01 
2.748031e-01 
2.598425e-01 
2.448819e-01 
2.299213e-01 
2.145669e-01 
1.992126e-01 
1.834646e-01 
1.677165e-01 
1.515748e-01 
1.350394e-01 
1.185039e-01 
1.011811e-01 
8.307087e-02 
6.496063e-02 
4.606299e-02 
2.716535e-02 
7.874016e-03 
-1.181102e-02 
-3.149606e-02 
-5.118110e-02 
-7.086614e-02 
-9.055118e-02 
-1.102362e-01 
-1.299213e-01 
-1.500000e-01 
-1.696850e-01 
-1.893701e-01 
-2.090551e-01 
-2.287402e-01 
-2.484252e-01 
-2.681102e-01 
-2.877953e-01 
-3.074803e-01 
-3.271654e-01 
-3.468504e-01 
-3.669291e-01 
-3.866142e-01 
-4.066929e-01 
-4.263780e-01 
-4.456693e-01 
-4.649606e-01 
-4.838583e-01 
-5.023622e-01 
-5.208661e-01 
-5.389764e-01 
-5.574803e-01 
-5.755906e-01 
-5.940945e-01 
-6.125984e-01 
-6.311024e-01 
-6.496063e-01 
-6.677165e-01 
-6.858268e-01 
-7.035433e-01 
-7.208661e-01 
-7.381890e-01 
-7.551181e-01 
-7.716535e-01 
-7.881890e-01 
-8.043307e-01 
-8.204724e-01 
-8.362205e-01 
-8.519685e-01 
-8.677165e-01 
-8.834646e-01 
-8.988189e-01 
-9.137795e-01 
-9.291339e-01 
-9.440945e-01 
-9.590551e-01 
-9.740157e-01 
-9.885827e-01 
-1.002756e+00 
-1.016535e+00 
-1.029921e+00 
-1.042913e+00 
-1.055512e+00 
-1.067717e+00 
-1.079528e+00 
-1.090551e+00 
-1.101575e+00 
-1.112598e+00 
-1.122835e+00 
-1.133071e+00 
-1.142913e+00 
-1.152756e+00 
-1.162205e+00 
-1.171654e+00 
-1.180709e+00 
-1.189370e+00 
-1.198031e+00 
-1.206693e+00 
-1.214961e+00 
-1.222441e+00 
-1.229528e+00 
-1.235827e+00 
-1.241732e+00 
-1.247244e+00 
-1.251969e+00 
-1.256693e+00 
-1.261024e+00 
-1.264961e+00 
-1.268504e+00 
-1.272047e+00 
-1.275197e+00 
-1.278346e+00 
-1.281102e+00 
-1.283858e+00 
-1.286220e+00 
-1.288583e+00 
-1.290157e+00 
-1.291339e+00 
-1.292126e+00 
-1.291732e+00 
-1.291339e+00 
-1.289764e+00 
-1.288189e+00 
-1.285827e+00 
-1.283071e+00 
-1.280315e+00 
-1.277165e+00 
-1.273228e+00 
-1.268898e+00 
-1.263780e+00 
-1.257874e+00 
-1.251575e+00 
-1.243701e+00 
-1.235433e+00 
-1.225984e+00 
-1.215748e+00 
-1.204331e+00 
-1.192520e+00 
-1.179134e+00 
-1.165354e+00 
-1.150787e+00 
-1.135433e+00 
-1.119291e+00 
-1.102756e+00 
-1.085039e+00 
-1.066929e+00 
-1.047638e+00 
-1.027165e+00 
-1.005906e+00 
-9.842520e-01 
-9.614173e-01 
-9.381890e-01 
-9.145669e-01 
-8.909449e-01 
-8.665354e-01 
-8.421260e-01 
-8.177165e-01 
-7.929134e-01 
-7.681102e-01 
-7.429134e-01 
-7.181102e-01 
-6.933071e-01 
-6.685039e-01 
-6.437008e-01 
-6.185039e-01 
-5.933071e-01 
-5.681102e-01 
-5.429134e-01 
-5.173228e-01 
-4.917323e-01 
-4.657480e-01 
-4.393701e-01 
-4.129921e-01 
-3.862205e-01 
-3.594488e-01 
-3.322835e-01 
-3.051181e-01 
-2.779528e-01 
-2.507874e-01 
-2.232283e-01 
-1.960630e-01 
-1.692913e-01 
-1.421260e-01 
-1.157480e-01 
-8.897638e-02 
-6.220472e-02 
-3.582677e-02 
-9.055118e-03 
1.771654e-02 
4.409449e-02 
7.007874e-02 
9.606299e-02 
1.216535e-01 
1.472441e-01 
1.724409e-01 
1.976378e-01 
2.228346e-01 
2.480315e-01 
2.724409e-01 
2.972441e-01 
3.216535e-01 
3.456693e-01 
3.696850e-01 
3.937008e-01 
4.173228e-01 
4.409449e-01 
4.641732e-01 
4.870079e-01 
5.102362e-01 
5.330709e-01 
5.555118e-01 
5.775591e-01 
5.992126e-01 
6.204724e-01 
6.413386e-01 
6.614173e-01 
6.811024e-01 
7.000000e-01 
7.181102e-01 
7.358268e-01 
7.527559e-01 
7.692913e-01 
7.846457e-01 
8.000000e-01 
8.145669e-01 
8.283465e-01 
8.421260e-01 
8.555118e-01 
8.681102e-01 
8.807087e-01 
8.933071e-01 
9.051181e-01 
9.165354e-01 
9.279528e-01 
9.389764e-01 
9.492126e-01 
9.594488e-01 
9.696850e-01 
9.791339e-01 
9.881890e-01 
9.964567e-01 
1.004724e+00 
1.012205e+00 
1.019291e+00 
1.025591e+00 
1.031890e+00 
1.037008e+00 
1.042126e+00 
1.047244e+00 
1.051969e+00 
1.056299e+00 
1.060630e+00 
1.064961e+00 
1.068504e+00 
1.072047e+00 
1.074803e+00 
1.076772e+00 
1.078346e+00 
1.079528e+00 
1.080315e+00 
1.080315e+00 
1.079921e+00 
1.079528e+00 
1.078346e+00 
1.076772e+00 
1.074803e+00 
1.072441e+00 
1.070079e+00 
1.066929e+00 
1.063780e+00 
1.060236e+00 
1.055906e+00 
1.051969e+00 
1.047244e+00 
1.042520e+00 
1.037795e+00 
1.032283e+00 
1.026378e+00 
1.020079e+00 
1.012992e+00 
1.005118e+00 
9.972441e-01 
9.889764e-01 
9.803150e-01 
9.708661e-01 
9.614173e-01 
9.511811e-01 
9.405512e-01 
9.299213e-01 
9.185039e-01 
9.074803e-01 
8.960630e-01 
8.846457e-01 
8.736220e-01 
8.622047e-01 
8.507874e-01 
8.393701e-01 
8.283465e-01 
8.169291e-01 
8.059055e-01 
7.948819e-01 
7.834646e-01 
7.724409e-01 
7.614173e-01 
7.500000e-01 
7.381890e-01 
7.263780e-01 
7.145669e-01 
7.023622e-01 
6.901575e-01 
6.779528e-01 
6.657480e-01 
6.531496e-01 
6.405512e-01 
6.275591e-01 
6.145669e-01 
6.015748e-01 
5.877953e-01 
5.740157e-01 
5.594488e-01 
5.452756e-01 
5.303150e-01 
5.153543e-01 
5.003937e-01 
4.858268e-01 
4.708661e-01 
4.562992e-01 
4.417323e-01 
4.271654e-01 
4.125984e-01 
3.984252e-01 
3.842520e-01 
3.700787e-01 
3.559055e-01 
3.417323e-01 
3.271654e-01 
3.129921e-01 
2.984252e-01 
2.842520e-01 
2.700787e-01 
2.559055e-01 
2.417323e-01 
2.279528e-01 
2.145669e-01 
2.011811e-01 
1.881890e-01 
1.755906e-01 
1.633858e-01 
1.511811e-01 
1.393701e-01 
1.279528e-01 
1.165354e-01 
1.051181e-01 
9.409449e-02 
8.307087e-02 
7.204724e-02 
6.141732e-02 
5.157480e-02 
4.133858e-02 
3.188976e-02 
2.283465e-02 
1.417323e-02 
5.905512e-03 
-1.968504e-03 
-9.448819e-03 
-1.653543e-02 
-2.362205e-02 
-2.992126e-02 
-3.622047e-02 
-4.173228e-02 
-4.685039e-02 
-5.196850e-02 
-5.669291e-02 
-6.102362e-02 
-6.535433e-02 
-6.929134e-02 
-7.244094e-02 
-7.559055e-02 
-7.834646e-02 
-8.070866e-02 
-8.307087e-02 
-8.503937e-02 
-8.740157e-02 
-8.937008e-02 
-9.133858e-02 
-9.330709e-02 
-9.488189e-02 
-9.606299e-02 
-9.685039e-02 
-9.763780e-02 
-9.842520e-02 
-9.921260e-02 
-1.000000e-01 
-1.003937e-01 
-1.003937e-01 
-1.007874e-01 
-1.007874e-01 
-1.003937e-01 
-1.000000e-01 
-9.960630e-02 
-9.921260e-02 
-9.842520e-02 
-9.763780e-02 
-9.685039e-02 
-9.566929e-02 
-9.488189e-02 
-9.330709e-02 
-9.212598e-02 
-9.055118e-02 
-8.897638e-02 
-8.740157e-02 
-8.582677e-02 
-8.425197e-02 
-8.267717e-02 
-8.149606e-02 
-7.992126e-02 
-7.874016e-02 
-7.755906e-02 
-7.598425e-02 
-7.480315e-02 
-7.362205e-02 
-7.244094e-02 
-7.165354e-02 
-7.047244e-02 
-6.968504e-02 
-6.929134e-02 
-6.889764e-02 
-6.811024e-02 
-6.771654e-02 
-6.732283e-02 
-6.732283e-02 
-6.692913e-02 
-6.692913e-02 
-6.732283e-02 
-6.771654e-02 
-6.811024e-02 
-6.850394e-02 
-6.889764e-02 
-6.929134e-02 
-6.968504e-02 
-7.047244e-02 
-7.165354e-02 
-7.283465e-02 
-7.401575e-02 
-7.559055e-02 
-7.677165e-02 
-7.834646e-02 
-7.952756e-02 
-8.070866e-02 
-8.188976e-02 
-8.307087e-02 
-8.385827e-02 
-8.503937e-02 
-8.622047e-02 
-8.740157e-02 
-8.897638e-02 
-9.015748e-02 
-9.173228e-02 
-9.330709e-02 
-9.488189e-02 
-9.645669e-02 
-9.842520e-02 
-1.000000e-01 
-1.011811e-01 
-1.027559e-01 
-1.043307e-01 
-1.059055e-01 
-1.074803e-01 
-1.086614e-01 
-1.102362e-01 
-1.114173e-01 
-1.129921e-01 
-1.141732e-01 
-1.157480e-01 
-1.173228e-01 
-1.192913e-01 
-1.212598e-01 
-1.232283e-01 
-1.255906e-01 
-1.283465e-01 
-1.311024e-01 
-1.342520e-01 
-1.374016e-01 
-1.405512e-01 
-1.440945e-01 
-1.476378e-01 
-1.511811e-01 
-1.551181e-01 
-1.590551e-01 
-1.629921e-01 
-1.669291e-01 
-1.708661e-01 
-1.748031e-01 
-1.791339e-01 
-1.830709e-01 
-1.874016e-01 
-1.913386e-01 
-1.952756e-01 
-1.992126e-01 
-2.035433e-01 
-2.074803e-01 
-2.118110e-01 
-2.157480e-01 
-2.200787e-01 
-2.244094e-01 
-2.287402e-01 
-2.330709e-01 
-2.374016e-01 
-2.413386e-01 
-2.456693e-01 
-2.496063e-01 
-2.539370e-01 
-2.582677e-01 
-2.625984e-01 
-2.673228e-01 
-2.716535e-01 
-2.763780e-01 
-2.814961e-01 
-2.862205e-01 
-2.913386e-01 
-2.960630e-01 
-3.007874e-01 
-3.055118e-01 
-3.102362e-01 
-3.145669e-01 
-3.185039e-01 
-3.228346e-01 
-3.267717e-01 
-3.307087e-01 
-3.342520e-01 
-3.377953e-01 
-3.413386e-01 
-3.444882e-01 
-3.472441e-01 
-3.500000e-01 
-3.527559e-01 
-3.551181e-01 
-3.578740e-01 
-3.598425e-01 
-3.622047e-01 
-3.641732e-01 
-3.661417e-01 
-3.677165e-01 
-3.692913e-01 
-3.704724e-01 
-3.712598e-01 
-3.720472e-01 
-3.724409e-01 
-3.724409e-01 
-3.724409e-01 
-3.720472e-01 
-3.716535e-01 
-3.708661e-01 
-3.696850e-01 
-3.688976e-01 
-3.673228e-01 
-3.661417e-01 
-3.645669e-01 
-3.625984e-01 
-3.606299e-01 
-3.586614e-01 
-3.559055e-01 
-3.531496e-01 
-3.503937e-01 
-3.476378e-01 
-3.444882e-01 
-3.413386e-01 
-3.377953e-01 
-3.342520e-01 
-3.307087e-01 
-3.271654e-01 
-3.232283e-01 
-3.192913e-01 
-3.153543e-01 
-3.110236e-01 
-3.066929e-01 
-3.023622e-01 
-2.976378e-01 
-2.929134e-01 
-2.877953e-01 
-2.822835e-01 
-2.767717e-01 
-2.708661e-01 
-2.645669e-01 
-2.578740e-01 
-2.511811e-01 
-2.444882e-01 
-2.374016e-01 
-2.299213e-01 
-2.228346e-01 
-2.153543e-01 
-2.078740e-01 
-2.003937e-01 
-1.925197e-01 
-1.846457e-01 
-1.767717e-01 
-1.688976e-01 
-1.606299e-01 
-1.523622e-01 
-1.440945e-01 
-1.358268e-01 
-1.275591e-01 
-1.196850e-01 
-1.114173e-01 
-1.039370e-01 
-9.606299e-02 
-8.858268e-02 
-8.149606e-02 
-7.440945e-02 
-6.771654e-02 
-6.102362e-02 
-5.472441e-02 
-4.803150e-02 
-4.173228e-02 
-3.543307e-02 
-2.952756e-02 
-2.362205e-02 
-1.771654e-02 
-1.181102e-02 
-5.905512e-03 
-3.937008e-04 
5.118110e-03 
1.102362e-02 
1.653543e-02 
2.204724e-02 
2.795276e-02 
3.346457e-02 
3.937008e-02 
4.488189e-02 
5.039370e-02 
5.590551e-02 
6.102362e-02 
6.574803e-02 
7.047244e-02 
7.519685e-02 
7.992126e-02 
8.385827e-02 
8.818898e-02 
9.212598e-02 
9.606299e-02 
9.960630e-02 
1.031496e-01 
1.066929e-01 
1.094488e-01 
1.125984e-01 
1.149606e-01 
1.177165e-01 
1.196850e-01 
1.220472e-01 
1.236220e-01 
1.255906e-01 
1.271654e-01 
1.287402e-01 
1.307087e-01 
1.318898e-01 
1.334646e-01 
1.350394e-01 
1.366142e-01 
1.377953e-01 
1.393701e-01 
1.405512e-01 
1.417323e-01 
1.429134e-01 
1.437008e-01 
1.444882e-01 
1.452756e-01 
1.460630e-01 
1.464567e-01 
1.472441e-01 
1.476378e-01 
1.484252e-01 
1.492126e-01 
1.496063e-01 
1.503937e-01 
1.511811e-01 
1.515748e-01 
1.519685e-01 
1.523622e-01 
1.523622e-01 
1.523622e-01 
1.523622e-01 
1.519685e-01 
1.511811e-01 
1.507874e-01 
1.500000e-01 
1.492126e-01 
1.480315e-01 
1.472441e-01 
1.464567e-01 
1.456693e-01 
1.448819e-01 
1.440945e-01 
1.433071e-01 
1.425197e-01 
1.417323e-01 
1.409449e-01 
1.401575e-01 
1.397638e-01 
1.389764e-01 
1.381890e-01 
1.374016e-01 
1.366142e-01 
1.354331e-01 
1.342520e-01 
1.326772e-01 
1.314961e-01 
1.303150e-01 
1.287402e-01 
1.267717e-01 
1.251969e-01 
1.228346e-01 
1.204724e-01 
1.181102e-01 
1.157480e-01 
1.129921e-01 
1.102362e-01 
1.074803e-01 
1.047244e-01 
1.019685e-01 
9.921260e-02 
9.645669e-02 
9.330709e-02 
9.055118e-02 
8.779528e-02 
8.503937e-02 
8.228346e-02 
7.952756e-02 
7.716535e-02 
7.440945e-02 
7.204724e-02 
6.968504e-02 
6.732283e-02 
6.496063e-02 
6.259843e-02 
6.062992e-02 
5.866142e-02 
5.629921e-02 
5.433071e-02 
5.236220e-02 
5.000000e-02 
4.803150e-02 
4.566929e-02 
4.370079e-02 
4.133858e-02 
3.937008e-02 
3.740157e-02 
3.582677e-02 
3.385827e-02 
3.188976e-02 
2.992126e-02 
2.795276e-02 
2.598425e-02 
2.362205e-02 
2.125984e-02 
1.850394e-02 
1.614173e-02 
1.338583e-02 
1.062992e-02 
7.480315e-03 
4.724409e-03 
1.574803e-03 
-1.574803e-03 
-4.724409e-03 
-8.267717e-03 
-1.181102e-02 
-1.535433e-02 
-1.889764e-02 
-2.244094e-02 
-2.598425e-02 
-2.952756e-02 
-3.307087e-02 
-3.661417e-02 
-4.015748e-02 
-4.370079e-02 
-4.685039e-02 
-5.039370e-02 
-5.393701e-02 
-5.748031e-02 
-6.102362e-02 
-6.496063e-02 
-6.850394e-02 
-7.244094e-02 
-7.598425e-02 
-7.992126e-02 
-8.346457e-02 
-8.700787e-02 
-9.015748e-02 
-9.291339e-02 
-9.606299e-02 
-9.881890e-02 
-1.011811e-01 
-1.039370e-01 
-1.059055e-01 
-1.082677e-01 
-1.102362e-01 
-1.118110e-01 
-1.133858e-01 
-1.149606e-01 
-1.165354e-01 
-1.181102e-01 
-1.192913e-01 
-1.204724e-01 
-1.216535e-01 
-1.228346e-01 
-1.240157e-01 
-1.251969e-01 
-1.267717e-01 
-1.283465e-01 
-1.299213e-01 
-1.314961e-01 
-1.330709e-01 
-1.350394e-01 
-1.374016e-01 
-1.393701e-01 
-1.417323e-01 
-1.440945e-01 
-1.460630e-01 
-1.484252e-01 
-1.507874e-01 
-1.531496e-01 
-1.551181e-01 
-1.570866e-01 
-1.586614e-01 
-1.606299e-01 
-1.622047e-01 
-1.633858e-01 
-1.645669e-01 
-1.657480e-01 
-1.669291e-01 
-1.677165e-01 
-1.685039e-01 
-1.692913e-01 
-1.700787e-01 
-1.708661e-01 
-1.716535e-01 
-1.724409e-01 
-1.732283e-01 
-1.744094e-01 
-1.751969e-01 
-1.759843e-01 
-1.763780e-01 
-1.767717e-01 
-1.771654e-01 
-1.775591e-01 
-1.779528e-01 
-1.783465e-01 
-1.787402e-01 
-1.787402e-01 
-1.787402e-01 
-1.787402e-01 
-1.783465e-01 
-1.779528e-01 
-1.771654e-01 
-1.763780e-01 
-1.755906e-01 
-1.748031e-01 
-1.736220e-01 
-1.724409e-01 
-1.712598e-01 
-1.696850e-01 
-1.681102e-01 
-1.661417e-01 
-1.641732e-01 
-1.614173e-01 
-1.586614e-01 
-1.559055e-01 
-1.523622e-01 
-1.488189e-01 
-1.452756e-01 
-1.413386e-01 
-1.374016e-01 
-1.330709e-01 
-1.287402e-01 
-1.244094e-01 
-1.196850e-01 
-1.149606e-01 
-1.098425e-01 
-1.047244e-01 
-9.960630e-02 
-9.409449e-02 
-8.858268e-02 
-8.346457e-02 
-7.795276e-02 
-7.244094e-02 
-6.732283e-02 
-6.181102e-02 
-5.629921e-02 
-5.118110e-02 
-4.566929e-02 
-4.015748e-02 
-3.464567e-02 
-2.952756e-02 
-2.401575e-02 
-1.889764e-02 
-1.338583e-02 
-8.267717e-03 
-2.755906e-03 
2.755906e-03 
8.661417e-03 
1.417323e-02 
2.047244e-02 
2.637795e-02 
3.267717e-02 
3.937008e-02 
4.566929e-02 
5.236220e-02 
5.905512e-02 
6.574803e-02 
7.204724e-02 
7.874016e-02 
8.543307e-02 
9.251969e-02 
9.921260e-02 
1.062992e-01 
1.133858e-01 
1.204724e-01 
1.271654e-01 
1.342520e-01 
1.409449e-01 
1.472441e-01 
1.535433e-01 
1.594488e-01 
1.653543e-01 
1.708661e-01 
1.763780e-01 
1.814961e-01 
1.870079e-01 
1.917323e-01 
1.968504e-01 
2.015748e-01 
2.066929e-01 
2.110236e-01 
2.157480e-01 
2.204724e-01 
2.248031e-01 
2.291339e-01 
2.334646e-01 
2.377953e-01 
2.417323e-01 
2.452756e-01 
2.488189e-01 
2.519685e-01 
2.547244e-01 
2.574803e-01 
2.594488e-01 
2.614173e-01 
2.633858e-01 
2.649606e-01 
2.661417e-01 
2.673228e-01 
2.685039e-01 
2.692913e-01 
2.700787e-01 
2.704724e-01 
2.708661e-01 
2.708661e-01 
2.708661e-01 
2.704724e-01 
2.700787e-01 
2.688976e-01 
2.677165e-01 
2.665354e-01 
2.649606e-01 
2.633858e-01 
2.614173e-01 
2.594488e-01 
2.574803e-01 
2.551181e-01 
2.527559e-01 
2.503937e-01 
2.476378e-01 
2.448819e-01 
2.417323e-01 
2.385827e-01 
2.350394e-01 
2.314961e-01 
2.275591e-01 
2.240157e-01 
2.200787e-01 
2.161417e-01 
2.122047e-01 
2.082677e-01 
2.039370e-01 
1.996063e-01 
1.952756e-01 
1.905512e-01 
1.858268e-01 
1.814961e-01 
1.767717e-01 
1.724409e-01 
1.677165e-01 
1.637795e-01 
1.594488e-01 
1.555118e-01 
1.515748e-01 
1.476378e-01 
1.437008e-01 
1.393701e-01 
1.350394e-01 
1.307087e-01 
1.259843e-01 
1.208661e-01 
1.157480e-01 
1.106299e-01 
1.055118e-01 
1.000000e-01 
9.448819e-02 
8.858268e-02 
8.267717e-02 
7.677165e-02 
7.047244e-02 
6.417323e-02 
5.826772e-02 
5.196850e-02 
4.566929e-02 
3.937008e-02 
3.267717e-02 
2.637795e-02 
1.968504e-02 
1.259843e-02 
5.905512e-03 
-7.874016e-04 
-7.874016e-03 
-1.456693e-02 
-2.125984e-02 
-2.795276e-02 
-3.464567e-02 
-4.133858e-02 
-4.842520e-02 
-5.511811e-02 
-6.220472e-02 
-6.889764e-02 
-7.598425e-02 
-8.267717e-02 
-8.937008e-02 
-9.566929e-02 
-1.019685e-01 
-1.082677e-01 
-1.137795e-01 
-1.196850e-01 
-1.248031e-01 
-1.299213e-01 
-1.350394e-01 
-1.393701e-01 
-1.437008e-01 
-1.476378e-01 
-1.511811e-01 
-1.543307e-01 
-1.570866e-01 
-1.598425e-01 
-1.622047e-01 
-1.641732e-01 
-1.661417e-01 
-1.677165e-01 
-1.692913e-01 
-1.704724e-01 
-1.720472e-01 
-1.732283e-01 
-1.744094e-01 
-1.751969e-01 
-1.759843e-01 
-1.767717e-01 
-1.771654e-01 
-1.775591e-01 
-1.775591e-01 
-1.771654e-01 
-1.767717e-01 
-1.759843e-01 
-1.748031e-01 
-1.736220e-01 
-1.720472e-01 
-1.700787e-01 
-1.681102e-01 
-1.661417e-01 
-1.637795e-01 
-1.614173e-01 
-1.590551e-01 
-1.562992e-01 
-1.539370e-01 
-1.511811e-01 
-1.480315e-01 
-1.452756e-01 
-1.421260e-01 
-1.389764e-01 
-1.354331e-01 
-1.318898e-01 
-1.283465e-01 
-1.244094e-01 
-1.204724e-01 
-1.165354e-01 
-1.122047e-01 
-1.074803e-01 
-1.027559e-01 
-9.803150e-02 
-9.291339e-02 
-8.740157e-02 
-8.188976e-02 
-7.637795e-02 
-7.086614e-02 
-6.496063e-02 
-5.905512e-02 
-5.275591e-02 
-4.685039e-02 
-4.055118e-02 
-3.425197e-02 
-2.795276e-02 
-2.165354e-02 
-1.535433e-02 
-9.055118e-03 
-3.149606e-03 
3.149606e-03 
9.448819e-03 
1.574803e-02 
2.204724e-02 
2.834646e-02 
3.464567e-02 
4.133858e-02 
4.803150e-02 
5.472441e-02 
6.141732e-02 
6.811024e-02 
7.519685e-02 
8.188976e-02 
8.897638e-02 
9.606299e-02 
1.027559e-01 
1.098425e-01 
1.169291e-01 
1.240157e-01 
1.311024e-01 
1.381890e-01 
1.448819e-01 
1.515748e-01 
1.582677e-01 
1.649606e-01 
1.712598e-01 
1.779528e-01 
1.842520e-01 
1.901575e-01 
1.960630e-01 
2.019685e-01 
2.074803e-01 
2.129921e-01 
2.181102e-01 
2.228346e-01 
2.275591e-01 
2.318898e-01 
2.362205e-01 
2.401575e-01 
2.437008e-01 
2.472441e-01 
2.507874e-01 
2.535433e-01 
2.566929e-01 
2.594488e-01 
2.618110e-01 
2.637795e-01 
2.657480e-01 
2.669291e-01 
2.681102e-01 
2.692913e-01 
2.700787e-01 
2.704724e-01 
2.704724e-01 
2.700787e-01 
2.696850e-01 
2.685039e-01 
2.673228e-01 
2.661417e-01 
2.641732e-01 
2.622047e-01 
2.598425e-01 
2.574803e-01 
2.543307e-01 
2.511811e-01 
2.476378e-01 
2.433071e-01 
2.393701e-01 
2.346457e-01 
2.295276e-01 
2.244094e-01 
2.192913e-01 
2.137795e-01 
2.078740e-01 
2.019685e-01 
1.960630e-01 
1.893701e-01 
1.830709e-01 
1.763780e-01 
1.696850e-01 
1.629921e-01 
1.559055e-01 
1.488189e-01 
1.413386e-01 
1.338583e-01 
1.259843e-01 
1.181102e-01 
1.102362e-01 
1.019685e-01 
9.409449e-02 
8.622047e-02 
7.795276e-02 
7.007874e-02 
6.181102e-02 
5.393701e-02 
4.566929e-02 
3.740157e-02 
2.874016e-02 
2.047244e-02 
1.220472e-02 
3.937008e-03 
-4.330709e-03 
-1.299213e-02 
-2.125984e-02 
-2.952756e-02 
-3.779528e-02 
-4.606299e-02 
-5.433071e-02 
-6.259843e-02 
-7.086614e-02 
-7.874016e-02 
-8.700787e-02 
-9.488189e-02 
-1.031496e-01 
-1.110236e-01 
-1.188976e-01 
-1.267717e-01 
-1.342520e-01 
-1.421260e-01 
-1.496063e-01 
-1.570866e-01 
-1.645669e-01 
-1.720472e-01 
-1.795276e-01 
-1.866142e-01 
-1.937008e-01 
-2.007874e-01 
-2.074803e-01 
-2.145669e-01 
-2.212598e-01 
-2.275591e-01 
-2.342520e-01 
-2.405512e-01 
-2.468504e-01 
-2.531496e-01 
-2.594488e-01 
-2.653543e-01 
-2.712598e-01 
-2.767717e-01 
-2.818898e-01 
-2.870079e-01 
-2.921260e-01 
-2.968504e-01 
-3.015748e-01 
-3.059055e-01 
-3.102362e-01 
-3.141732e-01 
-3.177165e-01 
-3.212598e-01 
-3.244094e-01 
-3.275591e-01 
-3.303150e-01 
-3.326772e-01 
-3.350394e-01 
-3.370079e-01 
-3.381890e-01 
-3.397638e-01 
-3.405512e-01 
-3.409449e-01 
-3.409449e-01 
-3.409449e-01 
-3.405512e-01 
-3.401575e-01 
-3.393701e-01 
-3.385827e-01 
-3.377953e-01 
-3.362205e-01 
-3.350394e-01 
-3.334646e-01 
-3.314961e-01 
-3.295276e-01 
-3.275591e-01 
-3.251969e-01 
-3.228346e-01 
-3.200787e-01 
-3.173228e-01 
-3.145669e-01 
-3.118110e-01 
-3.086614e-01 
-3.055118e-01 
-3.023622e-01 
-2.996063e-01 
-2.964567e-01 
-2.933071e-01 
-2.905512e-01 
-2.874016e-01 
-2.846457e-01 
-2.814961e-01 
-2.787402e-01 
-2.759843e-01 
-2.732283e-01 
-2.704724e-01 
-2.677165e-01 
-2.649606e-01 
-2.622047e-01 
-2.594488e-01 
-2.566929e-01 
-2.539370e-01 
-2.511811e-01 
-2.484252e-01 
-2.456693e-01 
-2.429134e-01 
-2.401575e-01 
-2.374016e-01 
-2.346457e-01 
-2.318898e-01 
-2.287402e-01 
-2.255906e-01 
-2.220472e-01 
-2.185039e-01 
-2.145669e-01 
-2.106299e-01 
-2.066929e-01 
-2.023622e-01 
-1.980315e-01 
-1.937008e-01 
-1.889764e-01 
-1.842520e-01 
-1.795276e-01 
-1.744094e-01 
-1.692913e-01 
-1.641732e-01 
-1.586614e-01 
-1.535433e-01 
-1.480315e-01 
-1.425197e-01 
-1.366142e-01 
-1.311024e-01 
-1.251969e-01 
-1.196850e-01 
-1.137795e-01 
-1.082677e-01 
-1.023622e-01 
-9.645669e-02 
-9.015748e-02 
-8.425197e-02 
-7.795276e-02 
-7.125984e-02 
-6.456693e-02 
-5.787402e-02 
-5.078740e-02 
-4.370079e-02 
-3.661417e-02 
-2.913386e-02 
-2.165354e-02 
-1.417323e-02 
-6.299213e-03 
1.574803e-03 
9.842520e-03 
1.811024e-02 
2.637795e-02 
3.464567e-02 
4.291339e-02 
5.157480e-02 
5.984252e-02 
6.811024e-02 
7.677165e-02 
8.503937e-02 
9.370079e-02 
1.027559e-01 
1.114173e-01 
1.200787e-01 
1.287402e-01 
1.374016e-01 
1.464567e-01 
1.551181e-01 
1.637795e-01 
1.724409e-01 
1.811024e-01 
1.893701e-01 
1.980315e-01 
2.062992e-01 
2.141732e-01 
2.224409e-01 
2.303150e-01 
2.377953e-01 
2.452756e-01 
2.523622e-01 
2.594488e-01 
2.661417e-01 
2.724409e-01 
2.787402e-01 
2.846457e-01 
2.905512e-01 
2.960630e-01 
3.015748e-01 
3.066929e-01 
3.118110e-01 
3.165354e-01 
3.212598e-01 
3.255906e-01 
3.295276e-01 
3.334646e-01 
3.374016e-01 
3.405512e-01 
3.440945e-01 
3.472441e-01 
3.503937e-01 
3.531496e-01 
3.559055e-01 
3.586614e-01 
3.606299e-01 
3.629921e-01 
3.649606e-01 
3.665354e-01 
3.681102e-01 
3.692913e-01 
3.696850e-01 
3.700787e-01 
3.704724e-01 
3.700787e-01 
3.692913e-01 
3.685039e-01 
3.673228e-01 
3.661417e-01 
3.641732e-01 
3.622047e-01 
3.598425e-01 
3.570866e-01 
3.543307e-01 
3.511811e-01 
3.480315e-01 
3.444882e-01 
3.409449e-01 
3.370079e-01 
3.330709e-01 
3.287402e-01 
3.248031e-01 
3.204724e-01 
3.161417e-01 
3.114173e-01 
3.070866e-01 
3.023622e-01 
2.976378e-01 
2.925197e-01 
2.877953e-01 
2.826772e-01 
2.775591e-01 
2.724409e-01 
2.673228e-01 
2.622047e-01 
2.570866e-01 
2.515748e-01 
2.460630e-01 
2.405512e-01 
2.346457e-01 
2.291339e-01 
2.232283e-01 
2.173228e-01 
2.110236e-01 
2.051181e-01 
1.988189e-01 
1.925197e-01 
1.862205e-01 
1.799213e-01 
1.736220e-01 
1.669291e-01 
1.606299e-01 
1.539370e-01 
1.468504e-01 
1.401575e-01 
1.326772e-01 
1.255906e-01 
1.181102e-01 
1.102362e-01 
1.027559e-01 
9.488189e-02 
8.661417e-02 
7.874016e-02 
7.086614e-02 
6.259843e-02 
5.472441e-02 
4.685039e-02 
3.858268e-02 
3.110236e-02 
2.322835e-02 
1.574803e-02 
8.267717e-03 
7.874016e-04 
-6.299213e-03 
-1.377953e-02 
-2.086614e-02 
-2.795276e-02 
-3.503937e-02 
-4.212598e-02 
-4.881890e-02 
-5.590551e-02 
-6.259843e-02 
-6.929134e-02 
-7.559055e-02 
-8.228346e-02 
-8.858268e-02 
-9.488189e-02 
-1.007874e-01 
-1.066929e-01 
-1.125984e-01 
-1.185039e-01 
-1.240157e-01 
-1.295276e-01 
-1.350394e-01 
-1.401575e-01 
-1.452756e-01 
-1.500000e-01 
-1.551181e-01 
-1.598425e-01 
-1.641732e-01 
-1.688976e-01 
-1.732283e-01 
-1.771654e-01 
-1.814961e-01 
-1.854331e-01 
-1.893701e-01 
-1.929134e-01 
-1.968504e-01 
-2.003937e-01 
-2.039370e-01 
-2.074803e-01 
-2.110236e-01 
-2.145669e-01 
-2.177165e-01 
-2.208661e-01 
-2.240157e-01 
-2.267717e-01 
-2.295276e-01 
-2.322835e-01 
-2.342520e-01 
-2.366142e-01 
-2.381890e-01 
-2.401575e-01 
-2.413386e-01 
-2.425197e-01 
-2.437008e-01 
-2.444882e-01 
-2.448819e-01 
-2.452756e-01 
-2.452756e-01 
-2.452756e-01 
-2.448819e-01 
-2.440945e-01 
-2.433071e-01 
-2.425197e-01 
-2.413386e-01 
-2.397638e-01 
-2.381890e-01 
-2.366142e-01 
-2.350394e-01 
-2.330709e-01 
-2.307087e-01 
-2.279528e-01 
-2.251969e-01 
-2.220472e-01 
-2.185039e-01 
-2.149606e-01 
-2.110236e-01 
-2.070866e-01 
-2.023622e-01 
-1.980315e-01 
-1.933071e-01 
-1.881890e-01 
-1.830709e-01 
-1.775591e-01 
-1.720472e-01 
-1.665354e-01 
-1.610236e-01 
-1.555118e-01 
-1.496063e-01 
-1.440945e-01 
-1.381890e-01 
-1.322835e-01 
-1.263780e-01 
-1.204724e-01 
-1.145669e-01 
-1.082677e-01 
-1.019685e-01 
-9.527559e-02 
-8.897638e-02 
-8.228346e-02 
-7.559055e-02 
-6.889764e-02 
-6.220472e-02 
-5.511811e-02 
-4.842520e-02 
-4.133858e-02 
-3.464567e-02 
-2.795276e-02 
-2.086614e-02 
-1.417323e-02 
-7.480315e-03 
-1.181102e-03 
5.511811e-03 
1.220472e-02 
1.889764e-02 
2.519685e-02 
3.188976e-02 
3.818898e-02 
4.488189e-02 
5.118110e-02 
5.748031e-02 
6.377953e-02 
7.007874e-02 
7.598425e-02 
8.188976e-02 
8.779528e-02 
9.330709e-02 
9.881890e-02 
1.039370e-01 
1.090551e-01 
1.141732e-01 
1.188976e-01 
1.236220e-01 
1.275591e-01 
1.314961e-01 
1.350394e-01 
1.381890e-01 
1.413386e-01 
1.440945e-01 
1.464567e-01 
1.488189e-01 
1.511811e-01 
1.527559e-01 
1.539370e-01 
1.551181e-01 
1.559055e-01 
1.566929e-01 
1.574803e-01 
1.578740e-01 
1.582677e-01 
1.582677e-01 
1.586614e-01 
1.582677e-01 
1.582677e-01 
1.578740e-01 
1.574803e-01 
1.570866e-01 
1.566929e-01 
1.562992e-01 
1.555118e-01 
1.547244e-01 
1.539370e-01 
1.531496e-01 
1.519685e-01 
1.511811e-01 
1.500000e-01 
1.488189e-01 
1.472441e-01 
1.456693e-01 
1.440945e-01 
1.421260e-01 
1.405512e-01 
1.385827e-01 
1.366142e-01 
1.346457e-01 
1.322835e-01 
1.303150e-01 
1.279528e-01 
1.255906e-01 
1.236220e-01 
1.216535e-01 
1.192913e-01 
1.173228e-01 
1.153543e-01 
1.133858e-01 
1.114173e-01 
1.094488e-01 
1.074803e-01 
1.055118e-01 
1.035433e-01 
1.015748e-01 
9.921260e-02 
9.724409e-02 
9.488189e-02 
9.251969e-02 
9.015748e-02 
8.779528e-02 
8.543307e-02 
8.307087e-02 
8.070866e-02 
7.795276e-02 
7.559055e-02 
7.283465e-02 
7.007874e-02 
6.692913e-02 
6.417323e-02 
6.102362e-02 
5.826772e-02 
5.551181e-02 
5.236220e-02 
4.960630e-02 
4.645669e-02 
4.291339e-02 
3.976378e-02 
3.622047e-02 
3.267717e-02 
2.913386e-02 
2.559055e-02 
2.204724e-02 
1.811024e-02 
1.417323e-02 
1.023622e-02 
6.299213e-03 
2.362205e-03 
-1.968504e-03 
-6.299213e-03 
-1.062992e-02 
-1.535433e-02 
-2.007874e-02 
-2.480315e-02 
-2.952756e-02 
-3.464567e-02 
-3.937008e-02 
-4.448819e-02 
-4.921260e-02 
-5.433071e-02 
-5.944882e-02 
-6.417323e-02 
-6.929134e-02 
-7.401575e-02 
-7.913386e-02 
-8.425197e-02 
-8.937008e-02 
-9.409449e-02 
-9.921260e-02 
-1.039370e-01 
-1.082677e-01 
-1.129921e-01 
-1.177165e-01 
-1.224409e-01 
-1.271654e-01 
-1.314961e-01 
-1.358268e-01 
-1.401575e-01 
-1.444882e-01 
-1.484252e-01 
-1.527559e-01 
-1.566929e-01 
-1.606299e-01 
-1.641732e-01 
-1.673228e-01 
-1.704724e-01 
-1.740157e-01 
-1.767717e-01 
-1.799213e-01 
-1.826772e-01 
-1.854331e-01 
-1.877953e-01 
-1.905512e-01 
-1.929134e-01 
-1.952756e-01 
-1.976378e-01 
-1.996063e-01 
-2.019685e-01 
-2.039370e-01 
-2.059055e-01 
-2.074803e-01 
-2.090551e-01 
-2.106299e-01 
-2.118110e-01 
-2.129921e-01 
-2.141732e-01 
-2.149606e-01 
-2.153543e-01 
-2.157480e-01 
-2.161417e-01 
-2.161417e-01 
-2.161417e-01 
-2.157480e-01 
-2.153543e-01 
-2.145669e-01 
-2.137795e-01 
-2.125984e-01 
-2.114173e-01 
-2.102362e-01 
-2.082677e-01 
-2.066929e-01 
-2.047244e-01 
-2.027559e-01 
-2.003937e-01 
-1.980315e-01 
-1.956693e-01 
-1.933071e-01 
-1.901575e-01 
-1.874016e-01 
-1.842520e-01 
-1.811024e-01 
-1.775591e-01 
-1.740157e-01 
-1.700787e-01 
-1.661417e-01 
-1.618110e-01 
-1.570866e-01 
-1.527559e-01 
-1.480315e-01 
-1.437008e-01 
-1.389764e-01 
-1.342520e-01 
-1.295276e-01 
-1.244094e-01 
-1.192913e-01 
-1.137795e-01 
-1.082677e-01 
-1.023622e-01 
-9.645669e-02 
-9.055118e-02 
-8.464567e-02 
-7.874016e-02 
-7.283465e-02 
-6.692913e-02 
-6.102362e-02 
-5.511811e-02 
-4.881890e-02 
-4.291339e-02 
-3.700787e-02 
-3.110236e-02 
-2.519685e-02 
-1.929134e-02 
-1.338583e-02 
-7.874016e-03 
-1.968504e-03 
3.937008e-03 
9.448819e-03 
1.535433e-02 
2.086614e-02 
2.637795e-02 
3.188976e-02 
3.740157e-02 
4.291339e-02 
4.803150e-02 
5.354331e-02 
5.866142e-02 
6.377953e-02 
6.929134e-02 
7.440945e-02 
7.913386e-02 
8.425197e-02 
8.897638e-02 
9.370079e-02 
9.803150e-02 
1.027559e-01 
1.070866e-01 
1.110236e-01 
1.153543e-01 
1.192913e-01 
1.228346e-01 
1.263780e-01 
1.299213e-01 
1.330709e-01 
1.362205e-01 
1.393701e-01 
1.421260e-01 
1.448819e-01 
1.472441e-01 
1.496063e-01 
1.515748e-01 
1.535433e-01 
1.551181e-01 
1.566929e-01 
1.582677e-01 
1.594488e-01 
1.606299e-01 
1.614173e-01 
1.622047e-01 
1.629921e-01 
1.633858e-01 
1.637795e-01 
1.637795e-01 
1.637795e-01 
1.637795e-01 
1.637795e-01 
1.633858e-01 
1.629921e-01 
1.625984e-01 
1.618110e-01 
1.606299e-01 
1.594488e-01 
1.578740e-01 
1.562992e-01 
1.543307e-01 
1.519685e-01 
1.496063e-01 
1.468504e-01 
1.440945e-01 
1.413386e-01 
1.381890e-01 
1.350394e-01 
1.318898e-01 
1.283465e-01 
1.251969e-01 
1.216535e-01 
1.181102e-01 
1.145669e-01 
1.110236e-01 
1.070866e-01 
1.035433e-01 
9.960630e-02 
9.566929e-02 
9.212598e-02 
8.818898e-02 
8.464567e-02 
8.110236e-02 
7.755906e-02 
7.440945e-02 
7.125984e-02 
6.771654e-02 
6.456693e-02 
6.141732e-02 
5.787402e-02 
5.472441e-02 
5.118110e-02 
4.763780e-02 
4.409449e-02 
4.094488e-02 
3.779528e-02 
3.464567e-02 
3.110236e-02 
2.795276e-02 
2.440945e-02 
2.086614e-02 
1.771654e-02 
1.417323e-02 
1.062992e-02 
7.480315e-03 
4.724409e-03 
1.574803e-03 
-1.181102e-03 
-3.937008e-03 
-6.692913e-03 
-9.055118e-03 
-1.181102e-02 
-1.456693e-02 
-1.692913e-02 
-1.968504e-02 
-2.204724e-02 
-2.440945e-02 
-2.677165e-02 
-2.952756e-02 
-3.188976e-02 
-3.425197e-02 
-3.700787e-02 
-3.937008e-02 
-4.173228e-02 
-4.409449e-02 
-4.645669e-02 
-4.881890e-02 
-5.078740e-02 
-5.275591e-02 
-5.472441e-02 
-5.629921e-02 
-5.787402e-02 
-5.984252e-02 
-6.102362e-02 
-6.259843e-02 
-6.377953e-02 
-6.535433e-02 
-6.653543e-02 
-6.732283e-02 
-6.850394e-02 
-6.929134e-02 
-7.007874e-02 
-7.086614e-02 
-7.165354e-02 
-7.165354e-02 
-7.204724e-02 
-7.204724e-02 
-7.204724e-02 
-7.204724e-02 
-7.165354e-02 
-7.165354e-02 
-7.086614e-02 
-7.047244e-02 
-6.968504e-02 
-6.850394e-02 
-6.771654e-02 
-6.653543e-02 
-6.535433e-02 
-6.417323e-02 
-6.299213e-02 
-6.141732e-02 
-6.023622e-02 
-5.866142e-02 
-5.748031e-02 
-5.590551e-02 
-5.433071e-02 
-5.314961e-02 
-5.157480e-02 
-5.000000e-02 
-4.842520e-02 
-4.685039e-02 
-4.566929e-02 
-4.409449e-02 
-4.251969e-02 
-4.094488e-02 
-3.937008e-02 
-3.779528e-02 
-3.622047e-02 
-3.464567e-02 
-3.307087e-02 
-3.110236e-02 
-2.952756e-02 
-2.834646e-02 
-2.677165e-02 
-2.519685e-02 
-2.362205e-02 
-2.204724e-02 
-2.047244e-02 
-1.889764e-02 
-1.732283e-02 
-1.574803e-02 
-1.417323e-02 
-1.259843e-02 
-1.102362e-02 
-9.448819e-03 
-7.874016e-03 
-6.299213e-03 
-5.118110e-03 
-3.937008e-03 
-2.755906e-03 
-1.968504e-03 
-7.874016e-04 
0 
7.874016e-04 
1.574803e-03 
1.968504e-03 
2.362205e-03 
2.755906e-03 
3.937008e-03 
5.118110e-03 
6.692913e-03 
8.267717e-03 
9.448819e-03 
9.842520e-03 
9.842520e-03 
9.842520e-03 
9.842520e-03 
1.023622e-02 
1.062992e-02 
1.141732e-02 
1.181102e-02 
1.259843e-02 
1.299213e-02 
1.338583e-02 
1.377953e-02 
1.417323e-02 
1.456693e-02 
1.496063e-02 
1.535433e-02 
1.535433e-02 
1.535433e-02 
1.496063e-02 
1.417323e-02 
1.338583e-02 
1.220472e-02 
1.102362e-02 
9.842520e-03 
9.055118e-03 
8.661417e-03 
8.661417e-03 
8.661417e-03 
8.267717e-03 
7.874016e-03 
7.480315e-03 
7.086614e-03 
6.299213e-03 
5.905512e-03 
5.511811e-03 
5.118110e-03 
4.724409e-03 
4.330709e-03 
3.543307e-03 
2.755906e-03 
1.968504e-03 
1.574803e-03 
7.874016e-04 
3.937008e-04 
0 
-3.937008e-04 
-7.874016e-04 
-1.574803e-03 
-1.968504e-03 
-2.755906e-03 
-3.543307e-03 
-4.330709e-03 
-5.511811e-03 
-6.299213e-03 
-7.086614e-03 
-8.267717e-03 
-9.055118e-03 
-9.842520e-03 
-1.062992e-02 
-1.141732e-02 
-1.220472e-02 
-1.299213e-02 
-1.377953e-02 
-1.496063e-02 
-1.614173e-02 
-1.732283e-02 
-1.811024e-02 
-1.929134e-02 
-2.007874e-02 
-2.125984e-02 
-2.204724e-02 
-2.322835e-02 
-2.440945e-02 
-2.559055e-02 
-2.677165e-02 
-2.795276e-02 
-2.913386e-02 
-3.031496e-02 
-3.149606e-02 
-3.228346e-02 
-3.346457e-02 
-3.464567e-02 
-3.582677e-02 
-3.700787e-02 
-3.779528e-02 
-3.897638e-02 
-3.976378e-02 
-4.094488e-02 
-4.173228e-02 
-4.251969e-02 
-4.370079e-02 
-4.488189e-02 
-4.566929e-02 
-4.685039e-02 
-4.763780e-02 
-4.803150e-02 
-4.881890e-02 
-4.921260e-02 
-4.960630e-02 
-5.000000e-02 
-5.039370e-02 
-5.078740e-02 
-5.157480e-02 
-5.196850e-02 
-5.275591e-02 
-5.275591e-02 
-5.314961e-02 
-5.354331e-02 
-5.393701e-02 
-5.433071e-02 
-5.472441e-02 
-5.472441e-02 
-5.472441e-02 
-5.433071e-02 
-5.393701e-02 
-5.314961e-02 
-5.275591e-02 
-5.236220e-02 
-5.236220e-02 
-5.196850e-02 
-5.157480e-02 
-5.078740e-02 
-5.000000e-02 
-4.960630e-02 
-4.921260e-02 
-4.842520e-02 
-4.803150e-02 
-4.763780e-02 
-4.685039e-02 
-4.606299e-02 
-4.527559e-02 
-4.409449e-02 
-4.291339e-02 
-4.212598e-02 
-4.094488e-02 
-3.976378e-02 
-3.858268e-02 
-3.779528e-02 
-3.661417e-02 
-3.582677e-02 
-3.503937e-02 
-3.385827e-02 
-3.267717e-02 
-3.110236e-02 
-2.952756e-02 
-2.755906e-02 
-2.598425e-02 
-2.440945e-02 
-2.283465e-02 
-2.125984e-02 
-1.968504e-02 
-1.771654e-02 
-1.574803e-02 
-1.417323e-02 
-1.181102e-02 
-9.842520e-03 
-7.480315e-03 
-4.724409e-03 
-1.968504e-03 
3.937008e-04 
3.149606e-03 
5.511811e-03 
7.874016e-03 
1.023622e-02 
1.299213e-02 
1.574803e-02 
1.850394e-02 
2.204724e-02 
2.519685e-02 
2.834646e-02 
3.110236e-02 
3.385827e-02 
3.661417e-02 
3.976378e-02 
4.291339e-02 
4.645669e-02 
5.039370e-02 
5.433071e-02 
5.866142e-02 
6.299213e-02 
6.692913e-02 
7.086614e-02 
7.480315e-02 
7.834646e-02 
8.228346e-02 
8.661417e-02 
9.133858e-02 
9.606299e-02 
1.007874e-01 
1.059055e-01 
1.110236e-01 
1.157480e-01 
1.204724e-01 
1.251969e-01 
1.303150e-01 
1.350394e-01 
1.397638e-01 
1.448819e-01 
1.496063e-01 
1.543307e-01 
1.586614e-01 
1.633858e-01 
1.677165e-01 
1.724409e-01 
1.775591e-01 
1.822835e-01 
1.870079e-01 
1.913386e-01 
1.956693e-01 
1.996063e-01 
2.031496e-01 
2.062992e-01 
2.094488e-01 
2.125984e-01 
2.161417e-01 
2.192913e-01 
2.224409e-01 
2.248031e-01 
2.271654e-01 
2.287402e-01 
2.299213e-01 
2.311024e-01 
2.322835e-01 
2.330709e-01 
2.338583e-01 
2.342520e-01 
2.346457e-01 
2.346457e-01 
2.346457e-01 
2.342520e-01 
2.334646e-01 
2.326772e-01 
2.314961e-01 
2.299213e-01 
2.279528e-01 
2.259843e-01 
2.240157e-01 
2.216535e-01 
2.196850e-01 
2.177165e-01 
2.153543e-01 
2.125984e-01 
2.098425e-01 
2.066929e-01 
2.031496e-01 
1.996063e-01 
1.956693e-01 
1.921260e-01 
1.885827e-01 
1.846457e-01 
1.807087e-01 
1.767717e-01 
1.724409e-01 
1.681102e-01 
1.637795e-01 
1.590551e-01 
1.547244e-01 
1.500000e-01 
1.456693e-01 
1.405512e-01 
1.358268e-01 
1.307087e-01 
1.255906e-01 
1.204724e-01 
1.153543e-01 
1.102362e-01 
1.051181e-01 
9.960630e-02 
9.409449e-02 
8.858268e-02 
8.267717e-02 
7.677165e-02 
7.047244e-02 
6.456693e-02 
5.866142e-02 
5.236220e-02 
4.645669e-02 
4.055118e-02 
3.464567e-02 
2.834646e-02 
2.204724e-02 
1.574803e-02 
9.448819e-03 
2.755906e-03 
-3.149606e-03 
-9.448819e-03 
-1.535433e-02 
-2.165354e-02 
-2.795276e-02 
-3.425197e-02 
-4.094488e-02 
-4.763780e-02 
-5.433071e-02 
-6.102362e-02 
-6.732283e-02 
-7.362205e-02 
-7.952756e-02 
-8.503937e-02 
-9.094488e-02 
-9.685039e-02 
-1.027559e-01 
-1.086614e-01 
-1.149606e-01 
-1.204724e-01 
-1.259843e-01 
-1.314961e-01 
-1.366142e-01 
-1.417323e-01 
-1.464567e-01 
-1.511811e-01 
-1.555118e-01 
-1.602362e-01 
-1.645669e-01 
-1.688976e-01 
-1.732283e-01 
-1.775591e-01 
-1.814961e-01 
-1.854331e-01 
-1.893701e-01 
-1.929134e-01 
-1.964567e-01 
-2.000000e-01 
-2.035433e-01 
-2.070866e-01 
-2.102362e-01 
-2.137795e-01 
-2.169291e-01 
-2.200787e-01 
-2.232283e-01 
-2.263780e-01 
-2.291339e-01 
-2.318898e-01 
-2.342520e-01 
-2.366142e-01 
-2.385827e-01 
-2.409449e-01 
-2.429134e-01 
-2.448819e-01 
-2.464567e-01 
-2.480315e-01 
-2.492126e-01 
-2.503937e-01 
-2.511811e-01 
-2.519685e-01 
-2.523622e-01 
-2.527559e-01 
-2.527559e-01 
-2.527559e-01 
-2.527559e-01 
-2.523622e-01 
-2.519685e-01 
-2.515748e-01 
-2.507874e-01 
-2.496063e-01 
-2.484252e-01 
-2.472441e-01 
-2.456693e-01 
-2.440945e-01 
-2.421260e-01 
-2.401575e-01 
-2.377953e-01 
-2.358268e-01 
-2.330709e-01 
-2.307087e-01 
-2.275591e-01 
-2.248031e-01 
-2.212598e-01 
-2.177165e-01 
-2.141732e-01 
-2.106299e-01 
-2.070866e-01 
-2.035433e-01 
-2.000000e-01 
-1.960630e-01 
-1.921260e-01 
-1.877953e-01 
-1.834646e-01 
-1.791339e-01 
-1.744094e-01 
-1.700787e-01 
-1.657480e-01 
-1.614173e-01 
-1.566929e-01 
-1.519685e-01 
-1.472441e-01 
-1.421260e-01 
-1.370079e-01 
-1.318898e-01 
-1.267717e-01 
-1.220472e-01 
-1.169291e-01 
-1.118110e-01 
-1.070866e-01 
-1.019685e-01 
-9.685039e-02 
-9.133858e-02 
-8.622047e-02 
-8.110236e-02 
-7.598425e-02 
-7.086614e-02 
-6.574803e-02 
-6.102362e-02 
-5.629921e-02 
-5.118110e-02 
-4.645669e-02 
-4.133858e-02 
-3.661417e-02 
-3.149606e-02 
-2.677165e-02 
-2.204724e-02 
-1.732283e-02 
-1.259843e-02 
-7.874016e-03 
-3.149606e-03 
1.574803e-03 
6.299213e-03 
1.102362e-02 
1.535433e-02 
2.007874e-02 
2.440945e-02 
2.874016e-02 
3.267717e-02 
3.700787e-02 
4.133858e-02 
4.566929e-02 
4.960630e-02 
5.393701e-02 
5.787402e-02 
6.181102e-02 
6.614173e-02 
6.968504e-02 
7.362205e-02 
7.716535e-02 
8.031496e-02 
8.346457e-02 
8.622047e-02 
8.897638e-02 
9.133858e-02 
9.370079e-02 
9.606299e-02 
9.803150e-02 
1.000000e-01 
1.019685e-01 
1.031496e-01 
1.047244e-01 
1.059055e-01 
1.070866e-01 
1.078740e-01 
1.086614e-01 
1.094488e-01 
1.098425e-01 
1.102362e-01 
1.106299e-01 
1.110236e-01 
1.118110e-01 
1.122047e-01 
1.125984e-01 
1.129921e-01 
1.129921e-01 
1.129921e-01 
1.129921e-01 
1.129921e-01 
1.129921e-01 
1.125984e-01 
1.125984e-01 
1.125984e-01 
1.122047e-01 
1.114173e-01 
1.110236e-01 
1.102362e-01 
1.094488e-01 
1.086614e-01 
1.078740e-01 
1.070866e-01 
1.062992e-01 
1.055118e-01 
1.047244e-01 
1.039370e-01 
1.031496e-01 
1.019685e-01 
1.011811e-01 
1.003937e-01 
1.000000e-01 
9.921260e-02 
9.881890e-02 
9.842520e-02 
9.842520e-02 
9.803150e-02 
9.803150e-02 
9.803150e-02 
9.763780e-02 
9.763780e-02 
9.763780e-02 
9.763780e-02 
9.763780e-02 
9.763780e-02 
9.763780e-02 
9.803150e-02 
9.803150e-02 
9.842520e-02 
9.921260e-02 
9.960630e-02 
1.003937e-01 
1.007874e-01 
1.015748e-01 
1.019685e-01 
1.027559e-01 
1.035433e-01 
1.043307e-01 
1.051181e-01 
1.059055e-01 
1.070866e-01 
1.078740e-01 
1.086614e-01 
1.094488e-01 
1.106299e-01 
1.118110e-01 
1.129921e-01 
1.141732e-01 
1.153543e-01 
1.165354e-01 
1.177165e-01 
1.185039e-01 
1.196850e-01 
1.208661e-01 
1.220472e-01 
1.232283e-01 
1.244094e-01 
1.255906e-01 
1.267717e-01 
1.275591e-01 
1.287402e-01 
1.295276e-01 
1.307087e-01 
1.314961e-01 
1.322835e-01 
1.330709e-01 
1.338583e-01 
1.342520e-01 
1.346457e-01 
1.350394e-01 
1.358268e-01 
1.362205e-01 
1.370079e-01 
1.374016e-01 
1.374016e-01 
1.374016e-01 
1.374016e-01 
1.370079e-01 
1.366142e-01 
1.362205e-01 
1.354331e-01 
1.346457e-01 
1.338583e-01 
1.326772e-01 
1.311024e-01 
1.299213e-01 
1.279528e-01 
1.263780e-01 
1.244094e-01 
1.224409e-01 
1.204724e-01 
1.181102e-01 
1.153543e-01 
1.129921e-01 
1.102362e-01 
1.070866e-01 
1.039370e-01 
1.007874e-01 
9.763780e-02 
9.448819e-02 
9.094488e-02 
8.779528e-02 
8.425197e-02 
8.110236e-02 
7.795276e-02 
7.480315e-02 
7.125984e-02 
6.771654e-02 
6.417323e-02 
6.062992e-02 
5.708661e-02 
5.354331e-02 
5.000000e-02 
4.606299e-02 
4.251969e-02 
3.897638e-02 
3.503937e-02 
3.149606e-02 
2.795276e-02 
2.401575e-02 
2.047244e-02 
1.692913e-02 
1.299213e-02 
9.055118e-03 
5.511811e-03 
1.574803e-03 
-1.968504e-03 
-5.905512e-03 
-9.448819e-03 
-1.338583e-02 
-1.732283e-02 
-2.086614e-02 
-2.480315e-02 
-2.834646e-02 
-3.188976e-02 
-3.582677e-02 
-3.937008e-02 
-4.291339e-02 
-4.606299e-02 
-4.960630e-02 
-5.275591e-02 
-5.590551e-02 
-5.905512e-02 
-6.181102e-02 
-6.496063e-02 
-6.771654e-02 
-7.047244e-02 
-7.322835e-02 
-7.559055e-02 
-7.834646e-02 
-8.070866e-02 
-8.307087e-02 
-8.543307e-02 
-8.779528e-02 
-8.976378e-02 
-9.212598e-02 
-9.409449e-02 
-9.606299e-02 
-9.803150e-02 
-1.000000e-01 
-1.019685e-01 
-1.035433e-01 
-1.055118e-01 
-1.070866e-01 
-1.086614e-01 
-1.102362e-01 
-1.118110e-01 
-1.129921e-01 
-1.141732e-01 
-1.157480e-01 
-1.165354e-01 
-1.177165e-01 
-1.188976e-01 
-1.196850e-01 
-1.204724e-01 
-1.212598e-01 
-1.220472e-01 
-1.224409e-01 
-1.228346e-01 
-1.232283e-01 
-1.236220e-01 
-1.236220e-01 
-1.240157e-01 
-1.236220e-01 
-1.236220e-01 
-1.232283e-01 
-1.228346e-01 
-1.224409e-01 
-1.216535e-01 
-1.208661e-01 
-1.196850e-01 
-1.185039e-01 
-1.173228e-01 
-1.161417e-01 
-1.145669e-01 
-1.129921e-01 
-1.114173e-01 
-1.098425e-01 
-1.078740e-01 
-1.059055e-01 
-1.035433e-01 
-1.011811e-01 
-9.921260e-02 
-9.645669e-02 
-9.409449e-02 
-9.173228e-02 
-8.937008e-02 
-8.661417e-02 
-8.385827e-02 
-8.110236e-02 
-7.834646e-02 
-7.519685e-02 
-7.204724e-02 
-6.889764e-02 
-6.574803e-02 
-6.220472e-02 
-5.866142e-02 
-5.551181e-02 
-5.196850e-02 
-4.881890e-02 
-4.527559e-02 
-4.212598e-02 
-3.858268e-02 
-3.543307e-02 
-3.188976e-02 
-2.874016e-02 
-2.519685e-02 
-2.204724e-02 
-1.850394e-02 
-1.535433e-02 
-1.220472e-02 
-8.661417e-03 
-5.511811e-03 
-2.362205e-03 
7.874016e-04 
3.937008e-03 
7.086614e-03 
1.023622e-02 
1.338583e-02 
1.653543e-02 
1.968504e-02 
2.283465e-02 
2.637795e-02 
2.952756e-02 
3.307087e-02 
3.661417e-02 
3.976378e-02 
4.330709e-02 
4.645669e-02 
5.000000e-02 
5.314961e-02 
5.669291e-02 
5.984252e-02 
6.338583e-02 
6.692913e-02 
7.007874e-02 
7.322835e-02 
7.677165e-02 
7.992126e-02 
8.307087e-02 
8.622047e-02 
8.937008e-02 
9.251969e-02 
9.566929e-02 
9.881890e-02 
1.015748e-01 
1.047244e-01 
1.074803e-01 
1.106299e-01 
1.133858e-01 
1.161417e-01 
1.188976e-01 
1.216535e-01 
1.244094e-01 
1.267717e-01 
1.291339e-01 
1.318898e-01 
1.338583e-01 
1.362205e-01 
1.385827e-01 
1.409449e-01 
1.429134e-01 
1.448819e-01 
1.468504e-01 
1.488189e-01 
1.507874e-01 
1.523622e-01 
1.539370e-01 
1.555118e-01 
1.570866e-01 
1.586614e-01 
1.598425e-01 
1.610236e-01 
1.622047e-01 
1.629921e-01 
1.637795e-01 
1.645669e-01 
1.649606e-01 
1.653543e-01 
1.653543e-01 
1.657480e-01 
1.653543e-01 
1.649606e-01 
1.641732e-01 
1.633858e-01 
1.625984e-01 
1.614173e-01 
1.598425e-01 
1.586614e-01 
1.570866e-01 
1.555118e-01 
1.535433e-01 
1.515748e-01 
1.496063e-01 
1.472441e-01 
1.448819e-01 
1.421260e-01 
1.397638e-01 
1.370079e-01 
1.342520e-01 
1.314961e-01 
1.287402e-01 
1.259843e-01 
1.232283e-01 
1.200787e-01 
1.169291e-01 
1.137795e-01 
1.106299e-01 
1.074803e-01 
1.039370e-01 
1.007874e-01 
9.763780e-02 
9.409449e-02 
9.094488e-02 
8.740157e-02 
8.385827e-02 
8.031496e-02 
7.637795e-02 
7.244094e-02 
6.889764e-02 
6.496063e-02 
6.102362e-02 
5.708661e-02 
5.275591e-02 
4.881890e-02 
4.448819e-02 
4.055118e-02 
3.622047e-02 
3.188976e-02 
2.755906e-02 
2.322835e-02 
1.889764e-02 
1.496063e-02 
1.062992e-02 
6.299213e-03 
1.968504e-03 
-1.968504e-03 
-6.299213e-03 
-1.023622e-02 
-1.417323e-02 
-1.850394e-02 
-2.244094e-02 
-2.637795e-02 
-3.070866e-02 
-3.464567e-02 
-3.858268e-02 
-4.251969e-02 
-4.645669e-02 
-5.078740e-02 
-5.472441e-02 
-5.866142e-02 
-6.259843e-02 
-6.614173e-02 
-7.007874e-02 
-7.362205e-02 
-7.755906e-02 
-8.110236e-02 
-8.425197e-02 
-8.779528e-02 
-9.094488e-02 
-9.448819e-02 
-9.763780e-02 
-1.003937e-01 
-1.035433e-01 
-1.062992e-01 
-1.090551e-01 
-1.114173e-01 
-1.141732e-01 
-1.165354e-01 
-1.188976e-01 
-1.208661e-01 
-1.228346e-01 
-1.248031e-01 
-1.263780e-01 
-1.283465e-01 
-1.295276e-01 
-1.311024e-01 
-1.322835e-01 
-1.334646e-01 
-1.346457e-01 
-1.358268e-01 
-1.366142e-01 
-1.374016e-01 
-1.381890e-01 
-1.385827e-01 
-1.393701e-01 
-1.393701e-01 
-1.397638e-01 
-1.397638e-01 
-1.397638e-01 
-1.393701e-01 
-1.389764e-01 
-1.385827e-01 
-1.381890e-01 
-1.377953e-01 
-1.374016e-01 
-1.366142e-01 
-1.358268e-01 
-1.350394e-01 
-1.342520e-01 
-1.334646e-01 
-1.330709e-01 
-1.322835e-01 
-1.314961e-01 
-1.307087e-01 
-1.295276e-01 
-1.287402e-01 
-1.279528e-01 
-1.271654e-01 
-1.259843e-01 
-1.251969e-01 
-1.244094e-01 
-1.232283e-01 
-1.224409e-01 
-1.212598e-01 
-1.204724e-01 
-1.192913e-01 
-1.181102e-01 
-1.169291e-01 
-1.161417e-01 
-1.149606e-01 
-1.137795e-01 
-1.125984e-01 
-1.114173e-01 
-1.102362e-01 
-1.086614e-01 
-1.074803e-01 
-1.062992e-01 
-1.051181e-01 
-1.039370e-01 
-1.027559e-01 
-1.019685e-01 
-1.007874e-01 
-9.960630e-02 
-9.842520e-02 
-9.763780e-02 
-9.685039e-02 
-9.606299e-02 
-9.566929e-02 
-9.527559e-02 
-9.488189e-02 
-9.448819e-02 
-9.409449e-02 
-9.370079e-02 
-9.330709e-02 
-9.291339e-02 
-9.251969e-02 
-9.212598e-02 
-9.173228e-02 
-9.133858e-02 
-9.094488e-02 
-9.094488e-02 
-9.055118e-02 
-9.015748e-02 
-8.976378e-02 
-8.976378e-02 
-8.937008e-02 
-8.897638e-02 
-8.897638e-02 
-8.897638e-02 
-8.858268e-02 
-8.858268e-02 
-8.818898e-02 
-8.818898e-02 
-8.779528e-02 
-8.779528e-02 
-8.740157e-02 
-8.700787e-02 
-8.700787e-02 
-8.661417e-02 
-8.622047e-02 
-8.622047e-02 
-8.582677e-02 
-8.582677e-02 
-8.582677e-02 
-8.543307e-02 
-8.543307e-02 
-8.543307e-02 
-8.543307e-02 
-8.543307e-02 
-8.503937e-02 
-8.503937e-02 
-8.464567e-02 
-8.425197e-02 
-8.385827e-02 
-8.346457e-02 
-8.307087e-02 
-8.267717e-02 
-8.188976e-02 
-8.149606e-02 
-8.070866e-02 
-7.992126e-02 
-7.913386e-02 
-7.834646e-02 
-7.755906e-02 
-7.677165e-02 
-7.559055e-02 
-7.480315e-02 
-7.362205e-02 
-7.283465e-02 
-7.165354e-02 
-7.086614e-02 
-6.968504e-02 
-6.889764e-02 
-6.771654e-02 
-6.692913e-02 
-6.614173e-02 
-6.496063e-02 
-6.377953e-02 
-6.299213e-02 
-6.181102e-02 
-6.062992e-02 
-5.944882e-02 
-5.787402e-02 
-5.669291e-02 
-5.551181e-02 
-5.393701e-02 
-5.275591e-02 
-5.118110e-02 
-5.000000e-02 
-4.842520e-02 
-4.685039e-02 
-4.527559e-02 
-4.330709e-02 
-4.173228e-02 
-4.015748e-02 
-3.818898e-02 
-3.661417e-02 
-3.464567e-02 
-3.267717e-02 
-3.110236e-02 
-2.913386e-02 
-2.716535e-02 
-2.519685e-02 
-2.322835e-02 
-2.125984e-02 
-1.929134e-02 
-1.692913e-02 
-1.496063e-02 
-1.299213e-02 
-1.062992e-02 
-8.661417e-03 
-6.299213e-03 
-3.937008e-03 
-1.968504e-03 
3.937008e-04 
2.755906e-03 
5.118110e-03 
7.480315e-03 
9.842520e-03 
1.220472e-02 
1.496063e-02 
1.732283e-02 
1.968504e-02 
2.244094e-02 
2.480315e-02 
2.716535e-02 
2.952756e-02 
3.188976e-02 
3.464567e-02 
3.700787e-02 
3.937008e-02 
4.173228e-02 
4.448819e-02 
4.685039e-02 
4.921260e-02 
5.157480e-02 
5.393701e-02 
5.629921e-02 
5.866142e-02 
6.102362e-02 
6.338583e-02 
6.535433e-02 
6.771654e-02 
6.968504e-02 
7.204724e-02 
7.401575e-02 
7.637795e-02 
7.834646e-02 
8.031496e-02 
8.228346e-02 
8.425197e-02 
8.622047e-02 
8.818898e-02 
8.976378e-02 
9.173228e-02 
9.330709e-02 
9.488189e-02 
9.645669e-02 
9.803150e-02 
9.921260e-02 
1.007874e-01 
1.019685e-01 
1.031496e-01 
1.039370e-01 
1.051181e-01 
1.059055e-01 
1.066929e-01 
1.074803e-01 
1.078740e-01 
1.082677e-01 
1.086614e-01 
1.090551e-01 
1.090551e-01 
1.090551e-01 
1.086614e-01 
1.086614e-01 
1.078740e-01 
1.074803e-01 
1.066929e-01 
1.059055e-01 
1.047244e-01 
1.035433e-01 
1.023622e-01 
1.011811e-01 
9.960630e-02 
9.803150e-02 
9.606299e-02 
9.409449e-02 
9.212598e-02 
8.976378e-02 
8.779528e-02 
8.543307e-02 
8.267717e-02 
8.031496e-02 
7.755906e-02 
7.440945e-02 
7.165354e-02 
6.850394e-02 
6.574803e-02 
6.259843e-02 
5.905512e-02 
5.590551e-02 
5.275591e-02 
4.921260e-02 
4.606299e-02 
4.251969e-02 
3.897638e-02 
3.543307e-02 
3.188976e-02 
2.834646e-02 
2.480315e-02 
2.125984e-02 
1.771654e-02 
1.417323e-02 
1.023622e-02 
6.692913e-03 
3.149606e-03 
-3.937008e-04 
-4.330709e-03 
-7.874016e-03 
-1.141732e-02 
-1.496063e-02 
-1.850394e-02 
-2.165354e-02 
-2.519685e-02 
-2.834646e-02 
-3.188976e-02 
-3.503937e-02 
-3.858268e-02 
-4.173228e-02 
-4.527559e-02 
-4.842520e-02 
-5.157480e-02 
-5.472441e-02 
-5.787402e-02 
-6.062992e-02 
-6.377953e-02 
-6.692913e-02 
-6.968504e-02 
-7.283465e-02 
-7.559055e-02 
-7.874016e-02 
-8.149606e-02 
-8.464567e-02 
-8.740157e-02 
-9.015748e-02 
-9.291339e-02 
-9.566929e-02 
-9.803150e-02 
-1.007874e-01 
-1.031496e-01 
-1.059055e-01 
-1.082677e-01 
-1.106299e-01 
-1.129921e-01 
-1.153543e-01 
-1.177165e-01 
-1.200787e-01 
-1.220472e-01 
-1.244094e-01 
-1.263780e-01 
-1.283465e-01 
-1.303150e-01 
-1.322835e-01 
-1.342520e-01 
-1.358268e-01 
-1.377953e-01 
-1.393701e-01 
-1.409449e-01 
-1.429134e-01 
-1.440945e-01 
-1.456693e-01 
-1.472441e-01 
-1.484252e-01 
-1.496063e-01 
-1.507874e-01 
-1.519685e-01 
-1.527559e-01 
-1.535433e-01 
-1.543307e-01 
-1.547244e-01 
-1.555118e-01 
-1.559055e-01 
-1.559055e-01 
-1.562992e-01 
-1.562992e-01 
-1.562992e-01 
-1.562992e-01 
-1.562992e-01 
-1.559055e-01 
-1.559055e-01 
-1.555118e-01 
-1.551181e-01 
-1.547244e-01 
-1.539370e-01 
-1.535433e-01 
-1.527559e-01 
-1.519685e-01 
-1.511811e-01 
-1.503937e-01 
-1.496063e-01 
-1.484252e-01 
-1.476378e-01 
-1.464567e-01 
-1.452756e-01 
-1.444882e-01 
-1.433071e-01 
-1.421260e-01 
-1.409449e-01 
-1.397638e-01 
-1.385827e-01 
-1.377953e-01 
-1.366142e-01 
-1.354331e-01 
-1.342520e-01 
-1.330709e-01 
-1.318898e-01 
-1.311024e-01 
-1.299213e-01 
-1.287402e-01 
-1.279528e-01 
-1.267717e-01 
-1.259843e-01 
-1.248031e-01 
-1.240157e-01 
-1.232283e-01 
-1.224409e-01 
-1.212598e-01 
-1.204724e-01 
-1.200787e-01 
-1.192913e-01 
-1.185039e-01 
-1.181102e-01 
-1.177165e-01 
-1.169291e-01 
-1.165354e-01 
-1.157480e-01 
-1.149606e-01 
-1.145669e-01 
-1.137795e-01 
-1.129921e-01 
-1.122047e-01 
-1.114173e-01 
-1.110236e-01 
-1.102362e-01 
-1.094488e-01 
-1.086614e-01 
-1.078740e-01 
-1.066929e-01 
-1.059055e-01 
-1.051181e-01 
-1.043307e-01 
-1.031496e-01 
-1.023622e-01 
-1.011811e-01 
-1.000000e-01 
-9.881890e-02 
-9.763780e-02 
-9.645669e-02 
-9.527559e-02 
-9.409449e-02 
-9.291339e-02 
-9.173228e-02 
-9.055118e-02 
-8.937008e-02 
-8.818898e-02 
-8.700787e-02 
-8.582677e-02 
-8.464567e-02 
-8.346457e-02 
-8.228346e-02 
-8.110236e-02 
-7.992126e-02 
-7.874016e-02 
-7.755906e-02 
-7.637795e-02 
-7.519685e-02 
-7.362205e-02 
-7.244094e-02 
-7.125984e-02 
-6.968504e-02 
-6.850394e-02 
-6.692913e-02 
-6.535433e-02 
-6.377953e-02 
-6.220472e-02 
-6.062992e-02 
-5.866142e-02 
-5.708661e-02 
-5.511811e-02 
-5.314961e-02 
-5.078740e-02 
-4.881890e-02 
-4.645669e-02 
-4.448819e-02 
-4.212598e-02 
-3.976378e-02 
-3.740157e-02 
-3.503937e-02 
-3.267717e-02 
-3.031496e-02 
-2.795276e-02 
-2.559055e-02 
-2.283465e-02 
-2.047244e-02 
-1.811024e-02 
-1.574803e-02 
-1.299213e-02 
-1.062992e-02 
-7.874016e-03 
-5.511811e-03 
-2.755906e-03 
0 
2.362205e-03 
5.118110e-03 
7.874016e-03 
1.102362e-02 
1.377953e-02 
1.692913e-02 
1.968504e-02 
2.283465e-02 
2.598425e-02 
2.913386e-02 
3.228346e-02 
3.543307e-02 
3.858268e-02 
4.212598e-02 
4.527559e-02 
4.842520e-02 
5.157480e-02 
5.472441e-02 
5.787402e-02 
6.062992e-02 
6.377953e-02 
6.692913e-02 
7.007874e-02 
7.322835e-02 
7.637795e-02 
7.952756e-02 
8.307087e-02 
8.622047e-02 
8.937008e-02 
9.251969e-02 
9.606299e-02 
9.960630e-02 
1.031496e-01 
1.062992e-01 
1.102362e-01 
1.137795e-01 
1.173228e-01 
1.208661e-01 
1.248031e-01 
1.283465e-01 
1.322835e-01 
1.358268e-01 
1.397638e-01 
1.433071e-01 
1.468504e-01 
1.503937e-01 
1.539370e-01 
1.570866e-01 
1.602362e-01 
1.633858e-01 
1.661417e-01 
1.692913e-01 
1.716535e-01 
1.744094e-01 
1.767717e-01 
1.791339e-01 
1.814961e-01 
1.834646e-01 
1.850394e-01 
1.870079e-01 
1.885827e-01 
1.901575e-01 
1.913386e-01 
1.925197e-01 
1.933071e-01 
1.940945e-01 
1.948819e-01 
1.956693e-01 
1.960630e-01 
1.964567e-01 
1.968504e-01 
1.968504e-01 
1.968504e-01 
1.968504e-01 
1.968504e-01 
1.968504e-01 
1.964567e-01 
1.960630e-01 
1.956693e-01 
1.948819e-01 
1.944882e-01 
1.937008e-01 
1.925197e-01 
1.917323e-01 
1.905512e-01 
1.893701e-01 
1.881890e-01 
1.870079e-01 
1.854331e-01 
1.842520e-01 
1.822835e-01 
1.807087e-01 
1.791339e-01 
1.771654e-01 
1.751969e-01 
1.728346e-01 
1.708661e-01 
1.685039e-01 
1.661417e-01 
1.633858e-01 
1.610236e-01 
1.582677e-01 
1.555118e-01 
1.527559e-01 
1.496063e-01 
1.468504e-01 
1.437008e-01 
1.401575e-01 
1.370079e-01 
1.334646e-01 
1.303150e-01 
1.267717e-01 
1.228346e-01 
1.192913e-01 
1.157480e-01 
1.122047e-01 
1.082677e-01 
1.047244e-01 
1.011811e-01 
9.724409e-02 
9.370079e-02 
9.015748e-02 
8.661417e-02 
8.307087e-02 
7.952756e-02 
7.598425e-02 
7.244094e-02 
6.929134e-02 
6.574803e-02 
6.259843e-02 
5.905512e-02 
5.590551e-02 
5.275591e-02 
4.960630e-02 
4.645669e-02 
4.330709e-02 
4.015748e-02 
3.700787e-02 
3.385827e-02 
3.110236e-02 
2.795276e-02 
2.519685e-02 
2.204724e-02 
1.929134e-02 
1.614173e-02 
1.338583e-02 
