1 
1.000000e-02 
7.400000e-02 
7.100000e-02 
6.800000e-02 
6.500000e-02 
6.200000e-02 
6.000000e-02 
5.800000e-02 
5.500000e-02 
5.300000e-02 
5.100000e-02 
4.900000e-02 
4.700000e-02 
4.400000e-02 
4.100000e-02 
3.800000e-02 
3.500000e-02 
3.300000e-02 
3.000000e-02 
2.800000e-02 
2.500000e-02 
2.200000e-02 
1.900000e-02 
1.600000e-02 
1.300000e-02 
1.000000e-02 
7.000000e-03 
4.000000e-03 
2.000000e-03 
-1.000000e-03 
-3.000000e-03 
-6.000000e-03 
-8.000000e-03 
-1.000000e-02 
-1.300000e-02 
-1.500000e-02 
-1.800000e-02 
-2.000000e-02 
-2.300000e-02 
-2.600000e-02 
-2.900000e-02 
-3.300000e-02 
-3.600000e-02 
-3.900000e-02 
-4.200000e-02 
-4.600000e-02 
-4.900000e-02 
-5.300000e-02 
-5.600000e-02 
-6.000000e-02 
-6.500000e-02 
-6.900000e-02 
-7.300000e-02 
-7.800000e-02 
-8.200000e-02 
-8.600000e-02 
-9.000000e-02 
-9.400000e-02 
-9.900000e-02 
-1.040000e-01 
-1.090000e-01 
-1.150000e-01 
-1.200000e-01 
-1.260000e-01 
-1.320000e-01 
-1.380000e-01 
-1.440000e-01 
-1.500000e-01 
-1.550000e-01 
-1.610000e-01 
-1.660000e-01 
-1.720000e-01 
-1.770000e-01 
-1.830000e-01 
-1.890000e-01 
-1.950000e-01 
-2.010000e-01 
-2.080000e-01 
-2.140000e-01 
-2.190000e-01 
-2.250000e-01 
-2.300000e-01 
-2.350000e-01 
-2.410000e-01 
-2.460000e-01 
-2.520000e-01 
-2.590000e-01 
-2.650000e-01 
-2.710000e-01 
-2.770000e-01 
-2.830000e-01 
-2.880000e-01 
-2.940000e-01 
-2.990000e-01 
-3.050000e-01 
-3.110000e-01 
-3.170000e-01 
-3.230000e-01 
-3.290000e-01 
-3.350000e-01 
-3.420000e-01 
-3.490000e-01 
-3.560000e-01 
-3.630000e-01 
-3.700000e-01 
-3.760000e-01 
-3.830000e-01 
-3.900000e-01 
-3.970000e-01 
-4.040000e-01 
-4.110000e-01 
-4.180000e-01 
-4.260000e-01 
-4.330000e-01 
-4.410000e-01 
-4.480000e-01 
-4.540000e-01 
-4.610000e-01 
-4.680000e-01 
-4.740000e-01 
-4.810000e-01 
-4.880000e-01 
-4.960000e-01 
-5.040000e-01 
-5.120000e-01 
-5.210000e-01 
-5.280000e-01 
-5.350000e-01 
-5.410000e-01 
-5.470000e-01 
-5.520000e-01 
-5.580000e-01 
-5.640000e-01 
-5.700000e-01 
-5.770000e-01 
-5.840000e-01 
-5.920000e-01 
-6.000000e-01 
-6.080000e-01 
-6.150000e-01 
-6.210000e-01 
-6.270000e-01 
-6.320000e-01 
-6.370000e-01 
-6.420000e-01 
-6.470000e-01 
-6.520000e-01 
-6.560000e-01 
-6.610000e-01 
-6.660000e-01 
-6.710000e-01 
-6.760000e-01 
-6.810000e-01 
-6.860000e-01 
-6.910000e-01 
-6.960000e-01 
-7.010000e-01 
-7.040000e-01 
-7.070000e-01 
-7.100000e-01 
-7.120000e-01 
-7.140000e-01 
-7.160000e-01 
-7.180000e-01 
-7.200000e-01 
-7.220000e-01 
-7.240000e-01 
-7.270000e-01 
-7.300000e-01 
-7.330000e-01 
-7.360000e-01 
-7.390000e-01 
-7.420000e-01 
-7.440000e-01 
-7.450000e-01 
-7.450000e-01 
-7.450000e-01 
-7.450000e-01 
-7.450000e-01 
-7.450000e-01 
-7.460000e-01 
-7.470000e-01 
-7.480000e-01 
-7.510000e-01 
-7.530000e-01 
-7.550000e-01 
-7.560000e-01 
-7.570000e-01 
-7.570000e-01 
-7.570000e-01 
-7.570000e-01 
-7.570000e-01 
-7.570000e-01 
-7.560000e-01 
-7.560000e-01 
-7.560000e-01 
-7.560000e-01 
-7.560000e-01 
-7.560000e-01 
-7.550000e-01 
-7.530000e-01 
-7.520000e-01 
-7.490000e-01 
-7.460000e-01 
-7.430000e-01 
-7.390000e-01 
-7.360000e-01 
-7.320000e-01 
-7.290000e-01 
-7.250000e-01 
-7.210000e-01 
-7.170000e-01 
-7.130000e-01 
-7.090000e-01 
-7.060000e-01 
-7.020000e-01 
-6.990000e-01 
-6.970000e-01 
-6.940000e-01 
-6.910000e-01 
-6.870000e-01 
-6.830000e-01 
-6.790000e-01 
-6.750000e-01 
-6.720000e-01 
-6.690000e-01 
-6.680000e-01 
-6.680000e-01 
-6.690000e-01 
-6.700000e-01 
-6.710000e-01 
-6.720000e-01 
-6.720000e-01 
-6.710000e-01 
-6.700000e-01 
-6.680000e-01 
-6.660000e-01 
-6.650000e-01 
-6.660000e-01 
-6.670000e-01 
-6.690000e-01 
-6.730000e-01 
-6.760000e-01 
-6.790000e-01 
-6.810000e-01 
-6.820000e-01 
-6.810000e-01 
-6.790000e-01 
-6.750000e-01 
-6.700000e-01 
-6.650000e-01 
-6.590000e-01 
-6.540000e-01 
-6.480000e-01 
-6.420000e-01 
-6.360000e-01 
-6.300000e-01 
-6.220000e-01 
-6.130000e-01 
-6.010000e-01 
-5.880000e-01 
-5.720000e-01 
-5.560000e-01 
-5.390000e-01 
-5.220000e-01 
-5.060000e-01 
-4.910000e-01 
-4.750000e-01 
-4.580000e-01 
-4.420000e-01 
-4.250000e-01 
-4.070000e-01 
-3.910000e-01 
-3.730000e-01 
-3.570000e-01 
-3.400000e-01 
-3.240000e-01 
-3.100000e-01 
-2.960000e-01 
-2.850000e-01 
-2.740000e-01 
-2.650000e-01 
-2.560000e-01 
-2.470000e-01 
-2.390000e-01 
-2.310000e-01 
-2.250000e-01 
-2.190000e-01 
-2.150000e-01 
-2.110000e-01 
-2.080000e-01 
-2.040000e-01 
-2.000000e-01 
-1.950000e-01 
-1.890000e-01 
-1.830000e-01 
-1.770000e-01 
-1.700000e-01 
-1.630000e-01 
-1.570000e-01 
-1.500000e-01 
-1.420000e-01 
-1.340000e-01 
-1.240000e-01 
-1.140000e-01 
-1.010000e-01 
-8.600000e-02 
-7.000000e-02 
-5.200000e-02 
-3.200000e-02 
-1.000000e-02 
1.300000e-02 
3.700000e-02 
6.300000e-02 
8.900000e-02 
1.150000e-01 
1.430000e-01 
1.700000e-01 
1.990000e-01 
2.270000e-01 
2.560000e-01 
2.850000e-01 
3.150000e-01 
3.440000e-01 
3.720000e-01 
4.000000e-01 
4.270000e-01 
4.540000e-01 
4.800000e-01 
5.060000e-01 
5.320000e-01 
5.590000e-01 
5.850000e-01 
6.100000e-01 
6.350000e-01 
6.580000e-01 
6.790000e-01 
7.000000e-01 
7.200000e-01 
7.390000e-01 
7.600000e-01 
7.810000e-01 
8.030000e-01 
8.270000e-01 
8.520000e-01 
8.790000e-01 
9.060000e-01 
9.360000e-01 
9.650000e-01 
9.940000e-01 
1.023000e+00 
1.051000e+00 
1.078000e+00 
1.106000e+00 
1.136000e+00 
1.167000e+00 
1.200000e+00 
1.234000e+00 
1.268000e+00 
1.302000e+00 
1.335000e+00 
1.367000e+00 
1.398000e+00 
1.427000e+00 
1.456000e+00 
1.484000e+00 
1.513000e+00 
1.543000e+00 
1.575000e+00 
1.607000e+00 
1.641000e+00 
1.673000e+00 
1.705000e+00 
1.736000e+00 
1.765000e+00 
1.793000e+00 
1.818000e+00 
1.842000e+00 
1.863000e+00 
1.884000e+00 
1.904000e+00 
1.925000e+00 
1.947000e+00 
1.971000e+00 
1.996000e+00 
2.022000e+00 
2.047000e+00 
2.074000e+00 
2.100000e+00 
2.127000e+00 
2.154000e+00 
2.181000e+00 
2.209000e+00 
2.239000e+00 
2.272000e+00 
2.306000e+00 
2.342000e+00 
2.378000e+00 
2.416000e+00 
2.454000e+00 
2.492000e+00 
2.531000e+00 
2.571000e+00 
2.613000e+00 
2.655000e+00 
2.699000e+00 
2.744000e+00 
2.789000e+00 
2.834000e+00 
2.879000e+00 
2.922000e+00 
2.965000e+00 
3.007000e+00 
3.048000e+00 
3.087000e+00 
3.126000e+00 
3.163000e+00 
3.201000e+00 
3.238000e+00 
3.275000e+00 
3.311000e+00 
3.347000e+00 
3.381000e+00 
3.413000e+00 
3.443000e+00 
3.471000e+00 
3.497000e+00 
3.523000e+00 
3.549000e+00 
3.575000e+00 
3.603000e+00 
3.630000e+00 
3.657000e+00 
3.681000e+00 
3.704000e+00 
3.724000e+00 
3.742000e+00 
3.760000e+00 
3.778000e+00 
3.798000e+00 
3.819000e+00 
3.842000e+00 
3.868000e+00 
3.894000e+00 
3.921000e+00 
3.949000e+00 
3.975000e+00 
4 
4.023000e+00 
4.043000e+00 
4.060000e+00 
4.076000e+00 
4.090000e+00 
4.104000e+00 
4.117000e+00 
4.130000e+00 
4.144000e+00 
4.159000e+00 
4.174000e+00 
4.189000e+00 
4.203000e+00 
4.215000e+00 
4.225000e+00 
4.233000e+00 
4.239000e+00 
4.243000e+00 
4.245000e+00 
4.244000e+00 
4.242000e+00 
4.238000e+00 
4.233000e+00 
4.228000e+00 
4.222000e+00 
4.218000e+00 
4.213000e+00 
4.208000e+00 
4.201000e+00 
4.192000e+00 
4.179000e+00 
4.163000e+00 
4.144000e+00 
4.122000e+00 
4.098000e+00 
4.074000e+00 
4.050000e+00 
4.027000e+00 
4.006000e+00 
3.986000e+00 
3.967000e+00 
3.950000e+00 
3.933000e+00 
3.918000e+00 
3.904000e+00 
3.891000e+00 
3.879000e+00 
3.865000e+00 
3.851000e+00 
3.836000e+00 
3.820000e+00 
3.802000e+00 
3.781000e+00 
3.756000e+00 
3.725000e+00 
3.687000e+00 
3.642000e+00 
3.590000e+00 
3.533000e+00 
3.470000e+00 
3.402000e+00 
3.330000e+00 
3.253000e+00 
3.171000e+00 
3.082000e+00 
2.987000e+00 
2.886000e+00 
2.779000e+00 
2.665000e+00 
2.545000e+00 
2.422000e+00 
2.296000e+00 
2.167000e+00 
2.037000e+00 
1.907000e+00 
1.778000e+00 
1.650000e+00 
1.526000e+00 
1.404000e+00 
1.285000e+00 
1.167000e+00 
1.049000e+00 
9.300000e-01 
8.060000e-01 
6.780000e-01 
5.440000e-01 
4.060000e-01 
2.630000e-01 
1.170000e-01 
-2.900000e-02 
-1.740000e-01 
-3.140000e-01 
-4.490000e-01 
-5.780000e-01 
-7.000000e-01 
-8.140000e-01 
-9.200000e-01 
-1.018000e+00 
-1.108000e+00 
-1.187000e+00 
-1.257000e+00 
-1.317000e+00 
-1.367000e+00 
-1.406000e+00 
-1.437000e+00 
-1.458000e+00 
-1.470000e+00 
-1.476000e+00 
-1.477000e+00 
-1.475000e+00 
-1.474000e+00 
-1.476000e+00 
-1.484000e+00 
-1.498000e+00 
-1.520000e+00 
-1.549000e+00 
-1.587000e+00 
-1.631000e+00 
-1.682000e+00 
-1.740000e+00 
-1.806000e+00 
-1.882000e+00 
-1.967000e+00 
-2.062000e+00 
-2.167000e+00 
-2.283000e+00 
-2.410000e+00 
-2.546000e+00 
-2.693000e+00 
-2.848000e+00 
-3.010000e+00 
-3.180000e+00 
-3.357000e+00 
-3.543000e+00 
-3.739000e+00 
-3.945000e+00 
-4.162000e+00 
-4.390000e+00 
-4.627000e+00 
-4.874000e+00 
-5.132000e+00 
-5.400000e+00 
-5.677000e+00 
-5.962000e+00 
-6.252000e+00 
-6.545000e+00 
-6.842000e+00 
-7.140000e+00 
-7.439000e+00 
-7.739000e+00 
-8.039000e+00 
-8.338000e+00 
-8.635000e+00 
-8.928000e+00 
-9.217000e+00 
-9.502000e+00 
-9.782000e+00 
-1.005800e+01 
-1.033000e+01 
-1.060200e+01 
-1.087300e+01 
-1.114300e+01 
-1.141300e+01 
-1.168200e+01 
-1.194900e+01 
-1.221400e+01 
-1.247500e+01 
-1.273000e+01 
-1.297600e+01 
-1.320900e+01 
-1.342500e+01 
-1.362200e+01 
-1.379700e+01 
-1.395100e+01 
-1.408400e+01 
-1.419700e+01 
-1.429000e+01 
-1.436600e+01 
-1.442400e+01 
-1.446600e+01 
-1.449100e+01 
-1.450300e+01 
-1.450200e+01 
-1.449200e+01 
-1.447700e+01 
-1.446100e+01 
-1.444900e+01 
-1.444200e+01 
-1.443700e+01 
-1.442900e+01 
-1.441400e+01 
-1.438300e+01 
-1.433400e+01 
-1.426300e+01 
-1.416900e+01 
-1.405100e+01 
-1.390700e+01 
-1.373500e+01 
-1.353300e+01 
-1.330200e+01 
-1.304200e+01 
-1.275900e+01 
-1.245900e+01 
-1.214600e+01 
-1.182300e+01 
-1.149100e+01 
-1.115100e+01 
-1.080200e+01 
-1.044000e+01 
-1.006400e+01 
-9.675000e+00 
-9.270000e+00 
-8.851000e+00 
-8.419000e+00 
-7.976000e+00 
-7.525000e+00 
-7.069000e+00 
-6.610000e+00 
-6.150000e+00 
-5.689000e+00 
-5.229000e+00 
-4.768000e+00 
-4.308000e+00 
-3.849000e+00 
-3.393000e+00 
-2.941000e+00 
-2.499000e+00 
-2.071000e+00 
-1.661000e+00 
-1.271000e+00 
-9.010000e-01 
-5.520000e-01 
-2.250000e-01 
8.100000e-02 
3.640000e-01 
6.250000e-01 
8.640000e-01 
1.084000e+00 
1.286000e+00 
1.468000e+00 
1.630000e+00 
1.775000e+00 
1.904000e+00 
2.020000e+00 
2.120000e+00 
2.204000e+00 
2.273000e+00 
2.323000e+00 
2.355000e+00 
2.365000e+00 
2.355000e+00 
2.327000e+00 
2.283000e+00 
2.225000e+00 
2.158000e+00 
2.086000e+00 
2.013000e+00 
1.942000e+00 
1.871000e+00 
1.801000e+00 
1.729000e+00 
1.651000e+00 
1.568000e+00 
1.478000e+00 
1.381000e+00 
1.275000e+00 
1.159000e+00 
1.032000e+00 
8.940000e-01 
7.470000e-01 
5.930000e-01 
4.370000e-01 
2.840000e-01 
1.380000e-01 
1.000000e-03 
-1.230000e-01 
-2.320000e-01 
-3.280000e-01 
-4.080000e-01 
-4.750000e-01 
-5.290000e-01 
-5.730000e-01 
-6.120000e-01 
-6.480000e-01 
-6.840000e-01 
-7.210000e-01 
-7.600000e-01 
-7.990000e-01 
-8.360000e-01 
-8.710000e-01 
-9.030000e-01 
-9.310000e-01 
-9.550000e-01 
-9.750000e-01 
-9.910000e-01 
-1.004000e+00 
-1.014000e+00 
-1.022000e+00 
-1.031000e+00 
-1.040000e+00 
-1.053000e+00 
-1.071000e+00 
-1.096000e+00 
-1.128000e+00 
-1.168000e+00 
-1.214000e+00 
-1.265000e+00 
-1.323000e+00 
-1.386000e+00 
-1.454000e+00 
-1.526000e+00 
-1.602000e+00 
-1.679000e+00 
-1.756000e+00 
-1.832000e+00 
-1.906000e+00 
-1.976000e+00 
-2.042000e+00 
-2.102000e+00 
-2.155000e+00 
-2.203000e+00 
-2.246000e+00 
-2.285000e+00 
-2.323000e+00 
-2.361000e+00 
-2.399000e+00 
-2.436000e+00 
-2.468000e+00 
-2.492000e+00 
-2.504000e+00 
-2.498000e+00 
-2.474000e+00 
-2.427000e+00 
-2.360000e+00 
-2.273000e+00 
-2.168000e+00 
-2.048000e+00 
-1.915000e+00 
-1.768000e+00 
-1.608000e+00 
-1.438000e+00 
-1.260000e+00 
-1.078000e+00 
-8.940000e-01 
-7.100000e-01 
-5.290000e-01 
-3.490000e-01 
-1.690000e-01 
1.400000e-02 
2.050000e-01 
4.090000e-01 
6.310000e-01 
8.720000e-01 
1.134000e+00 
1.419000e+00 
1.723000e+00 
2.043000e+00 
2.374000e+00 
2.712000e+00 
3.052000e+00 
3.389000e+00 
3.719000e+00 
4.038000e+00 
4.342000e+00 
4.630000e+00 
4.901000e+00 
5.155000e+00 
5.390000e+00 
5.606000e+00 
5.802000e+00 
5.980000e+00 
6.144000e+00 
6.295000e+00 
6.434000e+00 
6.560000e+00 
6.673000e+00 
6.768000e+00 
6.844000e+00 
6.897000e+00 
6.930000e+00 
6.943000e+00 
6.939000e+00 
6.921000e+00 
6.893000e+00 
6.861000e+00 
6.827000e+00 
6.789000e+00 
6.750000e+00 
6.712000e+00 
6.676000e+00 
6.645000e+00 
6.615000e+00 
6.585000e+00 
6.553000e+00 
6.517000e+00 
6.477000e+00 
6.431000e+00 
6.382000e+00 
6.327000e+00 
6.263000e+00 
6.191000e+00 
6.113000e+00 
6.033000e+00 
5.957000e+00 
5.883000e+00 
5.813000e+00 
5.747000e+00 
5.690000e+00 
5.642000e+00 
5.606000e+00 
5.582000e+00 
5.568000e+00 
5.564000e+00 
5.571000e+00 
5.589000e+00 
5.616000e+00 
5.650000e+00 
5.689000e+00 
5.732000e+00 
5.779000e+00 
5.829000e+00 
5.882000e+00 
5.938000e+00 
5.995000e+00 
6.052000e+00 
6.107000e+00 
6.164000e+00 
6.225000e+00 
6.290000e+00 
6.352000e+00 
6.405000e+00 
6.443000e+00 
6.463000e+00 
6.466000e+00 
6.453000e+00 
6.426000e+00 
6.387000e+00 
6.340000e+00 
6.290000e+00 
6.242000e+00 
6.197000e+00 
6.157000e+00 
6.122000e+00 
6.090000e+00 
6.061000e+00 
6.031000e+00 
5.998000e+00 
5.957000e+00 
5.903000e+00 
5.834000e+00 
5.747000e+00 
5.640000e+00 
5.515000e+00 
5.374000e+00 
5.226000e+00 
5.078000e+00 
4.932000e+00 
4.784000e+00 
4.629000e+00 
4.467000e+00 
4.307000e+00 
4.161000e+00 
4.034000e+00 
3.929000e+00 
3.847000e+00 
3.787000e+00 
3.747000e+00 
3.724000e+00 
3.714000e+00 
3.714000e+00 
3.721000e+00 
3.734000e+00 
3.748000e+00 
3.764000e+00 
3.780000e+00 
3.803000e+00 
3.836000e+00 
3.886000e+00 
3.958000e+00 
4.057000e+00 
4.186000e+00 
4.348000e+00 
4.545000e+00 
4.777000e+00 
5.042000e+00 
5.335000e+00 
5.652000e+00 
5.987000e+00 
6.336000e+00 
6.695000e+00 
7.060000e+00 
7.427000e+00 
7.794000e+00 
8.158000e+00 
8.515000e+00 
8.863000e+00 
9.204000e+00 
9.536000e+00 
9.861000e+00 
1.017800e+01 
1.048600e+01 
1.078300e+01 
1.106600e+01 
1.133200e+01 
1.157800e+01 
1.180200e+01 
12 
1.217100e+01 
1.231400e+01 
1.242900e+01 
1.251400e+01 
1.257000e+01 
1.259600e+01 
1.259400e+01 
1.256700e+01 
1.251700e+01 
1.244700e+01 
1.235800e+01 
1.225200e+01 
1.213000e+01 
1.199400e+01 
1.184300e+01 
1.167600e+01 
1.149300e+01 
1.129400e+01 
1.108200e+01 
1.085800e+01 
1.062300e+01 
1.037700e+01 
1.011800e+01 
9.845000e+00 
9.556000e+00 
9.249000e+00 
8.922000e+00 
8.574000e+00 
8.202000e+00 
7.809000e+00 
7.394000e+00 
6.959000e+00 
6.507000e+00 
6.040000e+00 
5.561000e+00 
5.071000e+00 
4.574000e+00 
4.069000e+00 
3.561000e+00 
3.056000e+00 
2.558000e+00 
2.073000e+00 
1.607000e+00 
1.162000e+00 
7.430000e-01 
3.530000e-01 
-7.000000e-03 
-3.370000e-01 
-6.390000e-01 
-9.140000e-01 
-1.164000e+00 
-1.392000e+00 
-1.600000e+00 
-1.790000e+00 
-1.965000e+00 
-2.125000e+00 
-2.272000e+00 
-2.409000e+00 
-2.538000e+00 
-2.661000e+00 
-2.780000e+00 
-2.892000e+00 
-2.998000e+00 
-3.100000e+00 
-3.197000e+00 
-3.290000e+00 
-3.382000e+00 
-3.475000e+00 
-3.570000e+00 
-3.666000e+00 
-3.763000e+00 
-3.861000e+00 
-3.961000e+00 
-4.061000e+00 
-4.161000e+00 
-4.260000e+00 
-4.356000e+00 
-4.447000e+00 
-4.533000e+00 
-4.611000e+00 
-4.680000e+00 
-4.736000e+00 
-4.776000e+00 
-4.798000e+00 
-4.803000e+00 
-4.793000e+00 
-4.768000e+00 
-4.732000e+00 
-4.687000e+00 
-4.636000e+00 
-4.582000e+00 
-4.529000e+00 
-4.480000e+00 
-4.439000e+00 
-4.408000e+00 
-4.390000e+00 
-4.385000e+00 
-4.393000e+00 
-4.414000e+00 
-4.445000e+00 
-4.484000e+00 
-4.527000e+00 
-4.572000e+00 
-4.617000e+00 
-4.659000e+00 
-4.696000e+00 
-4.723000e+00 
-4.739000e+00 
-4.741000e+00 
-4.724000e+00 
-4.688000e+00 
-4.631000e+00 
-4.557000e+00 
-4.471000e+00 
-4.378000e+00 
-4.282000e+00 
-4.185000e+00 
-4.089000e+00 
-3.994000e+00 
-3.902000e+00 
-3.814000e+00 
-3.728000e+00 
-3.645000e+00 
-3.567000e+00 
-3.494000e+00 
-3.425000e+00 
-3.358000e+00 
-3.291000e+00 
-3.219000e+00 
-3.141000e+00 
-3.053000e+00 
-2.955000e+00 
-2.845000e+00 
-2.722000e+00 
-2.584000e+00 
-2.434000e+00 
-2.272000e+00 
-2.101000e+00 
-1.922000e+00 
-1.737000e+00 
-1.548000e+00 
-1.356000e+00 
-1.162000e+00 
-9.660000e-01 
-7.690000e-01 
-5.710000e-01 
-3.740000e-01 
-1.750000e-01 
2.300000e-02 
2.200000e-01 
4.110000e-01 
5.970000e-01 
7.850000e-01 
9.830000e-01 
1.193000e+00 
1.419000e+00 
1.660000e+00 
1.922000e+00 
2.205000e+00 
2.502000e+00 
2.796000e+00 
3.073000e+00 
3.323000e+00 
3.537000e+00 
3.708000e+00 
3.825000e+00 
3.881000e+00 
3.873000e+00 
3.805000e+00 
3.682000e+00 
3.513000e+00 
3.310000e+00 
3.089000e+00 
2.862000e+00 
2.640000e+00 
2.431000e+00 
2.241000e+00 
2.072000e+00 
1.924000e+00 
1.795000e+00 
1.684000e+00 
1.593000e+00 
1.523000e+00 
1.478000e+00 
1.455000e+00 
1.452000e+00 
1.464000e+00 
1.490000e+00 
1.530000e+00 
1.579000e+00 
1.633000e+00 
1.687000e+00 
1.737000e+00 
1.783000e+00 
1.824000e+00 
1.860000e+00 
1.887000e+00 
1.902000e+00 
1.899000e+00 
1.876000e+00 
1.831000e+00 
1.761000e+00 
1.667000e+00 
1.550000e+00 
1.412000e+00 
1.259000e+00 
1.092000e+00 
9.170000e-01 
7.380000e-01 
5.580000e-01 
3.790000e-01 
2.030000e-01 
3.000000e-02 
-1.380000e-01 
-3.000000e-01 
-4.560000e-01 
-6.040000e-01 
-7.430000e-01 
-8.730000e-01 
-9.930000e-01 
-1.103000e+00 
-1.204000e+00 
-1.299000e+00 
-1.388000e+00 
-1.474000e+00 
-1.558000e+00 
-1.642000e+00 
-1.728000e+00 
-1.816000e+00 
-1.908000e+00 
-2.005000e+00 
-2.107000e+00 
-2.215000e+00 
-2.328000e+00 
-2.445000e+00 
-2.566000e+00 
-2.689000e+00 
-2.813000e+00 
-2.936000e+00 
-3.056000e+00 
-3.173000e+00 
-3.285000e+00 
-3.392000e+00 
-3.494000e+00 
-3.590000e+00 
-3.680000e+00 
-3.763000e+00 
-3.840000e+00 
-3.908000e+00 
-3.969000e+00 
-4.021000e+00 
-4.065000e+00 
-4.102000e+00 
-4.132000e+00 
-4.156000e+00 
-4.175000e+00 
-4.190000e+00 
-4.204000e+00 
-4.217000e+00 
-4.231000e+00 
-4.247000e+00 
-4.267000e+00 
-4.293000e+00 
-4.323000e+00 
-4.359000e+00 
-4.400000e+00 
-4.445000e+00 
-4.494000e+00 
-4.546000e+00 
-4.600000e+00 
-4.658000e+00 
-4.719000e+00 
-4.785000e+00 
-4.855000e+00 
-4.929000e+00 
-5.008000e+00 
-5.089000e+00 
-5.174000e+00 
-5.260000e+00 
-5.348000e+00 
-5.436000e+00 
-5.525000e+00 
-5.614000e+00 
-5.703000e+00 
-5.793000e+00 
-5.882000e+00 
-5.970000e+00 
-6.055000e+00 
-6.138000e+00 
-6.218000e+00 
-6.294000e+00 
-6.365000e+00 
-6.432000e+00 
-6.494000e+00 
-6.552000e+00 
-6.607000e+00 
-6.655000e+00 
-6.699000e+00 
-6.738000e+00 
-6.773000e+00 
-6.804000e+00 
-6.831000e+00 
-6.853000e+00 
-6.869000e+00 
-6.881000e+00 
-6.887000e+00 
-6.887000e+00 
-6.882000e+00 
-6.872000e+00 
-6.860000e+00 
-6.848000e+00 
-6.838000e+00 
-6.833000e+00 
-6.837000e+00 
-6.851000e+00 
-6.878000e+00 
-6.918000e+00 
-6.973000e+00 
-7.041000e+00 
-7.120000e+00 
-7.210000e+00 
-7.311000e+00 
-7.424000e+00 
-7.547000e+00 
-7.679000e+00 
-7.817000e+00 
-7.962000e+00 
-8.112000e+00 
-8.264000e+00 
-8.417000e+00 
-8.569000e+00 
-8.719000e+00 
-8.866000e+00 
-9.009000e+00 
-9.146000e+00 
-9.276000e+00 
-9.396000e+00 
-9.507000e+00 
-9.607000e+00 
-9.695000e+00 
-9.772000e+00 
-9.837000e+00 
-9.893000e+00 
-9.938000e+00 
-9.973000e+00 
-9.999000e+00 
-1.001600e+01 
-1.002400e+01 
-1.002400e+01 
-1.001600e+01 
-10 
-9.976000e+00 
-9.944000e+00 
-9.906000e+00 
-9.862000e+00 
-9.811000e+00 
-9.754000e+00 
-9.691000e+00 
-9.623000e+00 
-9.550000e+00 
-9.472000e+00 
-9.390000e+00 
-9.303000e+00 
-9.211000e+00 
-9.114000e+00 
-9.012000e+00 
-8.907000e+00 
-8.799000e+00 
-8.687000e+00 
-8.571000e+00 
-8.452000e+00 
-8.328000e+00 
-8.200000e+00 
-8.069000e+00 
-7.934000e+00 
-7.794000e+00 
-7.651000e+00 
-7.504000e+00 
-7.353000e+00 
-7.200000e+00 
-7.045000e+00 
-6.888000e+00 
-6.732000e+00 
-6.576000e+00 
-6.421000e+00 
-6.269000e+00 
-6.119000e+00 
-5.971000e+00 
-5.826000e+00 
-5.683000e+00 
-5.542000e+00 
-5.401000e+00 
-5.262000e+00 
-5.123000e+00 
-4.984000e+00 
-4.845000e+00 
-4.705000e+00 
-4.565000e+00 
-4.424000e+00 
-4.282000e+00 
-4.139000e+00 
-3.993000e+00 
-3.845000e+00 
-3.694000e+00 
-3.541000e+00 
-3.385000e+00 
-3.227000e+00 
-3.067000e+00 
-2.905000e+00 
-2.742000e+00 
-2.577000e+00 
-2.411000e+00 
-2.244000e+00 
-2.077000e+00 
-1.910000e+00 
-1.746000e+00 
-1.585000e+00 
-1.428000e+00 
-1.277000e+00 
-1.132000e+00 
-9.930000e-01 
-8.610000e-01 
-7.340000e-01 
-6.130000e-01 
-4.970000e-01 
-3.860000e-01 
-2.800000e-01 
-1.760000e-01 
-7.700000e-02 
2.100000e-02 
1.160000e-01 
2.100000e-01 
3.030000e-01 
3.960000e-01 
4.890000e-01 
5.820000e-01 
6.760000e-01 
7.690000e-01 
8.620000e-01 
9.530000e-01 
1.043000e+00 
1.131000e+00 
1.215000e+00 
1.295000e+00 
1.370000e+00 
1.439000e+00 
1.503000e+00 
1.561000e+00 
1.614000e+00 
1.661000e+00 
1.703000e+00 
1.741000e+00 
1.775000e+00 
1.805000e+00 
1.832000e+00 
1.856000e+00 
1.877000e+00 
1.896000e+00 
1.912000e+00 
1.926000e+00 
1.938000e+00 
1.947000e+00 
1.953000e+00 
1.957000e+00 
1.959000e+00 
1.959000e+00 
1.956000e+00 
1.952000e+00 
1.947000e+00 
1.939000e+00 
1.930000e+00 
1.919000e+00 
1.906000e+00 
1.893000e+00 
1.879000e+00 
1.866000e+00 
1.856000e+00 
1.849000e+00 
1.846000e+00 
1.846000e+00 
1.850000e+00 
1.857000e+00 
1.870000e+00 
1.887000e+00 
1.909000e+00 
1.936000e+00 
1.967000e+00 
2.005000e+00 
2.049000e+00 
2.100000e+00 
2.158000e+00 
2.220000e+00 
2.288000e+00 
2.359000e+00 
2.434000e+00 
2.509000e+00 
2.583000e+00 
2.654000e+00 
2.721000e+00 
2.783000e+00 
2.841000e+00 
2.892000e+00 
2.937000e+00 
2.975000e+00 
3.007000e+00 
3.033000e+00 
3.056000e+00 
3.074000e+00 
3.091000e+00 
3.107000e+00 
3.123000e+00 
3.142000e+00 
3.164000e+00 
3.190000e+00 
3.221000e+00 
3.257000e+00 
3.298000e+00 
3.341000e+00 
3.387000e+00 
3.435000e+00 
3.483000e+00 
3.532000e+00 
3.579000e+00 
3.624000e+00 
3.666000e+00 
3.702000e+00 
3.732000e+00 
3.753000e+00 
3.766000e+00 
3.770000e+00 
3.764000e+00 
3.752000e+00 
3.733000e+00 
3.711000e+00 
3.687000e+00 
3.662000e+00 
3.641000e+00 
3.623000e+00 
3.610000e+00 
3.604000e+00 
3.605000e+00 
3.612000e+00 
3.626000e+00 
3.645000e+00 
3.670000e+00 
3.700000e+00 
3.736000e+00 
3.776000e+00 
3.820000e+00 
3.867000e+00 
3.915000e+00 
3.963000e+00 
4.008000e+00 
4.048000e+00 
4.082000e+00 
4.109000e+00 
4.126000e+00 
4.133000e+00 
4.130000e+00 
4.118000e+00 
4.096000e+00 
4.067000e+00 
4.031000e+00 
3.991000e+00 
3.947000e+00 
3.902000e+00 
3.857000e+00 
3.815000e+00 
3.777000e+00 
3.744000e+00 
3.717000e+00 
3.699000e+00 
3.688000e+00 
3.684000e+00 
3.688000e+00 
3.698000e+00 
3.714000e+00 
3.733000e+00 
3.754000e+00 
3.777000e+00 
3.799000e+00 
3.820000e+00 
3.836000e+00 
3.849000e+00 
3.854000e+00 
3.853000e+00 
3.842000e+00 
3.822000e+00 
3.792000e+00 
3.751000e+00 
3.703000e+00 
3.647000e+00 
3.587000e+00 
3.524000e+00 
3.461000e+00 
3.399000e+00 
3.341000e+00 
3.288000e+00 
3.242000e+00 
3.204000e+00 
3.178000e+00 
3.164000e+00 
3.164000e+00 
3.180000e+00 
3.211000e+00 
3.258000e+00 
3.320000e+00 
3.396000e+00 
3.485000e+00 
3.584000e+00 
3.691000e+00 
3.804000e+00 
3.920000e+00 
4.038000e+00 
4.154000e+00 
4.269000e+00 
4.379000e+00 
4.484000e+00 
4.583000e+00 
4.675000e+00 
4.760000e+00 
4.836000e+00 
4.905000e+00 
4.966000e+00 
5.021000e+00 
5.070000e+00 
5.113000e+00 
5.152000e+00 
5.187000e+00 
5.220000e+00 
5.253000e+00 
5.287000e+00 
5.324000e+00 
5.364000e+00 
5.409000e+00 
5.460000e+00 
5.517000e+00 
5.579000e+00 
5.647000e+00 
5.719000e+00 
5.796000e+00 
5.877000e+00 
5.961000e+00 
6.048000e+00 
6.136000e+00 
6.224000e+00 
6.312000e+00 
6.396000e+00 
6.477000e+00 
6.553000e+00 
6.623000e+00 
6.688000e+00 
6.748000e+00 
6.804000e+00 
6.856000e+00 
6.904000e+00 
6.950000e+00 
6.994000e+00 
7.035000e+00 
7.075000e+00 
7.113000e+00 
7.150000e+00 
7.185000e+00 
7.218000e+00 
7.247000e+00 
7.274000e+00 
7.296000e+00 
7.313000e+00 
7.325000e+00 
7.332000e+00 
7.332000e+00 
7.326000e+00 
7.313000e+00 
7.293000e+00 
7.264000e+00 
7.227000e+00 
7.182000e+00 
7.130000e+00 
7.071000e+00 
7.007000e+00 
6.937000e+00 
6.864000e+00 
6.787000e+00 
6.707000e+00 
6.626000e+00 
6.542000e+00 
6.457000e+00 
6.372000e+00 
6.286000e+00 
6.199000e+00 
6.114000e+00 
6.028000e+00 
5.943000e+00 
5.857000e+00 
5.772000e+00 
5.686000e+00 
5.598000e+00 
5.509000e+00 
5.419000e+00 
5.326000e+00 
5.231000e+00 
5.135000e+00 
5.037000e+00 
4.938000e+00 
4.839000e+00 
4.739000e+00 
4.640000e+00 
4.541000e+00 
4.443000e+00 
4.347000e+00 
4.252000e+00 
4.159000e+00 
4.070000e+00 
3.984000e+00 
3.903000e+00 
3.827000e+00 
3.756000e+00 
3.689000e+00 
3.628000e+00 
3.570000e+00 
3.517000e+00 
3.468000e+00 
3.422000e+00 
3.381000e+00 
3.343000e+00 
3.308000e+00 
3.276000e+00 
3.247000e+00 
3.220000e+00 
3.195000e+00 
3.171000e+00 
3.150000e+00 
3.130000e+00 
3.111000e+00 
3.095000e+00 
3.080000e+00 
3.068000e+00 
3.058000e+00 
3.050000e+00 
3.045000e+00 
3.043000e+00 
3.043000e+00 
3.044000e+00 
3.047000e+00 
3.051000e+00 
3.055000e+00 
3.059000e+00 
3.061000e+00 
3.063000e+00 
3.062000e+00 
3.058000e+00 
3.050000e+00 
3.038000e+00 
3.021000e+00 
2.999000e+00 
2.971000e+00 
2.938000e+00 
2.899000e+00 
2.855000e+00 
2.806000e+00 
2.752000e+00 
2.695000e+00 
2.636000e+00 
2.575000e+00 
2.514000e+00 
2.452000e+00 
2.392000e+00 
2.332000e+00 
2.275000e+00 
2.219000e+00 
2.164000e+00 
2.111000e+00 
2.058000e+00 
2.007000e+00 
1.957000e+00 
1.908000e+00 
1.859000e+00 
1.812000e+00 
1.765000e+00 
1.717000e+00 
1.668000e+00 
1.617000e+00 
1.564000e+00 
1.506000e+00 
1.444000e+00 
1.378000e+00 
1.308000e+00 
1.233000e+00 
1.155000e+00 
1.074000e+00 
9.920000e-01 
9.090000e-01 
8.260000e-01 
7.430000e-01 
6.600000e-01 
5.780000e-01 
4.970000e-01 
4.170000e-01 
3.360000e-01 
2.550000e-01 
1.720000e-01 
8.900000e-02 
3.000000e-03 
-8.500000e-02 
-1.770000e-01 
-2.720000e-01 
-3.710000e-01 
-4.740000e-01 
-5.820000e-01 
-6.950000e-01 
-8.130000e-01 
-9.350000e-01 
-1.063000e+00 
-1.194000e+00 
-1.327000e+00 
-1.461000e+00 
-1.594000e+00 
-1.723000e+00 
-1.848000e+00 
-1.967000e+00 
-2.077000e+00 
-2.180000e+00 
-2.274000e+00 
-2.358000e+00 
-2.432000e+00 
-2.494000e+00 
-2.544000e+00 
-2.582000e+00 
-2.609000e+00 
-2.624000e+00 
-2.628000e+00 
-2.624000e+00 
-2.611000e+00 
-2.592000e+00 
-2.567000e+00 
-2.538000e+00 
-2.508000e+00 
-2.476000e+00 
-2.445000e+00 
-2.415000e+00 
-2.388000e+00 
-2.364000e+00 
-2.343000e+00 
-2.327000e+00 
-2.315000e+00 
-2.306000e+00 
-2.301000e+00 
-2.299000e+00 
-2.299000e+00 
-2.300000e+00 
-2.302000e+00 
-2.304000e+00 
-2.306000e+00 
-2.307000e+00 
-2.307000e+00 
-2.306000e+00 
-2.302000e+00 
-2.295000e+00 
-2.285000e+00 
-2.271000e+00 
-2.252000e+00 
-2.228000e+00 
-2.201000e+00 
-2.170000e+00 
-2.135000e+00 
-2.099000e+00 
-2.062000e+00 
-2.026000e+00 
-1.991000e+00 
-1.958000e+00 
-1.929000e+00 
-1.903000e+00 
-1.881000e+00 
-1.863000e+00 
-1.850000e+00 
-1.842000e+00 
-1.840000e+00 
-1.843000e+00 
-1.852000e+00 
-1.868000e+00 
-1.889000e+00 
-1.915000e+00 
-1.946000e+00 
-1.981000e+00 
-2.019000e+00 
-2.059000e+00 
-2.101000e+00 
-2.143000e+00 
-2.185000e+00 
-2.226000e+00 
-2.266000e+00 
-2.304000e+00 
-2.340000e+00 
-2.374000e+00 
-2.407000e+00 
-2.437000e+00 
-2.466000e+00 
-2.494000e+00 
-2.522000e+00 
-2.549000e+00 
-2.577000e+00 
-2.607000e+00 
-2.639000e+00 
-2.674000e+00 
-2.712000e+00 
-2.754000e+00 
-2.801000e+00 
-2.852000e+00 
-2.909000e+00 
-2.971000e+00 
-3.037000e+00 
-3.108000e+00 
-3.181000e+00 
-3.257000e+00 
-3.333000e+00 
-3.410000e+00 
-3.484000e+00 
-3.557000e+00 
-3.628000e+00 
-3.695000e+00 
-3.758000e+00 
-3.816000e+00 
-3.869000e+00 
-3.916000e+00 
-3.956000e+00 
-3.991000e+00 
-4.019000e+00 
-4.044000e+00 
-4.064000e+00 
-4.082000e+00 
-4.099000e+00 
-4.115000e+00 
-4.132000e+00 
-4.150000e+00 
-4.169000e+00 
-4.191000e+00 
-4.214000e+00 
-4.239000e+00 
-4.265000e+00 
-4.292000e+00 
-4.319000e+00 
-4.344000e+00 
-4.369000e+00 
-4.390000e+00 
-4.409000e+00 
-4.425000e+00 
-4.437000e+00 
-4.446000e+00 
-4.451000e+00 
-4.453000e+00 
-4.451000e+00 
-4.446000e+00 
-4.439000e+00 
-4.430000e+00 
-4.419000e+00 
-4.408000e+00 
-4.398000e+00 
-4.390000e+00 
-4.386000e+00 
-4.386000e+00 
-4.392000e+00 
-4.404000e+00 
-4.423000e+00 
-4.449000e+00 
-4.483000e+00 
-4.523000e+00 
-4.571000e+00 
-4.626000e+00 
-4.687000e+00 
-4.754000e+00 
-4.825000e+00 
-4.900000e+00 
-4.978000e+00 
-5.057000e+00 
-5.136000e+00 
-5.215000e+00 
-5.292000e+00 
-5.368000e+00 
-5.441000e+00 
-5.511000e+00 
-5.579000e+00 
-5.644000e+00 
-5.707000e+00 
-5.770000e+00 
-5.832000e+00 
-5.895000e+00 
-5.959000e+00 
-6.025000e+00 
-6.094000e+00 
-6.167000e+00 
-6.243000e+00 
-6.324000e+00 
-6.409000e+00 
-6.499000e+00 
-6.593000e+00 
-6.691000e+00 
-6.792000e+00 
-6.896000e+00 
-7.001000e+00 
-7.107000e+00 
-7.212000e+00 
-7.316000e+00 
-7.417000e+00 
-7.515000e+00 
-7.609000e+00 
-7.698000e+00 
-7.782000e+00 
-7.858000e+00 
-7.928000e+00 
-7.990000e+00 
-8.045000e+00 
-8.093000e+00 
-8.136000e+00 
-8.173000e+00 
-8.206000e+00 
-8.235000e+00 
-8.261000e+00 
-8.286000e+00 
-8.311000e+00 
-8.336000e+00 
-8.362000e+00 
-8.391000e+00 
-8.422000e+00 
-8.456000e+00 
-8.493000e+00 
-8.533000e+00 
-8.575000e+00 
-8.618000e+00 
-8.660000e+00 
-8.701000e+00 
-8.740000e+00 
-8.775000e+00 
-8.804000e+00 
-8.828000e+00 
-8.845000e+00 
-8.854000e+00 
-8.854000e+00 
-8.846000e+00 
-8.830000e+00 
-8.805000e+00 
-8.772000e+00 
-8.733000e+00 
-8.687000e+00 
-8.636000e+00 
-8.581000e+00 
-8.522000e+00 
-8.461000e+00 
-8.398000e+00 
-8.333000e+00 
-8.267000e+00 
-8.200000e+00 
-8.133000e+00 
-8.064000e+00 
-7.995000e+00 
-7.923000e+00 
-7.848000e+00 
-7.771000e+00 
-7.690000e+00 
-7.604000e+00 
-7.513000e+00 
-7.417000e+00 
-7.314000e+00 
-7.205000e+00 
-7.089000e+00 
-6.966000e+00 
-6.838000e+00 
-6.702000e+00 
-6.561000e+00 
-6.415000e+00 
-6.265000e+00 
-6.111000e+00 
-5.954000e+00 
-5.795000e+00 
-5.635000e+00 
-5.475000e+00 
-5.315000e+00 
-5.155000e+00 
-4.997000e+00 
-4.841000e+00 
-4.687000e+00 
-4.536000e+00 
-4.388000e+00 
-4.242000e+00 
-4.100000e+00 
-3.960000e+00 
-3.822000e+00 
-3.687000e+00 
-3.555000e+00 
-3.425000e+00 
-3.296000e+00 
-3.170000e+00 
-3.046000e+00 
-2.922000e+00 
-2.800000e+00 
-2.678000e+00 
-2.556000e+00 
-2.435000e+00 
-2.313000e+00 
-2.191000e+00 
-2.068000e+00 
-1.944000e+00 
-1.821000e+00 
-1.697000e+00 
-1.572000e+00 
-1.447000e+00 
-1.321000e+00 
-1.195000e+00 
-1.068000e+00 
-9.410000e-01 
-8.130000e-01 
-6.850000e-01 
-5.560000e-01 
-4.270000e-01 
-2.970000e-01 
-1.670000e-01 
-3.700000e-02 
9.200000e-02 
2.200000e-01 
3.440000e-01 
4.660000e-01 
5.840000e-01 
6.970000e-01 
8.040000e-01 
9.070000e-01 
1.004000e+00 
1.097000e+00 
1.185000e+00 
1.269000e+00 
1.350000e+00 
1.429000e+00 
1.504000e+00 
1.578000e+00 
1.650000e+00 
1.720000e+00 
1.790000e+00 
1.859000e+00 
1.928000e+00 
1.996000e+00 
2.064000e+00 
2.132000e+00 
2.199000e+00 
2.266000e+00 
2.332000e+00 
2.397000e+00 
2.461000e+00 
2.523000e+00 
2.583000e+00 
2.640000e+00 
2.695000e+00 
2.747000e+00 
2.796000e+00 
2.843000e+00 
2.888000e+00 
2.930000e+00 
2.970000e+00 
3.008000e+00 
3.043000e+00 
3.077000e+00 
3.109000e+00 
3.138000e+00 
3.167000e+00 
3.195000e+00 
3.223000e+00 
3.253000e+00 
3.284000e+00 
3.319000e+00 
3.356000e+00 
3.398000e+00 
3.443000e+00 
3.493000e+00 
3.546000e+00 
3.604000e+00 
3.664000e+00 
3.727000e+00 
3.793000e+00 
3.860000e+00 
3.928000e+00 
3.997000e+00 
4.066000e+00 
4.134000e+00 
4.201000e+00 
4.266000e+00 
4.329000e+00 
4.390000e+00 
4.448000e+00 
4.505000e+00 
4.558000e+00 
4.610000e+00 
4.660000e+00 
4.707000e+00 
4.753000e+00 
4.797000e+00 
4.841000e+00 
4.883000e+00 
4.925000e+00 
4.967000e+00 
5.008000e+00 
5.049000e+00 
5.091000e+00 
5.132000e+00 
5.173000e+00 
5.213000e+00 
5.253000e+00 
5.293000e+00 
5.331000e+00 
5.368000e+00 
5.404000e+00 
5.439000e+00 
5.473000e+00 
5.507000e+00 
5.540000e+00 
5.573000e+00 
5.604000e+00 
5.636000e+00 
5.666000e+00 
5.696000e+00 
5.726000e+00 
5.755000e+00 
5.785000e+00 
5.814000e+00 
5.844000e+00 
5.873000e+00 
5.902000e+00 
5.931000e+00 
5.960000e+00 
5.988000e+00 
6.015000e+00 
6.041000e+00 
6.066000e+00 
6.090000e+00 
6.114000e+00 
6.137000e+00 
6.160000e+00 
6.184000e+00 
6.207000e+00 
6.231000e+00 
6.254000e+00 
6.278000e+00 
6.301000e+00 
6.324000e+00 
6.346000e+00 
6.368000e+00 
6.389000e+00 
6.409000e+00 
6.429000e+00 
6.448000e+00 
6.468000e+00 
6.486000e+00 
6.505000e+00 
6.523000e+00 
6.540000e+00 
6.557000e+00 
6.572000e+00 
6.587000e+00 
6.601000e+00 
6.614000e+00 
6.627000e+00 
6.639000e+00 
6.651000e+00 
6.663000e+00 
6.675000e+00 
6.686000e+00 
6.696000e+00 
6.706000e+00 
6.715000e+00 
6.723000e+00 
6.729000e+00 
6.734000e+00 
6.736000e+00 
6.736000e+00 
6.735000e+00 
6.731000e+00 
6.726000e+00 
6.719000e+00 
6.709000e+00 
6.698000e+00 
6.684000e+00 
6.667000e+00 
6.648000e+00 
6.627000e+00 
6.602000e+00 
6.576000e+00 
6.548000e+00 
6.519000e+00 
6.489000e+00 
6.457000e+00 
6.425000e+00 
6.393000e+00 
6.360000e+00 
6.326000e+00 
6.290000e+00 
6.253000e+00 
6.214000e+00 
6.172000e+00 
6.128000e+00 
6.082000e+00 
6.032000e+00 
5.979000e+00 
5.924000e+00 
5.866000e+00 
5.805000e+00 
5.742000e+00 
5.677000e+00 
5.610000e+00 
5.541000e+00 
5.471000e+00 
5.399000e+00 
5.326000e+00 
5.252000e+00 
5.178000e+00 
5.104000e+00 
5.030000e+00 
4.957000e+00 
4.885000e+00 
4.814000e+00 
4.744000e+00 
4.675000e+00 
4.607000e+00 
4.541000e+00 
4.476000e+00 
4.413000e+00 
4.352000e+00 
4.293000e+00 
4.235000e+00 
4.179000e+00 
4.124000e+00 
4.070000e+00 
4.016000e+00 
3.962000e+00 
3.907000e+00 
3.852000e+00 
3.797000e+00 
3.742000e+00 
3.686000e+00 
3.630000e+00 
3.574000e+00 
3.517000e+00 
3.459000e+00 
3.402000e+00 
3.344000e+00 
3.287000e+00 
3.230000e+00 
3.174000e+00 
3.119000e+00 
3.066000e+00 
3.016000e+00 
2.966000e+00 
2.920000e+00 
2.875000e+00 
2.832000e+00 
2.792000e+00 
2.754000e+00 
2.718000e+00 
2.684000e+00 
2.651000e+00 
2.619000e+00 
2.588000e+00 
2.557000e+00 
2.526000e+00 
2.494000e+00 
2.460000e+00 
2.425000e+00 
2.388000e+00 
2.349000e+00 
2.308000e+00 
2.265000e+00 
2.221000e+00 
2.175000e+00 
2.129000e+00 
2.082000e+00 
2.036000e+00 
1.991000e+00 
1.947000e+00 
1.903000e+00 
1.862000e+00 
1.822000e+00 
1.784000e+00 
1.747000e+00 
1.713000e+00 
1.679000e+00 
1.648000e+00 
1.617000e+00 
1.586000e+00 
1.556000e+00 
1.525000e+00 
1.494000e+00 
1.462000e+00 
1.428000e+00 
1.393000e+00 
1.354000e+00 
1.312000e+00 
1.266000e+00 
1.216000e+00 
1.161000e+00 
1.102000e+00 
1.039000e+00 
9.710000e-01 
9.000000e-01 
8.260000e-01 
7.490000e-01 
6.700000e-01 
5.910000e-01 
5.110000e-01 
4.310000e-01 
3.520000e-01 
2.740000e-01 
1.970000e-01 
1.210000e-01 
4.600000e-02 
-2.900000e-02 
-1.040000e-01 
-1.780000e-01 
-2.530000e-01 
-3.290000e-01 
-4.060000e-01 
-4.840000e-01 
-5.630000e-01 
-6.450000e-01 
-7.270000e-01 
-8.110000e-01 
-8.950000e-01 
-9.800000e-01 
-1.065000e+00 
-1.150000e+00 
-1.235000e+00 
-1.318000e+00 
-1.401000e+00 
-1.482000e+00 
-1.560000e+00 
-1.635000e+00 
-1.707000e+00 
-1.775000e+00 
-1.838000e+00 
-1.898000e+00 
-1.952000e+00 
-2.003000e+00 
-2.048000e+00 
-2.090000e+00 
-2.128000e+00 
-2.163000e+00 
-2.194000e+00 
-2.223000e+00 
-2.249000e+00 
-2.273000e+00 
-2.296000e+00 
-2.319000e+00 
-2.341000e+00 
-2.362000e+00 
-2.384000e+00 
-2.407000e+00 
-2.431000e+00 
-2.456000e+00 
-2.482000e+00 
-2.509000e+00 
-2.537000e+00 
-2.567000e+00 
-2.598000e+00 
-2.629000e+00 
-2.661000e+00 
-2.692000e+00 
-2.723000e+00 
-2.753000e+00 
-2.781000e+00 
-2.808000e+00 
-2.832000e+00 
-2.854000e+00 
-2.874000e+00 
-2.891000e+00 
-2.905000e+00 
-2.918000e+00 
-2.929000e+00 
-2.938000e+00 
-2.946000e+00 
-2.954000e+00 
-2.961000e+00 
-2.970000e+00 
-2.979000e+00 
-2.990000e+00 
-3.003000e+00 
-3.018000e+00 
-3.036000e+00 
-3.057000e+00 
-3.081000e+00 
-3.108000e+00 
-3.138000e+00 
-3.171000e+00 
-3.207000e+00 
-3.244000e+00 
-3.283000e+00 
-3.324000e+00 
-3.365000e+00 
-3.407000e+00 
-3.449000e+00 
-3.490000e+00 
-3.529000e+00 
-3.567000e+00 
-3.603000e+00 
-3.638000e+00 
-3.671000e+00 
-3.701000e+00 
-3.730000e+00 
-3.757000e+00 
-3.783000e+00 
-3.808000e+00 
-3.832000e+00 
-3.855000e+00 
-3.878000e+00 
-3.899000e+00 
-3.920000e+00 
-3.941000e+00 
-3.960000e+00 
-3.979000e+00 
-3.996000e+00 
-4.013000e+00 
-4.029000e+00 
-4.044000e+00 
-4.059000e+00 
-4.073000e+00 
-4.086000e+00 
-4.098000e+00 
-4.109000e+00 
-4.118000e+00 
-4.126000e+00 
-4.132000e+00 
-4.136000e+00 
-4.137000e+00 
-4.137000e+00 
-4.135000e+00 
-4.130000e+00 
-4.124000e+00 
-4.115000e+00 
-4.105000e+00 
-4.093000e+00 
-4.079000e+00 
-4.063000e+00 
-4.046000e+00 
-4.028000e+00 
-4.008000e+00 
-3.987000e+00 
-3.966000e+00 
-3.943000e+00 
-3.920000e+00 
-3.897000e+00 
-3.873000e+00 
-3.849000e+00 
-3.824000e+00 
-3.799000e+00 
-3.772000e+00 
-3.745000e+00 
-3.717000e+00 
-3.687000e+00 
-3.656000e+00 
-3.623000e+00 
-3.588000e+00 
-3.551000e+00 
-3.512000e+00 
-3.471000e+00 
-3.428000e+00 
-3.383000e+00 
-3.336000e+00 
-3.288000e+00 
-3.239000e+00 
-3.188000e+00 
-3.137000e+00 
-3.085000e+00 
-3.033000e+00 
-2.981000e+00 
-2.930000e+00 
-2.880000e+00 
-2.833000e+00 
-2.789000e+00 
-2.748000e+00 
-2.710000e+00 
-2.675000e+00 
-2.644000e+00 
-2.616000e+00 
-2.591000e+00 
-2.569000e+00 
-2.549000e+00 
-2.532000e+00 
-2.516000e+00 
-2.503000e+00 
-2.490000e+00 
-2.478000e+00 
-2.465000e+00 
-2.452000e+00 
-2.438000e+00 
-2.422000e+00 
-2.404000e+00 
-2.384000e+00 
-2.363000e+00 
-2.340000e+00 
-2.316000e+00 
-2.292000e+00 
-2.268000e+00 
-2.244000e+00 
-2.222000e+00 
-2.202000e+00 
-2.184000e+00 
-2.169000e+00 
-2.157000e+00 
-2.147000e+00 
-2.139000e+00 
-2.134000e+00 
-2.132000e+00 
-2.131000e+00 
-2.132000e+00 
-2.135000e+00 
-2.139000e+00 
-2.144000e+00 
-2.149000e+00 
-2.155000e+00 
-2.160000e+00 
-2.164000e+00 
-2.168000e+00 
-2.170000e+00 
-2.170000e+00 
-2.169000e+00 
-2.168000e+00 
-2.165000e+00 
-2.161000e+00 
-2.157000e+00 
-2.151000e+00 
-2.144000e+00 
-2.135000e+00 
-2.124000e+00 
-2.112000e+00 
-2.098000e+00 
-2.082000e+00 
-2.064000e+00 
-2.044000e+00 
-2.022000e+00 
-1.998000e+00 
-1.972000e+00 
-1.943000e+00 
-1.912000e+00 
-1.878000e+00 
-1.841000e+00 
-1.802000e+00 
-1.759000e+00 
-1.715000e+00 
-1.668000e+00 
-1.619000e+00 
-1.570000e+00 
-1.519000e+00 
-1.469000e+00 
-1.418000e+00 
-1.368000e+00 
-1.318000e+00 
-1.269000e+00 
-1.221000e+00 
-1.175000e+00 
-1.129000e+00 
-1.085000e+00 
-1.041000e+00 
-9.980000e-01 
-9.560000e-01 
-9.140000e-01 
-8.740000e-01 
-8.340000e-01 
-7.940000e-01 
-7.550000e-01 
-7.150000e-01 
-6.760000e-01 
-6.360000e-01 
-5.950000e-01 
-5.530000e-01 
-5.120000e-01 
-4.700000e-01 
-4.280000e-01 
-3.870000e-01 
-3.460000e-01 
-3.050000e-01 
-2.640000e-01 
-2.240000e-01 
-1.830000e-01 
-1.440000e-01 
-1.040000e-01 
-6.400000e-02 
-2.500000e-02 
1.300000e-02 
5.100000e-02 
8.800000e-02 
1.240000e-01 
1.590000e-01 
1.930000e-01 
2.240000e-01 
2.540000e-01 
2.830000e-01 
3.090000e-01 
3.340000e-01 
3.560000e-01 
3.770000e-01 
3.970000e-01 
4.140000e-01 
4.300000e-01 
4.440000e-01 
4.570000e-01 
4.680000e-01 
4.780000e-01 
4.880000e-01 
4.960000e-01 
5.040000e-01 
5.110000e-01 
5.170000e-01 
5.230000e-01 
5.280000e-01 
5.320000e-01 
5.360000e-01 
5.400000e-01 
5.430000e-01 
5.460000e-01 
5.490000e-01 
5.530000e-01 
5.560000e-01 
5.600000e-01 
5.650000e-01 
5.710000e-01 
5.790000e-01 
5.880000e-01 
5.990000e-01 
6.120000e-01 
6.280000e-01 
6.460000e-01 
6.660000e-01 
6.880000e-01 
7.130000e-01 
7.400000e-01 
7.690000e-01 
8.000000e-01 
8.320000e-01 
8.660000e-01 
9.000000e-01 
9.360000e-01 
9.720000e-01 
1.008000e+00 
1.044000e+00 
1.080000e+00 
1.116000e+00 
1.151000e+00 
1.185000e+00 
1.218000e+00 
1.251000e+00 
1.282000e+00 
1.313000e+00 
1.343000e+00 
1.371000e+00 
1.398000e+00 
1.425000e+00 
1.451000e+00 
1.476000e+00 
1.500000e+00 
1.523000e+00 
1.546000e+00 
1.569000e+00 
1.591000e+00 
1.613000e+00 
1.634000e+00 
1.655000e+00 
1.674000e+00 
1.691000e+00 
1.707000e+00 
1.722000e+00 
1.734000e+00 
1.744000e+00 
1.753000e+00 
1.760000e+00 
1.765000e+00 
1.769000e+00 
1.772000e+00 
1.775000e+00 
1.776000e+00 
1.778000e+00 
1.779000e+00 
1.780000e+00 
1.781000e+00 
1.782000e+00 
1.783000e+00 
1.783000e+00 
1.782000e+00 
1.780000e+00 
1.776000e+00 
1.770000e+00 
1.762000e+00 
1.753000e+00 
1.740000e+00 
1.726000e+00 
1.710000e+00 
1.692000e+00 
1.673000e+00 
1.651000e+00 
1.629000e+00 
1.606000e+00 
1.581000e+00 
1.556000e+00 
1.530000e+00 
1.504000e+00 
1.478000e+00 
1.452000e+00 
1.426000e+00 
1.400000e+00 
1.374000e+00 
1.349000e+00 
1.324000e+00 
1.298000e+00 
1.273000e+00 
1.247000e+00 
1.222000e+00 
1.197000e+00 
1.171000e+00 
1.147000e+00 
1.123000e+00 
1.100000e+00 
1.078000e+00 
1.059000e+00 
1.042000e+00 
1.027000e+00 
1.016000e+00 
1.007000e+00 
1.002000e+00 
1 
1.002000e+00 
1.007000e+00 
1.015000e+00 
1.027000e+00 
1.042000e+00 
1.060000e+00 
1.079000e+00 
1.101000e+00 
1.124000e+00 
1.147000e+00 
1.171000e+00 
1.195000e+00 
1.218000e+00 
1.241000e+00 
1.262000e+00 
1.283000e+00 
1.303000e+00 
1.321000e+00 
1.339000e+00 
1.355000e+00 
1.371000e+00 
1.385000e+00 
1.399000e+00 
1.412000e+00 
1.425000e+00 
1.437000e+00 
1.449000e+00 
1.461000e+00 
1.473000e+00 
1.486000e+00 
1.499000e+00 
1.513000e+00 
1.528000e+00 
1.544000e+00 
1.559000e+00 
1.575000e+00 
1.590000e+00 
1.604000e+00 
1.616000e+00 
1.627000e+00 
1.635000e+00 
1.641000e+00 
1.644000e+00 
1.644000e+00 
1.641000e+00 
1.634000e+00 
1.624000e+00 
1.610000e+00 
1.592000e+00 
1.570000e+00 
1.546000e+00 
1.518000e+00 
1.487000e+00 
1.453000e+00 
1.417000e+00 
1.379000e+00 
1.339000e+00 
1.299000e+00 
1.257000e+00 
1.215000e+00 
1.172000e+00 
1.128000e+00 
1.084000e+00 
1.039000e+00 
9.940000e-01 
9.470000e-01 
9.000000e-01 
8.530000e-01 
8.050000e-01 
7.560000e-01 
7.070000e-01 
6.580000e-01 
6.090000e-01 
5.600000e-01 
5.120000e-01 
4.640000e-01 
4.160000e-01 
3.690000e-01 
3.230000e-01 
2.780000e-01 
2.330000e-01 
1.880000e-01 
1.450000e-01 
1.020000e-01 
6.100000e-02 
2.000000e-02 
-1.800000e-02 
-5.600000e-02 
-9.200000e-02 
-1.270000e-01 
-1.600000e-01 
-1.920000e-01 
-2.220000e-01 
-2.510000e-01 
-2.780000e-01 
-3.030000e-01 
-3.270000e-01 
-3.480000e-01 
-3.680000e-01 
-3.850000e-01 
-4.010000e-01 
-4.140000e-01 
-4.250000e-01 
-4.340000e-01 
-4.410000e-01 
-4.460000e-01 
-4.480000e-01 
-4.490000e-01 
-4.480000e-01 
-4.440000e-01 
-4.380000e-01 
-4.310000e-01 
-4.220000e-01 
-4.110000e-01 
-3.990000e-01 
-3.860000e-01 
-3.710000e-01 
-3.570000e-01 
-3.420000e-01 
-3.260000e-01 
-3.110000e-01 
-2.960000e-01 
-2.810000e-01 
-2.670000e-01 
-2.540000e-01 
-2.410000e-01 
-2.280000e-01 
-2.150000e-01 
-2.020000e-01 
-1.890000e-01 
-1.740000e-01 
-1.590000e-01 
-1.440000e-01 
-1.270000e-01 
-1.100000e-01 
-9.300000e-02 
-7.500000e-02 
-5.700000e-02 
-3.900000e-02 
-2.200000e-02 
-4.000000e-03 
1.300000e-02 
3.000000e-02 
4.700000e-02 
6.300000e-02 
7.800000e-02 
9.300000e-02 
1.060000e-01 
1.180000e-01 
1.290000e-01 
1.380000e-01 
1.450000e-01 
1.490000e-01 
1.530000e-01 
1.540000e-01 
1.530000e-01 
1.510000e-01 
1.480000e-01 
1.440000e-01 
1.380000e-01 
1.320000e-01 
1.250000e-01 
1.170000e-01 
1.080000e-01 
9.900000e-02 
9.000000e-02 
8.200000e-02 
7.300000e-02 
6.400000e-02 
5.600000e-02 
4.800000e-02 
4.100000e-02 
3.400000e-02 
2.700000e-02 
2.100000e-02 
1.500000e-02 
9.000000e-03 
3.000000e-03 
-3.000000e-03 
-9.000000e-03 
-1.400000e-02 
-1.900000e-02 
-2.300000e-02 
-2.700000e-02 
-3.000000e-02 
-3.200000e-02 
-3.300000e-02 
-3.400000e-02 
-3.500000e-02 
-3.600000e-02 
-3.600000e-02 
-3.500000e-02 
-3.400000e-02 
-3.200000e-02 
-2.900000e-02 
-2.500000e-02 
-1.900000e-02 
-1.200000e-02 
-2.000000e-03 
1.000000e-02 
2.400000e-02 
4.100000e-02 
6.100000e-02 
8.300000e-02 
1.090000e-01 
1.370000e-01 
1.670000e-01 
2.000000e-01 
2.350000e-01 
2.720000e-01 
3.120000e-01 
3.530000e-01 
3.960000e-01 
4.400000e-01 
4.850000e-01 
5.300000e-01 
5.750000e-01 
6.200000e-01 
6.650000e-01 
7.080000e-01 
7.500000e-01 
7.910000e-01 
8.300000e-01 
8.670000e-01 
9.020000e-01 
9.340000e-01 
9.630000e-01 
9.890000e-01 
1.012000e+00 
1.032000e+00 
1.049000e+00 
1.064000e+00 
1.076000e+00 
1.085000e+00 
1.093000e+00 
1.098000e+00 
1.101000e+00 
1.103000e+00 
1.103000e+00 
1.102000e+00 
1.099000e+00 
1.096000e+00 
1.092000e+00 
1.086000e+00 
1.080000e+00 
1.073000e+00 
1.065000e+00 
1.056000e+00 
1.046000e+00 
1.036000e+00 
1.024000e+00 
1.011000e+00 
9.970000e-01 
9.820000e-01 
9.660000e-01 
9.480000e-01 
9.290000e-01 
9.090000e-01 
8.880000e-01 
8.660000e-01 
8.430000e-01 
8.210000e-01 
7.970000e-01 
7.740000e-01 
7.510000e-01 
7.290000e-01 
7.060000e-01 
6.840000e-01 
6.620000e-01 
6.400000e-01 
6.180000e-01 
5.970000e-01 
5.750000e-01 
5.540000e-01 
5.330000e-01 
5.120000e-01 
4.900000e-01 
4.690000e-01 
4.470000e-01 
4.240000e-01 
4.010000e-01 
3.780000e-01 
3.540000e-01 
3.290000e-01 
3.040000e-01 
2.790000e-01 
2.530000e-01 
2.270000e-01 
2.000000e-01 
1.730000e-01 
1.450000e-01 
1.170000e-01 
8.800000e-02 
5.800000e-02 
2.800000e-02 
-3.000000e-03 
-3.400000e-02 
-6.500000e-02 
-9.700000e-02 
-1.270000e-01 
-1.580000e-01 
-1.880000e-01 
-2.180000e-01 
-2.480000e-01 
-2.770000e-01 
-3.070000e-01 
-3.360000e-01 
-3.650000e-01 
-3.940000e-01 
-4.230000e-01 
-4.500000e-01 
-4.770000e-01 
-5.020000e-01 
-5.270000e-01 
-5.500000e-01 
-5.730000e-01 
-5.950000e-01 
-6.170000e-01 
-6.390000e-01 
-6.610000e-01 
-6.830000e-01 
-7.070000e-01 
-7.300000e-01 
-7.550000e-01 
-7.790000e-01 
-8.040000e-01 
-8.290000e-01 
-8.540000e-01 
-8.790000e-01 
-9.030000e-01 
-9.260000e-01 
-9.490000e-01 
-9.710000e-01 
-9.910000e-01 
-1.011000e+00 
-1.030000e+00 
-1.047000e+00 
-1.064000e+00 
-1.079000e+00 
-1.094000e+00 
-1.107000e+00 
-1.120000e+00 
-1.132000e+00 
-1.143000e+00 
-1.155000e+00 
-1.166000e+00 
-1.179000e+00 
-1.191000e+00 
-1.205000e+00 
-1.220000e+00 
-1.235000e+00 
-1.252000e+00 
-1.270000e+00 
-1.290000e+00 
-1.311000e+00 
-1.333000e+00 
-1.356000e+00 
-1.380000e+00 
-1.404000e+00 
-1.429000e+00 
-1.454000e+00 
-1.478000e+00 
-1.502000e+00 
-1.525000e+00 
-1.546000e+00 
-1.567000e+00 
-1.586000e+00 
-1.604000e+00 
-1.620000e+00 
-1.635000e+00 
-1.649000e+00 
-1.661000e+00 
-1.671000e+00 
-1.680000e+00 
-1.687000e+00 
-1.692000e+00 
-1.695000e+00 
-1.696000e+00 
-1.694000e+00 
-1.691000e+00 
-1.686000e+00 
-1.679000e+00 
-1.670000e+00 
-1.660000e+00 
-1.649000e+00 
-1.636000e+00 
-1.623000e+00 
-1.608000e+00 
-1.593000e+00 
-1.577000e+00 
-1.560000e+00 
-1.543000e+00 
-1.524000e+00 
-1.505000e+00 
-1.485000e+00 
-1.464000e+00 
-1.442000e+00 
-1.419000e+00 
-1.395000e+00 
-1.370000e+00 
-1.344000e+00 
-1.316000e+00 
-1.288000e+00 
-1.260000e+00 
-1.230000e+00 
-1.201000e+00 
-1.171000e+00 
-1.141000e+00 
-1.112000e+00 
-1.083000e+00 
-1.054000e+00 
-1.027000e+00 
-1.002000e+00 
-9.770000e-01 
-9.550000e-01 
-9.350000e-01 
-9.180000e-01 
-9.020000e-01 
-8.880000e-01 
-8.770000e-01 
-8.670000e-01 
-8.590000e-01 
-8.520000e-01 
-8.460000e-01 
-8.410000e-01 
-8.380000e-01 
-8.350000e-01 
-8.330000e-01 
-8.310000e-01 
-8.300000e-01 
-8.300000e-01 
-8.290000e-01 
-8.290000e-01 
-8.280000e-01 
-8.280000e-01 
-8.270000e-01 
-8.260000e-01 
-8.250000e-01 
-8.240000e-01 
-8.240000e-01 
-8.230000e-01 
-8.240000e-01 
-8.250000e-01 
-8.260000e-01 
-8.280000e-01 
-8.310000e-01 
-8.340000e-01 
-8.380000e-01 
-8.420000e-01 
-8.470000e-01 
-8.520000e-01 
-8.580000e-01 
-8.650000e-01 
-8.720000e-01 
-8.790000e-01 
-8.860000e-01 
-8.920000e-01 
-8.980000e-01 
-9.040000e-01 
-9.080000e-01 
-9.110000e-01 
-9.130000e-01 
-9.130000e-01 
-9.100000e-01 
-9.050000e-01 
-8.970000e-01 
-8.870000e-01 
-8.730000e-01 
-8.560000e-01 
-8.370000e-01 
-8.140000e-01 
-7.890000e-01 
-7.620000e-01 
-7.330000e-01 
-7.030000e-01 
-6.710000e-01 
-6.390000e-01 
-6.070000e-01 
-5.750000e-01 
-5.430000e-01 
-5.120000e-01 
-4.810000e-01 
-4.510000e-01 
-4.220000e-01 
-3.930000e-01 
-3.650000e-01 
-3.370000e-01 
-3.100000e-01 
-2.820000e-01 
-2.550000e-01 
-2.280000e-01 
-2.000000e-01 
-1.720000e-01 
-1.430000e-01 
-1.140000e-01 
-8.300000e-02 
-5.200000e-02 
-2.000000e-02 
1.200000e-02 
4.600000e-02 
8.000000e-02 
1.140000e-01 
1.480000e-01 
1.820000e-01 
2.150000e-01 
2.480000e-01 
2.800000e-01 
3.110000e-01 
3.400000e-01 
3.680000e-01 
3.940000e-01 
4.190000e-01 
4.400000e-01 
4.600000e-01 
4.780000e-01 
4.930000e-01 
5.060000e-01 
5.170000e-01 
5.260000e-01 
5.330000e-01 
5.380000e-01 
5.420000e-01 
5.440000e-01 
5.440000e-01 
5.430000e-01 
5.410000e-01 
5.380000e-01 
5.350000e-01 
5.300000e-01 
5.240000e-01 
5.180000e-01 
5.110000e-01 
5.020000e-01 
4.920000e-01 
4.810000e-01 
4.680000e-01 
4.540000e-01 
4.380000e-01 
4.210000e-01 
4.030000e-01 
3.830000e-01 
3.620000e-01 
3.400000e-01 
3.170000e-01 
2.930000e-01 
2.690000e-01 
2.440000e-01 
2.200000e-01 
1.950000e-01 
1.710000e-01 
1.470000e-01 
1.240000e-01 
1.020000e-01 
8.100000e-02 
6.100000e-02 
4.200000e-02 
2.500000e-02 
1.000000e-02 
-3.000000e-03 
-1.400000e-02 
-2.200000e-02 
-2.800000e-02 
-3.000000e-02 
-2.900000e-02 
-2.600000e-02 
-1.900000e-02 
-1.000000e-02 
2.000000e-03 
1.600000e-02 
3.200000e-02 
5.000000e-02 
6.900000e-02 
9.000000e-02 
1.120000e-01 
1.350000e-01 
1.590000e-01 
1.850000e-01 
2.130000e-01 
2.420000e-01 
2.720000e-01 
3.040000e-01 
3.380000e-01 
3.750000e-01 
4.120000e-01 
4.520000e-01 
4.930000e-01 
5.360000e-01 
5.800000e-01 
6.240000e-01 
6.700000e-01 
7.160000e-01 
7.630000e-01 
8.110000e-01 
8.590000e-01 
9.070000e-01 
9.550000e-01 
1.003000e+00 
1.051000e+00 
1.100000e+00 
1.147000e+00 
1.194000e+00 
1.238000e+00 
1.282000e+00 
1.323000e+00 
1.361000e+00 
1.397000e+00 
1.429000e+00 
1.459000e+00 
1.485000e+00 
1.509000e+00 
1.530000e+00 
1.549000e+00 
1.565000e+00 
1.579000e+00 
1.591000e+00 
1.601000e+00 
1.610000e+00 
1.618000e+00 
1.624000e+00 
1.630000e+00 
1.634000e+00 
1.637000e+00 
1.639000e+00 
1.640000e+00 
1.639000e+00 
1.637000e+00 
1.633000e+00 
1.628000e+00 
1.621000e+00 
1.612000e+00 
1.602000e+00 
1.590000e+00 
1.577000e+00 
1.563000e+00 
1.547000e+00 
1.530000e+00 
1.511000e+00 
1.491000e+00 
1.469000e+00 
1.445000e+00 
1.419000e+00 
1.392000e+00 
1.363000e+00 
1.332000e+00 
1.299000e+00 
1.264000e+00 
1.228000e+00 
1.190000e+00 
1.151000e+00 
1.111000e+00 
1.071000e+00 
1.030000e+00 
9.900000e-01 
9.510000e-01 
9.130000e-01 
8.770000e-01 
8.430000e-01 
8.110000e-01 
7.830000e-01 
7.580000e-01 
7.370000e-01 
7.190000e-01 
7.050000e-01 
6.930000e-01 
6.840000e-01 
6.780000e-01 
6.740000e-01 
6.710000e-01 
6.690000e-01 
6.680000e-01 
6.680000e-01 
6.670000e-01 
6.660000e-01 
6.650000e-01 
6.620000e-01 
6.590000e-01 
6.550000e-01 
6.500000e-01 
6.430000e-01 
6.360000e-01 
6.290000e-01 
6.210000e-01 
6.120000e-01 
6.040000e-01 
5.960000e-01 
5.890000e-01 
5.820000e-01 
5.750000e-01 
5.700000e-01 
5.640000e-01 
5.590000e-01 
5.540000e-01 
5.490000e-01 
5.440000e-01 
5.380000e-01 
5.320000e-01 
5.260000e-01 
5.190000e-01 
5.120000e-01 
5.040000e-01 
4.950000e-01 
4.860000e-01 
4.760000e-01 
4.650000e-01 
4.530000e-01 
4.400000e-01 
4.260000e-01 
4.120000e-01 
3.980000e-01 
3.840000e-01 
3.700000e-01 
3.560000e-01 
3.420000e-01 
3.290000e-01 
3.170000e-01 
3.040000e-01 
2.920000e-01 
2.800000e-01 
2.690000e-01 
2.580000e-01 
2.460000e-01 
2.350000e-01 
2.230000e-01 
2.110000e-01 
1.990000e-01 
1.860000e-01 
1.730000e-01 
1.580000e-01 
1.430000e-01 
1.270000e-01 
1.100000e-01 
9.200000e-02 
7.400000e-02 
5.400000e-02 
3.400000e-02 
1.300000e-02 
-9.000000e-03 
-3.200000e-02 
-5.500000e-02 
-7.800000e-02 
-1.020000e-01 
-1.260000e-01 
-1.500000e-01 
-1.740000e-01 
-1.980000e-01 
-2.230000e-01 
-2.470000e-01 
-2.710000e-01 
-2.960000e-01 
-3.200000e-01 
-3.430000e-01 
-3.660000e-01 
-3.890000e-01 
-4.100000e-01 
-4.310000e-01 
-4.490000e-01 
-4.660000e-01 
-4.810000e-01 
-4.940000e-01 
-5.050000e-01 
-5.140000e-01 
-5.210000e-01 
-5.260000e-01 
-5.290000e-01 
-5.300000e-01 
-5.290000e-01 
-5.260000e-01 
-5.210000e-01 
-5.150000e-01 
-5.080000e-01 
-5.000000e-01 
-4.900000e-01 
-4.790000e-01 
-4.670000e-01 
-4.550000e-01 
-4.410000e-01 
-4.270000e-01 
-4.120000e-01 
-3.970000e-01 
-3.800000e-01 
-3.630000e-01 
-3.450000e-01 
-3.260000e-01 
-3.060000e-01 
-2.850000e-01 
-2.640000e-01 
-2.420000e-01 
-2.200000e-01 
-1.970000e-01 
-1.740000e-01 
-1.510000e-01 
-1.280000e-01 
-1.060000e-01 
-8.400000e-02 
-6.300000e-02 
-4.300000e-02 
-2.500000e-02 
-7.000000e-03 
8.000000e-03 
2.200000e-02 
3.400000e-02 
4.500000e-02 
5.300000e-02 
6.000000e-02 
6.500000e-02 
6.800000e-02 
7.000000e-02 
7.100000e-02 
7.100000e-02 
6.900000e-02 
6.700000e-02 
6.400000e-02 
6.000000e-02 
5.600000e-02 
5.100000e-02 
4.600000e-02 
4.100000e-02 
3.700000e-02 
3.200000e-02 
2.800000e-02 
2.400000e-02 
2.100000e-02 
1.800000e-02 
1.600000e-02 
1.400000e-02 
1.300000e-02 
1.100000e-02 
1.000000e-02 
9.000000e-03 
8.000000e-03 
8.000000e-03 
7.000000e-03 
7.000000e-03 
7.000000e-03 
7.000000e-03 
8.000000e-03 
9.000000e-03 
1.000000e-02 
1.200000e-02 
1.400000e-02 
1.700000e-02 
2.000000e-02 
2.400000e-02 
2.900000e-02 
3.500000e-02 
4.100000e-02 
4.800000e-02 
5.600000e-02 
6.400000e-02 
7.300000e-02 
8.300000e-02 
9.400000e-02 
1.060000e-01 
1.180000e-01 
1.310000e-01 
1.460000e-01 
1.600000e-01 
1.760000e-01 
1.920000e-01 
2.090000e-01 
2.260000e-01 
2.440000e-01 
2.610000e-01 
2.790000e-01 
2.970000e-01 
3.140000e-01 
3.310000e-01 
3.470000e-01 
3.620000e-01 
3.760000e-01 
3.880000e-01 
3.990000e-01 
4.090000e-01 
4.170000e-01 
4.240000e-01 
4.280000e-01 
4.320000e-01 
4.340000e-01 
4.350000e-01 
4.350000e-01 
4.350000e-01 
4.330000e-01 
4.310000e-01 
4.280000e-01 
4.260000e-01 
4.230000e-01 
4.210000e-01 
4.190000e-01 
4.170000e-01 
4.160000e-01 
4.150000e-01 
4.160000e-01 
4.170000e-01 
4.190000e-01 
4.210000e-01 
4.240000e-01 
4.270000e-01 
4.300000e-01 
4.320000e-01 
4.340000e-01 
4.350000e-01 
4.350000e-01 
4.340000e-01 
4.320000e-01 
4.290000e-01 
4.250000e-01 
4.200000e-01 
4.130000e-01 
4.060000e-01 
3.970000e-01 
3.880000e-01 
3.770000e-01 
3.670000e-01 
3.560000e-01 
3.450000e-01 
3.330000e-01 
3.220000e-01 
3.110000e-01 
3.000000e-01 
2.900000e-01 
2.800000e-01 
2.710000e-01 
2.620000e-01 
2.540000e-01 
2.470000e-01 
2.390000e-01 
2.320000e-01 
2.250000e-01 
2.180000e-01 
2.100000e-01 
2.020000e-01 
1.930000e-01 
1.840000e-01 
1.740000e-01 
1.640000e-01 
1.530000e-01 
1.410000e-01 
1.280000e-01 
1.160000e-01 
1.030000e-01 
9.000000e-02 
7.700000e-02 
6.500000e-02 
5.300000e-02 
4.200000e-02 
3.200000e-02 
2.300000e-02 
1.500000e-02 
8.000000e-03 
3.000000e-03 
-2.000000e-03 
-5.000000e-03 
-7.000000e-03 
-9.000000e-03 
-9.000000e-03 
-1.000000e-02 
-1.000000e-02 
-1.000000e-02 
-1.000000e-02 
-1.000000e-02 
-1.000000e-02 
-1.000000e-02 
-1.100000e-02 
-1.200000e-02 
-1.400000e-02 
-1.600000e-02 
-1.800000e-02 
-2.200000e-02 
-2.600000e-02 
-3.100000e-02 
-3.600000e-02 
-4.300000e-02 
-4.900000e-02 
-5.700000e-02 
-6.500000e-02 
-7.400000e-02 
-8.300000e-02 
-9.300000e-02 
-1.040000e-01 
-1.150000e-01 
-1.270000e-01 
-1.400000e-01 
-1.540000e-01 
-1.690000e-01 
-1.850000e-01 
-2.020000e-01 
-2.200000e-01 
-2.380000e-01 
-2.570000e-01 
-2.760000e-01 
-2.960000e-01 
-3.160000e-01 
-3.360000e-01 
-3.570000e-01 
-3.770000e-01 
-3.960000e-01 
-4.160000e-01 
-4.350000e-01 
-4.540000e-01 
-4.730000e-01 
-4.910000e-01 
-5.100000e-01 
-5.280000e-01 
-5.460000e-01 
-5.640000e-01 
-5.830000e-01 
-6.020000e-01 
-6.210000e-01 
-6.410000e-01 
-6.610000e-01 
-6.820000e-01 
-7.030000e-01 
-7.250000e-01 
-7.470000e-01 
-7.690000e-01 
-7.920000e-01 
-8.150000e-01 
-8.380000e-01 
-8.620000e-01 
-8.860000e-01 
-9.090000e-01 
-9.330000e-01 
-9.570000e-01 
-9.820000e-01 
-1.006000e+00 
-1.031000e+00 
-1.056000e+00 
-1.080000e+00 
-1.105000e+00 
-1.131000e+00 
-1.156000e+00 
-1.182000e+00 
-1.209000e+00 
-1.236000e+00 
-1.263000e+00 
-1.292000e+00 
-1.321000e+00 
-1.351000e+00 
-1.381000e+00 
-1.412000e+00 
-1.443000e+00 
-1.474000e+00 
-1.506000e+00 
-1.538000e+00 
-1.570000e+00 
-1.602000e+00 
-1.634000e+00 
-1.666000e+00 
-1.699000e+00 
-1.731000e+00 
-1.764000e+00 
-1.797000e+00 
-1.830000e+00 
-1.863000e+00 
-1.897000e+00 
-1.931000e+00 
-1.965000e+00 
-1.999000e+00 
-2.033000e+00 
-2.068000e+00 
-2.103000e+00 
-2.139000e+00 
-2.174000e+00 
-2.210000e+00 
-2.246000e+00 
-2.282000e+00 
-2.318000e+00 
-2.352000e+00 
-2.386000e+00 
-2.419000e+00 
-2.451000e+00 
-2.480000e+00 
-2.508000e+00 
-2.533000e+00 
-2.556000e+00 
-2.575000e+00 
-2.592000e+00 
-2.606000e+00 
-2.616000e+00 
-2.623000e+00 
-2.627000e+00 
-2.628000e+00 
-2.627000e+00 
-2.622000e+00 
-2.616000e+00 
-2.607000e+00 
-2.596000e+00 
-2.584000e+00 
-2.571000e+00 
-2.556000e+00 
-2.541000e+00 
-2.525000e+00 
-2.508000e+00 
-2.490000e+00 
-2.472000e+00 
-2.453000e+00 
-2.433000e+00 
-2.412000e+00 
-2.391000e+00 
-2.368000e+00 
-2.343000e+00 
-2.317000e+00 
-2.289000e+00 
-2.259000e+00 
-2.226000e+00 
-2.192000e+00 
-2.156000e+00 
-2.117000e+00 
-2.076000e+00 
-2.034000e+00 
-1.989000e+00 
-1.943000e+00 
-1.895000e+00 
-1.845000e+00 
-1.795000e+00 
-1.743000e+00 
-1.691000e+00 
-1.637000e+00 
-1.584000e+00 
-1.530000e+00 
-1.475000e+00 
-1.421000e+00 
-1.366000e+00 
-1.312000e+00 
-1.257000e+00 
-1.202000e+00 
-1.147000e+00 
-1.092000e+00 
-1.038000e+00 
-9.840000e-01 
-9.300000e-01 
-8.760000e-01 
-8.220000e-01 
-7.690000e-01 
-7.160000e-01 
-6.630000e-01 
-6.100000e-01 
-5.570000e-01 
-5.040000e-01 
-4.510000e-01 
-3.980000e-01 
-3.440000e-01 
-2.910000e-01 
-2.380000e-01 
-1.860000e-01 
-1.340000e-01 
-8.300000e-02 
-3.300000e-02 
1.700000e-02 
6.600000e-02 
1.130000e-01 
1.600000e-01 
2.050000e-01 
2.490000e-01 
2.920000e-01 
3.330000e-01 
3.720000e-01 
4.100000e-01 
4.460000e-01 
4.800000e-01 
5.130000e-01 
5.440000e-01 
5.740000e-01 
6.020000e-01 
6.290000e-01 
6.540000e-01 
6.790000e-01 
7.020000e-01 
7.250000e-01 
7.470000e-01 
7.680000e-01 
7.890000e-01 
8.090000e-01 
8.300000e-01 
8.500000e-01 
8.700000e-01 
8.910000e-01 
9.130000e-01 
9.350000e-01 
9.570000e-01 
9.810000e-01 
1.005000e+00 
1.030000e+00 
1.056000e+00 
1.082000e+00 
1.110000e+00 
1.138000e+00 
1.166000e+00 
1.196000e+00 
1.225000e+00 
1.255000e+00 
1.285000e+00 
1.314000e+00 
1.344000e+00 
1.373000e+00 
1.401000e+00 
1.429000e+00 
1.455000e+00 
1.482000e+00 
1.507000e+00 
1.532000e+00 
1.556000e+00 
1.580000e+00 
1.604000e+00 
1.628000e+00 
1.651000e+00 
1.674000e+00 
1.697000e+00 
1.721000e+00 
1.744000e+00 
1.767000e+00 
1.790000e+00 
1.814000e+00 
1.837000e+00 
1.859000e+00 
1.882000e+00 
1.905000e+00 
1.927000e+00 
1.949000e+00 
1.971000e+00 
1.992000e+00 
2.013000e+00 
2.033000e+00 
2.052000e+00 
2.070000e+00 
2.088000e+00 
2.104000e+00 
2.119000e+00 
2.134000e+00 
2.147000e+00 
2.159000e+00 
2.170000e+00 
2.180000e+00 
2.189000e+00 
2.197000e+00 
2.203000e+00 
2.209000e+00 
2.213000e+00 
2.215000e+00 
2.216000e+00 
2.216000e+00 
2.215000e+00 
2.212000e+00 
2.208000e+00 
2.203000e+00 
2.196000e+00 
2.188000e+00 
2.179000e+00 
2.169000e+00 
2.157000e+00 
2.144000e+00 
2.130000e+00 
2.114000e+00 
2.097000e+00 
2.079000e+00 
2.060000e+00 
2.040000e+00 
2.019000e+00 
1.996000e+00 
1.973000e+00 
1.949000e+00 
1.923000e+00 
1.897000e+00 
1.870000e+00 
1.842000e+00 
1.814000e+00 
1.785000e+00 
1.755000e+00 
1.725000e+00 
1.695000e+00 
1.665000e+00 
1.635000e+00 
1.604000e+00 
1.574000e+00 
1.544000e+00 
1.513000e+00 
1.482000e+00 
1.450000e+00 
1.418000e+00 
1.387000e+00 
1.356000e+00 
1.325000e+00 
1.294000e+00 
1.263000e+00 
1.233000e+00 
1.203000e+00 
1.173000e+00 
1.144000e+00 
1.115000e+00 
1.086000e+00 
1.057000e+00 
1.029000e+00 
1.001000e+00 
9.740000e-01 
9.480000e-01 
9.230000e-01 
8.990000e-01 
8.760000e-01 
8.540000e-01 
8.340000e-01 
8.140000e-01 
7.950000e-01 
7.780000e-01 
7.620000e-01 
7.470000e-01 
7.330000e-01 
7.200000e-01 
7.090000e-01 
6.970000e-01 
6.870000e-01 
6.760000e-01 
6.660000e-01 
6.550000e-01 
6.440000e-01 
6.330000e-01 
6.210000e-01 
6.090000e-01 
5.960000e-01 
5.820000e-01 
5.680000e-01 
5.540000e-01 
5.400000e-01 
5.260000e-01 
5.110000e-01 
4.970000e-01 
4.840000e-01 
4.700000e-01 
4.570000e-01 
4.440000e-01 
4.320000e-01 
4.200000e-01 
4.080000e-01 
3.970000e-01 
3.850000e-01 
3.740000e-01 
3.620000e-01 
3.490000e-01 
3.360000e-01 
3.220000e-01 
3.060000e-01 
2.900000e-01 
2.730000e-01 
2.550000e-01 
2.360000e-01 
2.170000e-01 
1.980000e-01 
1.780000e-01 
1.590000e-01 
1.390000e-01 
1.200000e-01 
1.010000e-01 
8.300000e-02 
6.400000e-02 
4.600000e-02 
2.800000e-02 
1.100000e-02 
-7.000000e-03 
-2.400000e-02 
-4.200000e-02 
-6.100000e-02 
-7.900000e-02 
-9.900000e-02 
-1.190000e-01 
-1.400000e-01 
-1.620000e-01 
-1.850000e-01 
-2.090000e-01 
-2.350000e-01 
-2.620000e-01 
-2.890000e-01 
-3.170000e-01 
-3.460000e-01 
-3.760000e-01 
-4.050000e-01 
-4.350000e-01 
-4.640000e-01 
-4.940000e-01 
-5.220000e-01 
-5.500000e-01 
-5.760000e-01 
-6.020000e-01 
-6.260000e-01 
-6.490000e-01 
-6.690000e-01 
-6.880000e-01 
-7.060000e-01 
-7.210000e-01 
-7.350000e-01 
-7.480000e-01 
-7.600000e-01 
-7.700000e-01 
-7.800000e-01 
-7.890000e-01 
-7.970000e-01 
-8.050000e-01 
-8.130000e-01 
-8.210000e-01 
-8.280000e-01 
-8.350000e-01 
-8.420000e-01 
-8.490000e-01 
-8.550000e-01 
-8.600000e-01 
-8.650000e-01 
-8.690000e-01 
-8.720000e-01 
-8.740000e-01 
-8.740000e-01 
-8.730000e-01 
-8.700000e-01 
-8.660000e-01 
-8.610000e-01 
-8.550000e-01 
-8.490000e-01 
-8.410000e-01 
-8.340000e-01 
-8.250000e-01 
-8.170000e-01 
-8.090000e-01 
-8.010000e-01 
-7.930000e-01 
-7.850000e-01 
-7.770000e-01 
-7.700000e-01 
-7.620000e-01 
-7.550000e-01 
-7.470000e-01 
-7.400000e-01 
-7.320000e-01 
-7.250000e-01 
-7.170000e-01 
-7.100000e-01 
-7.020000e-01 
-6.940000e-01 
-6.870000e-01 
-6.790000e-01 
-6.720000e-01 
-6.640000e-01 
-6.570000e-01 
-6.510000e-01 
-6.450000e-01 
-6.400000e-01 
-6.350000e-01 
-6.310000e-01 
-6.280000e-01 
-6.260000e-01 
-6.250000e-01 
-6.250000e-01 
-6.270000e-01 
-6.300000e-01 
-6.350000e-01 
-6.410000e-01 
-6.480000e-01 
-6.570000e-01 
-6.670000e-01 
-6.780000e-01 
-6.900000e-01 
-7.020000e-01 
-7.140000e-01 
-7.260000e-01 
-7.390000e-01 
-7.520000e-01 
-7.650000e-01 
-7.780000e-01 
-7.900000e-01 
-8.030000e-01 
-8.150000e-01 
-8.270000e-01 
-8.390000e-01 
-8.500000e-01 
-8.600000e-01 
-8.710000e-01 
-8.810000e-01 
-8.900000e-01 
-9.000000e-01 
-9.090000e-01 
-9.170000e-01 
-9.260000e-01 
-9.330000e-01 
-9.410000e-01 
-9.470000e-01 
-9.530000e-01 
-9.590000e-01 
-9.630000e-01 
-9.670000e-01 
-9.710000e-01 
-9.740000e-01 
-9.760000e-01 
-9.760000e-01 
-9.760000e-01 
-9.740000e-01 
-9.710000e-01 
-9.670000e-01 
-9.610000e-01 
-9.550000e-01 
-9.470000e-01 
-9.390000e-01 
-9.290000e-01 
-9.180000e-01 
-9.040000e-01 
-8.900000e-01 
-8.730000e-01 
-8.550000e-01 
-8.360000e-01 
-8.150000e-01 
-7.930000e-01 
-7.710000e-01 
-7.480000e-01 
-7.250000e-01 
-7.010000e-01 
-6.770000e-01 
-6.520000e-01 
-6.260000e-01 
-5.990000e-01 
-5.720000e-01 
-5.450000e-01 
-5.170000e-01 
-4.900000e-01 
-4.620000e-01 
-4.340000e-01 
-4.060000e-01 
-3.770000e-01 
-3.480000e-01 
-3.190000e-01 
-2.900000e-01 
-2.610000e-01 
-2.300000e-01 
-1.990000e-01 
-1.680000e-01 
-1.350000e-01 
-1.020000e-01 
-6.900000e-02 
-3.500000e-02 
-1.000000e-03 
3.300000e-02 
6.800000e-02 
1.020000e-01 
1.370000e-01 
1.710000e-01 
2.050000e-01 
2.380000e-01 
2.710000e-01 
3.030000e-01 
3.340000e-01 
3.640000e-01 
3.920000e-01 
4.200000e-01 
4.450000e-01 
4.700000e-01 
4.920000e-01 
5.130000e-01 
5.330000e-01 
5.510000e-01 
5.670000e-01 
5.810000e-01 
5.940000e-01 
6.040000e-01 
6.130000e-01 
6.200000e-01 
6.250000e-01 
6.290000e-01 
6.310000e-01 
6.320000e-01 
6.320000e-01 
6.300000e-01 
6.270000e-01 
6.240000e-01 
6.190000e-01 
6.140000e-01 
6.090000e-01 
6.020000e-01 
5.950000e-01 
5.860000e-01 
5.770000e-01 
5.670000e-01 
5.550000e-01 
5.430000e-01 
5.310000e-01 
5.170000e-01 
5.040000e-01 
4.910000e-01 
4.770000e-01 
4.640000e-01 
4.520000e-01 
4.400000e-01 
4.300000e-01 
4.210000e-01 
4.130000e-01 
4.060000e-01 
4.020000e-01 
3.980000e-01 
3.960000e-01 
3.960000e-01 
3.970000e-01 
3.990000e-01 
4.030000e-01 
4.080000e-01 
4.140000e-01 
4.210000e-01 
4.280000e-01 
4.350000e-01 
4.420000e-01 
4.490000e-01 
4.550000e-01 
4.620000e-01 
4.680000e-01 
4.740000e-01 
4.800000e-01 
4.860000e-01 
4.920000e-01 
4.980000e-01 
5.050000e-01 
5.120000e-01 
5.200000e-01 
5.290000e-01 
5.380000e-01 
5.480000e-01 
5.590000e-01 
5.710000e-01 
5.830000e-01 
5.960000e-01 
6.090000e-01 
6.220000e-01 
6.350000e-01 
6.490000e-01 
6.620000e-01 
6.750000e-01 
6.870000e-01 
6.980000e-01 
7.090000e-01 
7.170000e-01 
7.250000e-01 
7.310000e-01 
7.360000e-01 
7.390000e-01 
7.410000e-01 
7.430000e-01 
7.430000e-01 
7.430000e-01 
7.420000e-01 
7.400000e-01 
7.380000e-01 
7.360000e-01 
7.340000e-01 
7.310000e-01 
7.290000e-01 
7.270000e-01 
7.250000e-01 
7.230000e-01 
7.220000e-01 
7.200000e-01 
7.200000e-01 
7.190000e-01 
7.190000e-01 
7.180000e-01 
7.180000e-01 
7.170000e-01 
7.170000e-01 
7.150000e-01 
7.140000e-01 
7.120000e-01 
7.110000e-01 
7.080000e-01 
7.060000e-01 
7.030000e-01 
7.010000e-01 
6.980000e-01 
6.950000e-01 
6.920000e-01 
6.890000e-01 
6.870000e-01 
6.850000e-01 
6.840000e-01 
6.840000e-01 
6.840000e-01 
6.870000e-01 
6.890000e-01 
6.930000e-01 
6.980000e-01 
7.030000e-01 
7.100000e-01 
7.170000e-01 
7.250000e-01 
7.340000e-01 
7.440000e-01 
7.540000e-01 
7.650000e-01 
7.770000e-01 
7.880000e-01 
8.000000e-01 
8.130000e-01 
8.250000e-01 
8.380000e-01 
8.510000e-01 
8.640000e-01 
8.770000e-01 
8.900000e-01 
9.030000e-01 
9.150000e-01 
9.270000e-01 
9.370000e-01 
9.470000e-01 
9.550000e-01 
9.620000e-01 
9.690000e-01 
9.740000e-01 
9.780000e-01 
9.810000e-01 
9.830000e-01 
9.840000e-01 
9.850000e-01 
9.850000e-01 
9.840000e-01 
9.830000e-01 
9.810000e-01 
9.790000e-01 
9.770000e-01 
9.750000e-01 
9.740000e-01 
9.740000e-01 
9.750000e-01 
9.780000e-01 
9.820000e-01 
9.870000e-01 
9.920000e-01 
9.980000e-01 
1.003000e+00 
1.007000e+00 
1.011000e+00 
1.013000e+00 
1.015000e+00 
1.017000e+00 
1.017000e+00 
1.016000e+00 
1.013000e+00 
1.009000e+00 
1.002000e+00 
9.940000e-01 
9.830000e-01 
9.700000e-01 
9.570000e-01 
9.420000e-01 
9.260000e-01 
9.100000e-01 
8.940000e-01 
8.780000e-01 
8.620000e-01 
8.450000e-01 
8.280000e-01 
8.110000e-01 
7.930000e-01 
7.740000e-01 
7.550000e-01 
7.350000e-01 
7.150000e-01 
6.940000e-01 
6.720000e-01 
6.500000e-01 
6.250000e-01 
6.000000e-01 
5.730000e-01 
5.440000e-01 
5.150000e-01 
4.840000e-01 
4.530000e-01 
4.210000e-01 
3.890000e-01 
3.580000e-01 
3.260000e-01 
2.960000e-01 
2.660000e-01 
2.370000e-01 
2.080000e-01 
1.790000e-01 
1.510000e-01 
1.220000e-01 
9.300000e-02 
6.400000e-02 
3.400000e-02 
4.000000e-03 
-2.700000e-02 
-5.800000e-02 
-8.900000e-02 
-1.200000e-01 
-1.520000e-01 
-1.840000e-01 
-2.160000e-01 
-2.480000e-01 
-2.800000e-01 
-3.130000e-01 
-3.460000e-01 
-3.790000e-01 
-4.130000e-01 
-4.460000e-01 
-4.790000e-01 
-5.110000e-01 
-5.410000e-01 
-5.700000e-01 
-5.970000e-01 
-6.220000e-01 
-6.450000e-01 
-6.660000e-01 
-6.870000e-01 
-7.060000e-01 
-7.250000e-01 
-7.430000e-01 
-7.610000e-01 
-7.790000e-01 
-7.960000e-01 
-8.120000e-01 
-8.280000e-01 
-8.450000e-01 
-8.600000e-01 
-8.760000e-01 
-8.920000e-01 
-9.090000e-01 
-9.250000e-01 
-9.420000e-01 
-9.570000e-01 
-9.730000e-01 
-9.880000e-01 
-1.001000e+00 
-1.014000e+00 
-1.026000e+00 
-1.038000e+00 
-1.048000e+00 
-1.058000e+00 
-1.067000e+00 
-1.076000e+00 
-1.084000e+00 
-1.092000e+00 
-1.099000e+00 
-1.107000e+00 
-1.115000e+00 
-1.124000e+00 
-1.133000e+00 
-1.142000e+00 
-1.152000e+00 
-1.163000e+00 
-1.175000e+00 
-1.189000e+00 
-1.204000e+00 
-1.220000e+00 
-1.238000e+00 
-1.256000e+00 
-1.276000e+00 
-1.295000e+00 
-1.314000e+00 
-1.334000e+00 
-1.353000e+00 
-1.371000e+00 
-1.390000e+00 
-1.407000e+00 
-1.425000e+00 
-1.442000e+00 
-1.459000e+00 
-1.476000e+00 
-1.493000e+00 
-1.509000e+00 
-1.525000e+00 
-1.541000e+00 
-1.557000e+00 
-1.572000e+00 
-1.589000e+00 
-1.605000e+00 
-1.622000e+00 
-1.638000e+00 
-1.655000e+00 
-1.672000e+00 
-1.689000e+00 
-1.706000e+00 
-1.722000e+00 
-1.738000e+00 
-1.753000e+00 
-1.767000e+00 
-1.780000e+00 
-1.791000e+00 
-1.802000e+00 
-1.811000e+00 
-1.818000e+00 
-1.825000e+00 
-1.830000e+00 
-1.833000e+00 
-1.836000e+00 
-1.838000e+00 
-1.839000e+00 
-1.839000e+00 
-1.838000e+00 
-1.837000e+00 
-1.836000e+00 
-1.835000e+00 
-1.834000e+00 
-1.832000e+00 
-1.831000e+00 
-1.830000e+00 
-1.829000e+00 
-1.828000e+00 
-1.827000e+00 
-1.825000e+00 
-1.822000e+00 
-1.819000e+00 
-1.815000e+00 
-1.809000e+00 
-1.801000e+00 
-1.793000e+00 
-1.782000e+00 
-1.770000e+00 
-1.757000e+00 
-1.742000e+00 
-1.726000e+00 
-1.709000e+00 
-1.691000e+00 
-1.672000e+00 
-1.652000e+00 
-1.632000e+00 
-1.611000e+00 
-1.590000e+00 
-1.569000e+00 
-1.547000e+00 
-1.525000e+00 
-1.503000e+00 
-1.482000e+00 
-1.460000e+00 
-1.439000e+00 
-1.417000e+00 
-1.396000e+00 
-1.374000e+00 
-1.352000e+00 
-1.330000e+00 
-1.308000e+00 
-1.285000e+00 
-1.261000e+00 
-1.238000e+00 
-1.214000e+00 
-1.191000e+00 
-1.168000e+00 
-1.146000e+00 
-1.125000e+00 
-1.105000e+00 
-1.087000e+00 
-1.070000e+00 
-1.055000e+00 
-1.042000e+00 
-1.031000e+00 
-1.022000e+00 
-1.016000e+00 
-1.011000e+00 
-1.009000e+00 
-1.009000e+00 
-1.011000e+00 
-1.014000e+00 
-1.019000e+00 
-1.025000e+00 
-1.032000e+00 
-1.040000e+00 
-1.047000e+00 
-1.055000e+00 
-1.063000e+00 
-1.070000e+00 
-1.076000e+00 
-1.082000e+00 
-1.087000e+00 
-1.091000e+00 
-1.094000e+00 
-1.096000e+00 
-1.097000e+00 
-1.096000e+00 
-1.095000e+00 
-1.094000e+00 
-1.091000e+00 
-1.087000e+00 
-1.083000e+00 
-1.078000e+00 
-1.072000e+00 
-1.066000e+00 
-1.059000e+00 
-1.052000e+00 
-1.044000e+00 
-1.035000e+00 
-1.026000e+00 
-1.016000e+00 
-1.005000e+00 
-9.940000e-01 
-9.820000e-01 
-9.700000e-01 
-9.560000e-01 
-9.400000e-01 
-9.230000e-01 
-9.050000e-01 
-8.840000e-01 
-8.620000e-01 
-8.380000e-01 
-8.120000e-01 
-7.850000e-01 
-7.560000e-01 
-7.250000e-01 
-6.940000e-01 
-6.620000e-01 
-6.290000e-01 
-5.950000e-01 
-5.610000e-01 
-5.260000e-01 
-4.900000e-01 
-4.540000e-01 
-4.170000e-01 
-3.800000e-01 
-3.430000e-01 
-3.050000e-01 
-2.680000e-01 
-2.300000e-01 
-1.910000e-01 
-1.530000e-01 
-1.130000e-01 
-7.300000e-02 
-3.200000e-02 
1.100000e-02 
5.400000e-02 
9.900000e-02 
1.440000e-01 
1.900000e-01 
2.350000e-01 
2.810000e-01 
3.260000e-01 
3.710000e-01 
4.160000e-01 
4.610000e-01 
5.040000e-01 
5.480000e-01 
5.900000e-01 
6.310000e-01 
6.700000e-01 
7.080000e-01 
7.450000e-01 
7.790000e-01 
8.120000e-01 
8.420000e-01 
8.700000e-01 
8.960000e-01 
9.200000e-01 
9.430000e-01 
9.630000e-01 
9.820000e-01 
9.990000e-01 
1.015000e+00 
1.029000e+00 
1.041000e+00 
1.052000e+00 
1.061000e+00 
1.069000e+00 
1.074000e+00 
1.079000e+00 
1.081000e+00 
1.082000e+00 
1.081000e+00 
1.078000e+00 
1.073000e+00 
1.067000e+00 
1.060000e+00 
1.051000e+00 
1.040000e+00 
1.028000e+00 
1.015000e+00 
1.001000e+00 
9.860000e-01 
9.700000e-01 
9.540000e-01 
9.370000e-01 
9.190000e-01 
9.010000e-01 
8.820000e-01 
8.630000e-01 
8.430000e-01 
8.220000e-01 
8.010000e-01 
7.790000e-01 
7.570000e-01 
7.350000e-01 
7.130000e-01 
6.900000e-01 
6.680000e-01 
6.460000e-01 
6.250000e-01 
6.040000e-01 
5.840000e-01 
5.640000e-01 
5.450000e-01 
5.280000e-01 
5.120000e-01 
4.980000e-01 
4.850000e-01 
4.740000e-01 
4.650000e-01 
4.570000e-01 
4.520000e-01 
4.480000e-01 
4.460000e-01 
4.450000e-01 
4.460000e-01 
4.490000e-01 
4.520000e-01 
4.580000e-01 
4.640000e-01 
4.720000e-01 
4.810000e-01 
4.910000e-01 
5.020000e-01 
5.140000e-01 
5.280000e-01 
5.440000e-01 
5.600000e-01 
5.790000e-01 
5.990000e-01 
6.210000e-01 
6.440000e-01 
6.690000e-01 
6.960000e-01 
7.250000e-01 
7.550000e-01 
7.860000e-01 
8.190000e-01 
8.520000e-01 
8.860000e-01 
9.200000e-01 
9.550000e-01 
9.890000e-01 
1.023000e+00 
1.056000e+00 
1.088000e+00 
1.120000e+00 
1.150000e+00 
1.179000e+00 
1.207000e+00 
1.233000e+00 
1.258000e+00 
1.281000e+00 
1.304000e+00 
1.324000e+00 
1.344000e+00 
1.362000e+00 
1.379000e+00 
1.396000e+00 
1.411000e+00 
1.426000e+00 
1.441000e+00 
1.454000e+00 
1.467000e+00 
1.480000e+00 
1.492000e+00 
1.504000e+00 
1.515000e+00 
1.526000e+00 
1.536000e+00 
1.546000e+00 
1.555000e+00 
1.563000e+00 
1.570000e+00 
1.577000e+00 
1.582000e+00 
1.585000e+00 
1.587000e+00 
1.587000e+00 
1.585000e+00 
1.581000e+00 
1.575000e+00 
1.567000e+00 
1.558000e+00 
1.547000e+00 
1.535000e+00 
1.522000e+00 
1.507000e+00 
1.492000e+00 
1.477000e+00 
1.460000e+00 
1.443000e+00 
1.426000e+00 
1.408000e+00 
1.391000e+00 
1.373000e+00 
1.356000e+00 
1.339000e+00 
1.322000e+00 
1.305000e+00 
1.288000e+00 
1.271000e+00 
1.254000e+00 
1.237000e+00 
1.220000e+00 
1.202000e+00 
1.184000e+00 
1.165000e+00 
1.146000e+00 
1.127000e+00 
1.108000e+00 
1.089000e+00 
1.070000e+00 
1.051000e+00 
1.033000e+00 
1.015000e+00 
9.980000e-01 
9.810000e-01 
9.650000e-01 
9.490000e-01 
9.350000e-01 
9.210000e-01 
9.080000e-01 
8.960000e-01 
8.850000e-01 
8.750000e-01 
8.670000e-01 
8.600000e-01 
8.540000e-01 
8.490000e-01 
8.450000e-01 
8.420000e-01 
8.390000e-01 
8.360000e-01 
8.340000e-01 
8.320000e-01 
8.310000e-01 
8.300000e-01 
8.290000e-01 
8.280000e-01 
8.280000e-01 
8.280000e-01 
8.280000e-01 
8.280000e-01 
8.290000e-01 
8.300000e-01 
8.320000e-01 
8.340000e-01 
8.370000e-01 
8.400000e-01 
8.440000e-01 
8.480000e-01 
8.520000e-01 
8.570000e-01 
8.620000e-01 
8.660000e-01 
8.700000e-01 
8.740000e-01 
8.770000e-01 
8.790000e-01 
8.810000e-01 
8.810000e-01 
8.810000e-01 
8.800000e-01 
8.780000e-01 
8.760000e-01 
8.730000e-01 
8.690000e-01 
8.650000e-01 
8.600000e-01 
8.540000e-01 
8.470000e-01 
8.400000e-01 
8.320000e-01 
8.230000e-01 
8.140000e-01 
8.040000e-01 
7.940000e-01 
7.840000e-01 
7.730000e-01 
7.620000e-01 
7.510000e-01 
7.400000e-01 
7.280000e-01 
7.160000e-01 
7.030000e-01 
6.910000e-01 
6.780000e-01 
6.650000e-01 
6.530000e-01 
6.420000e-01 
6.300000e-01 
6.200000e-01 
6.100000e-01 
6.000000e-01 
5.910000e-01 
5.830000e-01 
5.750000e-01 
5.670000e-01 
5.610000e-01 
5.540000e-01 
5.480000e-01 
5.430000e-01 
5.370000e-01 
5.320000e-01 
5.270000e-01 
5.220000e-01 
5.160000e-01 
5.100000e-01 
5.040000e-01 
4.970000e-01 
4.900000e-01 
4.820000e-01 
4.740000e-01 
4.660000e-01 
4.570000e-01 
4.490000e-01 
4.400000e-01 
4.310000e-01 
4.220000e-01 
4.130000e-01 
4.050000e-01 
3.960000e-01 
3.870000e-01 
3.790000e-01 
3.710000e-01 
3.630000e-01 
3.560000e-01 
3.480000e-01 
3.410000e-01 
3.330000e-01 
3.250000e-01 
3.160000e-01 
3.060000e-01 
2.960000e-01 
2.850000e-01 
2.720000e-01 
2.590000e-01 
2.440000e-01 
2.280000e-01 
2.120000e-01 
1.950000e-01 
1.770000e-01 
1.590000e-01 
1.410000e-01 
1.230000e-01 
1.050000e-01 
8.800000e-02 
7.100000e-02 
5.500000e-02 
3.900000e-02 
2.300000e-02 
9.000000e-03 
-6.000000e-03 
-2.100000e-02 
-3.500000e-02 
-5.000000e-02 
-6.500000e-02 
-8.100000e-02 
-9.700000e-02 
-1.140000e-01 
-1.310000e-01 
-1.490000e-01 
-1.680000e-01 
-1.870000e-01 
-2.060000e-01 
-2.260000e-01 
-2.450000e-01 
-2.640000e-01 
-2.830000e-01 
-3.020000e-01 
-3.200000e-01 
-3.370000e-01 
-3.530000e-01 
-3.680000e-01 
-3.810000e-01 
-3.930000e-01 
-4.030000e-01 
-4.120000e-01 
-4.190000e-01 
-4.250000e-01 
-4.300000e-01 
-4.330000e-01 
-4.360000e-01 
-4.380000e-01 
-4.390000e-01 
-4.400000e-01 
-4.410000e-01 
-4.420000e-01 
-4.440000e-01 
-4.450000e-01 
-4.470000e-01 
-4.490000e-01 
-4.510000e-01 
-4.540000e-01 
-4.570000e-01 
-4.590000e-01 
-4.620000e-01 
-4.630000e-01 
-4.650000e-01 
-4.650000e-01 
-4.650000e-01 
-4.640000e-01 
-4.620000e-01 
-4.600000e-01 
-4.580000e-01 
-4.550000e-01 
-4.520000e-01 
-4.500000e-01 
-4.470000e-01 
-4.440000e-01 
-4.410000e-01 
-4.390000e-01 
-4.370000e-01 
-4.350000e-01 
-4.350000e-01 
-4.360000e-01 
-4.380000e-01 
-4.420000e-01 
-4.470000e-01 
-4.540000e-01 
-4.620000e-01 
-4.720000e-01 
-4.820000e-01 
-4.940000e-01 
-5.070000e-01 
-5.200000e-01 
-5.340000e-01 
-5.480000e-01 
-5.620000e-01 
-5.770000e-01 
-5.910000e-01 
-6.070000e-01 
-6.220000e-01 
-6.380000e-01 
-6.540000e-01 
-6.710000e-01 
-6.880000e-01 
-7.070000e-01 
-7.260000e-01 
-7.460000e-01 
-7.670000e-01 
-7.890000e-01 
-8.120000e-01 
-8.360000e-01 
-8.610000e-01 
-8.870000e-01 
-9.130000e-01 
-9.410000e-01 
-9.680000e-01 
-9.960000e-01 
-1.023000e+00 
-1.051000e+00 
-1.077000e+00 
-1.104000e+00 
-1.130000e+00 
-1.156000e+00 
-1.181000e+00 
-1.205000e+00 
-1.228000e+00 
-1.250000e+00 
-1.272000e+00 
-1.292000e+00 
-1.311000e+00 
-1.329000e+00 
-1.347000e+00 
-1.363000e+00 
-1.378000e+00 
-1.392000e+00 
-1.406000e+00 
-1.419000e+00 
-1.432000e+00 
-1.444000e+00 
-1.457000e+00 
-1.469000e+00 
-1.481000e+00 
-1.492000e+00 
-1.504000e+00 
-1.516000e+00 
-1.527000e+00 
-1.539000e+00 
-1.550000e+00 
-1.561000e+00 
-1.572000e+00 
-1.583000e+00 
-1.594000e+00 
-1.603000e+00 
-1.612000e+00 
-1.620000e+00 
-1.628000e+00 
-1.634000e+00 
-1.639000e+00 
-1.643000e+00 
-1.646000e+00 
-1.649000e+00 
-1.650000e+00 
-1.650000e+00 
-1.649000e+00 
-1.647000e+00 
-1.645000e+00 
-1.642000e+00 
-1.638000e+00 
-1.634000e+00 
-1.629000e+00 
-1.624000e+00 
-1.619000e+00 
-1.614000e+00 
-1.608000e+00 
-1.603000e+00 
-1.597000e+00 
-1.591000e+00 
-1.585000e+00 
-1.579000e+00 
-1.573000e+00 
-1.567000e+00 
-1.562000e+00 
-1.556000e+00 
-1.550000e+00 
-1.544000e+00 
-1.538000e+00 
-1.532000e+00 
-1.526000e+00 
-1.520000e+00 
-1.514000e+00 
-1.508000e+00 
-1.502000e+00 
-1.495000e+00 
-1.488000e+00 
-1.482000e+00 
-1.475000e+00 
-1.468000e+00 
-1.461000e+00 
-1.453000e+00 
-1.446000e+00 
-1.439000e+00 
-1.431000e+00 
-1.424000e+00 
-1.416000e+00 
-1.408000e+00 
-1.401000e+00 
-1.393000e+00 
-1.385000e+00 
-1.377000e+00 
-1.368000e+00 
-1.360000e+00 
-1.351000e+00 
-1.342000e+00 
-1.332000e+00 
-1.322000e+00 
-1.312000e+00 
-1.302000e+00 
-1.291000e+00 
-1.280000e+00 
-1.269000e+00 
-1.258000e+00 
-1.246000e+00 
-1.234000e+00 
-1.222000e+00 
-1.209000e+00 
-1.195000e+00 
-1.181000e+00 
-1.167000e+00 
-1.152000e+00 
-1.136000e+00 
-1.120000e+00 
-1.104000e+00 
-1.087000e+00 
-1.070000e+00 
-1.052000e+00 
-1.034000e+00 
-1.016000e+00 
-9.960000e-01 
-9.770000e-01 
-9.560000e-01 
-9.350000e-01 
-9.130000e-01 
-8.910000e-01 
-8.680000e-01 
-8.450000e-01 
-8.210000e-01 
-7.960000e-01 
-7.710000e-01 
-7.460000e-01 
-7.190000e-01 
-6.930000e-01 
-6.660000e-01 
-6.390000e-01 
-6.110000e-01 
-5.820000e-01 
-5.540000e-01 
-5.250000e-01 
-4.960000e-01 
-4.660000e-01 
-4.360000e-01 
-4.070000e-01 
-3.770000e-01 
-3.470000e-01 
-3.170000e-01 
-2.880000e-01 
-2.590000e-01 
-2.300000e-01 
-2.010000e-01 
-1.720000e-01 
-1.440000e-01 
-1.170000e-01 
-9.000000e-02 
-6.300000e-02 
-3.600000e-02 
-1.100000e-02 
1.400000e-02 
3.900000e-02 
6.300000e-02 
8.600000e-02 
1.080000e-01 
1.300000e-01 
1.510000e-01 
1.710000e-01 
1.900000e-01 
2.090000e-01 
2.270000e-01 
2.430000e-01 
2.590000e-01 
2.750000e-01 
2.890000e-01 
3.030000e-01 
3.160000e-01 
3.290000e-01 
3.420000e-01 
3.540000e-01 
3.670000e-01 
3.790000e-01 
3.910000e-01 
4.040000e-01 
4.170000e-01 
4.300000e-01 
4.430000e-01 
4.560000e-01 
4.700000e-01 
4.840000e-01 
4.980000e-01 
5.120000e-01 
5.270000e-01 
5.420000e-01 
5.570000e-01 
5.720000e-01 
5.880000e-01 
6.040000e-01 
6.200000e-01 
6.360000e-01 
6.520000e-01 
6.680000e-01 
6.830000e-01 
6.990000e-01 
7.150000e-01 
7.310000e-01 
7.480000e-01 
7.640000e-01 
7.800000e-01 
7.960000e-01 
8.130000e-01 
8.290000e-01 
8.450000e-01 
8.620000e-01 
8.780000e-01 
8.940000e-01 
9.100000e-01 
9.260000e-01 
9.420000e-01 
9.570000e-01 
9.730000e-01 
9.880000e-01 
1.004000e+00 
1.020000e+00 
1.036000e+00 
1.051000e+00 
1.067000e+00 
1.083000e+00 
1.098000e+00 
1.114000e+00 
1.129000e+00 
1.145000e+00 
1.161000e+00 
1.178000e+00 
1.194000e+00 
1.212000e+00 
1.229000e+00 
1.246000e+00 
1.263000e+00 
1.280000e+00 
1.296000e+00 
1.313000e+00 
1.328000e+00 
1.344000e+00 
1.359000e+00 
1.374000e+00 
1.389000e+00 
1.404000e+00 
1.420000e+00 
1.436000e+00 
1.452000e+00 
1.469000e+00 
1.487000e+00 
1.504000e+00 
1.523000e+00 
1.541000e+00 
1.560000e+00 
1.579000e+00 
1.598000e+00 
1.617000e+00 
1.636000e+00 
1.655000e+00 
1.674000e+00 
1.693000e+00 
1.711000e+00 
1.729000e+00 
1.747000e+00 
1.765000e+00 
1.782000e+00 
1.799000e+00 
1.816000e+00 
1.831000e+00 
1.846000e+00 
1.861000e+00 
1.874000e+00 
1.887000e+00 
1.899000e+00 
1.910000e+00 
1.920000e+00 
1.929000e+00 
1.937000e+00 
1.945000e+00 
1.951000e+00 
1.957000e+00 
1.962000e+00 
1.966000e+00 
1.970000e+00 
1.973000e+00 
1.975000e+00 
1.977000e+00 
1.978000e+00 
1.978000e+00 
1.977000e+00 
1.975000e+00 
1.973000e+00 
1.970000e+00 
1.965000e+00 
1.960000e+00 
1.954000e+00 
1.947000e+00 
1.939000e+00 
1.929000e+00 
1.919000e+00 
1.908000e+00 
1.895000e+00 
1.882000e+00 
1.867000e+00 
1.852000e+00 
1.835000e+00 
1.817000e+00 
1.798000e+00 
1.778000e+00 
1.756000e+00 
1.734000e+00 
1.712000e+00 
1.688000e+00 
1.663000e+00 
1.637000e+00 
1.610000e+00 
1.582000e+00 
1.553000e+00 
1.523000e+00 
1.493000e+00 
1.462000e+00 
1.429000e+00 
1.396000e+00 
1.363000e+00 
1.329000e+00 
1.294000e+00 
1.258000e+00 
1.223000e+00 
1.186000e+00 
1.149000e+00 
1.112000e+00 
1.074000e+00 
1.037000e+00 
9.980000e-01 
9.600000e-01 
9.210000e-01 
8.820000e-01 
8.420000e-01 
8.030000e-01 
7.630000e-01 
7.230000e-01 
6.830000e-01 
6.420000e-01 
6.010000e-01 
5.610000e-01 
5.200000e-01 
4.800000e-01 
4.400000e-01 
4.000000e-01 
3.610000e-01 
3.220000e-01 
2.840000e-01 
2.470000e-01 
2.100000e-01 
1.740000e-01 
1.380000e-01 
1.040000e-01 
7.000000e-02 
3.700000e-02 
4.000000e-03 
-2.800000e-02 
-5.900000e-02 
-9.000000e-02 
-1.210000e-01 
-1.510000e-01 
-1.820000e-01 
-2.120000e-01 
-2.410000e-01 
-2.710000e-01 
-3.010000e-01 
-3.300000e-01 
-3.600000e-01 
-3.900000e-01 
-4.190000e-01 
-4.490000e-01 
-4.780000e-01 
-5.070000e-01 
-5.350000e-01 
-5.630000e-01 
-5.900000e-01 
-6.160000e-01 
-6.420000e-01 
-6.670000e-01 
-6.920000e-01 
-7.160000e-01 
-7.390000e-01 
-7.610000e-01 
-7.830000e-01 
-8.040000e-01 
-8.240000e-01 
-8.450000e-01 
-8.640000e-01 
-8.830000e-01 
-9.030000e-01 
-9.220000e-01 
-9.400000e-01 
-9.590000e-01 
-9.780000e-01 
-9.960000e-01 
-1.014000e+00 
-1.032000e+00 
-1.050000e+00 
-1.068000e+00 
-1.085000e+00 
-1.102000e+00 
-1.118000e+00 
-1.134000e+00 
-1.149000e+00 
-1.164000e+00 
-1.178000e+00 
-1.191000e+00 
-1.204000e+00 
-1.216000e+00 
-1.227000e+00 
-1.238000e+00 
-1.248000e+00 
-1.258000e+00 
-1.267000e+00 
-1.276000e+00 
-1.284000e+00 
-1.291000e+00 
-1.298000e+00 
-1.304000e+00 
-1.310000e+00 
-1.315000e+00 
-1.319000e+00 
-1.323000e+00 
-1.327000e+00 
-1.330000e+00 
-1.333000e+00 
-1.335000e+00 
-1.337000e+00 
-1.338000e+00 
-1.339000e+00 
-1.339000e+00 
-1.339000e+00 
-1.339000e+00 
-1.339000e+00 
-1.338000e+00 
-1.337000e+00 
-1.336000e+00 
-1.334000e+00 
-1.333000e+00 
-1.332000e+00 
-1.331000e+00 
-1.330000e+00 
-1.329000e+00 
-1.328000e+00 
-1.327000e+00 
-1.327000e+00 
-1.326000e+00 
-1.326000e+00 
-1.325000e+00 
-1.325000e+00 
-1.324000e+00 
-1.323000e+00 
-1.321000e+00 
-1.319000e+00 
-1.317000e+00 
-1.314000e+00 
-1.311000e+00 
-1.307000e+00 
-1.303000e+00 
-1.297000e+00 
-1.292000e+00 
-1.285000e+00 
-1.278000e+00 
-1.270000e+00 
-1.262000e+00 
-1.253000e+00 
-1.242000e+00 
-1.231000e+00 
-1.220000e+00 
-1.207000e+00 
-1.193000e+00 
-1.178000e+00 
-1.162000e+00 
-1.144000e+00 
-1.125000e+00 
-1.105000e+00 
-1.084000e+00 
-1.061000e+00 
-1.036000e+00 
-1.010000e+00 
-9.840000e-01 
-9.560000e-01 
-9.280000e-01 
-8.980000e-01 
-8.690000e-01 
-8.390000e-01 
-8.090000e-01 
-7.790000e-01 
-7.490000e-01 
-7.200000e-01 
-6.910000e-01 
-6.620000e-01 
-6.350000e-01 
-6.070000e-01 
-5.810000e-01 
-5.540000e-01 
-5.290000e-01 
-5.030000e-01 
-4.780000e-01 
-4.540000e-01 
-4.290000e-01 
-4.040000e-01 
-3.790000e-01 
-3.540000e-01 
-3.290000e-01 
-3.030000e-01 
-2.770000e-01 
-2.510000e-01 
-2.240000e-01 
-1.970000e-01 
-1.700000e-01 
-1.420000e-01 
-1.150000e-01 
-8.700000e-02 
-6.000000e-02 
-3.300000e-02 
-6.000000e-03 
2.100000e-02 
4.700000e-02 
7.200000e-02 
9.700000e-02 
1.210000e-01 
1.440000e-01 
1.660000e-01 
1.880000e-01 
2.080000e-01 
2.280000e-01 
2.470000e-01 
2.650000e-01 
2.820000e-01 
2.990000e-01 
3.150000e-01 
3.300000e-01 
3.440000e-01 
3.580000e-01 
3.710000e-01 
3.840000e-01 
3.960000e-01 
4.080000e-01 
4.190000e-01 
4.290000e-01 
4.390000e-01 
4.480000e-01 
4.560000e-01 
4.630000e-01 
4.690000e-01 
4.730000e-01 
4.770000e-01 
4.780000e-01 
4.790000e-01 
4.780000e-01 
4.770000e-01 
4.740000e-01 
4.700000e-01 
4.650000e-01 
4.600000e-01 
4.530000e-01 
4.460000e-01 
4.380000e-01 
4.300000e-01 
4.210000e-01 
4.120000e-01 
4.030000e-01 
3.930000e-01 
3.830000e-01 
3.730000e-01 
3.630000e-01 
3.520000e-01 
3.410000e-01 
3.300000e-01 
3.180000e-01 
3.070000e-01 
2.950000e-01 
2.830000e-01 
2.710000e-01 
2.590000e-01 
2.470000e-01 
2.350000e-01 
2.230000e-01 
2.100000e-01 
1.980000e-01 
1.850000e-01 
1.730000e-01 
1.610000e-01 
1.480000e-01 
1.370000e-01 
1.250000e-01 
1.140000e-01 
1.040000e-01 
9.500000e-02 
8.600000e-02 
7.800000e-02 
7.200000e-02 
6.600000e-02 
6.100000e-02 
5.600000e-02 
