0.010000 0.000010
0.020000 0.000010
0.030000 0.000010
0.040000 0.000010
0.050000 0.000010
0.060000 0.000010
0.070000 0.000010
0.080000 0.000010
0.090000 0.000010
0.100000 0.000010
0.110000 0.000010
0.120000 0.000010
0.130000 0.000010
0.140000 0.000010
0.150000 0.000010
0.160000 0.000010
0.170000 0.000010
0.180000 0.000010
0.190000 0.000010
0.200000 0.000010
0.210000 0.000010
0.220000 0.000010
0.230000 0.000010
0.240000 0.000010
0.250000 0.000010
0.260000 0.000010
0.270000 0.000010
0.280000 0.000010
0.290000 0.000010
0.300000 0.000010
0.310000 0.000010
0.320000 0.000010
0.330000 0.000010
0.340000 0.000010
0.350000 0.000010
0.360000 0.000010
0.370000 0.000010
0.380000 0.000010
0.390000 0.000010
0.400000 0.000010
0.410000 0.000010
0.420000 0.000010
0.430000 0.000010
0.440000 0.000010
0.450000 0.000010
0.460000 0.000010
0.470000 0.000010
0.480000 0.000010
0.490000 0.000010
0.500000 0.000010
0.510000 0.000010
0.520000 0.000010
0.530000 0.000010
0.540000 0.000010
0.550000 0.000010
0.560000 0.000010
0.570000 0.000010
0.580000 0.000010
0.590000 0.000010
0.600000 0.000010
0.610000 0.000010
0.620000 0.000010
0.630000 0.000010
0.640000 0.000010
0.650000 0.000010
0.660000 0.000010
0.670000 0.000010
0.680000 0.000010
0.690000 0.000010
0.700000 0.000010
0.710000 0.000010
0.720000 0.000010
0.730000 0.000010
0.740000 0.000010
0.750000 0.000010
0.760000 0.000010
0.770000 0.000010
0.780000 0.000010
0.790000 0.000010
0.800000 0.000010
0.810000 0.000010
0.820000 0.000010
0.830000 0.000010
0.840000 0.000010
0.850000 0.000010
0.860000 0.000010
0.870000 0.000010
0.880000 0.000010
0.890000 0.000010
0.900000 0.000010
0.910000 0.000010
0.920000 0.000010
0.930000 0.000010
0.940000 0.000010
0.950000 0.000010
0.960000 0.000010
0.970000 0.000010
0.980000 0.000010
0.990000 0.000010
1.000000 0.000010
1.010000 0.000010
1.020000 0.000010
1.030000 0.000010
1.040000 0.000010
1.050000 0.000010
1.060000 0.000010
1.070000 0.000010
1.080000 0.000010
1.090000 0.000010
1.100000 0.000010
1.110000 0.000010
1.120000 0.000010
1.130000 0.000010
1.140000 0.000010
1.150000 0.000010
1.160000 0.000010
1.170000 0.000010
1.180000 0.000010
1.190000 0.000010
1.200000 0.000010
1.210000 0.000010
1.220000 0.000010
1.230000 0.000010
1.240000 0.000010
1.250000 0.000010
1.260000 0.000010
1.270000 0.000010
1.280000 0.000010
1.290000 0.000010
1.300000 0.000010
1.310000 0.000010
1.320000 0.000010
1.330000 0.000010
1.340000 0.000010
1.350000 0.000010
1.360000 0.000010
1.370000 0.000010
1.380000 0.000010
1.390000 0.000010
1.400000 0.000010
1.410000 0.000010
1.420000 0.000010
1.430000 0.000010
1.440000 0.000010
1.450000 0.000010
1.460000 0.000010
1.470000 0.000010
1.480000 0.000010
1.490000 0.000010
1.500000 0.000010
1.510000 0.000010
1.520000 0.000010
1.530000 0.000010
1.540000 0.000010
1.550000 0.000010
1.560000 0.000010
1.570000 0.000010
1.580000 0.000010
1.590000 0.000010
1.600000 0.000010
1.610000 0.000010
1.620000 0.000010
1.630000 0.000010
1.640000 0.000010
1.650000 0.000010
1.660000 0.000010
1.670000 0.000010
1.680000 0.000010
1.690000 0.000010
1.700000 0.000010
1.710000 0.000010
1.720000 0.000010
1.730000 0.000010
1.740000 0.000010
1.750000 0.000010
1.760000 0.000010
1.770000 0.000010
1.780000 0.000010
1.790000 0.000010
1.800000 0.000010
1.810000 0.000010
1.820000 0.000010
1.830000 0.000010
1.840000 0.000010
1.850000 0.000010
1.860000 0.000010
1.870000 0.000010
1.880000 0.000010
1.890000 0.000010
1.900000 0.000010
1.910000 0.000010
1.920000 0.000010
1.930000 0.000010
1.940000 0.000010
1.950000 0.000010
1.960000 0.000010
1.970000 0.000010
1.980000 0.000010
1.990000 0.000010
2.000000 0.000010
2.010000 0.000010
2.020000 0.000010
2.030000 0.000010
2.040000 0.000010
2.050000 0.000010
2.060000 0.000010
2.070000 0.000010
2.080000 0.000010
2.090000 0.000010
2.100000 0.000010
2.110000 0.000010
2.120000 0.000010
2.130000 0.000010
2.140000 0.000010
2.150000 0.000010
2.160000 0.000010
2.170000 0.000010
2.180000 0.000010
2.190000 0.000010
2.200000 0.000010
2.210000 0.000010
2.220000 0.000010
2.230000 0.000010
2.240000 0.000010
2.250000 0.000010
2.260000 0.000010
2.270000 0.000010
2.280000 0.000010
2.290000 0.000010
2.300000 0.000010
2.310000 0.000010
2.320000 0.000010
2.330000 0.000010
2.340000 0.000010
2.350000 0.000010
2.360000 0.000010
2.370000 0.000010
2.380000 0.000010
2.390000 0.000010
2.400000 0.000010
2.410000 0.000010
2.420000 0.000010
2.430000 0.000010
2.440000 0.000010
2.450000 0.000010
2.460000 0.000010
2.470000 0.000010
2.480000 0.000010
2.490000 0.000010
2.500000 0.000010
2.510000 0.000010
2.520000 0.000010
2.530000 0.000010
2.540000 0.000010
2.550000 0.000010
2.560000 0.000010
2.570000 0.000010
2.580000 0.000010
2.590000 0.000010
2.600000 0.000010
2.610000 0.000010
2.620000 0.000010
2.630000 0.000010
2.640000 0.000010
2.650000 0.000010
2.660000 0.000010
2.670000 0.000010
2.680000 0.000010
2.690000 0.000010
2.700000 0.000010
2.710000 0.000010
2.720000 0.000010
2.730000 0.000010
2.740000 0.000010
2.750000 0.000010
2.760000 0.000010
2.770000 0.000010
2.780000 0.000010
2.790000 0.000010
2.800000 0.000010
2.810000 0.000010
2.820000 0.000010
2.830000 0.000010
2.840000 0.000010
2.850000 0.000010
2.860000 0.000010
2.870000 0.000010
2.880000 0.000010
2.890000 0.000010
2.900000 0.000010
2.910000 0.000010
2.920000 0.000010
2.930000 0.000010
2.940000 0.000010
2.950000 0.000010
2.960000 0.000010
2.970000 0.000010
2.980000 0.000010
2.990000 0.000010
3.000000 0.000010
3.010000 0.000010
3.020000 0.000010
3.030000 0.000010
3.040000 0.000010
3.050000 0.000010
3.060000 0.000010
3.070000 0.000010
3.080000 0.000010
3.090000 0.000010
3.100000 0.000010
3.110000 0.000010
3.120000 0.000010
3.130000 0.000010
3.140000 0.000010
3.150000 0.000010
3.160000 0.000010
3.170000 0.000010
3.180000 0.000010
3.190000 0.000010
3.200000 0.000010
3.210000 0.000010
3.220000 0.000010
3.230000 0.000010
3.240000 0.000010
3.250000 0.000010
3.260000 0.000010
3.270000 0.000010
3.280000 0.000010
3.290000 0.000010
3.300000 0.000010
3.310000 0.000010
3.320000 0.000010
3.330000 0.000010
3.340000 0.000010
3.350000 0.000010
3.360000 0.000010
3.370000 0.000010
3.380000 0.000010
3.390000 0.000010
3.400000 0.000010
3.410000 0.000010
3.420000 0.000010
3.430000 0.000010
3.440000 0.000010
3.450000 0.000010
3.460000 0.000010
3.470000 0.000010
3.480000 0.000010
3.490000 0.000010
3.500000 0.000010
3.510000 0.000010
3.520000 0.000010
3.530000 0.000010
3.540000 0.000010
3.550000 0.000010
3.560000 0.000010
3.570000 0.000010
3.580000 0.000010
3.590000 0.000010
3.600000 0.000010
3.610000 0.000010
3.620000 0.000010
3.630000 0.000010
3.640000 0.000010
3.650000 0.000010
3.660000 0.000010
3.670000 0.000010
3.680000 0.000010
3.690000 0.000010
3.700000 0.000010
3.710000 0.000010
3.720000 0.000010
3.730000 0.000010
3.740000 0.000010
3.750000 0.000010
3.760000 0.000010
3.770000 0.000010
3.780000 0.000010
3.790000 0.000010
3.800000 0.000010
3.810000 0.000010
3.820000 0.000010
3.830000 0.000010
3.840000 0.000010
3.850000 0.000010
3.860000 0.000010
3.870000 0.000010
3.880000 0.000010
3.890000 0.000010
3.900000 0.000010
3.910000 0.000010
3.920000 0.000010
3.930000 0.000010
3.940000 0.000010
3.950000 0.000010
3.960000 0.000010
3.970000 0.000010
3.980000 0.000010
3.990000 0.000010
4.000000 0.000010
4.010000 0.000010
4.020000 0.000010
4.030000 0.000010
4.040000 0.000010
4.050000 0.000010
4.060000 0.000010
4.070000 0.000010
4.080000 0.000010
4.090000 0.000010
4.100000 0.000010
4.110000 0.000010
4.120000 0.000010
4.130000 0.000010
4.140000 0.000010
4.150000 0.000010
4.160000 0.000010
4.170000 0.000010
4.180000 0.000010
4.190000 0.000010
4.200000 0.000010
4.210000 0.000010
4.220000 0.000010
4.230000 0.000010
4.240000 0.000010
4.250000 0.000010
4.260000 0.000010
4.270000 0.000010
4.280000 0.000010
4.290000 0.000010
4.300000 0.000010
4.310000 0.000010
4.320000 0.000010
4.330000 0.000010
4.340000 0.000010
4.350000 0.000010
4.360000 0.000010
4.370000 0.000010
4.380000 0.000010
4.390000 0.000010
4.400000 0.000010
4.410000 0.000010
4.420000 0.000010
4.430000 0.000010
4.440000 0.000010
4.450000 0.000010
4.460000 0.000010
4.470000 0.000010
4.480000 0.000010
4.490000 0.000010
4.500000 0.000010
4.510000 0.000010
4.520000 0.000010
4.530000 0.000010
4.540000 0.000010
4.550000 0.000010
4.560000 0.000010
4.570000 0.000010
4.580000 0.000010
4.590000 0.000010
4.600000 0.000010
4.610000 0.000010
4.620000 0.000010
4.630000 0.000010
4.640000 0.000010
4.650000 0.000010
4.660000 0.000010
4.670000 0.000010
4.680000 0.000010
4.690000 0.000010
4.700000 0.000010
4.710000 0.000010
4.720000 0.000010
4.730000 0.000010
4.740000 0.000010
4.750000 0.000010
4.760000 0.000010
4.770000 0.000010
4.780000 0.000010
4.790000 0.000010
4.800000 0.000010
4.810000 0.000010
4.820000 0.000010
4.830000 0.000010
4.840000 0.000010
4.850000 0.000010
4.860000 0.000010
4.870000 0.000010
4.880000 0.000010
4.890000 0.000010
4.900000 0.000010
4.910000 0.000010
4.920000 0.000010
4.930000 0.000010
4.940000 0.000010
4.950000 0.000010
4.960000 0.000010
4.970000 0.000010
4.980000 0.000010
4.990000 0.000010
5.000000 0.000010
5.010000 0.000010
5.020000 0.000010
5.030000 0.000010
5.040000 0.000010
5.050000 0.000010
5.060000 0.000010
5.070000 0.000010
5.080000 0.000010
5.090000 0.000010
5.100000 0.000010
5.110000 0.000010
5.120000 0.000010
5.130000 0.000010
5.140000 0.000010
5.150000 0.000010
5.160000 0.000010
5.170000 0.000010
5.180000 0.000010
5.190000 0.000010
5.200000 0.000010
5.210000 0.000010
5.220000 0.000010
5.230000 0.000010
5.240000 0.000010
5.250000 0.000010
5.260000 0.000010
5.270000 0.000010
5.280000 0.000010
5.290000 0.000010
5.300000 0.000010
5.310000 0.000010
5.320000 0.000010
5.330000 0.000010
5.340000 0.000010
5.350000 0.000010
5.360000 0.000010
5.370000 0.000010
5.380000 0.000010
5.390000 0.000010
5.400000 0.000010
5.410000 0.000010
5.420000 0.000010
5.430000 0.000010
5.440000 0.000010
5.450000 0.000010
5.460000 0.000010
5.470000 0.000010
5.480000 0.000010
5.490000 0.000010
5.500000 0.000010
5.510000 0.000010
5.520000 0.000010
5.530000 0.000010
5.540000 0.000010
5.550000 0.000010
5.560000 0.000010
5.570000 0.000010
5.580000 0.000010
5.590000 0.000010
5.600000 0.000010
5.610000 0.000010
5.620000 0.000010
5.630000 0.000010
5.640000 0.000010
5.650000 0.000010
5.660000 0.000010
5.670000 0.000010
5.680000 0.000010
5.690000 0.000010
5.700000 0.000010
5.710000 0.000010
5.720000 0.000010
5.730000 0.000010
5.740000 0.000010
5.750000 0.000010
5.760000 0.000010
5.770000 0.000010
5.780000 0.000010
5.790000 0.000010
5.800000 0.000010
5.810000 0.000010
5.820000 0.000010
5.830000 0.000010
5.840000 0.000010
5.850000 0.000010
5.860000 0.000010
5.870000 0.000010
5.880000 0.000010
5.890000 0.000010
5.900000 0.000010
5.910000 0.000010
5.920000 0.000010
5.930000 0.000010
5.940000 0.000010
5.950000 0.000010
5.960000 0.000010
5.970000 0.000010
5.980000 0.000010
5.990000 0.000010
6.000000 0.000010
6.010000 0.000010
6.020000 0.000010
6.030000 0.000010
6.040000 0.000010
6.050000 0.000010
6.060000 0.000010
6.070000 0.000010
6.080000 0.000010
6.090000 0.000010
6.100000 0.000010
6.110000 0.000010
6.120000 0.000010
6.130000 0.000010
6.140000 0.000010
6.150000 0.000010
6.160000 0.000010
6.170000 0.000010
6.180000 0.000010
6.190000 0.000010
6.200000 0.000010
6.210000 0.000010
6.220000 0.000010
6.230000 0.000010
6.240000 0.000010
6.250000 0.000010
6.260000 0.000010
6.270000 0.000010
6.280000 0.000010
6.290000 0.000010
6.300000 0.000010
6.310000 0.000010
6.320000 0.000010
6.330000 0.000010
6.340000 0.000010
6.350000 0.000010
6.360000 0.000010
6.370000 0.000010
6.380000 0.000010
6.390000 0.000010
6.400000 0.000010
6.410000 0.000010
6.420000 0.000010
6.430000 0.000010
6.440000 0.000010
6.450000 0.000010
6.460000 0.000010
6.470000 0.000010
6.480000 0.000010
6.490000 0.000010
6.500000 0.000010
6.510000 0.000010
6.520000 0.000010
6.530000 0.000010
6.540000 0.000010
6.550000 0.000010
6.560000 0.000010
6.570000 0.000010
6.580000 0.000010
6.590000 0.000010
6.600000 0.000010
6.610000 0.000010
6.620000 0.000010
6.630000 0.000010
6.640000 0.000010
6.650000 0.000010
6.660000 0.000010
6.670000 0.000010
6.680000 0.000010
6.690000 0.000010
6.700000 0.000010
6.710000 0.000010
6.720000 0.000010
6.730000 0.000010
6.740000 0.000010
6.750000 0.000010
6.760000 0.000010
6.770000 0.000010
6.780000 0.000010
6.790000 0.000010
6.800000 0.000010
6.810000 0.000010
6.820000 0.000010
6.830000 0.000010
6.840000 0.000010
6.850000 0.000010
6.860000 0.000010
6.870000 0.000010
6.880000 0.000010
6.890000 0.000010
6.900000 0.000010
6.910000 0.000010
6.920000 0.000010
6.930000 0.000010
6.940000 0.000010
6.950000 0.000010
6.960000 0.000010
6.970000 0.000010
6.980000 0.000010
6.990000 0.000010
7.000000 0.000010
7.010000 0.000010
7.020000 0.000010
7.030000 0.000010
7.040000 0.000010
7.050000 0.000010
7.060000 0.000010
7.070000 0.000010
7.080000 0.000010
7.090000 0.000010
7.100000 0.000010
7.110000 0.000010
7.120000 0.000010
7.130000 0.000010
7.140000 0.000010
7.150000 0.000010
7.160000 0.000010
7.170000 0.000010
7.180000 0.000010
7.190000 0.000010
7.200000 0.000010
7.210000 0.000010
7.220000 0.000010
7.230000 0.000010
7.240000 0.000010
7.250000 0.000010
7.260000 0.000010
7.270000 0.000010
7.280000 0.000010
7.290000 0.000010
7.300000 0.000010
7.310000 0.000010
7.320000 0.000010
7.330000 0.000010
7.340000 0.000010
7.350000 0.000010
7.360000 0.000010
7.370000 0.000010
7.380000 0.000010
7.390000 0.000010
7.400000 0.000010
7.410000 0.000010
7.420000 0.000010
7.430000 0.000010
7.440000 0.000010
7.450000 0.000010
7.460000 0.000010
7.470000 0.000010
7.480000 0.000010
7.490000 0.000010
7.500000 0.000010
7.510000 0.000010
7.520000 0.000010
7.530000 0.000010
7.540000 0.000010
7.550000 0.000010
7.560000 0.000010
7.570000 0.000010
7.580000 0.000010
7.590000 0.000010
7.600000 0.000010
7.610000 0.000010
7.620000 0.000010
7.630000 0.000010
7.640000 0.000010
7.650000 0.000010
7.660000 0.000010
7.670000 0.000010
7.680000 0.000010
7.690000 0.000010
7.700000 0.000010
7.710000 0.000010
7.720000 0.000010
7.730000 0.000010
7.740000 0.000010
7.750000 0.000010
7.760000 0.000010
7.770000 0.000010
7.780000 0.000010
7.790000 0.000010
7.800000 0.000010
7.810000 0.000010
7.820000 0.000010
7.830000 0.000010
7.840000 0.000010
7.850000 0.000010
7.860000 0.000010
7.870000 0.000010
7.880000 0.000010
7.890000 0.000010
7.900000 0.000010
7.910000 0.000010
7.920000 0.000010
7.930000 0.000010
7.940000 0.000010
7.950000 0.000010
7.960000 0.000010
7.970000 0.000010
7.980000 0.000010
7.990000 0.000010
8.000000 0.000010
8.010000 0.000010
8.020000 0.000010
8.030000 0.000010
8.040000 0.000010
8.050000 0.000010
8.060000 0.000010
8.070000 0.000010
8.080000 0.000010
8.090000 0.000010
8.100000 0.000010
8.110000 0.000010
8.120000 0.000010
8.130000 0.000010
8.140000 0.000010
8.150000 0.000010
8.160000 0.000010
8.170000 0.000010
8.180000 0.000010
8.190000 0.000010
8.200000 0.000010
8.210000 0.000010
8.220000 0.000010
8.230000 0.000010
8.240000 0.000010
8.250000 0.000010
8.260000 0.000010
8.270000 0.000010
8.280000 0.000010
8.290000 0.000010
8.300000 0.000010
8.310000 0.000010
8.320000 0.000010
8.330000 0.000010
8.340000 0.000010
8.350000 0.000010
8.360000 0.000010
8.370000 0.000010
8.380000 0.000010
8.390000 0.000010
8.400000 0.000010
8.410000 0.000010
8.420000 0.000010
8.430000 0.000010
8.440000 0.000010
8.450000 0.000010
8.460000 0.000010
8.470000 0.000010
8.480000 0.000010
8.490000 0.000010
8.500000 0.000010
8.510000 0.000010
8.520000 0.000010
8.530000 0.000010
8.540000 0.000010
8.550000 0.000010
8.560000 0.000010
8.570000 0.000010
8.580000 0.000010
8.590000 0.000010
8.600000 0.000010
8.610000 0.000010
8.620000 0.000010
8.630000 0.000010
8.640000 0.000010
8.650000 0.000010
8.660000 0.000010
8.670000 0.000010
8.680000 0.000010
8.690000 0.000010
8.700000 0.000010
8.710000 0.000010
8.720000 0.000010
8.730000 0.000010
8.740000 0.000010
8.750000 0.000010
8.760000 0.000010
8.770000 0.000010
8.780000 0.000010
8.790000 0.000010
8.800000 0.000010
8.810000 0.000010
8.820000 0.000010
8.830000 0.000010
8.840000 0.000010
8.850000 0.000010
8.860000 0.000010
8.870000 0.000010
8.880000 0.000010
8.890000 0.000010
8.900000 0.000010
8.910000 0.000010
8.920000 0.000010
8.930000 0.000010
8.940000 0.000010
8.950000 0.000010
8.960000 0.000010
8.970000 0.000010
8.980000 0.000010
8.990000 0.000010
9.000000 0.000010
9.010000 0.000010
9.020000 0.000010
9.030000 0.000010
9.040000 0.000010
9.050000 0.000010
9.060000 0.000010
9.070000 0.000010
9.080000 0.000010
9.090000 0.000010
9.100000 0.000010
9.110000 0.000010
9.120000 0.000010
9.130000 0.000010
9.140000 0.000010
9.150000 0.000010
9.160000 0.000010
9.170000 0.000010
9.180000 0.000010
9.190000 0.000010
9.200000 0.000010
9.210000 0.000010
9.220000 0.000010
9.230000 0.000010
9.240000 0.000010
9.250000 0.000010
9.260000 0.000010
9.270000 0.000010
9.280000 0.000010
9.290000 0.000010
9.300000 0.000010
9.310000 0.000010
9.320000 0.000010
9.330000 0.000010
9.340000 0.000010
9.350000 0.000010
9.360000 0.000010
9.370000 0.000010
9.380000 0.000010
9.390000 0.000010
9.400000 0.000010
9.410000 0.000010
9.420000 0.000010
9.430000 0.000010
9.440000 0.000010
9.450000 0.000010
9.460000 0.000010
9.470000 0.000010
9.480000 0.000010
9.490000 0.000010
9.500000 0.000010
9.510000 0.000010
9.520000 0.000010
9.530000 0.000010
9.540000 0.000010
9.550000 0.000010
9.560000 0.000010
9.570000 0.000010
9.580000 0.000010
9.590000 0.000010
9.600000 0.000010
9.610000 0.000010
9.620000 0.000010
9.630000 0.000010
9.640000 0.000010
9.650000 0.000010
9.660000 0.000010
9.670000 0.000010
9.680000 0.000010
9.690000 0.000010
9.700000 0.000010
9.710000 0.000010
9.720000 0.000010
9.730000 0.000010
9.740000 0.000010
9.750000 0.000010
9.760000 0.000010
9.770000 0.000010
9.780000 0.000010
9.790000 0.000010
9.800000 0.000010
9.810000 0.000010
9.820000 0.000010
9.830000 0.000010
9.840000 0.000010
9.850000 0.000010
9.860000 0.000010
9.870000 0.000010
9.880000 0.000010
9.890000 0.000010
9.900000 0.000010
9.910000 0.000010
9.920000 0.000010
9.930000 0.000010
9.940000 0.000010
9.950000 0.000010
9.960000 0.000010
9.970000 0.000010
9.980000 0.000010
9.990000 0.000010
10.000000 0.000010
10.010000 0.000010
10.020000 0.000010
10.030000 0.000010
10.040000 0.000010
10.050000 0.000010
10.060000 0.000010
10.070000 0.000010
10.080000 0.000010
10.090000 0.000010
10.100000 0.000010
10.110000 0.000010
10.120000 0.000010
10.130000 0.000010
10.140000 0.000010
10.150000 0.000010
10.160000 0.000010
10.170000 0.000010
10.180000 0.000010
10.190000 0.000010
10.200000 0.000010
10.210000 0.000010
10.220000 0.000010
10.230000 0.000010
10.240000 0.000010
10.250000 0.000010
10.260000 0.000010
10.270000 0.000010
10.280000 0.000010
10.290000 0.000010
10.300000 0.000010
10.310000 0.000010
10.320000 0.000010
10.330000 0.000010
10.340000 0.000010
10.350000 0.000010
10.360000 0.000010
10.370000 0.000010
10.380000 0.000010
10.390000 0.000010
10.400000 0.000010
10.410000 0.000010
10.420000 0.000010
10.430000 0.000010
10.440000 0.000010
10.450000 0.000010
10.460000 0.000010
10.470000 0.000010
10.480000 0.000010
10.490000 0.000010
10.500000 0.000010
10.510000 0.000010
10.520000 0.000010
10.530000 0.000010
10.540000 0.000010
10.550000 0.000010
10.560000 0.000010
10.570000 0.000010
10.580000 0.000010
10.590000 0.000010
10.600000 0.000010
10.610000 0.000010
10.620000 0.000010
10.630000 0.000010
10.640000 0.000010
10.650000 0.000010
10.660000 0.000010
10.670000 0.000010
10.680000 0.000010
10.690000 0.000010
10.700000 0.000010
10.710000 0.000010
10.720000 0.000010
10.730000 0.000010
10.740000 0.000010
10.750000 0.000010
10.760000 0.000010
10.770000 0.000010
10.780000 0.000010
10.790000 0.000010
10.800000 0.000010
10.810000 0.000010
10.820000 0.000010
10.830000 0.000010
10.840000 0.000010
10.850000 0.000010
10.860000 0.000010
10.870000 0.000010
10.880000 0.000010
10.890000 0.000010
10.900000 0.000010
10.910000 0.000010
10.920000 0.000010
10.930000 0.000010
10.940000 0.000010
10.950000 0.000010
10.960000 0.000010
10.970000 0.000010
10.980000 0.000010
10.990000 0.000010
11.000000 0.000010
11.010000 0.000010
11.020000 0.000010
11.030000 0.000010
11.040000 0.000010
11.050000 0.000010
11.060000 0.000010
11.070000 0.000010
11.080000 0.000010
11.090000 0.000010
11.100000 0.000010
11.110000 0.000010
11.120000 0.000010
11.130000 0.000010
11.140000 0.000010
11.150000 0.000010
11.160000 0.000010
11.170000 0.000010
11.180000 0.000010
11.190000 0.000010
11.200000 0.000010
11.210000 0.000010
11.220000 0.000010
11.230000 0.000010
11.240000 0.000010
11.250000 0.000010
11.260000 0.000010
11.270000 0.000010
11.280000 0.000010
11.290000 0.000010
11.300000 0.000010
11.310000 0.000010
11.320000 0.000010
11.330000 0.000010
11.340000 0.000010
11.350000 0.000010
11.360000 0.000010
11.370000 0.000010
11.380000 0.000010
11.390000 0.000010
11.400000 0.000010
11.410000 0.000010
11.420000 0.000010
11.430000 0.000010
11.440000 0.000010
11.450000 0.000010
11.460000 0.000010
11.470000 0.000010
11.480000 0.000010
11.490000 0.000010
11.500000 0.000010
11.510000 0.000010
11.520000 0.000010
11.530000 0.000010
11.540000 0.000010
11.550000 0.000010
11.560000 0.000010
11.570000 0.000010
11.580000 0.000010
11.590000 0.000010
11.600000 0.000010
11.610000 0.000010
11.620000 0.000010
11.630000 0.000010
11.640000 0.000010
11.650000 0.000010
11.660000 0.000010
11.670000 0.000010
11.680000 0.000010
11.690000 0.000010
11.700000 0.000010
11.710000 0.000010
11.720000 0.000010
11.730000 0.000010
11.740000 0.000010
11.750000 0.000010
11.760000 0.000010
11.770000 0.000010
11.780000 0.000010
11.790000 0.000010
11.800000 0.000010
11.810000 0.000010
11.820000 0.000010
11.830000 0.000010
11.840000 0.000010
11.850000 0.000010
11.860000 0.000010
11.870000 0.000010
11.880000 0.000010
11.890000 0.000010
11.900000 0.000010
11.910000 0.000010
11.920000 0.000010
11.930000 0.000010
11.940000 0.000010
11.950000 0.000010
11.960000 0.000010
11.970000 0.000010
11.980000 0.000010
11.990000 0.000010
12.000000 0.000010
12.010000 0.000010
12.020000 0.000010
12.030000 0.000010
12.040000 0.000010
12.050000 0.000010
12.060000 0.000010
12.070000 0.000010
12.080000 0.000010
12.090000 0.000010
12.100000 0.000010
12.110000 0.000010
12.120000 0.000010
12.130000 0.000010
12.140000 0.000010
12.150000 0.000010
12.160000 0.000010
12.170000 0.000010
12.180000 0.000010
12.190000 0.000010
12.200000 0.000010
12.210000 0.000010
12.220000 0.000010
12.230000 0.000010
12.240000 0.000010
12.250000 0.000010
12.260000 0.000010
12.270000 0.000010
12.280000 0.000010
12.290000 0.000010
12.300000 0.000010
12.310000 0.000010
12.320000 0.000010
12.330000 0.000010
12.340000 0.000010
12.350000 0.000010
12.360000 0.000010
12.370000 0.000010
12.380000 0.000010
12.390000 0.000010
12.400000 0.000010
12.410000 0.000010
12.420000 0.000010
12.430000 0.000010
12.440000 0.000010
12.450000 0.000010
12.460000 0.000010
12.470000 0.000010
12.480000 0.000010
12.490000 0.000010
12.500000 0.000010
12.510000 0.000010
12.520000 0.000010
12.530000 0.000010
12.540000 0.000010
12.550000 0.000010
12.560000 0.000010
12.570000 0.000010
12.580000 0.000010
12.590000 0.000010
12.600000 0.000010
12.610000 0.000010
12.620000 0.000010
12.630000 0.000010
12.640000 0.000010
12.650000 0.000010
12.660000 0.000010
12.670000 0.000010
12.680000 0.000010
12.690000 0.000010
12.700000 0.000010
12.710000 0.000010
12.720000 0.000010
12.730000 0.000010
12.740000 0.000010
12.750000 0.000010
12.760000 0.000010
12.770000 0.000010
12.780000 0.000010
12.790000 0.000010
12.800000 0.000010
12.810000 0.000010
12.820000 0.000010
12.830000 0.000010
12.840000 0.000010
12.850000 0.000010
12.860000 0.000010
12.870000 0.000010
12.880000 0.000010
12.890000 0.000010
12.900000 0.000010
12.910000 0.000010
12.920000 0.000010
12.930000 0.000010
12.940000 0.000010
12.950000 0.000010
12.960000 0.000010
12.970000 0.000010
12.980000 0.000010
12.990000 0.000010
13.000000 0.000010
13.010000 0.000010
13.020000 0.000010
13.030000 0.000010
13.040000 0.000010
13.050000 0.000010
13.060000 0.000010
13.070000 0.000010
13.080000 0.000010
13.090000 0.000010
13.100000 0.000010
13.110000 0.000010
13.120000 0.000010
13.130000 0.000010
13.140000 0.000010
13.150000 0.000010
13.160000 0.000010
13.170000 0.000010
13.180000 0.000010
13.190000 0.000010
13.200000 0.000010
13.210000 0.000010
13.220000 0.000010
13.230000 0.000010
13.240000 0.000010
13.250000 0.000010
13.260000 0.000010
13.270000 0.000010
13.280000 0.000010
13.290000 0.000010
13.300000 0.000010
13.310000 0.000010
13.320000 0.000010
13.330000 0.000010
13.340000 0.000010
13.350000 0.000010
13.360000 0.000010
13.370000 0.000010
13.380000 0.000010
13.390000 0.000010
13.400000 0.000010
13.410000 0.000010
13.420000 0.000010
13.430000 0.000010
13.440000 0.000010
13.450000 0.000010
13.460000 0.000010
13.470000 0.000010
13.480000 0.000010
13.490000 0.000010
13.500000 0.000010
13.510000 0.000010
13.520000 0.000010
13.530000 0.000010
13.540000 0.000010
13.550000 0.000010
13.560000 0.000010
13.570000 0.000010
13.580000 0.000010
13.590000 0.000010
13.600000 0.000010
13.610000 0.000010
13.620000 0.000010
13.630000 0.000010
13.640000 0.000010
13.650000 0.000010
13.660000 0.000010
13.670000 0.000010
13.680000 0.000010
13.690000 0.000010
13.700000 0.000010
13.710000 0.000010
13.720000 0.000010
13.730000 0.000010
13.740000 0.000010
13.750000 0.000010
13.760000 0.000010
13.770000 0.000010
13.780000 0.000010
13.790000 0.000010
13.800000 0.000010
13.810000 0.000010
13.820000 0.000010
13.830000 0.000010
13.840000 0.000010
13.850000 0.000010
13.860000 0.000010
13.870000 0.000010
13.880000 0.000010
13.890000 0.000010
13.900000 0.000010
13.910000 0.000010
13.920000 0.000010
13.930000 0.000010
13.940000 0.000010
13.950000 0.000010
13.960000 0.000010
13.970000 0.000010
13.980000 0.000010
13.990000 0.000010
14.000000 0.000010
14.010000 0.000010
14.020000 0.000010
14.030000 0.000010
14.040000 0.000010
14.050000 0.000010
14.060000 0.000010
14.070000 0.000010
14.080000 0.000010
14.090000 0.000010
14.100000 0.000010
14.110000 0.000010
14.120000 0.000010
14.130000 0.000010
14.140000 0.000010
14.150000 0.000010
14.160000 0.000010
14.170000 0.000010
14.180000 0.000010
14.190000 0.000010
14.200000 0.000010
14.210000 0.000010
14.220000 0.000010
14.230000 0.000010
14.240000 0.000010
14.250000 0.000010
14.260000 0.000010
14.270000 0.000010
14.280000 0.000010
14.290000 0.000010
14.300000 0.000010
14.310000 0.000010
14.320000 0.000010
14.330000 0.000010
14.340000 0.000010
14.350000 0.000010
14.360000 0.000010
14.370000 0.000010
14.380000 0.000010
14.390000 0.000010
14.400000 0.000010
14.410000 0.000010
14.420000 0.000010
14.430000 0.000010
14.440000 0.000010
14.450000 0.000010
14.460000 0.000010
14.470000 0.000010
14.480000 0.000010
14.490000 0.000010
14.500000 0.000010
14.510000 0.000010
14.520000 0.000010
14.530000 0.000010
14.540000 0.000010
14.550000 0.000010
14.560000 0.000010
14.570000 0.000010
14.580000 0.000010
14.590000 0.000010
14.600000 0.000010
14.610000 0.000010
14.620000 0.000010
14.630000 0.000010
14.640000 0.000010
14.650000 0.000010
14.660000 0.000010
14.670000 0.000010
14.680000 0.000010
14.690000 0.000010
14.700000 0.000010
14.710000 0.000010
14.720000 0.000010
14.730000 0.000010
14.740000 0.000010
14.750000 0.000010
14.760000 0.000010
14.770000 0.000010
14.780000 0.000010
14.790000 0.000010
14.800000 0.000010
14.810000 0.000010
14.820000 0.000010
14.830000 0.000010
14.840000 0.000010
14.850000 0.000010
14.860000 0.000010
14.870000 0.000010
14.880000 0.000010
14.890000 0.000010
14.900000 0.000010
14.910000 0.000010
14.920000 0.000010
14.930000 0.000010
14.940000 0.000010
14.950000 0.000010
14.960000 0.000010
14.970000 0.000010
14.980000 0.000010
14.990000 0.000010
15.000000 0.000010
