9.806650e+02 
1.000000e-02 
-2.212784e-03 
-5.200553e-04 
1.376617e-03 
2.049630e-03 
1.468391e-03 
7.647872e-04 
5.506468e-04 
5.506468e-04 
4.792666e-04 
6.424212e-04 
1.274645e-03 
1.998644e-03 
2.263770e-03 
2.019038e-03 
1.539771e-03 
9.585332e-04 
2.549291e-04 
-2.549291e-04 
-8.157730e-05 
9.585332e-04 
2.416727e-03 
3.609795e-03 
4.078865e-03 
3.579204e-03 
2.110813e-03 
9.177446e-05 
-1.570363e-03 
-1.978249e-03 
-9.687304e-04 
8.871531e-04 
2.753234e-03 
4.007485e-03 
4.343991e-03 
3.640387e-03 
2.070024e-03 
2.039432e-04 
-1.080899e-03 
-1.152279e-03 
-3.059149e-05 
1.723320e-03 
3.395655e-03 
4.527540e-03 
4.741680e-03 
3.823936e-03 
2.049630e-03 
4.180836e-04 
-6.118297e-05 
7.545900e-04 
2.080221e-03 
3.171317e-03 
3.966696e-03 
4.425568e-03 
4.068668e-03 
2.630868e-03 
9.075474e-04 
2.039432e-04 
8.667588e-04 
2.070024e-03 
2.977571e-03 
3.497627e-03 
3.589401e-03 
2.824614e-03 
1.152279e-03 
-3.161120e-04 
-3.467035e-04 
9.381389e-04 
2.365742e-03 
3.314078e-03 
4.109456e-03 
4.731483e-03 
4.374583e-03 
2.783825e-03 
1.233857e-03 
1.172674e-03 
2.355544e-03 
3.344669e-03 
3.487429e-03 
3.487429e-03 
3.793344e-03 
3.721964e-03 
2.702248e-03 
1.570363e-03 
1.560166e-03 
2.518699e-03 
3.008163e-03 
2.253573e-03 
1.091096e-03 
6.934070e-04 
1.091096e-03 
1.447997e-03 
1.478589e-03 
1.876278e-03 
3.171317e-03 
4.802863e-03 
5.557453e-03 
4.986412e-03 
3.854527e-03 
3.069346e-03 
2.661459e-03 
1.998644e-03 
1.050308e-03 
6.322241e-04 
1.356223e-03 
2.671656e-03 
3.558810e-03 
3.854527e-03 
4.211428e-03 
4.802863e-03 
4.843652e-03 
3.864724e-03 
2.641065e-03 
2.437122e-03 
3.324275e-03 
4.150245e-03 
4.017682e-03 
3.283486e-03 
2.824614e-03 
2.946980e-03 
3.232500e-03 
3.303881e-03 
3.140726e-03 
2.855205e-03 
2.590079e-03 
2.528896e-03 
2.875600e-03 
3.691373e-03 
4.670300e-03 
5.373904e-03 
5.567651e-03 
5.404496e-03 
5.312721e-03 
5.516665e-03 
5.628833e-03 
5.129173e-03 
4.068668e-03 
3.120332e-03 
2.641065e-03 
2.212784e-03 
1.590757e-03 
1.560166e-03 
3.069346e-03 
5.486073e-03 
6.883084e-03 
6.291649e-03 
4.731483e-03 
3.538415e-03 
2.590079e-03 
1.142082e-03 
-3.976893e-04 
-7.138013e-04 
4.588723e-04 
1.876278e-03 
2.559488e-03 
2.865403e-03 
3.426246e-03 
3.885119e-03 
3.548612e-03 
2.539093e-03 
1.580560e-03 
1.040111e-03 
9.789276e-04 
1.713123e-03 
3.293683e-03 
4.802863e-03 
5.180158e-03 
4.619314e-03 
4.354188e-03 
4.751878e-03 
4.925229e-03 
4.354188e-03 
3.772950e-03 
3.803541e-03 
3.630190e-03 
2.029235e-03 
-4.792666e-04 
-1.794701e-03 
-5.608439e-04 
2.467713e-03 
5.445285e-03 
7.290971e-03 
8.096547e-03 
8.208716e-03 
7.566294e-03 
5.934748e-03 
3.599598e-03 
1.590757e-03 
1.040111e-03 
2.304559e-03 
4.680497e-03 
7.076831e-03 
8.953108e-03 
1.029913e-02 
1.105372e-02 
1.074781e-02 
8.973503e-03 
6.057114e-03 
3.130529e-03 
1.590757e-03 
2.222981e-03 
4.496948e-03 
6.821901e-03 
7.545900e-03 
6.342635e-03 
4.272611e-03 
2.681854e-03 
1.794701e-03 
7.851815e-04 
-8.055758e-04 
-2.080221e-03 
-1.804898e-03 
-2.243376e-04 
7.341957e-04 
-1.631546e-04 
-1.580560e-03 
-1.091096e-03 
1.529574e-03 
3.721964e-03 
3.436444e-03 
1.835489e-03 
1.590757e-03 
3.161120e-03 
4.415371e-03 
3.905513e-03 
2.865403e-03 
3.171317e-03 
4.619314e-03 
5.343313e-03 
4.476554e-03 
2.967374e-03 
1.855884e-03 
7.545900e-04 
-1.254251e-03 
-3.823936e-03 
-5.251538e-03 
-4.038076e-03 
-2.243376e-04 
4.813061e-03 
9.554741e-03 
1.297079e-02 
1.438820e-02 
1.336848e-02 
1.024815e-02 
6.546578e-03 
3.936105e-03 
2.732839e-03 
1.937461e-03 
9.687304e-04 
5.710411e-04 
1.468391e-03 
2.957177e-03 
3.874922e-03 
4.374583e-03 
5.394299e-03 
6.271255e-03 
4.598920e-03 
-5.506468e-04 
-6.628155e-03 
-9.881050e-03 
-9.350798e-03 
-7.107422e-03 
-4.782469e-03 
-1.682532e-03 
3.201909e-03 
8.341279e-03 
1.041130e-02 
7.494914e-03 
8.463645e-04 
-6.332438e-03 
-1.116589e-02 
-1.225699e-02 
-9.962627e-03 
-5.924551e-03 
-2.080221e-03 
5.608439e-04 
2.161798e-03 
3.232500e-03 
4.058471e-03 
4.966018e-03 
6.312043e-03 
7.688660e-03 
7.841618e-03 
6.108100e-03 
3.630190e-03 
2.161798e-03 
1.764109e-03 
9.789276e-04 
-6.628155e-04 
-1.356223e-03 
7.443928e-04 
4.558131e-03 
6.760718e-03 
5.261736e-03 
1.468391e-03 
-1.397011e-03 
-1.274645e-03 
1.519377e-03 
5.373904e-03 
8.708376e-03 
1.053367e-02 
1.029913e-02 
7.943589e-03 
3.915710e-03 
-1.060505e-03 
-6.108100e-03 
-1.007480e-02 
-1.145141e-02 
-9.065277e-03 
-3.314078e-03 
3.324275e-03 
7.607083e-03 
7.709055e-03 
4.303202e-03 
-3.569007e-04 
-4.027879e-03 
-5.567651e-03 
-5.465679e-03 
-5.832777e-03 
-8.942911e-03 
-1.477569e-02 
-2.011900e-02 
-2.127128e-02 
-1.778385e-02 
-1.259350e-02 
-8.422856e-03 
-5.149567e-03 
-1.519377e-03 
1.825292e-03 
2.579882e-03 
-2.549291e-04 
-4.884441e-03 
-8.402462e-03 
-8.942911e-03 
-6.281452e-03 
-1.713123e-03 
2.416727e-03 
3.803541e-03 
1.917066e-03 
-1.886475e-03 
-5.955143e-03 
-9.564938e-03 
-1.213462e-02 
-1.254251e-02 
-1.038071e-02 
-7.178802e-03 
-5.445285e-03 
-6.261058e-03 
-8.891925e-03 
-1.217541e-02 
-1.532633e-02 
-1.716182e-02 
-1.621349e-02 
-1.217541e-02 
-6.607761e-03 
-1.570363e-03 
1.733518e-03 
2.671656e-03 
6.526184e-04 
-3.895316e-03 
-8.616602e-03 
-1.041130e-02 
-8.045561e-03 
-3.201909e-03 
1.101294e-03 
2.600276e-03 
9.585332e-04 
-2.304559e-03 
-4.721286e-03 
-4.496948e-03 
-1.815095e-03 
1.447997e-03 
3.742359e-03 
5.037398e-03 
5.853171e-03 
5.669622e-03 
3.110134e-03 
-2.437122e-03 
-9.768881e-03 
-1.649901e-02 
-2.037393e-02 
-2.031275e-02 
-1.712104e-02 
-1.332769e-02 
-1.161457e-02 
-1.262409e-02 
-1.467372e-02 
-1.587698e-02 
-1.566284e-02 
-1.365400e-02 
-8.545222e-03 
0 
8.759362e-03 
1.283823e-02 
1.073761e-02 
5.679819e-03 
1.070702e-03 
-3.191712e-03 
-8.463645e-03 
-1.340927e-02 
-1.549969e-02 
-1.549969e-02 
-1.710064e-02 
-2.161798e-02 
-2.593138e-02 
-2.679814e-02 
-2.475871e-02 
-2.186272e-02 
-1.767168e-02 
-1.041130e-02 
-1.468391e-03 
4.405174e-03 
3.915710e-03 
-1.407208e-03 
-7.290971e-03 
-1.048268e-02 
-9.809670e-03 
-5.455482e-03 
1.029913e-03 
6.352832e-03 
7.097225e-03 
2.406530e-03 
-5.353510e-03 
-1.282803e-02 
-1.798779e-02 
-2.009861e-02 
-1.836509e-02 
-1.185930e-02 
-1.366420e-03 
9.452769e-03 
1.568324e-02 
1.430662e-02 
6.026523e-03 
-5.741002e-03 
-1.671315e-02 
-2.319854e-02 
-2.336170e-02 
-1.833450e-02 
-1.169614e-02 
-6.893282e-03 
-4.945624e-03 
-4.476554e-03 
-3.803541e-03 
-2.416727e-03 
-7.749843e-04 
9.585332e-04 
3.915710e-03 
9.687304e-03 
1.744734e-02 
2.221962e-02 
1.834469e-02 
6.414015e-03 
-5.588045e-03 
-1.065603e-02 
-1.069682e-02 
-1.270566e-02 
-1.787563e-02 
-1.980289e-02 
-1.472470e-02 
-8.269898e-03 
-7.800829e-03 
-1.203265e-02 
-1.364380e-02 
-1.062544e-02 
-8.494236e-03 
-1.063564e-02 
-1.255271e-02 
-9.004094e-03 
-2.661459e-03 
-7.749843e-04 
-5.251538e-03 
-1.105372e-02 
-1.424544e-02 
-1.722301e-02 
-2.412649e-02 
-3.425227e-02 
-4.315439e-02 
-4.860987e-02 
-5.230124e-02 
-5.554394e-02 
-5.676760e-02 
-5.456501e-02 
-5.096542e-02 
-4.882401e-02 
-4.718227e-02 
-4.245079e-02 
-3.475193e-02 
-2.952078e-02 
-3.055070e-02 
-3.406872e-02 
-3.326314e-02 
-2.729780e-02 
-2.183212e-02 
-2.062886e-02 
-2.114891e-02 
-2.016999e-02 
-1.957855e-02 
-2.255612e-02 
-2.692051e-02 
-2.747115e-02 
-2.466694e-02 
-2.602316e-02 
-3.658742e-02 
-5.154665e-02 
-6.106061e-02 
-6.107080e-02 
-5.648208e-02 
-5.444265e-02 
-5.699194e-02 
-6.090765e-02 
-6.248821e-02 
-6.076489e-02 
-5.674721e-02 
-5.125094e-02 
-4.409253e-02 
-3.485390e-02 
-2.334130e-02 
-9.595530e-03 
5.373904e-03 
1.890554e-02 
2.838890e-02 
3.502725e-02 
4.426588e-02 
6.002050e-02 
7.890564e-02 
9.263102e-02 
9.637338e-02 
9.253925e-02 
8.559498e-02 
7.587708e-02 
6.036720e-02 
3.759694e-02 
9.197840e-03 
-2.233179e-02 
-5.453442e-02 
-8.382067e-02 
-1.064584e-01 
-1.221212e-01 
-1.349085e-01 
-1.491233e-01 
-1.646434e-01 
-1.774000e-01 
-1.840180e-01 
-1.850479e-01 
-1.839670e-01 
-1.837937e-01 
-1.847114e-01 
-1.838956e-01 
-1.771145e-01 
-1.613191e-01 
-1.372436e-01 
-1.098030e-01 
-8.505453e-02 
-6.561874e-02 
-4.919111e-02 
-3.187633e-02 
-1.224679e-02 
8.596208e-03 
2.909250e-02 
4.665202e-02 
5.564591e-02 
4.962959e-02 
2.709386e-02 
-7.138013e-03 
-4.715168e-02 
-8.950049e-02 
-1.297589e-01 
-1.595754e-01 
-1.721995e-01 
-1.704150e-01 
-1.644700e-01 
-1.617474e-01 
-1.614925e-01 
-1.597793e-01 
-1.550173e-01 
-1.462681e-01 
-1.300852e-01 
-1.029709e-01 
-6.579209e-02 
-2.283145e-02 
2.256632e-02 
6.926932e-02 
1.165434e-01 
1.637562e-01 
2.108467e-01 
2.558264e-01 
2.921895e-01 
3.130427e-01 
3.183248e-01 
3.136545e-01 
2.997048e-01 
2.680222e-01 
2.123967e-01 
1.422402e-01 
7.835499e-02 
3.437463e-02 
6.852493e-03 
-1.483687e-02 
-3.335492e-02 
-4.131890e-02 
-3.150923e-02 
-5.118975e-03 
2.943921e-02 
6.288590e-02 
9.079553e-02 
1.153911e-01 
1.416284e-01 
1.698949e-01 
1.936849e-01 
2.066557e-01 
2.104796e-01 
2.120602e-01 
2.141608e-01 
2.136917e-01 
2.095619e-01 
2.065843e-01 
2.092356e-01 
2.162206e-01 
2.246333e-01 
2.350140e-01 
2.474443e-01 
2.560405e-01 
2.530630e-01 
2.371962e-01 
2.128352e-01 
1.828861e-01 
1.476855e-01 
1.099458e-01 
7.377647e-02 
3.788246e-02 
-3.925907e-03 
-5.289268e-02 
-1.015535e-01 
-1.422606e-01 
-1.744632e-01 
-1.999867e-01 
-2.163838e-01 
-2.202689e-01 
-2.142526e-01 
-2.050955e-01 
-1.963158e-01 
-1.869548e-01 
-1.757481e-01 
-1.617678e-01 
-1.416590e-01 
-1.118629e-01 
-7.439849e-02 
-3.648545e-02 
-3.048951e-03 
2.685933e-02 
5.459561e-02 
7.612182e-02 
8.393284e-02 
7.318503e-02 
4.467377e-02 
3.640387e-03 
-4.280769e-02 
-8.845018e-02 
-1.296977e-01 
-1.647555e-01 
-1.920839e-01 
-2.112444e-01 
-2.245619e-01 
-2.349732e-01 
-2.418155e-01 
-2.414178e-01 
-2.327604e-01 
-2.196877e-01 
-2.059317e-01 
-1.904014e-01 
-1.701091e-01 
-1.460743e-01 
-1.235284e-01 
-1.066215e-01 
-9.456848e-02 
-8.255622e-02 
-6.543519e-02 
-4.120673e-02 
-1.227738e-02 
1.780425e-02 
4.985393e-02 
8.927615e-02 
1.381410e-01 
1.886475e-01 
2.284266e-01 
2.525123e-01 
2.664926e-01 
2.771487e-01 
2.835831e-01 
2.800447e-01 
2.652282e-01 
2.450990e-01 
2.273559e-01 
2.157923e-01 
2.100004e-01 
2.079405e-01 
2.076040e-01 
2.078692e-01 
2.091336e-01 
2.124375e-01 
2.175768e-01 
2.230731e-01 
2.287529e-01 
2.369515e-01 
2.495755e-01 
2.644430e-01 
2.766490e-01 
2.837258e-01 
2.878455e-01 
2.919244e-01 
2.950855e-01 
2.936783e-01 
2.864689e-01 
2.767204e-01 
2.688584e-01 
2.641881e-01 
2.605783e-01 
2.552350e-01 
2.473220e-01 
2.385218e-01 
2.314552e-01 
2.270806e-01 
2.234708e-01 
2.179134e-01 
2.101839e-01 
2.025360e-01 
1.962852e-01 
1.900853e-01 
1.824170e-01 
1.740860e-01 
1.664585e-01 
1.590757e-01 
1.510710e-01 
1.441471e-01 
1.411389e-01 
1.414346e-01 
1.404863e-01 
1.348575e-01 
1.258432e-01 
1.167167e-01 
1.084570e-01 
9.967726e-02 
8.958207e-02 
7.890564e-02 
6.851473e-02 
5.875605e-02 
4.979274e-02 
4.128831e-02 
3.195791e-02 
2.083280e-02 
9.014291e-03 
-1.386814e-03 
-9.993219e-03 
-1.866081e-02 
-2.871521e-02 
-3.900415e-02 
-4.714148e-02 
-5.184237e-02 
-5.346372e-02 
-5.345352e-02 
-5.396338e-02 
-5.718569e-02 
-6.392601e-02 
-7.253241e-02 
-7.985398e-02 
-8.324963e-02 
-8.218913e-02 
-7.844677e-02 
-7.510210e-02 
-7.441889e-02 
-7.624418e-02 
-7.891584e-02 
-8.209735e-02 
-8.788934e-02 
-9.852498e-02 
-1.138615e-01 
-1.319003e-01 
-1.508568e-01 
-1.696910e-01 
-1.869956e-01 
-2.009045e-01 
-2.101431e-01 
-2.145279e-01 
-2.143749e-01 
-2.105000e-01 
-2.050955e-01 
-2.013328e-01 
-2.012920e-01 
-2.046876e-01 
-2.102043e-01 
-2.176380e-01 
-2.278148e-01 
-2.406734e-01 
-2.545823e-01 
-2.679100e-01 
-2.803200e-01 
-2.919855e-01 
-3.023663e-01 
-3.108197e-01 
-3.180903e-01 
-3.257789e-01 
-3.340590e-01 
-3.408809e-01 
-3.441338e-01 
-3.438483e-01 
-3.416661e-01 
-3.388823e-01 
-3.359965e-01 
-3.334472e-01 
-3.313160e-01 
-3.279407e-01 
-3.204050e-01 
-3.075566e-01 
-2.919040e-01 
-2.771895e-01 
-2.641575e-01 
-2.503811e-01 
-2.348406e-01 
-2.212784e-01 
-2.147522e-01 
-2.152417e-01 
-2.167101e-01 
-2.135184e-01 
-2.057379e-01 
-1.968562e-01 
-1.883722e-01 
-1.792967e-01 
-1.695482e-01 
-1.602484e-01 
-1.507345e-01 
-1.388242e-01 
-1.246501e-01 
-1.109655e-01 
-9.853518e-02 
-8.495256e-02 
-6.985056e-02 
-5.693076e-02 
-4.783489e-02 
-3.843310e-02 
-2.572744e-02 
-1.376617e-02 
-6.128494e-03 
3.354866e-03 
2.251533e-02 
4.476554e-02 
5.293347e-02 
4.243039e-02 
2.951059e-02 
2.969414e-02 
3.728082e-02 
3.600618e-02 
2.344328e-02 
1.276685e-02 
1.315434e-02 
2.085320e-02 
3.010202e-02 
4.166560e-02 
5.675740e-02 
7.175743e-02 
8.452428e-02 
9.927957e-02 
1.196331e-01 
1.421586e-01 
1.622368e-01 
1.817542e-01 
2.048610e-01 
2.298440e-01 
2.515640e-01 
2.694804e-01 
2.864179e-01 
3.007449e-01 
3.066491e-01 
3.022643e-01 
2.912513e-01 
2.760882e-01 
2.561629e-01 
2.338311e-01 
2.154456e-01 
2.033212e-01 
1.926142e-01 
1.797352e-01 
1.684775e-01 
1.628997e-01 
1.591981e-01 
1.509792e-01 
1.393442e-01 
1.306970e-01 
1.259350e-01 
1.195617e-01 
1.099050e-01 
1.025427e-01 
1.010539e-01 
1.011151e-01 
9.811709e-02 
9.521090e-02 
9.813749e-02 
1.059587e-01 
1.133313e-01 
1.198778e-01 
1.304625e-01 
1.461763e-01 
1.613599e-01 
1.716284e-01 
1.797250e-01 
1.908399e-01 
2.055952e-01 
2.201975e-01 
2.305782e-01 
2.333519e-01 
2.257346e-01 
2.086951e-01 
1.892287e-01 
1.755339e-01 
1.691403e-01 
1.636339e-01 
1.515298e-01 
1.306664e-01 
1.041130e-01 
7.568334e-02 
4.671320e-02 
1.620329e-02 
-1.694768e-02 
-5.224006e-02 
-8.832782e-02 
-1.248337e-01 
-1.620023e-01 
-1.982634e-01 
-2.301499e-01 
-2.555307e-01 
-2.754253e-01 
-2.914247e-01 
-3.033860e-01 
-3.116151e-01 
-3.191304e-01 
-3.284914e-01 
-3.377708e-01 
-3.432569e-01 
-3.456940e-01 
-3.492222e-01 
-3.538619e-01 
-3.538211e-01 
-3.456736e-01 
-3.338245e-01 
-3.244635e-01 
-3.172031e-01 
-3.071589e-01 
-2.932194e-01 
-2.797387e-01 
-2.700616e-01 
-2.628319e-01 
-2.555919e-01 
-2.483009e-01 
-2.414382e-01 
-2.331377e-01 
-2.210235e-01 
-2.056462e-01 
-1.899935e-01 
-1.761764e-01 
-1.641233e-01 
-1.535183e-01 
-1.452892e-01 
-1.406189e-01 
-1.396705e-01 
-1.419241e-01 
-1.471654e-01 
-1.550275e-01 
-1.638480e-01 
-1.712002e-01 
-1.758603e-01 
-1.784197e-01 
-1.797148e-01 
-1.794599e-01 
-1.771757e-01 
-1.734639e-01 
-1.690689e-01 
-1.630424e-01 
-1.536101e-01 
-1.407718e-01 
-1.265570e-01 
-1.123931e-01 
-9.770921e-02 
-8.186282e-02 
-6.554736e-02 
-4.934407e-02 
-3.242698e-02 
-1.404149e-02 
5.455482e-03 
2.656361e-02 
5.172001e-02 
8.179144e-02 
1.131069e-01 
1.407616e-01 
1.640519e-01 
1.851091e-01 
2.025462e-01 
2.106530e-01 
2.061764e-01 
1.927060e-01 
1.767678e-01 
1.622980e-01 
1.506733e-01 
1.432089e-01 
1.408942e-01 
1.431886e-01 
1.494394e-01 
1.598813e-01 
1.736577e-01 
1.880561e-01 
2.023321e-01 
2.198712e-01 
2.427638e-01 
2.662275e-01 
2.829916e-01 
2.924954e-01 
3.005817e-01 
3.102894e-01 
3.183656e-01 
3.224343e-01 
3.256974e-01 
3.311222e-01 
3.357008e-01 
3.349156e-01 
3.299598e-01 
3.257381e-01 
3.239129e-01 
3.226994e-01 
3.221182e-01 
3.241270e-01 
3.277266e-01 
3.289910e-01 
3.269822e-01 
3.250447e-01 
3.247796e-01 
3.228727e-01 
3.161528e-01 
3.063431e-01 
2.970433e-01 
2.884573e-01 
2.783315e-01 
2.663601e-01 
2.546231e-01 
2.445993e-01 
2.363804e-01 
2.301703e-01 
2.261935e-01 
2.230935e-01 
2.187291e-01 
2.129575e-01 
2.076142e-01 
2.035150e-01 
1.994259e-01 
1.944905e-01 
1.901159e-01 
1.878827e-01 
1.868222e-01 
1.842015e-01 
1.787461e-01 
1.718528e-01 
1.652858e-01 
1.586474e-01 
1.502756e-01 
1.399968e-01 
1.294938e-01 
1.196637e-01 
1.094054e-01 
9.811709e-02 
8.770579e-02 
8.000693e-02 
7.358272e-02 
6.600623e-02 
5.876625e-02 
5.516665e-02 
5.243381e-02 
4.173698e-02 
1.923185e-02 
-7.729449e-03 
-3.026518e-02 
-5.039438e-02 
-7.750863e-02 
-1.137697e-01 
-1.499799e-01 
-1.777467e-01 
-1.994667e-01 
-2.222370e-01 
-2.471384e-01 
-2.704389e-01 
-2.923934e-01 
-3.177538e-01 
-3.475805e-01 
-3.767138e-01 
-4.007995e-01 
-4.206635e-01 
-4.376010e-01 
-4.490116e-01 
-4.526520e-01 
-4.512652e-01 
-4.483896e-01 
-4.419144e-01 
-4.271489e-01 
-4.054494e-01 
-3.838926e-01 
-3.659761e-01 
-3.483045e-01 
-3.286749e-01 
-3.112582e-01 
-2.988584e-01 
-2.849699e-01 
-2.612819e-01 
-2.317203e-01 
-2.109691e-01 
-2.062988e-01 
-2.071350e-01 
-1.975394e-01 
-1.762172e-01 
-1.589330e-01 
-1.613191e-01 
-1.826618e-01 
-2.067169e-01 
-2.160065e-01 
-2.050547e-01 
-1.814381e-01 
-1.550988e-01 
-1.275869e-01 
-9.468065e-02 
-5.939847e-02 
-3.566967e-02 
-3.298782e-02 
-4.150245e-02 
-4.224684e-02 
-3.214146e-02 
-2.802180e-02 
-4.124752e-02 
-5.892940e-02 
-6.037740e-02 
-4.558131e-02 
-3.442562e-02 
-3.938144e-02 
-5.263775e-02 
-6.303886e-02 
-7.233867e-02 
-8.599267e-02 
-9.843321e-02 
-1.006868e-01 
-9.794374e-02 
-1.054896e-01 
-1.260981e-01 
-1.437392e-01 
-1.447079e-01 
-1.351430e-01 
-1.302076e-01 
-1.328180e-01 
-1.323388e-01 
-1.212035e-01 
-1.032157e-01 
-8.523808e-02 
-6.912656e-02 
-5.475876e-02 
-4.476554e-02 
-4.127811e-02 
-4.117614e-02 
-3.907553e-02 
-3.321216e-02 
-2.520738e-02 
-1.569343e-02 
-3.497627e-03 
1.141062e-02 
2.734879e-02 
4.335833e-02 
5.989813e-02 
7.699877e-02 
9.370172e-02 
1.099152e-01 
1.267813e-01 
1.443918e-01 
1.609010e-01 
1.747386e-01 
1.859453e-01 
1.947556e-01 
2.004660e-01 
2.023831e-01 
2.005068e-01 
1.946434e-01 
1.844871e-01 
1.711492e-01 
1.574646e-01 
1.455339e-01 
1.351022e-01 
1.252313e-01 
1.165026e-01 
1.101701e-01 
1.058567e-01 
1.016861e-01 
9.697501e-02 
9.312048e-02 
9.170308e-02 
9.282477e-02 
9.595530e-02 
1.011355e-01 
1.083448e-01 
1.164210e-01 
1.236202e-01 
1.292082e-01 
1.338887e-01 
1.385794e-01 
1.433007e-01 
1.471858e-01 
1.495618e-01 
1.507243e-01 
1.519377e-01 
1.544258e-01 
1.582294e-01 
1.620839e-01 
1.646230e-01 
1.657039e-01 
1.665299e-01 
1.682838e-01 
1.711900e-01 
1.748609e-01 
1.790724e-01 
1.837427e-01 
1.882090e-01 
1.910438e-01 
1.909725e-01 
1.879031e-01 
1.827739e-01 
1.765435e-01 
1.695176e-01 
1.615332e-01 
1.523048e-01 
1.415876e-01 
1.295346e-01 
1.170940e-01 
1.055814e-01 
9.538425e-02 
8.548281e-02 
7.477579e-02 
6.321221e-02 
5.102660e-02 
3.753575e-02 
2.180153e-02 
4.150245e-03 
-1.397011e-02 
-3.161120e-02 
-4.884441e-02 
-6.578189e-02 
-8.241346e-02 
-9.919799e-02 
-1.163292e-01 
-1.323082e-01 
-1.450342e-01 
-1.549663e-01 
-1.649697e-01 
-1.761560e-01 
-1.858025e-01 
-1.914415e-01 
-1.948882e-01 
-1.994667e-01 
-2.046061e-01 
-2.065027e-01 
-2.040758e-01 
-2.008739e-01 
-1.998134e-01 
-1.990894e-01 
-1.949595e-01 
-1.868936e-01 
-1.777263e-01 
-1.697929e-01 
-1.630424e-01 
-1.564755e-01 
-1.498065e-01 
-1.433415e-01 
-1.375495e-01 
-1.326651e-01 
-1.283925e-01 
-1.239669e-01 
-1.188887e-01 
-1.133619e-01 
-1.079472e-01 
-1.032157e-01 
-1.002177e-01 
-1.002891e-01 
-1.034910e-01 
-1.080491e-01 
-1.123829e-01 
-1.172470e-01 
-1.246807e-01 
-1.351532e-01 
-1.470839e-01 
-1.588106e-01 
-1.697827e-01 
-1.797862e-01 
-1.884640e-01 
-1.959895e-01 
-2.030867e-01 
-2.097454e-01 
-2.150581e-01 
-2.186170e-01 
-2.212376e-01 
-2.233077e-01 
-2.234810e-01 
-2.197896e-01 
-2.117237e-01 
-2.002519e-01 
-1.865775e-01 
-1.716284e-01 
-1.564041e-01 
-1.418425e-01 
-1.279948e-01 
-1.145243e-01 
-1.018391e-01 
-9.108105e-02 
-8.252563e-02 
-7.486756e-02 
-6.674043e-02 
-5.818501e-02 
-5.001708e-02 
-4.216527e-02 
-3.375261e-02 
-2.469753e-02 
-1.630526e-02 
-9.575135e-03 
-3.619993e-03 
3.365064e-03 
1.195107e-02 
2.096537e-02 
2.918428e-02 
3.663840e-02 
4.393957e-02 
5.127133e-02 
5.846033e-02 
6.577170e-02 
7.361331e-02 
8.176085e-02 
8.950049e-02 
9.647535e-02 
1.027568e-01 
1.082837e-01 
1.129234e-01 
1.172572e-01 
1.222946e-01 
1.281579e-01 
1.336134e-01 
1.371722e-01 
1.383245e-01 
1.373354e-01 
1.347045e-01 
1.313496e-01 
1.289839e-01 
1.290553e-01 
1.314516e-01 
1.349085e-01 
1.389159e-01 
1.445142e-01 
1.528555e-01 
1.634911e-01 
1.747386e-01 
1.852518e-01 
1.948066e-01 
2.036577e-01 
2.117951e-01 
2.188413e-01 
2.244497e-01 
2.282227e-01 
2.295075e-01 
2.276313e-01 
2.223797e-01 
2.143342e-01 
2.045857e-01 
1.942457e-01 
1.840996e-01 
1.744021e-01 
1.650921e-01 
1.562919e-01 
1.485319e-01 
1.425767e-01 
1.386100e-01 
1.360607e-01 
1.341947e-01 
1.328588e-01 
1.323898e-01 
1.328690e-01 
1.339601e-01 
1.352246e-01 
1.364890e-01 
1.376515e-01 
1.386814e-01 
1.398133e-01 
1.414244e-01 
1.434027e-01 
1.450444e-01 
1.457276e-01 
1.454523e-01 
1.445142e-01 
1.429642e-01 
1.407820e-01 
1.382021e-01 
1.352450e-01 
1.313904e-01 
1.262817e-01 
1.206120e-01 
1.155644e-01 
1.115672e-01 
1.079981e-01 
1.042762e-01 
1.004522e-01 
9.686284e-02 
9.369153e-02 
9.107085e-02 
8.882748e-02 
8.615582e-02 
8.206676e-02 
7.660108e-02 
7.075811e-02 
6.498651e-02 
5.820540e-02 
4.918091e-02 
3.840251e-02 
2.777707e-02 
1.834469e-02 
9.432375e-03 
1.937461e-04 
-8.524828e-03 
-1.496943e-02 
-1.873219e-02 
-2.164858e-02 
-2.596197e-02 
-3.195791e-02 
-3.829034e-02 
-4.422509e-02 
-5.085325e-02 
-5.954123e-02 
-6.997293e-02 
-8.044541e-02 
-8.978601e-02 
-9.803552e-02 
-1.055100e-01 
-1.119241e-01 
-1.169513e-01 
-1.207854e-01 
-1.235692e-01 
-1.249968e-01 
-1.250376e-01 
-1.245379e-01 
-1.242830e-01 
-1.236712e-01 
-1.212341e-01 
-1.164516e-01 
-1.105168e-01 
-1.048778e-01 
-9.970785e-02 
-9.434414e-02 
-8.863373e-02 
-8.347397e-02 
-7.990496e-02 
-7.819184e-02 
-7.785533e-02 
-7.820204e-02 
-7.878327e-02 
-7.956846e-02 
-8.103685e-02 
-8.350456e-02 
-8.644134e-02 
-8.863373e-02 
-8.941891e-02 
-8.963306e-02 
-9.068336e-02 
-9.297772e-02 
-9.551682e-02 
-9.737270e-02 
-9.879011e-02 
-1.003197e-01 
-1.015943e-01 
-1.018187e-01 
-1.013292e-01 
-1.015637e-01 
-1.031545e-01 
-1.051633e-01 
-1.066929e-01 
-1.084876e-01 
-1.117813e-01 
-1.160743e-01 
-1.192762e-01 
-1.200206e-01 
-1.186440e-01 
-1.157786e-01 
-1.111491e-01 
-1.047045e-01 
-9.776019e-02 
-9.200899e-02 
-8.757323e-02 
-8.330062e-02 
-7.856913e-02 
-7.386824e-02 
-6.949366e-02 
-6.472139e-02 
-5.884782e-02 
-5.209730e-02 
-4.506126e-02 
-3.780088e-02 
-3.012242e-02 
-2.242356e-02 
-1.544870e-02 
-9.391586e-03 
-3.762753e-03 
1.692729e-03 
6.689338e-03 
1.100274e-02 
1.474510e-02 
1.789602e-02 
2.007821e-02 
2.133246e-02 
2.250514e-02 
2.441201e-02 
2.670637e-02 
2.840929e-02 
2.930664e-02 
3.022439e-02 
3.188653e-02 
3.420128e-02 
3.677097e-02 
3.953440e-02 
4.242019e-02 
4.497968e-02 
4.667241e-02 
4.731483e-02 
4.707010e-02 
4.606058e-02 
4.452081e-02 
4.284848e-02 
4.128831e-02 
3.963637e-02 
3.773970e-02 
3.613874e-02 
3.562888e-02 
3.633249e-02 
3.757654e-02 
3.902454e-02 
4.112515e-02 
4.432706e-02 
4.839573e-02 
5.288248e-02 
5.805244e-02 
6.457863e-02 
7.234887e-02 
8.017009e-02 
8.685943e-02 
9.221294e-02 
9.653653e-02 
9.962627e-02 
1.008907e-01 
1.003605e-01 
9.909602e-02 
9.822926e-02 
9.789276e-02 
9.727073e-02 
9.539445e-02 
9.179485e-02 
8.661470e-02 
8.047600e-02 
7.418435e-02 
6.829039e-02 
6.272274e-02 
5.717549e-02 
5.169961e-02 
4.686616e-02 
4.313400e-02 
4.047254e-02 
3.864724e-02 
3.751536e-02 
3.679136e-02 
3.600618e-02 
3.481311e-02 
3.319176e-02 
3.109115e-02 
2.834811e-02 
2.521758e-02 
2.261731e-02 
2.127128e-02 
2.095517e-02 
2.085320e-02 
2.074103e-02 
2.107753e-02 
2.215843e-02 
2.364722e-02 
2.497285e-02 
2.583961e-02 
2.619651e-02 
2.607414e-02 
2.552350e-02 
2.450378e-02 
2.283145e-02 
2.046570e-02 
1.771247e-02 
1.479608e-02 
1.130865e-02 
6.750521e-03 
1.284842e-03 
-4.700892e-03 
-1.156358e-02 
-2.001703e-02 
-2.951059e-02 
-3.830054e-02 
-4.571388e-02 
-5.311702e-02 
-6.184579e-02 
-7.091107e-02 
-7.832440e-02 
-8.398383e-02 
-8.957187e-02 
-9.559839e-02 
-1.003503e-01 
-1.023897e-01 
-1.025325e-01 
-1.024611e-01 
-1.024917e-01 
-1.018289e-01 
-1.003809e-01 
-9.879011e-02 
-9.727073e-02 
-9.548623e-02 
-9.338561e-02 
-9.109125e-02 
-8.797092e-02 
-8.307628e-02 
-7.680503e-02 
-7.090087e-02 
-6.641412e-02 
-6.253920e-02 
-5.829718e-02 
-5.436107e-02 
-5.225026e-02 
-5.216868e-02 
-5.271933e-02 
-5.271933e-02 
-5.218908e-02 
-5.151606e-02 
-5.056773e-02 
-4.912993e-02 
-4.757996e-02 
-4.646847e-02 
-4.580565e-02 
-4.512244e-02 
-4.398036e-02 
-4.218566e-02 
-3.971795e-02 
-3.693412e-02 
-3.455818e-02 
-3.314078e-02 
-3.252895e-02 
-3.234540e-02 
-3.286545e-02 
-3.478252e-02 
-3.803541e-02 
-4.147186e-02 
-4.406194e-02 
-4.601979e-02 
-4.817139e-02 
-5.045556e-02 
-5.180158e-02 
-5.152626e-02 
-5.011905e-02 
-4.852829e-02 
-4.700892e-02 
-4.523461e-02 
-4.327676e-02 
-4.169620e-02 
-4.090082e-02 
-4.055411e-02 
-4.006465e-02 
-3.923868e-02 
-3.836172e-02 
-3.774989e-02 
-3.739299e-02 
-3.702590e-02 
-3.648545e-02 
-3.592460e-02 
-3.556770e-02 
-3.547593e-02 
-3.549632e-02 
-3.549632e-02 
-3.556770e-02 
-3.584302e-02 
-3.625091e-02 
-3.643446e-02 
-3.597559e-02 
-3.460917e-02 
-3.223323e-02 
-2.882738e-02 
-2.436102e-02 
-1.882396e-02 
-1.235896e-02 
-5.282130e-03 
2.029235e-03 
9.503755e-03 
1.735557e-02 
2.559488e-02 
3.342630e-02 
3.967716e-02 
4.382740e-02 
4.642768e-02 
4.808982e-02 
4.854869e-02 
4.703951e-02 
4.346030e-02 
3.863705e-02 
3.347728e-02 
2.832772e-02 
2.351466e-02 
1.971111e-02 
1.746774e-02 
1.662137e-02 
1.671315e-02 
1.780425e-02 
2.024137e-02 
2.391235e-02 
2.801160e-02 
3.192731e-02 
3.562888e-02 
3.935085e-02 
4.305242e-02 
4.655005e-02 
4.969077e-02 
5.228085e-02 
5.411634e-02 
5.519724e-02 
5.553374e-02 
5.455482e-02 
5.138350e-02 
4.595861e-02 
3.971795e-02 
3.439503e-02 
3.044873e-02 
2.720603e-02 
2.443240e-02 
2.299460e-02 
2.377978e-02 
2.646164e-02 
2.988788e-02 
3.335492e-02 
3.695452e-02 
4.078865e-02 
4.458199e-02 
4.818159e-02 
5.196474e-02 
5.635972e-02 
6.117278e-02 
6.562894e-02 
6.918775e-02 
7.196137e-02 
7.423534e-02 
7.578531e-02 
7.598925e-02 
7.452086e-02 
7.176763e-02 
6.830059e-02 
6.430330e-02 
5.965340e-02 
5.444265e-02 
4.905855e-02 
4.388859e-02 
3.907553e-02 
3.482331e-02 
3.152963e-02 
2.934743e-02 
2.777707e-02 
2.606395e-02 
2.389195e-02 
2.150581e-02 
1.905850e-02 
1.628487e-02 
1.281783e-02 
8.749165e-03 
4.660103e-03 
1.080899e-03 
-1.917066e-03 
-4.680497e-03 
-7.545900e-03 
-1.047249e-02 
-1.302178e-02 
-1.472470e-02 
-1.549969e-02 
-1.566284e-02 
-1.544870e-02 
-1.480628e-02 
-1.359282e-02 
-1.183891e-02 
-9.768881e-03 
-7.596886e-03 
-5.506468e-03 
-3.701570e-03 
-2.396333e-03 
-1.662137e-03 
-1.468391e-03 
-1.774306e-03 
-2.539093e-03 
-3.589401e-03 
-4.762075e-03 
-6.006128e-03 
-7.372548e-03 
-8.789954e-03 
-1.007480e-02 
-1.108432e-02 
-1.180831e-02 
-1.217541e-02 
-1.199186e-02 
-1.138003e-02 
-1.081919e-02 
-1.081919e-02 
-1.136984e-02 
-1.213462e-02 
-1.295040e-02 
-1.405169e-02 
-1.582600e-02 
-1.851805e-02 
-2.203607e-02 
-2.596197e-02 
-2.972473e-02 
-3.306940e-02 
-3.611835e-02 
-3.900415e-02 
-4.142087e-02 
-4.291986e-02 
-4.366425e-02 
-4.423529e-02 
-4.486751e-02 
-4.516323e-02 
-4.472475e-02 
-4.371523e-02 
-4.233862e-02 
-4.022780e-02 
-3.686274e-02 
-3.237599e-02 
-2.751194e-02 
-2.274987e-02 
-1.805917e-02 
-1.338887e-02 
-9.004094e-03 
-5.088384e-03 
-1.580560e-03 
1.376617e-03 
3.283486e-03 
3.874922e-03 
3.599598e-03 
3.069346e-03 
2.396333e-03 
1.305237e-03 
-2.651262e-04 
-2.192390e-03 
-4.649906e-03 
-7.902801e-03 
-1.168595e-02 
-1.530594e-02 
-1.853844e-02 
-2.192390e-02 
-2.591099e-02 
-3.014281e-02 
-3.387497e-02 
-3.686274e-02 
-3.929986e-02 
-4.116594e-02 
-4.213467e-02 
-4.213467e-02 
-4.154324e-02 
-4.071727e-02 
-3.961597e-02 
-3.803541e-02 
-3.602657e-02 
-3.387497e-02 
-3.178455e-02 
-2.966354e-02 
-2.722642e-02 
-2.421826e-02 
-2.064925e-02 
-1.689670e-02 
-1.331749e-02 
-9.891247e-03 
-6.424212e-03 
-3.069346e-03 
-4.180836e-04 
1.111491e-03 
1.784503e-03 
2.212784e-03 
2.722642e-03 
3.334472e-03 
4.150245e-03 
5.404496e-03 
7.239985e-03 
9.575135e-03 
1.235896e-02 
1.562205e-02 
1.930323e-02 
2.319854e-02 
2.717544e-02 
3.128489e-02 
3.559829e-02 
3.998307e-02 
4.426588e-02 
4.835494e-02 
5.200553e-02 
5.467718e-02 
5.583966e-02 
5.565611e-02 
5.498310e-02 
5.455482e-02 
5.413673e-02 
5.279071e-02 
4.995590e-02 
4.593822e-02 
4.147186e-02 
3.703609e-02 
3.272269e-02 
2.870501e-02 
2.532975e-02 
2.287223e-02 
2.139365e-02 
2.092458e-02 
2.149562e-02 
2.297421e-02 
2.489127e-02 
2.685933e-02 
2.879679e-02 
3.074444e-02 
3.263092e-02 
3.440523e-02 
3.635288e-02 
3.882060e-02 
4.172679e-02 
4.458199e-02 
4.696813e-02 
4.883421e-02 
5.007826e-02 
5.038418e-02 
4.952762e-02 
4.767173e-02 
4.528560e-02 
4.276690e-02 
4.042155e-02 
3.840251e-02 
3.643446e-02 
3.392596e-02 
3.054050e-02 
2.658400e-02 
2.249494e-02 
1.816115e-02 
1.302178e-02 
6.985056e-03 
6.934070e-04 
-5.261736e-03 
-1.091096e-02 
-1.660098e-02 
-2.226040e-02 
-2.726721e-02 
-3.107075e-02 
-3.368123e-02 
-3.552691e-02 
-3.671998e-02 
-3.683215e-02 
-3.533317e-02 
-3.249836e-02 
-2.933724e-02 
-2.660440e-02 
-2.396333e-02 
-2.078182e-02 
-1.740656e-02 
-1.491845e-02 
-1.356223e-02 
-1.210403e-02 
-9.483361e-03 
-6.332438e-03 
-4.231822e-03 
-3.436444e-03 
-2.590079e-03 
-7.647872e-04 
1.264448e-03 
2.233179e-03 
2.121010e-03 
1.917066e-03 
1.968052e-03 
1.468391e-03 
-1.733518e-04 
-2.549291e-03 
-4.996609e-03 
-7.586689e-03 
-1.077840e-02 
-1.431682e-02 
-1.720261e-02 
-1.888514e-02 
-1.986407e-02 
-2.095517e-02 
-2.218902e-02 
-2.305578e-02 
-2.352485e-02 
-2.427944e-02 
-2.560507e-02 
-2.662479e-02 
-2.602316e-02 
-2.345347e-02 
-1.977230e-02 
-1.595856e-02 
-1.227738e-02 
-8.545222e-03 
-4.894638e-03 
-1.764109e-03 
5.812382e-04 
2.202587e-03 
3.150923e-03 
3.528218e-03 
3.518021e-03 
3.375261e-03 
3.130529e-03 
2.610474e-03 
1.743715e-03 
6.322241e-04 
-7.545900e-04 
-2.498305e-03 
-4.384780e-03 
-5.771594e-03 
-6.230466e-03 
-5.832777e-03 
-4.853849e-03 
-3.283486e-03 
-1.040111e-03 
1.621349e-03 
4.313400e-03 
7.005450e-03 
9.962627e-03 
1.324611e-02 
1.656019e-02 
1.978249e-02 
2.316795e-02 
2.686952e-02 
3.056089e-02 
3.373221e-02 
3.622032e-02 
3.808640e-02 
3.925907e-02 
3.981992e-02 
4.026859e-02 
4.110476e-02 
4.212448e-02 
4.268532e-02 
4.257315e-02 
4.221625e-02 
4.180836e-02 
4.092121e-02 
3.928967e-02 
3.739299e-02 
3.577164e-02 
3.427266e-02 
3.237599e-02 
3.033656e-02 
2.906191e-02 
2.882738e-02 
2.882738e-02 
2.828693e-02 
2.746096e-02 
2.711425e-02 
2.737938e-02 
2.771589e-02 
2.776687e-02 
2.772608e-02 
2.783825e-02 
2.796062e-02 
2.781786e-02 
2.732839e-02 
2.662479e-02 
2.575803e-02 
2.470772e-02 
2.343308e-02 
2.187291e-02 
2.012920e-02 
1.860982e-02 
1.786543e-02 
1.796740e-02 
1.834469e-02 
1.838548e-02 
1.803878e-02 
1.767168e-02 
1.743715e-02 
1.713123e-02 
1.661118e-02 
1.608092e-02 
1.579540e-02 
1.574442e-02 
1.568324e-02 
1.536712e-02 
1.462273e-02 
1.326651e-02 
1.103333e-02 
7.811026e-03 
3.803541e-03 
-5.710411e-04 
-4.935426e-03 
-9.197840e-03 
-1.340927e-02 
-1.757991e-02 
-2.154660e-02 
-2.513600e-02 
-2.832772e-02 
-3.126450e-02 
-3.403813e-02 
-3.667919e-02 
-3.926927e-02 
-4.197152e-02 
-4.492870e-02 
-4.819179e-02 
-5.164863e-02 
-5.515645e-02 
-5.860309e-02 
-6.199875e-02 
-6.549637e-02 
-6.923873e-02 
-7.316464e-02 
-7.704976e-02 
-8.065955e-02 
-8.391245e-02 
-8.675746e-02 
-8.904162e-02 
-9.055080e-02 
-9.104026e-02 
-9.027548e-02 
-8.811368e-02 
-8.469763e-02 
-8.061876e-02 
-7.661128e-02 
-7.316464e-02 
-7.023805e-02 
-6.758679e-02 
-6.504770e-02 
-6.268196e-02 
-6.057114e-02 
-5.876625e-02 
-5.726726e-02 
-5.608439e-02 
-5.523803e-02 
-5.481994e-02 
-5.491172e-02 
-5.548276e-02 
-5.632912e-02 
-5.719588e-02 
-5.784850e-02 
-5.816461e-02 
-5.820540e-02 
-5.818501e-02 
-5.829718e-02 
-5.848072e-02 
-5.843994e-02 
-5.800146e-02 
-5.720608e-02 
-5.619656e-02 
-5.503408e-02 
-5.377983e-02 
-5.252558e-02 
-5.130192e-02 
-4.997629e-02 
-4.830396e-02 
-4.610137e-02 
-4.331754e-02 
-4.001366e-02 
-3.642426e-02 
-3.271250e-02 
-2.880698e-02 
-2.447319e-02 
-1.966013e-02 
-1.466352e-02 
-9.758684e-03 
-4.762075e-03 
6.628155e-04 
6.454804e-03 
1.211423e-02 
1.723320e-02 
2.193410e-02 
2.649223e-02 
3.093819e-02 
3.521080e-02 
3.938144e-02 
4.350109e-02 
4.734542e-02 
5.051674e-02 
5.300485e-02 
5.511566e-02 
5.706332e-02 
5.874585e-02 
5.996951e-02 
6.075469e-02 
6.130534e-02 
6.172342e-02 
6.193756e-02 
6.188658e-02 
6.159086e-02 
6.111159e-02 
6.061193e-02 
6.017345e-02 
5.984714e-02 
5.965340e-02 
5.968399e-02 
6.001030e-02 
6.050996e-02 
6.093824e-02 
6.124416e-02 
6.166224e-02 
6.238624e-02 
6.321221e-02 
6.379345e-02 
6.401778e-02 
6.411976e-02 
6.428291e-02 
6.444606e-02 
6.447666e-02 
6.442567e-02 
6.445626e-02 
6.460922e-02 
6.485395e-02 
6.521085e-02 
6.582268e-02 
6.683220e-02 
6.825980e-02 
7.011569e-02 
7.225709e-02 
7.435771e-02 
7.586689e-02 
7.629517e-02 
7.542841e-02 
7.345016e-02 
7.072752e-02 
6.762758e-02 
6.445626e-02 
6.141751e-02 
5.856230e-02 
5.573769e-02 
5.272953e-02 
4.947663e-02 
4.594841e-02 
4.191034e-02 
3.692392e-02 
3.090760e-02 
2.437122e-02 
1.785523e-02 
1.128826e-02 
4.221625e-03 
-3.314078e-03 
-1.079879e-02 
-1.804898e-02 
-2.555409e-02 
-3.358945e-02 
-4.154324e-02 
-4.871184e-02 
-5.529921e-02 
-6.195796e-02 
-6.843316e-02 
-7.373568e-02 
-7.752902e-02 
-8.057798e-02 
-8.328022e-02 
-8.487098e-02 
-8.460585e-02 
-8.304569e-02 
-8.135296e-02 
-7.978260e-02 
-7.782474e-02 
-7.564255e-02 
-7.403140e-02 
-7.301168e-02 
-7.159428e-02 
-6.943248e-02 
-6.764797e-02 
-6.731147e-02 
-6.781113e-02 
-6.785192e-02 
-6.727068e-02 
-6.702595e-02 
-6.741344e-02 
-6.768876e-02 
-6.741344e-02 
-6.714831e-02 
-6.739304e-02 
-6.754600e-02 
-6.677102e-02 
-6.528223e-02 
-6.395660e-02 
-6.317142e-02 
-6.253920e-02 
-6.192737e-02 
-6.173362e-02 
-6.220269e-02 
-6.306945e-02 
-6.395660e-02 
-6.489474e-02 
-6.594505e-02 
-6.685259e-02 
-6.731147e-02 
-6.744403e-02 
-6.766837e-02 
-6.800487e-02 
-6.795389e-02 
-6.696476e-02 
-6.511908e-02 
-6.300826e-02 
-6.106061e-02 
-5.897019e-02 
-5.610479e-02 
-5.229105e-02 
-4.807962e-02 
-4.393957e-02 
-3.972814e-02 
-3.517001e-02 
-3.067306e-02 
-2.698169e-02 
-2.405511e-02 
-2.092458e-02 
-1.695788e-02 
-1.258330e-02 
-8.402462e-03 
-4.109456e-03 
9.891247e-04 
6.689338e-03 
1.200206e-02 
1.651940e-02 
2.089399e-02 
2.579882e-02 
3.098918e-02 
3.593480e-02 
4.071727e-02 
4.591782e-02 
5.164863e-02 
5.737943e-02 
6.268196e-02 
6.770916e-02 
7.293010e-02 
7.834480e-02 
8.337200e-02 
8.732850e-02 
9.012252e-02 
9.227412e-02 
9.428296e-02 
9.598589e-02 
9.692403e-02 
9.715856e-02 
9.734211e-02 
9.789276e-02 
9.848419e-02 
9.865754e-02 
9.863715e-02 
9.905523e-02 
1.000749e-01 
1.012374e-01 
1.021144e-01 
1.026140e-01 
1.025835e-01 
1.015841e-01 
9.938154e-02 
9.639377e-02 
9.342640e-02 
9.095869e-02 
8.897024e-02 
8.734889e-02 
8.607425e-02 
8.516670e-02 
8.444270e-02 
8.361673e-02 
8.248484e-02 
8.101645e-02 
7.928294e-02 
7.732508e-02 
7.513269e-02 
7.274655e-02 
7.034002e-02 
6.813744e-02 
6.622037e-02 
6.456843e-02 
6.317142e-02 
6.223328e-02 
6.189677e-02 
6.208032e-02 
6.246782e-02 
6.270235e-02 
6.261058e-02 
6.212111e-02 
6.123396e-02 
5.994912e-02 
5.820540e-02 
5.587025e-02 
5.281110e-02 
4.908914e-02 
4.503067e-02 
4.093141e-02 
3.665880e-02 
3.189672e-02 
2.656361e-02 
2.100615e-02 
1.558126e-02 
1.024815e-02 
4.813061e-03 
-7.239985e-04 
-6.128494e-03 
-1.130865e-02 
-1.640723e-02 
-2.140384e-02 
-2.605375e-02 
-3.015301e-02 
-3.379340e-02 
-3.722984e-02 
-4.066628e-02 
-4.426588e-02 
-4.805923e-02 
-5.166902e-02 
-5.459561e-02 
-5.688997e-02 
-5.930669e-02 
-6.230466e-02 
-6.537401e-02 
-6.779073e-02 
-6.971800e-02 
-7.191039e-02 
-7.444948e-02 
-7.660108e-02 
-7.802868e-02 
-7.935432e-02 
-8.110823e-02 
-8.273977e-02 
-8.346377e-02 
-8.344338e-02 
-8.352496e-02 
-8.394304e-02 
-8.391245e-02 
-8.287234e-02 
-8.132237e-02 
-8.018029e-02 
-7.975201e-02 
-7.969082e-02 
-7.963984e-02 
-7.965003e-02 
-7.990496e-02 
-8.052699e-02 
-8.158749e-02 
-8.319865e-02 
-8.527887e-02 
-8.752224e-02 
-8.964325e-02 
-9.167249e-02 
-9.385468e-02 
-9.627141e-02 
-9.864735e-02 
-1.005440e-01 
-1.017779e-01 
-1.025529e-01 
-1.032565e-01 
-1.039601e-01 
-1.041538e-01 
-1.030729e-01 
-1.002483e-01 
-9.598589e-02 
-9.112184e-02 
-8.632917e-02 
-8.173025e-02 
-7.724350e-02 
-7.297089e-02 
-6.912656e-02 
-6.562894e-02 
-6.224348e-02 
-5.910275e-02 
-5.656366e-02 
-5.440186e-02 
-5.172001e-02 
-4.795725e-02 
-4.363366e-02 
-3.964657e-02 
-3.604697e-02 
-3.213126e-02 
-2.760372e-02 
-2.299460e-02 
-1.872199e-02 
-1.445958e-02 
-9.677107e-03 
-4.568329e-03 
2.039432e-04 
4.333794e-03 
8.208716e-03 
1.222640e-02 
1.630526e-02 
2.001703e-02 
2.307618e-02 
2.553369e-02 
2.763431e-02 
2.963295e-02 
3.158061e-02 
3.333452e-02 
3.489469e-02 
3.654663e-02 
3.860646e-02 
4.112515e-02 
4.390898e-02 
4.681517e-02 
4.980294e-02 
5.278051e-02 
5.563572e-02 
5.852151e-02 
6.176421e-02 
6.542499e-02 
6.920814e-02 
7.297089e-02 
7.701917e-02 
8.173025e-02 
8.682884e-02 
9.161130e-02 
9.565958e-02 
9.910622e-02 
1.020838e-01 
1.043068e-01 
1.054489e-01 
1.056936e-01 
1.054489e-01 
1.048574e-01 
1.037051e-01 
1.019614e-01 
1.000240e-01 
9.835163e-02 
9.706679e-02 
9.597569e-02 
9.479282e-02 
9.329384e-02 
9.149914e-02 
8.965345e-02 
8.808309e-02 
8.667588e-02 
8.490157e-02 
8.238287e-02 
7.933392e-02 
7.632576e-02 
7.352154e-02 
7.066633e-02 
6.758679e-02 
6.453784e-02 
6.189677e-02 
5.969419e-02 
5.767515e-02 
5.564591e-02 
5.362688e-02 
5.161803e-02 
4.953781e-02 
4.736582e-02 
4.527540e-02 
4.345011e-02 
4.193073e-02 
4.063569e-02 
3.944262e-02 
3.823936e-02 
3.684235e-02 
3.504765e-02 
3.271250e-02 
2.985729e-02 
2.657380e-02 
2.295381e-02 
1.907889e-02 
1.508160e-02 
1.100274e-02 
6.709733e-03 
1.968052e-03 
-3.181515e-03 
-8.382067e-03 
-1.332769e-02 
-1.807957e-02 
-2.296401e-02 
-2.796062e-02 
-3.267171e-02 
-3.680156e-02 
-4.049293e-02 
-4.407213e-02 
-4.753917e-02 
-5.059832e-02 
-5.310682e-02 
-5.526862e-02 
-5.729785e-02 
-5.908236e-02 
-6.033661e-02 
-6.106061e-02 
-6.159086e-02 
-6.229446e-02 
-6.324280e-02 
-6.422173e-02 
-6.509868e-02 
-6.593485e-02 
-6.681181e-02 
-6.764797e-02 
-6.824961e-02 
-6.856572e-02 
-6.864730e-02 
-6.842296e-02 
-6.764797e-02 
-6.613879e-02 
-6.408916e-02 
-6.188658e-02 
-5.976557e-02 
-5.773633e-02 
-5.584986e-02 
-5.432028e-02 
-5.326997e-02 
-5.254598e-02 
-5.196474e-02 
-5.152626e-02 
-5.137330e-02 
-5.152626e-02 
-5.183218e-02 
-5.212789e-02 
-5.241341e-02 
-5.273972e-02 
-5.311702e-02 
-5.350451e-02 
-5.394299e-02 
-5.447324e-02 
-5.501369e-02 
-5.538079e-02 
-5.550315e-02 
-5.548276e-02 
-5.541138e-02 
-5.520744e-02 
-5.468738e-02 
-5.384102e-02 
-5.277031e-02 
-5.151606e-02 
-5.000688e-02 
-4.820199e-02 
-4.621354e-02 
-4.406194e-02 
-4.158403e-02 
-3.860646e-02 
-3.519041e-02 
-3.151943e-02 
-2.768530e-02 
-2.361663e-02 
-1.928283e-02 
-1.473490e-02 
-1.006460e-02 
-5.333116e-03 
-5.914354e-04 
4.160442e-03 
8.942911e-03 
1.384775e-02 
1.879337e-02 
2.348406e-02 
2.767510e-02 
3.130529e-02 
3.448680e-02 
3.732161e-02 
3.979952e-02 
4.197152e-02 
4.384780e-02 
4.544875e-02 
4.670300e-02 
4.762075e-02 
4.826317e-02 
4.869145e-02 
4.893618e-02 
4.899736e-02 
4.887500e-02 
4.856908e-02 
4.812041e-02 
4.761055e-02 
4.711089e-02 
4.661123e-02 
4.611157e-02 
4.568329e-02 
4.541816e-02 
4.527540e-02 
4.514284e-02 
4.502047e-02 
4.504087e-02 
4.519382e-02 
4.526520e-02 
4.503067e-02 
4.458199e-02 
4.420470e-02 
4.407213e-02 
4.409253e-02 
4.419450e-02 
4.439844e-02 
4.466357e-02 
4.492870e-02 
4.523461e-02 
4.580565e-02 
4.675399e-02 
4.784508e-02 
4.879342e-02 
4.958880e-02 
5.033319e-02 
5.098581e-02 
5.130192e-02 
5.110818e-02 
5.047595e-02 
4.953781e-02 
4.835494e-02 
4.690695e-02 
4.510205e-02 
4.285867e-02 
4.020741e-02 
3.736240e-02 
3.436444e-02 
3.088720e-02 
2.668597e-02 
2.203607e-02 
1.753912e-02 
1.323592e-02 
8.453447e-03 
2.763431e-03 
-3.365064e-03 
-9.126460e-03 
-1.434741e-02 
-1.935421e-02 
-2.422846e-02 
-2.861324e-02 
-3.230461e-02 
-3.541474e-02 
-3.791305e-02 
-3.959558e-02 
-4.057451e-02 
-4.123732e-02 
-4.164521e-02 
-4.158403e-02 
-4.122713e-02 
-4.113535e-02 
-4.131890e-02 
-4.091101e-02 
-3.939164e-02 
-3.756635e-02 
-3.645485e-02 
-3.575125e-02 
-3.438483e-02 
-3.231481e-02 
-3.071385e-02 
-3.018360e-02 
-3.000005e-02 
-2.960236e-02 
-2.972473e-02 
-3.116253e-02 
-3.330393e-02 
-3.492528e-02 
-3.600618e-02 
-3.754595e-02 
-3.979952e-02 
-4.185935e-02 
-4.320538e-02 
-4.459219e-02 
-4.681517e-02 
-4.945624e-02 
-5.153646e-02 
-5.290288e-02 
-5.416733e-02 
-5.556434e-02 
-5.671662e-02 
-5.744061e-02 
-5.817481e-02 
-5.932709e-02 
-6.069351e-02 
-6.183559e-02 
-6.266156e-02 
-6.332438e-02 
-6.387502e-02 
-6.406877e-02 
-6.358950e-02 
-6.228427e-02 
-6.025503e-02 
-5.777712e-02 
-5.507487e-02 
-5.220947e-02 
-4.914012e-02 
-4.600960e-02 
-4.307281e-02 
-4.052352e-02 
-3.828015e-02 
-3.618973e-02 
-3.407892e-02 
-3.179475e-02 
-2.927605e-02 
-2.662479e-02 
-2.401432e-02 
-2.142424e-02 
-1.864041e-02 
-1.565264e-02 
-1.282803e-02 
-1.046229e-02 
-8.412659e-03 
-6.291649e-03 
-3.987090e-03 
-1.702926e-03 
4.486751e-04 
2.692051e-03 
5.200553e-03 
7.882406e-03 
1.046229e-02 
1.283823e-02 
1.520397e-02 
1.770227e-02 
2.023117e-02 
2.241336e-02 
2.403471e-02 
2.524817e-02 
2.640045e-02 
2.768530e-02 
2.906191e-02 
3.062208e-02 
3.261052e-02 
3.519041e-02 
3.810679e-02 
4.096200e-02 
4.366425e-02 
4.637669e-02 
4.912993e-02 
5.167922e-02 
5.393279e-02 
5.615577e-02 
5.867447e-02 
6.157046e-02 
6.477237e-02 
6.828020e-02 
7.206334e-02 
7.587708e-02 
7.948688e-02 
8.288253e-02 
8.628839e-02 
8.970444e-02 
9.284516e-02 
9.550662e-02 
9.782138e-02 
1.000851e-01 
1.023999e-01 
1.047045e-01 
1.068969e-01 
1.088853e-01 
1.103843e-01 
1.109859e-01 
1.103945e-01 
1.086916e-01 
1.061525e-01 
1.029811e-01 
9.917760e-02 
9.473164e-02 
8.975542e-02 
8.438152e-02 
7.858953e-02 
7.236926e-02 
6.604702e-02 
6.018365e-02 
5.514625e-02 
5.081246e-02 
4.683557e-02 
4.317478e-02 
4.000347e-02 
3.731142e-02 
3.479272e-02 
3.216185e-02 
2.943921e-02 
2.686952e-02 
2.449358e-02 
2.215843e-02 
1.966013e-02 
1.693749e-02 
1.405169e-02 
1.108432e-02 
8.208716e-03 
5.577848e-03 
3.191712e-03 
8.463645e-04 
-1.641743e-03 
-4.252217e-03 
-6.832099e-03 
-9.279418e-03 
-1.171654e-02 
-1.426583e-02 
-1.687630e-02 
-1.932362e-02 
-2.150581e-02 
-2.354525e-02 
-2.554389e-02 
-2.735899e-02 
-2.880698e-02 
-2.997966e-02 
-3.124410e-02 
-3.276348e-02 
-3.437463e-02 
-3.586342e-02 
-3.726043e-02 
-3.876961e-02 
-4.040116e-02 
-4.208369e-02 
-4.392937e-02 
-4.611157e-02 
-4.842632e-02 
-5.023122e-02 
-5.116936e-02 
-5.166902e-02 
-5.247460e-02 
-5.381042e-02 
-5.524822e-02 
-5.640050e-02 
-5.750180e-02 
-5.904157e-02 
-6.098923e-02 
-6.278393e-02 
-6.399739e-02 
-6.476218e-02 
-6.550657e-02 
-6.640392e-02 
-6.728088e-02 
-6.787231e-02 
-6.814763e-02 
-6.822921e-02 
-6.820882e-02 
-6.800487e-02 
-6.743383e-02 
-6.639372e-02 
-6.505789e-02 
-6.363029e-02 
-6.212111e-02 
-6.034681e-02 
-5.823599e-02 
-5.606400e-02 
-5.413673e-02 
-5.246440e-02 
-5.076147e-02 
-4.893618e-02 
-4.717207e-02 
-4.571388e-02 
-4.455140e-02 
-4.341952e-02 
-4.210408e-02 
-4.051333e-02 
-3.872882e-02 
-3.700550e-02 
-3.553711e-02 
-3.433384e-02 
-3.325295e-02 
-3.228422e-02 
-3.155002e-02 
-3.105036e-02 
-3.046912e-02 
-2.961256e-02 
-2.867442e-02 
-2.801160e-02 
-2.764451e-02 
-2.729780e-02 
-2.678794e-02 
-2.626789e-02 
-2.586000e-02 
-2.542153e-02 
-2.474851e-02 
-2.382057e-02 
-2.279066e-02 
-2.169956e-02 
-2.043511e-02 
-1.885455e-02 
-1.687630e-02 
-1.455135e-02 
-1.210403e-02 
-9.860656e-03 
-7.892603e-03 
-6.006128e-03 
-3.987090e-03 
-1.957855e-03 
-1.733518e-04 
1.407208e-03 
3.099937e-03 
5.129173e-03 
7.372548e-03 
9.605727e-03 
1.171654e-02 
1.366420e-02 
1.532633e-02 
1.661118e-02 
1.762070e-02 
1.856903e-02 
1.950717e-02 
2.038413e-02 
2.117951e-02 
2.199528e-02 
2.283145e-02 
2.362682e-02 
2.433043e-02 
2.504423e-02 
2.581921e-02 
2.649223e-02 
2.690011e-02 
2.708366e-02 
2.737938e-02 
2.807279e-02 
2.906191e-02 
3.001025e-02 
3.075464e-02 
3.146844e-02 
3.242698e-02 
3.365064e-02 
3.487429e-02 
3.593480e-02 
3.689333e-02 
3.786206e-02 
3.881040e-02 
3.968736e-02 
4.049293e-02 
4.112515e-02 
4.136989e-02 
4.118634e-02 
4.091101e-02 
4.094161e-02 
4.127811e-02 
4.157383e-02 
4.171659e-02 
4.193073e-02 
4.242019e-02 
4.302183e-02 
4.345011e-02 
4.359287e-02 
4.342971e-02 
4.286887e-02 
4.196132e-02 
4.100279e-02 
4.019721e-02 
3.928967e-02 
3.774989e-02 
3.553711e-02 
3.312038e-02 
3.091780e-02 
2.873560e-02 
2.612513e-02 
2.301499e-02 
1.976210e-02 
1.671315e-02 
1.385794e-02 
1.104353e-02 
8.208716e-03 
5.373904e-03 
2.579882e-03 
-1.223659e-04 
-2.671656e-03 
-5.057792e-03 
-7.321562e-03 
-9.493558e-03 
-1.145141e-02 
-1.306256e-02 
-1.433721e-02 
-1.545890e-02 
-1.649901e-02 
-1.732498e-02 
-1.773286e-02 
-1.778385e-02 
-1.777365e-02 
-1.791641e-02 
-1.817134e-02 
-1.840588e-02 
-1.865061e-02 
-1.896672e-02 
-1.925224e-02 
-1.930323e-02 
-1.910948e-02 
-1.888514e-02 
-1.875258e-02 
-1.854864e-02 
-1.808977e-02 
-1.739636e-02 
-1.667236e-02 
-1.609112e-02 
-1.575462e-02 
-1.568324e-02 
-1.579540e-02 
-1.591777e-02 
-1.590757e-02 
-1.578521e-02 
-1.566284e-02 
-1.555067e-02 
-1.537732e-02 
-1.514279e-02 
-1.489805e-02 
-1.473490e-02 
-1.469411e-02 
-1.489805e-02 
-1.544870e-02 
-1.624408e-02 
-1.704966e-02 
-1.768188e-02 
-1.808977e-02 
-1.840588e-02 
-1.879337e-02 
-1.930323e-02 
-1.982328e-02 
-2.007821e-02 
-1.986407e-02 
-1.922165e-02 
-1.840588e-02 
-1.765129e-02 
-1.700887e-02 
-1.637664e-02 
-1.554048e-02 
-1.430662e-02 
-1.277704e-02 
-1.125767e-02 
-1.007480e-02 
-9.187643e-03 
-8.249504e-03 
-7.005450e-03 
-5.516665e-03 
-3.936105e-03 
-2.263770e-03 
-3.874922e-04 
1.662137e-03 
3.742359e-03 
5.822580e-03 
7.943589e-03 
1.006460e-02 
1.202245e-02 
1.373558e-02 
1.524476e-02 
1.660098e-02 
1.779405e-02 
1.879337e-02 
1.966013e-02 
2.052689e-02 
2.140384e-02 
2.219922e-02 
2.288243e-02 
2.341268e-02 
2.369820e-02 
2.358604e-02 
2.307618e-02 
2.229100e-02 
2.136305e-02 
2.034334e-02 
1.928283e-02 
1.834469e-02 
1.766148e-02 
1.719242e-02 
1.681512e-02 
1.650921e-02 
1.637664e-02 
1.645822e-02 
1.661118e-02 
1.668256e-02 
1.663157e-02 
1.656019e-02 
1.651940e-02 
1.645822e-02 
1.634605e-02 
1.619309e-02 
1.598915e-02 
1.570363e-02 
1.535693e-02 
1.504081e-02 
1.475529e-02 
1.446977e-02 
1.414346e-02 
1.381715e-02 
1.354183e-02 
1.321552e-02 
1.273626e-02 
1.214482e-02 
1.158398e-02 
1.108432e-02 
1.057446e-02 
1.000342e-02 
9.350798e-03 
8.514630e-03 
7.280774e-03 
5.608439e-03 
3.783147e-03 
2.008841e-03 
1.529574e-04 
-2.008841e-03 
-4.333794e-03 
-6.465001e-03 
-8.218913e-03 
-9.830064e-03 
-1.138003e-02 
-1.269547e-02 
-1.361321e-02 
-1.441879e-02 
-1.536712e-02 
-1.627467e-02 
-1.670295e-02 
-1.664177e-02 
-1.651940e-02 
-1.643783e-02 
-1.601974e-02 
-1.503062e-02 
-1.380696e-02 
-1.276685e-02 
-1.184910e-02 
-1.082939e-02 
-9.901444e-03 
-9.452769e-03 
-9.401783e-03 
-9.259023e-03 
-8.932714e-03 
-8.891925e-03 
-9.350798e-03 
-9.870853e-03 
-1.004420e-02 
-1.011558e-02 
-1.058465e-02 
-1.138003e-02 
-1.207344e-02 
-1.263428e-02 
-1.350104e-02 
-1.481648e-02 
-1.614211e-02 
-1.703946e-02 
-1.770227e-02 
-1.856903e-02 
-1.974171e-02 
-2.096537e-02 
-2.213804e-02 
-2.346367e-02 
-2.517679e-02 
-2.719583e-02 
-2.923526e-02 
-3.098918e-02 
-3.240658e-02 
-3.353847e-02 
-3.437463e-02 
-3.473153e-02 
-3.448680e-02 
-3.377300e-02 
-3.283486e-02 
-3.166219e-02 
-2.996946e-02 
-2.772608e-02 
-2.542153e-02 
-2.358604e-02 
-2.228080e-02 
-2.107753e-02 
-1.963973e-02 
-1.799799e-02 
-1.643783e-02 
-1.518357e-02 
-1.438820e-02 
-1.400070e-02 
-1.377637e-02 
-1.350104e-02 
-1.327671e-02 
-1.332769e-02 
-1.365400e-02 
-1.399051e-02 
-1.411287e-02 
-1.415366e-02 
-1.430662e-02 
-1.447997e-02 
-1.444938e-02 
-1.409248e-02 
-1.350104e-02 
-1.276685e-02 
-1.195107e-02 
-1.109451e-02 
-1.013598e-02 
-8.942911e-03 
-7.494914e-03 
-6.036720e-03 
-4.741680e-03 
-3.487429e-03 
-1.998644e-03 
-2.957177e-04 
1.335828e-03 
2.743037e-03 
4.058471e-03 
5.343313e-03 
6.485395e-03 
7.392943e-03 
8.218913e-03 
9.197840e-03 
1.035012e-02 
1.151260e-02 
1.262409e-02 
1.384775e-02 
1.531614e-02 
1.696808e-02 
1.860982e-02 
2.003742e-02 
2.124069e-02 
2.232159e-02 
2.340249e-02 
2.443240e-02 
2.531955e-02 
2.604355e-02 
2.678794e-02 
2.764451e-02 
2.843989e-02 
2.895994e-02 
2.930664e-02 
2.976552e-02 
3.032636e-02 
3.063228e-02 
3.047932e-02 
3.016321e-02 
3.013261e-02 
3.047932e-02 
3.096878e-02 
3.142765e-02 
3.194771e-02 
3.256974e-02 
3.311019e-02 
3.340590e-02 
3.358945e-02 
3.382399e-02 
3.403813e-02 
3.399734e-02 
3.365064e-02 
3.328354e-02 
3.304900e-02 
3.277368e-02 
3.221284e-02 
3.137667e-02 
3.050991e-02 
2.977571e-02 
2.909250e-02 
2.837870e-02 
2.768530e-02 
2.705307e-02 
2.649223e-02 
2.603335e-02 
2.579882e-02 
2.577843e-02 
2.578862e-02 
2.568665e-02 
2.546231e-02 
2.516660e-02 
2.465674e-02 
2.387156e-02 
2.295381e-02 
2.215843e-02 
2.140384e-02 
2.033314e-02 
1.883416e-02 
1.721281e-02 
1.572402e-02 
1.425563e-02 
1.249152e-02 
1.039091e-02 
8.239307e-03 
6.240663e-03 
4.384780e-03 
2.671656e-03 
1.152279e-03 
-1.121688e-04 
-1.172674e-03 
-2.019038e-03 
-2.651262e-03 
-3.110134e-03 
-3.518021e-03 
-3.925907e-03 
-4.303202e-03 
-4.609117e-03 
-4.935426e-03 
-5.302524e-03 
-5.588045e-03 
-5.710411e-03 
-5.771594e-03 
-5.904157e-03 
-5.975537e-03 
-5.741002e-03 
-5.129173e-03 
-4.343991e-03 
-3.619993e-03 
-3.079543e-03 
-2.681854e-03 
-2.355544e-03 
-1.998644e-03 
-1.611152e-03 
-1.346025e-03 
-1.386814e-03 
-1.743715e-03 
-2.171996e-03 
-2.559488e-03 
-3.099937e-03 
-3.987090e-03 
-5.108778e-03 
-6.169283e-03 
-7.046239e-03 
-7.923195e-03 
-8.942911e-03 
-1.008499e-02 
-1.126786e-02 
-1.250172e-02 
-1.375597e-02 
-1.492865e-02 
-1.599935e-02 
-1.708025e-02 
-1.820193e-02 
-1.912988e-02 
-1.959895e-02 
-1.962954e-02 
-1.952757e-02 
-1.945619e-02 
-1.931343e-02 
-1.897692e-02 
-1.855884e-02 
-1.828351e-02 
-1.819174e-02 
-1.815095e-02 
-1.815095e-02 
-1.827331e-02 
-1.852824e-02 
-1.879337e-02 
-1.893613e-02 
-1.902790e-02 
-1.918086e-02 
-1.939500e-02 
-1.953776e-02 
-1.953776e-02 
-1.948678e-02 
-1.946638e-02 
-1.945619e-02 
-1.935421e-02 
-1.917066e-02 
-1.897692e-02 
-1.883416e-02 
-1.872199e-02 
-1.862002e-02 
-1.852824e-02 
-1.841607e-02 
-1.824272e-02 
-1.811016e-02 
-1.823253e-02 
-1.869140e-02 
-1.929303e-02 
-1.974171e-02 
-2.004762e-02 
-2.044531e-02 
-2.103675e-02 
-2.159759e-02 
-2.188311e-02 
-2.193410e-02 
-2.193410e-02 
-2.192390e-02 
-2.179134e-02 
-2.139365e-02 
-2.072063e-02 
-1.979269e-02 
-1.858943e-02 
-1.716182e-02 
-1.565264e-02 
-1.409248e-02 
-1.238955e-02 
-1.047249e-02 
-8.494236e-03 
-6.658747e-03 
-4.955821e-03 
-3.171317e-03 
-1.121688e-03 
1.121688e-03 
3.385458e-03 
5.557453e-03 
7.627477e-03 
9.656713e-03 
1.169614e-02 
1.374577e-02 
1.575462e-02 
1.760030e-02 
1.918086e-02 
2.043511e-02 
2.132227e-02 
2.176074e-02 
2.174035e-02 
2.139365e-02 
2.090418e-02 
2.031275e-02 
1.952757e-02 
1.857923e-02 
1.772267e-02 
1.720261e-02 
1.695788e-02 
1.663157e-02 
1.600954e-02 
1.519377e-02 
1.443918e-02 
1.385794e-02 
1.336848e-02 
1.288921e-02 
1.244054e-02 
1.201226e-02 
1.160437e-02 
1.124747e-02 
1.105372e-02 
1.101294e-02 
1.103333e-02 
1.103333e-02 
1.111491e-02 
1.134944e-02 
1.170634e-02 
1.209383e-02 
1.248133e-02 
1.294020e-02 
1.336848e-02 
1.364380e-02 
1.378656e-02 
1.394972e-02 
1.412307e-02 
1.404149e-02 
1.350104e-02 
1.264448e-02 
1.177772e-02 
1.094155e-02 
1.004420e-02 
9.116263e-03 
8.341279e-03 
7.709055e-03 
6.934070e-03 
5.802185e-03 
4.547934e-03 
3.477232e-03 
2.579882e-03 
1.590757e-03 
4.486751e-04 
-6.322241e-04 
-1.498983e-03 
-2.335150e-03 
-3.375261e-03 
-4.598920e-03 
-5.873565e-03 
-7.168605e-03 
-8.586011e-03 
-1.011558e-02 
-1.160437e-02 
-1.299118e-02 
-1.436780e-02 
-1.583619e-02 
-1.735557e-02 
-1.875258e-02 
-1.989466e-02 
-2.078182e-02 
-2.154660e-02 
-2.232159e-02 
-2.311697e-02 
-2.378998e-02 
-2.416727e-02 
-2.422846e-02 
-2.413668e-02 
-2.396333e-02 
-2.363702e-02 
-2.308638e-02 
-2.243376e-02 
-2.181173e-02 
-2.121010e-02 
-2.046570e-02 
-1.955816e-02 
-1.871179e-02 
-1.813055e-02 
-1.780425e-02 
-1.756971e-02 
-1.730458e-02 
-1.705985e-02 
-1.682532e-02 
-1.652960e-02 
-1.611152e-02 
-1.558126e-02 
-1.502042e-02 
-1.445958e-02 
-1.387834e-02 
-1.319513e-02 
-1.231817e-02 
-1.129846e-02 
-1.032973e-02 
-9.575135e-03 
-8.993897e-03 
-8.422856e-03 
-7.780435e-03 
-7.188999e-03 
-6.719930e-03 
-6.271255e-03 
-5.669622e-03 
-4.894638e-03 
-4.027879e-03 
-3.110134e-03 
-2.171996e-03 
-1.325631e-03 
-7.443928e-04 
-4.180836e-04 
-1.325631e-04 
2.549291e-04 
6.424212e-04 
8.463645e-04 
8.769559e-04 
9.177446e-04 
1.182871e-03 
1.743715e-03 
2.569685e-03 
3.569007e-03 
4.721286e-03 
6.006128e-03 
7.464323e-03 
9.126460e-03 
1.105372e-02 
1.329710e-02 
1.576481e-02 
1.816115e-02 
2.019038e-02 
2.183212e-02 
2.336170e-02 
2.500344e-02 
2.659420e-02 
2.783825e-02 
2.860304e-02 
2.904152e-02 
2.928625e-02 
2.937802e-02 
2.922507e-02 
2.877639e-02 
2.801160e-02 
2.691031e-02 
2.560507e-02 
2.426925e-02 
2.303539e-02 
2.193410e-02 
2.096537e-02 
2.011900e-02 
1.931343e-02 
1.848745e-02 
1.773286e-02 
1.724340e-02 
1.705985e-02 
1.701906e-02 
1.690689e-02 
1.676413e-02 
1.672335e-02 
1.683551e-02 
1.702926e-02 
1.715163e-02 
1.704966e-02 
1.662137e-02 
1.599935e-02 
1.553028e-02 
1.538752e-02 
1.540791e-02 
1.530594e-02 
1.513259e-02 
1.518357e-02 
1.555067e-02 
1.605033e-02 
1.652960e-02 
1.705985e-02 
1.760030e-02 
1.792661e-02 
1.788582e-02 
1.761050e-02 
1.734537e-02 
1.704966e-02 
1.652960e-02 
1.573422e-02 
1.473490e-02 
1.355203e-02 
1.206324e-02 
1.023795e-02 
8.188321e-03 
6.057114e-03 
3.905513e-03 
1.702926e-03 
-6.016326e-04 
-2.957177e-03 
-5.139370e-03 
-6.893282e-03 
-8.198518e-03 
-9.422178e-03 
-1.085998e-02 
-1.233857e-02 
-1.341947e-02 
-1.400070e-02 
-1.440859e-02 
-1.500003e-02 
-1.580560e-02 
-1.676413e-02 
-1.777365e-02 
-1.867100e-02 
-1.928283e-02 
-1.973151e-02 
-2.036373e-02 
-2.118970e-02 
-2.173015e-02 
-2.180153e-02 
-2.190350e-02 
-2.257652e-02 
-2.343308e-02 
-2.370840e-02 
-2.345347e-02 
-2.348406e-02 
-2.412649e-02 
-2.468733e-02 
-2.455477e-02 
-2.419787e-02 
-2.439161e-02 
-2.499324e-02 
-2.521758e-02 
-2.480970e-02 
-2.442220e-02 
-2.452417e-02 
-2.485048e-02 
-2.495246e-02 
-2.499324e-02 
-2.543172e-02 
-2.640045e-02 
-2.758332e-02 
-2.878659e-02 
-3.016321e-02 
-3.186613e-02 
-3.387497e-02 
-3.595519e-02 
-3.781108e-02 
-3.922848e-02 
-4.012583e-02 
-4.061530e-02 
-4.066628e-02 
-4.001366e-02 
-3.836172e-02 
-3.584302e-02 
-3.304900e-02 
-3.045892e-02 
-2.810338e-02 
-2.579882e-02 
-2.354525e-02 
-2.158739e-02 
-2.004762e-02 
-1.871179e-02 
-1.724340e-02 
-1.556087e-02 
-1.387834e-02 
-1.238955e-02 
-1.100274e-02 
-9.462966e-03 
-7.739646e-03 
-6.128494e-03 
-4.955821e-03 
-4.150245e-03 
-3.324275e-03 
-2.253573e-03 
-1.080899e-03 
0 
1.060505e-03 
2.314756e-03 
3.783147e-03 
5.271933e-03 
6.597564e-03 
7.851815e-03 
9.187643e-03 
1.063564e-02 
1.206324e-02 
1.335828e-02 
1.451056e-02 
1.562205e-02 
1.689670e-02 
1.836509e-02 
1.986407e-02 
2.110813e-02 
2.200548e-02 
2.281105e-02 
2.385116e-02 
2.519719e-02 
2.665538e-02 
2.808298e-02 
2.945960e-02 
3.081582e-02 
3.205988e-02 
3.317137e-02 
3.429306e-02 
3.551672e-02 
3.675057e-02 
3.774989e-02 
3.839232e-02 
3.882060e-02 
3.927947e-02 
3.983012e-02 
4.038076e-02 
4.081924e-02 
4.121693e-02 
4.172679e-02 
4.238960e-02 
4.314419e-02 
4.389878e-02 
4.463298e-02 
4.531619e-02 
4.589743e-02 
4.634610e-02 
4.666221e-02 
4.681517e-02 
4.673359e-02 
4.636650e-02 
4.568329e-02 
4.469416e-02 
4.334814e-02 
4.171659e-02 
4.004426e-02 
3.864724e-02 
3.756635e-02 
3.656702e-02 
3.548612e-02 
3.447661e-02 
3.378320e-02 
3.332433e-02 
3.272269e-02 
3.168258e-02 
3.026518e-02 
2.885797e-02 
2.781786e-02 
2.711425e-02 
2.641065e-02 
2.535015e-02 
2.391235e-02 
2.232159e-02 
2.080221e-02 
1.933382e-02 
1.783484e-02 
1.629507e-02 
1.478589e-02 
1.330730e-02 
1.184910e-02 
1.044189e-02 
9.167249e-03 
7.974181e-03 
6.760718e-03 
5.475876e-03 
4.211428e-03 
3.038754e-03 
1.937461e-03 
8.973503e-04 
-3.059149e-05 
-7.443928e-04 
-1.223659e-03 
-1.631546e-03 
-2.161798e-03 
-2.906191e-03 
-3.762753e-03 
-4.639709e-03 
-5.506468e-03 
-6.495592e-03 
-7.668266e-03 
-8.902123e-03 
-1.001361e-02 
-1.099254e-02 
-1.195107e-02 
-1.302178e-02 
-1.423524e-02 
-1.557107e-02 
-1.704966e-02 
-1.862002e-02 
-2.014959e-02 
-2.158739e-02 
-2.298440e-02 
-2.443240e-02 
-2.591099e-02 
-2.731820e-02 
-2.848067e-02 
-2.928625e-02 
-2.975532e-02 
-3.001025e-02 
-3.023459e-02 
-3.042833e-02 
-3.050991e-02 
-3.050991e-02 
-3.063228e-02 
-3.097898e-02 
-3.139706e-02 
-3.160101e-02 
-3.158061e-02 
-3.146844e-02 
-3.137667e-02 
-3.128489e-02 
-3.120332e-02 
-3.124410e-02 
-3.137667e-02 
-3.135627e-02 
-3.106056e-02 
-3.057109e-02 
-3.014281e-02 
-2.983690e-02 
-2.952078e-02 
-2.904152e-02 
-2.836851e-02 
-2.758332e-02 
-2.680834e-02 
-2.609454e-02 
-2.536034e-02 
-2.441201e-02 
-2.319854e-02 
-2.186272e-02 
-2.058807e-02 
-1.940520e-02 
-1.818154e-02 
-1.696808e-02 
-1.597895e-02 
-1.533653e-02 
-1.480628e-02 
-1.410268e-02 
-1.324611e-02 
-1.256290e-02 
-1.217541e-02 
-1.181851e-02 
-1.112510e-02 
-1.015637e-02 
-9.391586e-03 
-9.116263e-03 
-9.136657e-03 
-8.993897e-03 
-8.535025e-03 
-7.933392e-03 
-7.433731e-03 
-7.076831e-03 
-6.760718e-03 
-6.403818e-03 
-5.975537e-03 
-5.547256e-03 
-5.231144e-03 
-5.159764e-03 
-5.200553e-03 
-5.067990e-03 
-4.731483e-03 
-4.476554e-03 
-4.558131e-03 
-4.772272e-03 
-4.649906e-03 
-4.109456e-03 
-3.538415e-03 
-3.273289e-03 
-3.201909e-03 
-3.038754e-03 
-2.763431e-03 
-2.559488e-03 
-2.559488e-03 
-2.590079e-03 
-2.467713e-03 
-2.151601e-03 
-1.733518e-03 
-1.254251e-03 
-7.138013e-04 
-1.019716e-04 
4.486751e-04 
7.341957e-04 
5.608439e-04 
-3.059149e-05 
-7.749843e-04 
-1.509180e-03 
-2.345347e-03 
-3.395655e-03 
-4.496948e-03 
-5.343313e-03 
-5.832777e-03 
-6.118297e-03 
-6.312043e-03 
-6.454804e-03 
-6.679141e-03 
-7.168605e-03 
-7.760040e-03 
-8.076152e-03 
-7.933392e-03 
-7.647872e-03 
-7.607083e-03 
-7.811026e-03 
-7.963984e-03 
-7.933392e-03 
-7.851815e-03 
-7.923195e-03 
-8.188321e-03 
-8.626799e-03 
-9.095869e-03 
-9.340601e-03 
-9.269220e-03 
-9.136657e-03 
-9.218235e-03 
-9.381389e-03 
-9.208037e-03 
-8.647193e-03 
-8.116941e-03 
-8.055758e-03 
-8.341279e-03 
-8.606405e-03 
-8.698179e-03 
-8.779757e-03 
-8.922517e-03 
-9.034686e-03 
-8.983700e-03 
-8.810348e-03 
-8.596208e-03 
-8.341279e-03 
-7.933392e-03 
-7.250182e-03 
-6.322241e-03 
-5.363707e-03 
-4.690695e-03 
-4.343991e-03 
-4.048273e-03 
-3.477232e-03 
-2.661459e-03 
-1.794701e-03 
-8.769559e-04 
3.263092e-04 
1.896672e-03 
3.640387e-03 
5.312721e-03 
6.893282e-03 
8.463645e-03 
9.921839e-03 
1.116589e-02 
1.223659e-02 
1.325631e-02 
1.418425e-02 
1.489805e-02 
1.540791e-02 
1.586678e-02 
1.631546e-02 
1.659078e-02 
1.654999e-02 
1.627467e-02 
1.590757e-02 
1.542831e-02 
1.475529e-02 
1.389873e-02 
1.302178e-02 
1.226719e-02 
1.159417e-02 
1.089057e-02 
1.010539e-02 
9.320206e-03 
8.596208e-03 
7.882406e-03 
7.056436e-03 
6.159086e-03 
5.424890e-03 
5.108778e-03 
5.210750e-03 
5.588045e-03 
6.159086e-03 
6.995253e-03 
8.096547e-03 
9.279418e-03 
1.032973e-02 
1.122708e-02 
1.217541e-02 
1.323592e-02 
1.427603e-02 
1.522436e-02 
1.618290e-02 
1.731478e-02 
1.852824e-02 
1.964993e-02 
2.063906e-02 
2.162818e-02 
2.257652e-02 
2.320874e-02 
2.322914e-02 
2.264790e-02 
2.162818e-02 
2.022097e-02 
1.845686e-02 
1.650921e-02 
1.466352e-02 
1.300138e-02 
1.133924e-02 
9.554741e-03 
7.851815e-03 
6.495592e-03 
5.404496e-03 
4.313400e-03 
3.171317e-03 
2.151601e-03 
1.346025e-03 
6.220269e-04 
-1.733518e-04 
-9.483361e-04 
-1.529574e-03 
-1.906869e-03 
-2.273967e-03 
-2.722642e-03 
-3.232500e-03 
-3.793344e-03 
-4.445963e-03 
-5.210750e-03 
-5.965340e-03 
-6.577170e-03 
-6.995253e-03 
-7.280774e-03 
-7.403140e-03 
-7.331760e-03 
-7.097225e-03 
-6.852493e-03 
-6.750521e-03 
-6.862690e-03 
-7.117619e-03 
-7.494914e-03 
-7.994575e-03 
-8.657391e-03 
-9.493558e-03 
-1.046229e-02 
-1.152279e-02 
-1.267507e-02 
-1.390893e-02 
-1.520397e-02 
-1.653980e-02 
-1.787563e-02 
-1.917066e-02 
-2.040452e-02 
-2.162818e-02 
-2.293342e-02 
-2.429984e-02 
-2.557448e-02 
-2.659420e-02 
-2.730800e-02 
-2.775668e-02 
-2.785865e-02 
-2.749155e-02 
-2.674716e-02 
-2.596197e-02 
-2.531955e-02 
-2.468733e-02 
-2.389195e-02 
-2.302519e-02 
-2.225021e-02 
-2.145483e-02 
-2.028216e-02 
-1.857923e-02 
-1.662137e-02 
-1.469411e-02 
-1.285862e-02 
-1.103333e-02 
-9.299812e-03 
-7.831421e-03 
-6.597564e-03 
-5.404496e-03 
-4.180836e-03 
-3.099937e-03 
-2.212784e-03 
-1.376617e-03 
-4.486751e-04 
5.404496e-04 
1.407208e-03 
2.008841e-03 
2.273967e-03 
2.161798e-03 
1.621349e-03 
7.138013e-04 
-4.384780e-04 
-1.580560e-03 
-2.488108e-03 
-2.987769e-03 
-3.099937e-03 
-3.008163e-03 
-2.814417e-03 
-2.457516e-03 
-1.886475e-03 
-1.182871e-03 
-4.588723e-04 
2.855205e-04 
1.172674e-03 
2.212784e-03 
3.375261e-03 
4.660103e-03 
6.138692e-03 
7.698857e-03 
9.065277e-03 
1.000342e-02 
1.057446e-02 
1.107412e-02 
1.174713e-02 
1.262409e-02 
1.365400e-02 
1.481648e-02 
1.609112e-02 
1.749833e-02 
1.900751e-02 
2.056768e-02 
2.213804e-02 
2.372880e-02 
2.533995e-02 
2.691031e-02 
2.828693e-02 
2.943921e-02 
3.046912e-02 
3.151943e-02 
3.252895e-02 
3.324275e-02 
3.357925e-02 
3.367103e-02 
3.372202e-02 
3.370162e-02 
3.334472e-02 
3.257993e-02 
3.160101e-02 
3.073425e-02 
3.007143e-02 
2.946980e-02 
2.879679e-02 
2.808298e-02 
2.744056e-02 
2.691031e-02 
2.647183e-02 
2.611493e-02 
2.595178e-02 
2.608434e-02 
2.642085e-02 
2.670637e-02 
2.678794e-02 
2.681854e-02 
2.698169e-02 
2.717544e-02 
2.709386e-02 
2.662479e-02 
2.603335e-02 
2.555409e-02 
2.515640e-02 
2.467713e-02 
2.423865e-02 
2.407550e-02 
2.410609e-02 
2.394294e-02 
2.345347e-02 
2.283145e-02 
2.217883e-02 
2.124069e-02 
1.977230e-02 
1.797760e-02 
1.631546e-02 
1.494904e-02 
1.369479e-02 
1.239975e-02 
1.100274e-02 
9.462966e-03 
7.678463e-03 
5.659425e-03 
3.569007e-03 
1.539771e-03 
-3.976893e-04 
-2.192390e-03 
-3.691373e-03 
-4.751878e-03 
-5.282130e-03 
-5.210750e-03 
-4.527540e-03 
-3.497627e-03 
-2.508502e-03 
-1.723320e-03 
-1.101294e-03 
-6.220269e-04 
-4.078865e-04 
-4.690695e-04 
-6.424212e-04 
-1.050308e-03 
-1.978249e-03 
-3.354866e-03 
-4.445963e-03 
-4.751878e-03 
-4.680497e-03 
-4.945624e-03 
-5.506468e-03 
-5.741002e-03 
-5.639031e-03 
-6.036720e-03 
-7.413337e-03 
-9.106066e-03 
-1.020736e-02 
-1.080899e-02 
-1.164516e-02 
-1.296059e-02 
-1.420465e-02 
-1.502042e-02 
-1.571383e-02 
-1.665197e-02 
-1.769208e-02 
-1.846706e-02 
-1.902790e-02 
-1.973151e-02 
-2.073083e-02 
-2.187291e-02 
-2.316795e-02 
-2.477910e-02 
-2.665538e-02 
-2.833791e-02 
-2.936783e-02 
-2.967374e-02 
-2.949019e-02 
-2.889876e-02 
-2.780766e-02 
-2.626789e-02 
-2.466694e-02 
-2.340249e-02 
-2.253573e-02 
-2.180153e-02 
-2.103675e-02 
-2.037393e-02 
-2.001703e-02 
-1.996604e-02 
-2.004762e-02 
-2.012920e-02 
-2.028216e-02 
-2.057787e-02 
-2.101635e-02 
-2.151601e-02 
-2.207686e-02 
-2.262750e-02 
-2.308638e-02 
-2.332091e-02 
-2.344328e-02 
-2.365742e-02 
-2.410609e-02 
-2.460575e-02 
-2.490147e-02 
-2.495246e-02 
-2.499324e-02 
-2.517679e-02 
-2.533995e-02 
-2.517679e-02 
-2.462615e-02 
-2.386136e-02 
-2.307618e-02 
-2.233179e-02 
-2.162818e-02 
-2.103675e-02 
-2.055748e-02 
-2.007821e-02 
-1.947658e-02 
-1.880357e-02 
-1.818154e-02 
-1.755951e-02 
-1.679473e-02 
-1.585659e-02 
-1.488786e-02 
-1.395991e-02 
-1.297079e-02 
-1.184910e-02 
-1.062544e-02 
-9.310009e-03 
-7.851815e-03 
-6.240663e-03 
-4.649906e-03 
-3.252895e-03 
-2.008841e-03 
-7.036042e-04 
7.647872e-04 
2.324953e-03 
3.925907e-03 
5.618636e-03 
7.362351e-03 
9.024488e-03 
1.040111e-02 
1.143102e-02 
1.216521e-02 
1.265468e-02 
1.297079e-02 
1.323592e-02 
1.369479e-02 
1.446977e-02 
1.546909e-02 
1.642763e-02 
1.718222e-02 
1.783484e-02 
1.866081e-02 
1.985387e-02 
2.135286e-02 
2.300480e-02 
2.477910e-02 
2.667578e-02 
2.855205e-02 
3.014281e-02 
3.131548e-02 
3.231481e-02 
3.342630e-02 
3.467035e-02 
3.574105e-02 
3.641407e-02 
3.671998e-02 
3.683215e-02 
3.677097e-02 
3.644466e-02 
3.576145e-02 
3.475193e-02 
3.355886e-02 
3.244737e-02 
3.160101e-02 
3.099937e-02 
3.043853e-02 
2.977571e-02 
2.916388e-02 
2.887836e-02 
2.898033e-02 
2.929645e-02 
2.955138e-02 
2.957177e-02 
2.927605e-02 
2.860304e-02 
2.762411e-02 
2.651262e-02 
2.541133e-02 
2.437122e-02 
2.341268e-02 
2.271928e-02 
2.242356e-02 
2.233179e-02 
2.203607e-02 
2.131207e-02 
2.033314e-02 
1.949697e-02 
1.904830e-02 
1.894633e-02 
1.902790e-02 
1.922165e-02 
1.947658e-02 
1.971111e-02 
1.968052e-02 
1.918086e-02 
1.813055e-02 
1.661118e-02 
1.473490e-02 
1.252212e-02 
1.001361e-02 
7.362351e-03 
4.802863e-03 
2.426925e-03 
1.631546e-04 
-1.998644e-03 
-3.885119e-03 
-5.302524e-03 
-6.505789e-03 
-8.035364e-03 
-1.022775e-02 
-1.280764e-02 
-1.520397e-02 
-1.709044e-02 
-1.859962e-02 
-1.998644e-02 
-2.135286e-02 
-2.254593e-02 
-2.328012e-02 
-2.344328e-02 
-2.335150e-02 
-2.361663e-02 
-2.458536e-02 
-2.595178e-02 
-2.724682e-02 
-2.856225e-02 
-3.040794e-02 
-3.277368e-02 
-3.493548e-02 
-3.636308e-02 
-3.744398e-02 
-3.875941e-02 
-4.014623e-02 
-4.096200e-02 
-4.114555e-02 
-4.122713e-02 
-4.134949e-02 
-4.102318e-02 
-4.008504e-02 
-3.907553e-02 
-3.846370e-02 
-3.789265e-02 
-3.687294e-02 
-3.573086e-02 
-3.514962e-02 
-3.504765e-02 
-3.460917e-02 
-3.353847e-02 
-3.243717e-02 
-3.186613e-02 
-3.156022e-02 
-3.091780e-02 
-2.992867e-02 
-2.906191e-02 
-2.860304e-02 
-2.838890e-02 
-2.816456e-02 
-2.787904e-02 
-2.751194e-02 
-2.699189e-02 
-2.620671e-02 
-2.516660e-02 
-2.394294e-02 
-2.268869e-02 
-2.154660e-02 
-2.061866e-02 
-1.985387e-02 
-1.910948e-02 
-1.826312e-02 
-1.735557e-02 
-1.654999e-02 
-1.590757e-02 
-1.522436e-02 
-1.423524e-02 
-1.295040e-02 
-1.173693e-02 
-1.089057e-02 
-1.021756e-02 
-9.208037e-03 
-7.698857e-03 
-6.016326e-03 
-4.578526e-03 
-3.395655e-03 
-2.263770e-03 
-1.152279e-03 
-1.529574e-04 
8.259701e-04 
1.947658e-03 
3.222303e-03 
4.445963e-03 
5.516665e-03 
6.515987e-03 
7.545900e-03 
8.626799e-03 
9.717896e-03 
1.082939e-02 
1.202245e-02 
1.342966e-02 
1.512239e-02 
1.698847e-02 
1.864041e-02 
1.974171e-02 
2.026176e-02 
2.038413e-02 
2.020058e-02 
1.968052e-02 
1.902790e-02 
1.872199e-02 
1.909928e-02 
2.001703e-02 
2.114891e-02 
2.238277e-02 
2.364722e-02 
2.449358e-02 
2.425905e-02 
2.282125e-02 
2.080221e-02 
1.898712e-02 
1.759010e-02 
1.641743e-02 
1.547929e-02 
1.502042e-02 
1.506121e-02 
1.522436e-02 
1.510200e-02 
1.466352e-02 
1.413327e-02 
1.357242e-02 
1.294020e-02 
1.243034e-02 
1.234876e-02 
1.273626e-02 
1.328690e-02 
1.378656e-02 
1.434741e-02 
1.507141e-02 
1.580560e-02 
1.631546e-02 
1.660098e-02 
1.679473e-02 
1.682532e-02 
1.651940e-02 
1.586678e-02 
1.507141e-02 
1.424544e-02 
1.329710e-02 
1.214482e-02 
1.084978e-02 
9.564938e-03 
8.269898e-03 
6.913676e-03 
5.496270e-03 
4.099259e-03 
2.712445e-03 
1.284842e-03 
-2.141404e-04 
-1.713123e-03 
-3.130529e-03 
-4.384780e-03 
-5.404496e-03 
-6.189677e-03 
-6.862690e-03 
-7.525506e-03 
-8.188321e-03 
-8.820545e-03 
-9.493558e-03 
-1.027874e-02 
-1.112510e-02 
-1.188989e-02 
-1.252212e-02 
-1.308296e-02 
-1.357242e-02 
-1.386814e-02 
-1.382735e-02 
-1.348065e-02 
-1.303197e-02 
-1.266488e-02 
-1.247113e-02 
-1.248133e-02 
-1.269547e-02 
-1.301158e-02 
-1.327671e-02 
-1.343986e-02 
-1.357242e-02 
-1.371518e-02 
-1.371518e-02 
-1.346025e-02 
-1.309316e-02 
-1.288921e-02 
-1.296059e-02 
-1.315434e-02 
-1.338887e-02 
-1.374577e-02 
-1.438820e-02 
-1.523456e-02 
-1.598915e-02 
-1.641743e-02 
-1.644802e-02 
-1.615230e-02 
-1.568324e-02 
-1.525495e-02 
-1.510200e-02 
-1.524476e-02 
-1.547929e-02 
-1.555067e-02 
-1.537732e-02 
-1.497963e-02 
-1.433721e-02 
-1.342966e-02 
-1.230797e-02 
-1.106392e-02 
-9.728093e-03 
-8.361673e-03 
-7.158408e-03 
-6.261058e-03 
-5.628833e-03 
-5.006807e-03 
-4.313400e-03 
-3.732161e-03 
-3.436444e-03 
-3.283486e-03 
-2.977571e-03 
-2.355544e-03 
-1.549969e-03 
-6.730127e-04 
2.651262e-04 
1.356223e-03 
2.630868e-03 
4.048273e-03 
5.526862e-03 
6.974859e-03 
8.269898e-03 
9.289615e-03 
1.004420e-02 
1.067643e-02 
1.129846e-02 
1.198167e-02 
1.275665e-02 
1.369479e-02 
1.479608e-02 
1.594836e-02 
1.705985e-02 
1.819174e-02 
1.949697e-02 
2.096537e-02 
2.241336e-02 
2.370840e-02 
2.495246e-02 
2.632907e-02 
2.784845e-02 
2.934743e-02 
3.064247e-02 
3.165199e-02 
3.239638e-02 
3.293683e-02 
3.335492e-02 
3.370162e-02 
3.390556e-02 
3.392596e-02 
3.378320e-02 
3.354866e-02 
3.322235e-02 
3.273289e-02 
3.204968e-02 
3.125430e-02 
3.041813e-02 
2.953098e-02 
2.857245e-02 
2.759352e-02 
2.672676e-02 
2.599257e-02 
2.535015e-02 
2.473832e-02 
2.409589e-02 
2.337190e-02 
2.248474e-02 
2.137325e-02 
2.008841e-02 
1.870160e-02 
1.730458e-02 
1.595856e-02 
1.466352e-02 
1.336848e-02 
1.195107e-02 
1.045209e-02 
8.983700e-03 
7.698857e-03 
6.628155e-03 
5.730805e-03 
4.874243e-03 
3.956499e-03 
2.946980e-03 
1.917066e-03 
9.585332e-04 
6.118297e-05 
-9.381389e-04 
-2.151601e-03 
-3.487429e-03 
-4.731483e-03 
-5.832777e-03 
-6.913676e-03 
-8.076152e-03 
-9.238629e-03 
-1.025835e-02 
-1.103333e-02 
-1.157378e-02 
-1.193068e-02 
-1.220600e-02 
-1.244054e-02 
-1.260369e-02 
-1.265468e-02 
-1.277704e-02 
-1.316454e-02 
-1.374577e-02 
-1.421484e-02 
-1.452076e-02 
-1.506121e-02 
-1.615230e-02 
-1.754932e-02 
-1.870160e-02 
-1.955816e-02 
-2.057787e-02 
-2.188311e-02 
-2.299460e-02 
-2.351466e-02 
-2.380018e-02 
-2.446299e-02 
-2.552350e-02 
-2.651262e-02 
-2.728761e-02 
-2.822574e-02 
-2.959216e-02 
-3.101977e-02 
-3.199869e-02 
-3.243717e-02 
-3.255954e-02 
-3.244737e-02 
-3.197830e-02 
-3.111154e-02 
-3.004084e-02 
-2.894974e-02 
-2.788924e-02 
-2.686952e-02 
-2.588040e-02 
-2.493206e-02 
-2.403471e-02 
-2.316795e-02 
-2.222981e-02 
-2.113872e-02 
-1.996604e-02 
-1.897692e-02 
-1.838548e-02 
-1.805917e-02 
-1.771247e-02 
-1.721281e-02 
-1.663157e-02 
-1.599935e-02 
-1.522436e-02 
-1.428622e-02 
-1.337868e-02 
-1.259350e-02 
-1.190009e-02 
-1.124747e-02 
-1.076820e-02 
-1.053367e-02 
-1.039091e-02 
-1.006460e-02 
-9.513952e-03 
-8.932714e-03 
-8.422856e-03 
-7.912998e-03 
-7.250182e-03 
-6.505789e-03 
-5.832777e-03 
-5.261736e-03 
-4.690695e-03 
-3.895316e-03 
-2.732839e-03 
-1.233857e-03 
4.282808e-04 
2.100615e-03 
3.783147e-03 
5.506468e-03 
7.168605e-03 
8.524828e-03 
9.534347e-03 
1.044189e-02 
1.146161e-02 
1.246093e-02 
1.320532e-02 
1.381715e-02 
1.471450e-02 
1.607073e-02 
1.756971e-02 
1.880357e-02 
1.969072e-02 
2.046570e-02 
2.118970e-02 
2.169956e-02 
2.191370e-02 
2.198508e-02 
2.217883e-02 
2.268869e-02 
2.359623e-02 
2.489127e-02 
2.635966e-02 
2.771589e-02 
2.881718e-02 
2.979611e-02 
3.068326e-02 
3.129509e-02 
3.135627e-02 
3.091780e-02 
3.026518e-02 
2.959216e-02 
2.878659e-02 
2.770569e-02 
2.646164e-02 
2.526857e-02 
2.413668e-02 
2.294361e-02 
2.165877e-02 
2.039432e-02 
1.923185e-02 
1.819174e-02 
1.730458e-02 
1.668256e-02 
1.625428e-02 
1.579540e-02 
1.514279e-02 
1.439839e-02 
1.374577e-02 
1.314414e-02 
1.236916e-02 
1.140043e-02 
1.046229e-02 
9.626121e-03 
8.728771e-03 
7.637674e-03 
6.475198e-03 
5.486073e-03 
4.639709e-03 
3.732161e-03 
2.651262e-03 
1.611152e-03 
7.953786e-04 
1.325631e-04 
-6.322241e-04 
-1.560166e-03 
-2.539093e-03 
-3.446641e-03 
-4.303202e-03 
-5.210750e-03 
-6.199875e-03 
-7.229788e-03 
-8.280096e-03 
-9.422178e-03 
-1.066623e-02 
-1.195107e-02 
-1.321552e-02 
-1.441879e-02 
-1.555067e-02 
-1.654999e-02 
-1.739636e-02 
-1.816115e-02 
-1.887495e-02 
-1.944599e-02 
-1.975190e-02 
-1.985387e-02 
-2.001703e-02 
-2.029235e-02 
-2.043511e-02 
-2.023117e-02 
-1.983348e-02 
-1.955816e-02 
-1.940520e-02 
-1.911968e-02 
-1.857923e-02 
-1.798779e-02 
-1.755951e-02 
-1.716182e-02 
-1.654999e-02 
-1.573422e-02 
-1.494904e-02 
-1.428622e-02 
-1.362341e-02 
-1.291980e-02 
-1.225699e-02 
-1.166555e-02 
-1.096195e-02 
-9.962627e-03 
-8.718574e-03 
-7.454126e-03 
-6.312043e-03 
-5.251538e-03 
-4.150245e-03 
-3.018360e-03 
-2.029235e-03 
-1.325631e-03 
-9.279418e-04 
-6.730127e-04 
-3.772950e-04 
1.019716e-05 
4.180836e-04 
8.463645e-04 
1.376617e-03 
2.070024e-03 
2.845008e-03 
3.538415e-03 
4.129851e-03 
4.721286e-03 
5.384102e-03 
6.046917e-03 
6.587367e-03 
6.944267e-03 
7.178802e-03 
7.341957e-03 
7.505111e-03 
7.709055e-03 
8.076152e-03 
8.647193e-03 
9.371192e-03 
1.014618e-02 
1.090077e-02 
1.163496e-02 
1.238955e-02 
1.317473e-02 
1.387834e-02 
1.440859e-02 
1.477569e-02 
1.515298e-02 
1.568324e-02 
1.625428e-02 
1.658059e-02 
1.656019e-02 
1.640723e-02 
1.633585e-02 
1.625428e-02 
1.593816e-02 
1.541811e-02 
1.497963e-02 
1.481648e-02 
1.479608e-02 
1.474510e-02 
1.471450e-02 
1.484707e-02 
1.510200e-02 
1.528555e-02 
1.531614e-02 
1.529574e-02 
1.531614e-02 
1.533653e-02 
1.527535e-02 
1.510200e-02 
1.484707e-02 
1.458194e-02 
1.433721e-02 
1.415366e-02 
1.397011e-02 
1.366420e-02 
1.316454e-02 
1.253231e-02 
1.190009e-02 
1.135964e-02 
1.089057e-02 
1.041130e-02 
9.901444e-03 
9.391586e-03 
8.953108e-03 
8.616602e-03 
8.280096e-03 
7.729449e-03 
6.883084e-03 
5.802185e-03 
4.629512e-03 
3.467035e-03 
2.365742e-03 
1.366420e-03 
5.098581e-04 
-1.835489e-04 
-7.036042e-04 
-1.050308e-03 
-1.295040e-03 
-1.468391e-03 
-1.519377e-03 
-1.437800e-03 
-1.335828e-03 
-1.407208e-03 
-1.743715e-03 
-2.171996e-03 
-2.508502e-03 
-2.824614e-03 
-3.324275e-03 
-4.058471e-03 
-4.782469e-03 
-5.312721e-03 
-5.700214e-03 
-6.179480e-03 
-6.811704e-03 
-7.443928e-03 
-8.025167e-03 
-8.687982e-03 
-9.595530e-03 
-1.067643e-02 
-1.175733e-02 
-1.271586e-02 
-1.359282e-02 
-1.445958e-02 
-1.530594e-02 
-1.610132e-02 
-1.684571e-02 
-1.753912e-02 
-1.819174e-02 
-1.887495e-02 
-1.954796e-02 
-2.007821e-02 
-2.033314e-02 
-2.039432e-02 
-2.051669e-02 
-2.079201e-02 
-2.105714e-02 
-2.119990e-02 
-2.135286e-02 
-2.169956e-02 
-2.213804e-02 
-2.243376e-02 
-2.251533e-02 
-2.250514e-02 
-2.243376e-02 
-2.210745e-02 
-2.152621e-02 
-2.097556e-02 
-2.067984e-02 
-2.050649e-02 
-2.020058e-02 
-1.976210e-02 
-1.942559e-02 
-1.928283e-02 
-1.914007e-02 
-1.886475e-02 
-1.856903e-02 
-1.844667e-02 
-1.844667e-02 
-1.831410e-02 
-1.796740e-02 
-1.752892e-02 
-1.713123e-02 
-1.677433e-02 
-1.636645e-02 
-1.590757e-02 
-1.552008e-02 
-1.521417e-02 
-1.489805e-02 
-1.445958e-02 
-1.392932e-02 
-1.341947e-02 
-1.294020e-02 
-1.240995e-02 
-1.174713e-02 
-1.098234e-02 
-1.011558e-02 
-9.085671e-03 
-7.943589e-03 
-6.872887e-03 
-6.036720e-03 
-5.333116e-03 
-4.507146e-03 
-3.456838e-03 
-2.304559e-03 
-1.213462e-03 
-1.937461e-04 
7.953786e-04 
1.753912e-03 
2.620671e-03 
3.385458e-03 
4.038076e-03 
4.609117e-03 
5.149567e-03 
5.700214e-03 
6.230466e-03 
6.617958e-03 
6.862690e-03 
7.066633e-03 
7.331760e-03 
7.637674e-03 
7.902801e-03 
8.157730e-03 
8.535025e-03 
9.095869e-03 
9.768881e-03 
1.046229e-02 
1.115570e-02 
1.186950e-02 
1.250172e-02 
1.299118e-02 
1.334809e-02 
1.369479e-02 
1.407208e-02 
1.440859e-02 
1.452076e-02 
1.433721e-02 
1.389873e-02 
1.328690e-02 
1.260369e-02 
1.188989e-02 
1.114550e-02 
1.032973e-02 
9.442572e-03 
8.606405e-03 
7.892603e-03 
7.219591e-03 
6.434409e-03 
5.567651e-03 
4.813061e-03 
4.303202e-03 
3.946302e-03 
3.548612e-03 
3.059149e-03 
2.549291e-03 
2.070024e-03 
1.621349e-03 
1.193068e-03 
7.545900e-04 
2.039432e-04 
-4.996609e-04 
-1.295040e-03 
-2.110813e-03 
-3.008163e-03 
-4.038076e-03 
-5.006807e-03 
-5.649228e-03 
-5.965340e-03 
-6.210072e-03 
-6.526184e-03 
-6.760718e-03 
-6.699536e-03 
-6.393621e-03 
-6.159086e-03 
-6.108100e-03 
-6.087706e-03 
-5.893960e-03 
-5.486073e-03 
-4.986412e-03 
-4.507146e-03 
-4.119654e-03 
-3.813739e-03 
-3.538415e-03 
-3.263092e-03 
-3.018360e-03 
-2.794022e-03 
-2.579882e-03 
-2.335150e-03 
-2.090418e-03 
-1.855884e-03 
-1.539771e-03 
-1.050308e-03 
-4.384780e-04 
8.157730e-05 
4.588723e-04 
7.953786e-04 
1.101294e-03 
1.274645e-03 
1.325631e-03 
1.498983e-03 
1.988447e-03 
2.559488e-03 
2.804220e-03 
2.671656e-03 
2.579882e-03 
2.885797e-03 
3.456838e-03 
3.956499e-03 
4.272611e-03 
4.670300e-03 
5.292327e-03 
6.006128e-03 
6.617958e-03 
7.158408e-03 
7.790632e-03 
8.565616e-03 
9.360995e-03 
1.013598e-02 
1.095175e-02 
1.180831e-02 
1.259350e-02 
1.317473e-02 
1.359282e-02 
1.401090e-02 
1.447997e-02 
1.484707e-02 
1.492865e-02 
1.466352e-02 
1.419445e-02 
1.370499e-02 
1.329710e-02 
1.294020e-02 
1.261389e-02 
1.237935e-02 
1.225699e-02 
1.222640e-02 
1.221620e-02 
1.216521e-02 
1.209383e-02 
1.204285e-02 
1.195107e-02 
1.165536e-02 
1.107412e-02 
1.028894e-02 
9.534347e-03 
8.953108e-03 
8.473842e-03 
7.933392e-03 
7.341957e-03 
6.842296e-03 
6.495592e-03 
6.230466e-03 
5.934748e-03 
5.659425e-03 
5.435087e-03 
5.220947e-03 
4.884441e-03 
4.466357e-03 
4.099259e-03 
3.803541e-03 
3.497627e-03 
3.059149e-03 
2.539093e-03 
1.988447e-03 
1.427603e-03 
8.157730e-04 
1.529574e-04 
-5.914354e-04 
-1.529574e-03 
-2.722642e-03 
-4.048273e-03 
-5.312721e-03 
-6.485395e-03 
-7.739646e-03 
-9.187643e-03 
-1.069682e-02 
-1.204285e-02 
-1.301158e-02 
-1.360301e-02 
-1.392932e-02 
-1.418425e-02 
-1.443918e-02 
-1.453096e-02 
-1.422504e-02 
-1.358262e-02 
-1.293000e-02 
-1.252212e-02 
-1.217541e-02 
-1.159417e-02 
-1.079879e-02 
-1.018696e-02 
-9.962627e-03 
-9.911642e-03 
-9.728093e-03 
-9.442572e-03 
-9.248826e-03 
-9.146854e-03 
-8.942911e-03 
-8.545222e-03 
-8.116941e-03 
-7.882406e-03 
-7.902801e-03 
-8.035364e-03 
-8.096547e-03 
-7.892603e-03 
-7.372548e-03 
-6.791310e-03 
-6.546578e-03 
-6.832099e-03 
-7.352154e-03 
-7.678463e-03 
-7.658069e-03 
-7.494914e-03 
-7.392943e-03 
-7.321562e-03 
-7.178802e-03 
-6.995253e-03 
-6.832099e-03 
-6.617958e-03 
-6.179480e-03 
-5.496270e-03 
-4.802863e-03 
-4.252217e-03 
-3.691373e-03 
-2.855205e-03 
-1.733518e-03 
-6.628155e-04 
6.118297e-05 
5.302524e-04 
1.040111e-03 
1.702926e-03 
2.304559e-03 
2.671656e-03 
2.875600e-03 
3.120332e-03 
3.507824e-03 
3.956499e-03 
4.374583e-03 
4.772272e-03 
5.108778e-03 
5.322919e-03 
5.404496e-03 
5.445285e-03 
5.526862e-03 
5.567651e-03 
5.475876e-03 
5.302524e-03 
5.159764e-03 
5.027201e-03 
4.823258e-03 
4.496948e-03 
4.201231e-03 
4.048273e-03 
3.946302e-03 
3.752556e-03 
3.467035e-03 
3.222303e-03 
3.089740e-03 
2.936783e-03 
2.661459e-03 
2.355544e-03 
2.182193e-03 
2.202587e-03 
2.294361e-03 
2.355544e-03 
2.406530e-03 
2.477910e-03 
2.579882e-03 
2.630868e-03 
2.579882e-03 
2.437122e-03 
2.182193e-03 
1.855884e-03 
1.488786e-03 
1.131885e-03 
7.851815e-04 
4.384780e-04 
6.118297e-05 
-3.467035e-04 
-7.341957e-04 
-1.029913e-03 
-1.213462e-03 
-1.325631e-03 
-1.478589e-03 
-1.753912e-03 
-2.131207e-03 
-2.508502e-03 
-2.712445e-03 
-2.661459e-03 
-2.437122e-03 
-2.202587e-03 
-2.039432e-03 
-1.855884e-03 
-1.519377e-03 
-1.101294e-03 
-7.647872e-04 
-5.812382e-04 
-4.282808e-04 
-2.243376e-04 
-9.177446e-05 
-1.325631e-04 
-2.549291e-04 
-3.365064e-04 
-4.282808e-04 
-6.424212e-04 
-8.667588e-04 
-8.871531e-04 
-7.239985e-04 
-6.118297e-04 
-5.914354e-04 
-3.874922e-04 
1.631546e-04 
7.749843e-04 
1.101294e-03 
1.203265e-03 
1.478589e-03 
2.039432e-03 
2.671656e-03 
3.252895e-03 
3.905513e-03 
4.609117e-03 
5.057792e-03 
5.078187e-03 
4.986412e-03 
5.210750e-03 
5.730805e-03 
6.189677e-03 
6.414015e-03 
6.587367e-03 
6.903479e-03 
7.321562e-03 
7.729449e-03 
8.157730e-03 
8.667588e-03 
9.136657e-03 
9.401783e-03 
9.442572e-03 
9.330403e-03 
9.095869e-03 
8.759362e-03 
8.320884e-03 
7.800829e-03 
7.250182e-03 
6.740324e-03 
6.373226e-03 
6.128494e-03 
5.893960e-03 
5.649228e-03 
5.557453e-03 
5.802185e-03 
6.230466e-03 
6.577170e-03 
6.740324e-03 
6.913676e-03 
7.188999e-03 
7.403140e-03 
7.382745e-03 
7.219591e-03 
7.117619e-03 
7.087028e-03 
6.964662e-03 
6.648550e-03 
6.271255e-03 
5.965340e-03 
5.628833e-03 
5.118975e-03 
4.558131e-03 
4.150245e-03 
3.936105e-03 
3.752556e-03 
3.518021e-03 
3.395655e-03 
3.497627e-03 
3.650584e-03 
3.670978e-03 
3.640387e-03 
3.691373e-03 
3.742359e-03 
3.589401e-03 
3.181515e-03 
2.722642e-03 
2.324953e-03 
1.855884e-03 
1.121688e-03 
1.529574e-04 
-8.157730e-04 
-1.590757e-03 
-2.039432e-03 
-2.253573e-03 
-2.498305e-03 
-2.987769e-03 
-3.609795e-03 
-4.007485e-03 
-4.078865e-03 
-4.211428e-03 
-4.762075e-03 
-5.537059e-03 
-6.108100e-03 
-6.424212e-03 
-6.852493e-03 
-7.607083e-03 
-8.494236e-03 
-9.259023e-03 
-1.000342e-02 
-1.087017e-02 
-1.174713e-02 
-1.240995e-02 
-1.286882e-02 
-1.338887e-02 
-1.400070e-02 
-1.454115e-02 
-1.493884e-02 
-1.531614e-02 
-1.576481e-02 
-1.615230e-02 
-1.630526e-02 
-1.622368e-02 
-1.601974e-02 
-1.571383e-02 
-1.526515e-02 
-1.471450e-02 
-1.417406e-02 
-1.371518e-02 
-1.336848e-02 
-1.314414e-02 
-1.305237e-02 
-1.303197e-02 
-1.296059e-02 
-1.277704e-02 
-1.254251e-02 
-1.229778e-02 
-1.200206e-02 
-1.153299e-02 
-1.085998e-02 
-1.005440e-02 
-9.208037e-03 
-8.402462e-03 
-7.627477e-03 
-6.883084e-03 
-6.179480e-03 
-5.537059e-03 
-4.996609e-03 
-4.517343e-03 
-4.068668e-03 
-3.579204e-03 
-3.048951e-03 
-2.467713e-03 
-1.845686e-03 
-1.193068e-03 
-4.996609e-04 
2.141404e-04 
9.993219e-04 
1.876278e-03 
2.824614e-03 
3.803541e-03 
4.782469e-03 
5.822580e-03 
6.954465e-03 
8.086350e-03 
9.116263e-03 
1.006460e-02 
1.105372e-02 
1.218561e-02 
1.333789e-02 
1.434741e-02 
1.522436e-02 
1.609112e-02 
1.704966e-02 
1.804898e-02 
1.900751e-02 
1.989466e-02 
2.079201e-02 
2.177094e-02 
2.280085e-02 
2.384097e-02 
2.475871e-02 
2.548271e-02 
2.608434e-02 
2.668597e-02 
2.732839e-02 
2.787904e-02 
2.818496e-02 
2.825634e-02 
2.824614e-02 
2.828693e-02 
2.831752e-02 
2.817476e-02 
2.773628e-02 
2.705307e-02 
2.628828e-02 
2.550310e-02 
2.463634e-02 
2.353505e-02 
2.227060e-02 
2.106734e-02 
2.012920e-02 
1.935421e-02 
1.850785e-02 
1.748813e-02 
1.646842e-02 
1.559146e-02 
1.478589e-02 
1.386814e-02 
1.279744e-02 
1.176753e-02 
1.096195e-02 
1.043170e-02 
1.005440e-02 
9.717896e-03 
9.259023e-03 
8.586011e-03 
7.770238e-03 
7.025845e-03 
6.485395e-03 
6.006128e-03 
5.343313e-03 
4.425568e-03 
3.477232e-03 
2.763431e-03 
2.304559e-03 
1.927264e-03 
1.509180e-03 
9.993219e-04 
3.976893e-04 
-3.772950e-04 
-1.366420e-03 
-2.477910e-03 
-3.548612e-03 
-4.517343e-03 
-5.526862e-03 
-6.781113e-03 
-8.290293e-03 
-9.758684e-03 
-1.088037e-02 
-1.167575e-02 
-1.253231e-02 
-1.375597e-02 
-1.522436e-02 
-1.653980e-02 
-1.748813e-02 
-1.829371e-02 
-1.924204e-02 
-2.032294e-02 
-2.125089e-02 
-2.191370e-02 
-2.251533e-02 
-2.322914e-02 
-2.395313e-02 
-2.450378e-02 
-2.498305e-02 
-2.562547e-02 
-2.630868e-02 
-2.658400e-02 
-2.633927e-02 
-2.606395e-02 
-2.617612e-02 
-2.640045e-02 
-2.619651e-02 
-2.559488e-02 
-2.516660e-02 
-2.506462e-02 
-2.480970e-02 
-2.402451e-02 
-2.313736e-02 
-2.278046e-02 
-2.282125e-02 
-2.255612e-02 
-2.176074e-02 
-2.096537e-02 
-2.062886e-02 
-2.051669e-02 
-2.015979e-02 
-1.949697e-02 
-1.882396e-02 
-1.830391e-02 
-1.780425e-02 
-1.721281e-02 
-1.656019e-02 
-1.592797e-02 
-1.534673e-02 
-1.486746e-02 
-1.445958e-02 
-1.399051e-02 
-1.332769e-02 
-1.253231e-02 
-1.180831e-02 
-1.127806e-02 
-1.079879e-02 
-1.019716e-02 
-9.503755e-03 
-8.810348e-03 
-8.127138e-03 
-7.260379e-03 
-6.046917e-03 
-4.598920e-03 
-3.242698e-03 
-2.222981e-03 
-1.376617e-03 
-3.569007e-04 
8.769559e-04 
2.049630e-03 
2.957177e-03 
3.721964e-03 
4.537737e-03 
5.333116e-03 
5.873565e-03 
6.199875e-03 
6.566972e-03 
7.015648e-03 
7.331760e-03 
7.423534e-03 
7.454126e-03 
7.556097e-03 
7.596886e-03 
7.474520e-03 
7.382745e-03 
7.556097e-03 
7.923195e-03 
8.178124e-03 
8.208716e-03 
8.086350e-03 
7.923195e-03 
7.627477e-03 
7.148211e-03 
6.597564e-03 
6.097903e-03 
5.639031e-03 
5.149567e-03 
4.578526e-03 
3.966696e-03 
3.334472e-03 
2.681854e-03 
2.029235e-03 
1.427603e-03 
8.871531e-04 
4.486751e-04 
1.223659e-04 
-1.121688e-04 
-2.855205e-04 
-3.161120e-04 
-9.177446e-05 
3.059149e-04 
5.098581e-04 
2.651262e-04 
-2.447319e-04 
-6.832099e-04 
-9.789276e-04 
-1.397011e-03 
-2.049630e-03 
-2.702248e-03 
-3.110134e-03 
-3.405852e-03 
-3.864724e-03 
-4.445963e-03 
-4.813061e-03 
-4.823258e-03 
-4.700892e-03 
-4.731483e-03 
-4.976215e-03 
-5.292327e-03 
-5.567651e-03 
-5.791988e-03 
-5.924551e-03 
-5.924551e-03 
-5.832777e-03 
-5.741002e-03 
-5.628833e-03 
-5.465679e-03 
-5.322919e-03 
-5.322919e-03 
-5.435087e-03 
-5.496270e-03 
-5.445285e-03 
-5.404496e-03 
-5.547256e-03 
-5.751199e-03 
-5.781791e-03 
-5.537059e-03 
-5.180158e-03 
-4.894638e-03 
-4.660103e-03 
-4.333794e-03 
-3.874922e-03 
-3.395655e-03 
-2.967374e-03 
-2.569685e-03 
-2.090418e-03 
-1.570363e-03 
-1.070702e-03 
-5.914354e-04 
-4.078865e-05 
6.934070e-04 
1.539771e-03 
2.365742e-03 
3.110134e-03 
3.864724e-03 
4.741680e-03 
5.710411e-03 
6.689338e-03 
7.596886e-03 
8.371870e-03 
8.973503e-03 
9.473164e-03 
9.972825e-03 
1.047249e-02 
1.081919e-02 
1.094155e-02 
1.101294e-02 
1.119648e-02 
1.136984e-02 
1.120668e-02 
1.065603e-02 
1.008499e-02 
9.768881e-03 
9.513952e-03 
9.034686e-03 
8.331081e-03 
7.719252e-03 
7.341957e-03 
6.995253e-03 
6.485395e-03 
5.924551e-03 
5.537059e-03 
5.384102e-03 
5.302524e-03 
5.180158e-03 
4.976215e-03 
4.721286e-03 
4.415371e-03 
4.078865e-03 
3.742359e-03 
3.426246e-03 
3.120332e-03 
2.834811e-03 
2.528896e-03 
2.233179e-03 
1.998644e-03 
1.906869e-03 
1.876278e-03 
1.774306e-03 
1.549969e-03 
1.407208e-03 
