1 
1.000000e-02 
-7.789314e-05 
4.398727e-04 
9.542260e-04 
1.402732e-03 
1.749335e-03 
1.889332e-03 
1.585165e-03 
8.365927e-04 
1.209687e-04 
-3.717933e-05 
4.171173e-04 
9.716875e-04 
1.150518e-03 
9.760687e-04 
7.607708e-04 
7.534146e-04 
8.767572e-04 
9.243686e-04 
6.697835e-04 
1.422649e-04 
-4.038621e-04 
-6.822598e-04 
-7.071914e-04 
-7.066074e-04 
-7.891528e-04 
-7.929227e-04 
-6.378893e-04 
-5.856389e-04 
-9.450822e-04 
-1.495528e-03 
-1.632606e-03 
-1.096276e-03 
-2.772144e-04 
2.599070e-04 
3.966656e-04 
2.601722e-04 
-1.336287e-04 
-6.915098e-04 
-1.041363e-03 
-8.683457e-04 
-4.451578e-04 
-2.890567e-04 
-3.033030e-04 
7.546755e-05 
9.462349e-04 
1.578841e-03 
1.366874e-03 
7.678612e-04 
5.842718e-04 
8.623094e-04 
9.415326e-04 
5.619994e-04 
2.343530e-04 
3.244986e-04 
4.523815e-04 
1.436175e-04 
-3.704349e-04 
-4.745911e-04 
-7.474659e-05 
3.606227e-04 
6.064189e-04 
8.749199e-04 
1.259646e-03 
1.370446e-03 
9.500021e-04 
4.812348e-04 
7.481479e-04 
1.640801e-03 
2.096206e-03 
1.412777e-03 
2.553809e-04 
-9.033571e-05 
6.579447e-04 
1.414764e-03 
1.233805e-03 
6.699900e-04 
9.917450e-04 
2.458981e-03 
3.776383e-03 
3.656234e-03 
2.294350e-03 
1.024508e-03 
7.868325e-04 
1.405124e-03 
2.128224e-03 
2.397691e-03 
2.012046e-03 
1.117227e-03 
1.458367e-04 
-2.702113e-04 
1.184910e-04 
9.369246e-04 
1.540241e-03 
1.526030e-03 
1.009485e-03 
4.622544e-04 
2.262004e-04 
2.317439e-04 
9.952309e-05 
-2.490410e-04 
-3.612769e-04 
1.358064e-04 
7.894696e-04 
8.750465e-04 
6.227100e-04 
1.013908e-03 
2.026368e-03 
2.074206e-03 
1.137664e-04 
-2.339317e-03 
-2.712523e-03 
-7.408487e-04 
1.066992e-03 
6.888580e-04 
-9.564425e-04 
-1.801786e-03 
-1.588764e-03 
-1.543647e-03 
-1.938074e-03 
-1.566740e-03 
6.897004e-05 
1.733998e-03 
2.342907e-03 
2.390134e-03 
2.656510e-03 
2.561620e-03 
1.193021e-03 
-5.688275e-04 
-8.921936e-04 
1.920183e-04 
4.879397e-04 
-1.236459e-03 
-3.190359e-03 
-2.734740e-03 
1.913307e-04 
3.204408e-03 
4.541108e-03 
4.566427e-03 
4.360421e-03 
4.193321e-03 
3.911384e-03 
3.918741e-03 
4.649558e-03 
5.543151e-03 
5.331467e-03 
3.376016e-03 
3.030098e-04 
-2.602593e-03 
-4.204866e-03 
-3.789910e-03 
-1.381628e-03 
1.978541e-03 
4.704287e-03 
5.698991e-03 
5.069704e-03 
3.807192e-03 
2.840766e-03 
2.348979e-03 
1.782752e-03 
5.101715e-04 
-1.515141e-03 
-3.597452e-03 
-4.720293e-03 
-4.450377e-03 
-3.160809e-03 
-1.728619e-03 
-8.429026e-04 
-4.882286e-04 
-3.358579e-06 
1.172503e-03 
2.670156e-03 
3.393500e-03 
2.800053e-03 
1.637939e-03 
9.918053e-04 
6.781970e-04 
-4.894969e-04 
-2.802055e-03 
-4.711755e-03 
-4.399002e-03 
-1.997112e-03 
5.170385e-04 
1.368798e-03 
5.512510e-04 
-6.394666e-04 
-8.451629e-04 
4.418881e-04 
2.574774e-03 
4.115594e-03 
3.830923e-03 
1.836453e-03 
-3.856039e-04 
-1.226763e-03 
-2.688945e-04 
1.614458e-03 
3.154519e-03 
3.633000e-03 
3.232630e-03 
2.894996e-03 
3.708865e-03 
5.877861e-03 
8.257478e-03 
9.086376e-03 
7.230190e-03 
3.108404e-03 
-1.465116e-03 
-4.356150e-03 
-4.598960e-03 
-3.125351e-03 
-1.953014e-03 
-2.030888e-03 
-2.187028e-03 
-6.805689e-04 
2.348833e-03 
4.666367e-03 
4.378504e-03 
1.767064e-03 
-1.657409e-03 
-5.069548e-03 
-8.256192e-03 
-1.019597e-02 
-9.518500e-03 
-6.676903e-03 
-4.243401e-03 
-3.861877e-03 
-3.926303e-03 
-1.726189e-03 
2.558883e-03 
5.629897e-03 
5.498659e-03 
4.026191e-03 
3.953782e-03 
4.453147e-03 
2.109428e-03 
-3.653125e-03 
-8.367097e-03 
-7.322215e-03 
-1.198729e-03 
4.697717e-03 
6.617803e-03 
6.005068e-03 
6.424519e-03 
8.653901e-03 
1.024408e-02 
9.272397e-03 
6.872579e-03 
5.561868e-03 
6.149020e-03 
7.255542e-03 
7.297539e-03 
6.246022e-03 
5.218906e-03 
5.072923e-03 
5.575082e-03 
5.932139e-03 
5.792687e-03 
5.418859e-03 
4.963735e-03 
3.978434e-03 
2.087457e-03 
1.410793e-04 
-2.819786e-04 
9.720465e-04 
1.829381e-03 
2.512866e-04 
-3.064014e-03 
-5.328683e-03 
-4.894520e-03 
-2.825334e-03 
-9.756193e-04 
6.714510e-05 
4.845777e-04 
-3.113305e-05 
-1.851566e-03 
-4.327761e-03 
-6.302087e-03 
-7.614963e-03 
-8.795472e-03 
-9.491201e-03 
-8.526560e-03 
-5.987600e-03 
-3.832040e-03 
-3.717677e-03 
-4.716574e-03 
-4.469167e-03 
-1.966252e-03 
1.692189e-03 
5.075389e-03 
7.639539e-03 
9.206968e-03 
9.113788e-03 
6.919713e-03 
3.433146e-03 
2.627006e-04 
-1.767415e-03 
-3.173955e-03 
-4.582584e-03 
-5.206094e-03 
-3.191587e-03 
2.299020e-03 
9.746746e-03 
1.610649e-02 
1.907420e-02 
1.839446e-02 
1.527100e-02 
1.113468e-02 
7.031545e-03 
3.752185e-03 
1.998797e-03 
2.382219e-03 
4.942162e-03 
8.422892e-03 
1.018878e-02 
7.922400e-03 
2.287948e-03 
-2.786829e-03 
-3.598161e-03 
-3.488479e-04 
3.283474e-03 
4.194743e-03 
2.665406e-03 
1.009275e-03 
8.274285e-04 
2.000472e-03 
3.554285e-03 
4.709580e-03 
5.178914e-03 
5.209387e-03 
4.974773e-03 
3.828260e-03 
5.361776e-04 
-4.760303e-03 
-9.274705e-03 
-9.320457e-03 
-3.983592e-03 
3.699987e-03 
9.405400e-03 
1.125173e-02 
1.063097e-02 
9.944167e-03 
1.019773e-02 
1.082283e-02 
1.087505e-02 
9.562529e-03 
6.062195e-03 
3.596550e-04 
-5.335524e-03 
-7.349817e-03 
-4.249477e-03 
8.539745e-04 
3.091223e-03 
1.264333e-03 
-1.271770e-03 
-1.521953e-03 
-7.621579e-04 
-2.111604e-03 
-5.723498e-03 
-8.726272e-03 
-9.547461e-03 
-9.667424e-03 
-1.045438e-02 
-1.032862e-02 
-6.562118e-03 
9.722041e-04 
8.994600e-03 
1.346339e-02 
1.253614e-02 
7.617878e-03 
2.394573e-03 
2.462333e-04 
1.312892e-03 
2.145217e-03 
-9.174528e-04 
-7.543613e-03 
-1.304998e-02 
-1.254367e-02 
-5.652043e-03 
2.710173e-03 
6.588040e-03 
4.513245e-03 
9.794940e-04 
1.738598e-03 
7.420245e-03 
1.280522e-02 
1.282762e-02 
8.083384e-03 
3.212444e-03 
1.043773e-03 
1.663251e-04 
-1.549144e-03 
-3.499398e-03 
-3.739704e-03 
-2.250104e-03 
-1.299276e-03 
-2.392832e-03 
-4.297972e-03 
-4.349645e-03 
-1.058556e-03 
4.648830e-03 
1.032630e-02 
1.384611e-02 
1.433010e-02 
1.183690e-02 
6.750914e-03 
3.546723e-04 
-4.393513e-03 
-4.532655e-03 
-7.165833e-04 
2.171160e-03 
-7.941464e-05 
-5.715202e-03 
-8.584947e-03 
-5.679470e-03 
-1.062506e-03 
-1.111852e-03 
-6.689392e-03 
-1.213544e-02 
-1.202294e-02 
-6.941730e-03 
-2.005241e-03 
-7.205808e-04 
-2.068086e-03 
-3.293476e-03 
-3.513129e-03 
-3.863350e-03 
-5.024089e-03 
-6.487940e-03 
-7.905322e-03 
-9.809336e-03 
-1.233780e-02 
-1.445272e-02 
-1.507864e-02 
-1.430490e-02 
-1.265130e-02 
-9.906589e-03 
-5.583613e-03 
-1.598328e-04 
5.023299e-03 
8.706232e-03 
1.000400e-02 
8.004921e-03 
2.621428e-03 
-4.308755e-03 
-1.004037e-02 
-1.383585e-02 
-1.760369e-02 
-2.279499e-02 
-2.761186e-02 
-2.862814e-02 
-2.455494e-02 
-1.670772e-02 
-6.193505e-03 
7.171535e-03 
2.178110e-02 
3.214215e-02 
3.261865e-02 
2.346220e-02 
1.122797e-02 
2.374707e-03 
-2.098585e-03 
-5.049144e-03 
-8.082092e-03 
-1.019492e-02 
-1.070830e-02 
-1.074299e-02 
-1.105391e-02 
-1.038077e-02 
-7.473040e-03 
-3.983587e-03 
-3.728660e-03 
-9.173737e-03 
-1.918509e-02 
-2.970345e-02 
-3.637612e-02 
-3.726957e-02 
-3.427774e-02 
-3.121468e-02 
-2.962096e-02 
-2.700473e-02 
-2.030688e-02 
-1.054045e-02 
-2.135625e-03 
1.997187e-03 
3.256644e-03 
5.038088e-03 
9.608033e-03 
1.747325e-02 
2.740706e-02 
3.556778e-02 
3.670597e-02 
2.903368e-02 
1.708679e-02 
7.204954e-03 
4.934723e-04 
-7.646342e-03 
-2.102017e-02 
-3.801976e-02 
-5.426974e-02 
-6.711794e-02 
-7.617942e-02 
-8.136108e-02 
-8.290674e-02 
-8.284366e-02 
-8.417046e-02 
-8.793324e-02 
-9.224472e-02 
-9.466773e-02 
-9.471022e-02 
-9.361590e-02 
-9.194688e-02 
-8.788386e-02 
-7.839967e-02 
-6.258713e-02 
-4.359883e-02 
-2.626600e-02 
-1.250522e-02 
3.373758e-05 
1.409869e-02 
2.876020e-02 
4.047174e-02 
4.731305e-02 
5.059027e-02 
5.240619e-02 
5.316320e-02 
5.170371e-02 
4.663744e-02 
3.714289e-02 
2.346129e-02 
7.199015e-03 
-8.913913e-03 
-2.188777e-02 
-2.894135e-02 
-2.812974e-02 
-2.016607e-02 
-9.480876e-03 
-1.853299e-03 
4.305120e-04 
3.073027e-04 
2.249419e-03 
7.794479e-03 
1.585648e-02 
2.602721e-02 
3.927460e-02 
5.514901e-02 
7.009077e-02 
7.969289e-02 
8.204033e-02 
7.837659e-02 
7.098685e-02 
6.095318e-02 
4.758934e-02 
2.980882e-02 
8.169529e-03 
-1.459013e-02 
-3.531440e-02 
-5.259953e-02 
-6.692554e-02 
-7.900841e-02 
-8.897768e-02 
-9.678056e-02 
-1.024158e-01 
-1.052628e-01 
-1.042960e-01 
-9.977566e-02 
-9.406639e-02 
-8.993955e-02 
-8.794063e-02 
-8.570354e-02 
-8.023842e-02 
-7.085231e-02 
-5.947990e-02 
-4.810318e-02 
-3.674479e-02 
-2.547347e-02 
-1.867153e-02 
-2.476829e-02 
-4.855712e-02 
-8.393196e-02 
-1.167407e-01 
-1.367304e-01 
-1.453879e-01 
-1.508513e-01 
-1.564673e-01 
-1.568970e-01 
-1.459447e-01 
-1.257361e-01 
-1.059374e-01 
-9.394336e-02 
-8.783361e-02 
-7.978797e-02 
-6.524549e-02 
-4.642670e-02 
-2.751188e-02 
-9.073083e-03 
1.123039e-02 
3.408779e-02 
5.684434e-02 
7.524675e-02 
8.507054e-02 
8.241295e-02 
6.550738e-02 
3.782037e-02 
8.691713e-03 
-1.062783e-02 
-1.288995e-02 
1.071767e-03 
2.246456e-02 
4.031341e-02 
5.045544e-02 
5.980279e-02 
7.965887e-02 
1.135386e-01 
1.532838e-01 
1.876118e-01 
2.122916e-01 
2.305916e-01 
2.466992e-01 
2.619194e-01 
2.760178e-01 
2.884845e-01 
2.977421e-01 
3.019545e-01 
3.013967e-01 
2.978334e-01 
2.896181e-01 
2.688337e-01 
2.260910e-01 
1.589275e-01 
7.521495e-02 
-1.099985e-02 
-8.467983e-02 
-1.304897e-01 
-1.331979e-01 
-8.575582e-02 
-1.034418e-03 
8.898298e-02 
1.537807e-01 
1.865368e-01 
2.034587e-01 
2.217220e-01 
2.430255e-01 
2.595601e-01 
2.680673e-01 
2.718717e-01 
2.726111e-01 
2.676183e-01 
2.552090e-01 
2.370871e-01 
2.150303e-01 
1.901661e-01 
1.660852e-01 
1.476645e-01 
1.351313e-01 
1.233886e-01 
1.093356e-01 
9.554572e-02 
8.412132e-02 
7.107053e-02 
5.113738e-02 
2.544745e-02 
-2.154897e-04 
-2.336133e-02 
-4.614553e-02 
-6.882663e-02 
-8.701980e-02 
-9.755702e-02 
-1.041646e-01 
-1.139624e-01 
-1.297154e-01 
-1.481928e-01 
-1.665284e-01 
-1.873275e-01 
-2.154618e-01 
-2.505432e-01 
-2.861051e-01 
-3.172907e-01 
-3.460970e-01 
-3.742454e-01 
-3.923529e-01 
-3.833522e-01 
-3.409293e-01 
-2.807881e-01 
-2.278840e-01 
-1.930432e-01 
-1.669669e-01 
-1.368753e-01 
-1.034322e-01 
-7.848543e-02 
-7.009454e-02 
-7.431309e-02 
-8.020502e-02 
-7.897836e-02 
-6.774657e-02 
-4.793076e-02 
-2.233180e-02 
7.488515e-03 
4.245546e-02 
8.341508e-02 
1.256119e-01 
1.560977e-01 
1.603156e-01 
1.336133e-01 
8.592360e-02 
3.359121e-02 
-1.282554e-02 
-5.203412e-02 
-8.562425e-02 
-1.124152e-01 
-1.300080e-01 
-1.380337e-01 
-1.371401e-01 
-1.273947e-01 
-1.105798e-01 
-9.223392e-02 
-7.709542e-02 
-6.335420e-02 
-4.517639e-02 
-2.106187e-02 
4.437214e-03 
2.805256e-02 
5.263537e-02 
8.216473e-02 
1.146498e-01 
1.427535e-01 
1.594445e-01 
1.609380e-01 
1.469335e-01 
1.221257e-01 
9.627523e-02 
7.826442e-02 
6.924498e-02 
6.407243e-02 
5.970164e-02 
5.857349e-02 
6.283108e-02 
6.863405e-02 
6.945128e-02 
6.381814e-02 
5.662866e-02 
5.238108e-02 
4.910353e-02 
4.018669e-02 
2.129708e-02 
-5.266952e-03 
-3.221049e-02 
-5.213776e-02 
-6.081815e-02 
-5.770200e-02 
-4.535005e-02 
-2.883281e-02 
-1.392804e-02 
-4.168067e-03 
6.782935e-04 
2.446964e-03 
1.386721e-03 
-3.873733e-03 
-1.288959e-02 
-2.068263e-02 
-1.945453e-02 
-3.611823e-03 
2.600454e-02 
6.151542e-02 
9.159031e-02 
1.076958e-01 
1.089324e-01 
1.014339e-01 
9.277035e-02 
8.693599e-02 
8.479022e-02 
8.821900e-02 
1.017524e-01 
1.292028e-01 
1.693972e-01 
2.155677e-01 
2.576865e-01 
2.854552e-01 
2.909703e-01 
2.721326e-01 
2.352657e-01 
1.934753e-01 
1.596166e-01 
1.385448e-01 
1.251382e-01 
1.100413e-01 
8.755832e-02 
5.820969e-02 
2.484269e-02 
-1.122833e-02 
-4.808592e-02 
-7.874946e-02 
-9.279008e-02 
-8.505754e-02 
-6.135052e-02 
-3.275340e-02 
-5.281441e-03 
2.196994e-02 
4.812920e-02 
6.447371e-02 
5.982226e-02 
3.097333e-02 
-1.463801e-02 
-6.565914e-02 
-1.139924e-01 
-1.568454e-01 
-1.952344e-01 
-2.313090e-01 
-2.643398e-01 
-2.884438e-01 
-2.963894e-01 
-2.872880e-01 
-2.690222e-01 
-2.518604e-01 
-2.408540e-01 
-2.354517e-01 
-2.341124e-01 
-2.364689e-01 
-2.412578e-01 
-2.446868e-01 
-2.422723e-01 
-2.324431e-01 
-2.178576e-01 
-2.018669e-01 
-1.818455e-01 
-1.469250e-01 
-8.688535e-02 
-5.887136e-03 
7.599907e-02 
1.385758e-01 
1.768035e-01 
1.973631e-01 
2.040594e-01 
1.944504e-01 
1.704869e-01 
1.428170e-01 
1.192619e-01 
9.514253e-02 
6.184597e-02 
2.184234e-02 
-1.167078e-02 
-2.918977e-02 
-3.313366e-02 
-3.180187e-02 
-3.184349e-02 
-3.855196e-02 
-5.679436e-02 
-8.567789e-02 
-1.146924e-01 
-1.302738e-01 
-1.271145e-01 
-1.114093e-01 
-9.376002e-02 
-8.112160e-02 
-7.485544e-02 
-7.308653e-02 
-7.315509e-02 
-7.300745e-02 
-7.170133e-02 
-6.915123e-02 
-6.585882e-02 
-6.280927e-02 
-6.092307e-02 
-5.989331e-02 
-5.817752e-02 
-5.512760e-02 
-5.243005e-02 
-5.245887e-02 
-5.575192e-02 
-6.155478e-02 
-6.999145e-02 
-8.135232e-02 
-9.320345e-02 
-1.006894e-01 
-1.013503e-01 
-9.798799e-02 
-9.551492e-02 
-9.595396e-02 
-9.677258e-02 
-9.129449e-02 
-6.902753e-02 
-1.982400e-02 
5.622241e-02 
1.429449e-01 
2.171342e-01 
2.657600e-01 
2.913390e-01 
2.991508e-01 
2.849878e-01 
2.414370e-01 
1.741503e-01 
1.044835e-01 
5.348021e-02 
2.681640e-02 
1.733703e-02 
1.791041e-02 
2.753649e-02 
4.644607e-02 
7.024714e-02 
9.082840e-02 
1.022626e-01 
1.051021e-01 
1.051228e-01 
1.063809e-01 
1.045042e-01 
8.937407e-02 
5.809039e-02 
2.451696e-02 
1.126159e-02 
2.935041e-02 
6.718583e-02 
1.013125e-01 
1.162163e-01 
1.125880e-01 
9.998651e-02 
8.624395e-02 
7.464455e-02 
6.651141e-02 
6.264246e-02 
6.223090e-02 
6.282943e-02 
6.258354e-02 
6.280561e-02 
6.763532e-02 
8.079497e-02 
1.021193e-01 
1.269588e-01 
1.486018e-01 
1.613466e-01 
1.621534e-01 
1.515009e-01 
1.335325e-01 
1.143026e-01 
9.781159e-02 
8.374755e-02 
6.947257e-02 
5.357066e-02 
3.605229e-02 
1.569496e-02 
-1.020295e-02 
-4.208059e-02 
-7.613653e-02 
-1.075578e-01 
-1.349669e-01 
-1.598881e-01 
-1.827202e-01 
-2.016052e-01 
-2.152386e-01 
-2.247099e-01 
-2.313372e-01 
-2.347785e-01 
-2.348434e-01 
-2.337885e-01 
-2.345238e-01 
-2.373193e-01 
-2.405316e-01 
-2.442400e-01 
-2.498510e-01 
-2.551502e-01 
-2.531372e-01 
-2.386485e-01 
-2.142214e-01 
-1.864430e-01 
-1.578590e-01 
-1.263622e-01 
-9.214342e-02 
-6.049701e-02 
-3.538306e-02 
-1.403800e-02 
8.560539e-03 
3.162722e-02 
4.773501e-02 
4.919897e-02 
3.269501e-02 
-8.311566e-04 
-4.694989e-02 
-9.793619e-02 
-1.453855e-01 
-1.847143e-01 
-2.162327e-01 
-2.415011e-01 
-2.603591e-01 
-2.715186e-01 
-2.739826e-01 
-2.673454e-01 
-2.524408e-01 
-2.323026e-01 
-2.106832e-01 
-1.881443e-01 
-1.612287e-01 
-1.267460e-01 
-8.607009e-02 
-4.429129e-02 
-6.271384e-03 
2.589334e-02 
5.299849e-02 
7.763313e-02 
1.020229e-01 
1.261959e-01 
1.487964e-01 
1.695410e-01 
1.885761e-01 
2.030981e-01 
2.081029e-01 
2.027806e-01 
1.931860e-01 
1.853512e-01 
1.779735e-01 
1.657487e-01 
1.481558e-01 
1.295702e-01 
1.111121e-01 
8.803864e-02 
5.749495e-02 
2.412496e-02 
-5.383715e-03 
-2.971426e-02 
-5.144622e-02 
-7.033157e-02 
-8.236651e-02 
-8.499297e-02 
-7.959492e-02 
-6.902219e-02 
-5.501629e-02 
-3.838930e-02 
-1.938803e-02 
2.840564e-03 
2.913390e-02 
5.820932e-02 
8.724485e-02 
1.148897e-01 
1.418960e-01 
1.681316e-01 
1.908777e-01 
2.071650e-01 
2.164042e-01 
2.195662e-01 
2.173206e-01 
2.103561e-01 
2.000913e-01 
1.873965e-01 
1.712021e-01 
1.501700e-01 
1.252494e-01 
9.894120e-02 
7.236596e-02 
4.509765e-02 
1.831731e-02 
-3.936025e-03 
-1.736394e-02 
-2.014554e-02 
-1.247132e-02 
4.633754e-03 
2.863899e-02 
5.506940e-02 
8.016883e-02 
1.035992e-01 
1.272178e-01 
1.512222e-01 
1.731177e-01 
1.902667e-01 
2.013483e-01 
2.045489e-01 
1.969171e-01 
1.777025e-01 
1.513205e-01 
1.247735e-01 
1.019483e-01 
8.161848e-02 
6.096779e-02 
3.943941e-02 
1.873084e-02 
8.269294e-04 
-1.309743e-02 
-2.277937e-02 
-2.887088e-02 
-3.247103e-02 
-3.403336e-02 
-3.327080e-02 
-3.037824e-02 
-2.627341e-02 
-2.106620e-02 
-1.344849e-02 
-2.781480e-03 
8.957595e-03 
1.857761e-02 
2.489840e-02 
2.963863e-02 
3.475438e-02 
3.977443e-02 
4.228684e-02 
4.063197e-02 
3.567638e-02 
2.974881e-02 
2.393759e-02 
1.667924e-02 
5.297017e-03 
-1.114435e-02 
-3.081929e-02 
-5.054086e-02 
-6.751079e-02 
-7.976990e-02 
-8.661838e-02 
-8.949170e-02 
-9.152029e-02 
-9.491320e-02 
-9.905795e-02 
-1.017711e-01 
-1.022115e-01 
-1.014231e-01 
-1.004948e-01 
-9.910338e-02 
-9.585272e-02 
-8.924508e-02 
-7.910994e-02 
-6.852619e-02 
-6.344125e-02 
-6.735803e-02 
-7.574950e-02 
-7.920746e-02 
-7.481630e-02 
-7.223886e-02 
-8.388991e-02 
-1.085034e-01 
-1.282131e-01 
-1.247155e-01 
-9.710826e-02 
-6.181918e-02 
-3.609476e-02 
-2.409660e-02 
-1.881041e-02 
-1.321385e-02 
-6.942426e-03 
-3.754922e-03 
-6.223941e-03 
-1.412081e-02 
-2.560780e-02 
-3.812472e-02 
-4.882022e-02 
-5.567852e-02 
-5.867379e-02 
-5.921635e-02 
-5.860396e-02 
-5.739243e-02 
-5.568776e-02 
-5.305301e-02 
-4.859705e-02 
-4.260825e-02 
-3.806916e-02 
-3.896554e-02 
-4.596000e-02 
-5.498690e-02 
-6.125871e-02 
-6.402425e-02 
-6.589862e-02 
-6.802951e-02 
-6.771137e-02 
-6.134937e-02 
-4.881577e-02 
-3.408951e-02 
-2.211970e-02 
-1.563690e-02 
-1.418752e-02 
-1.542627e-02 
-1.704176e-02 
-1.779659e-02 
-1.714610e-02 
-1.429789e-02 
-8.496282e-03 
-2.938594e-04 
8.238853e-03 
1.526103e-02 
2.055005e-02 
2.466810e-02 
2.719244e-02 
2.666382e-02 
2.239936e-02 
1.542222e-02 
7.320669e-03 
-1.183415e-03 
-1.008345e-02 
-1.897088e-02 
-2.699285e-02 
-3.357802e-02 
-3.837231e-02 
-4.005061e-02 
-3.603057e-02 
-2.427636e-02 
-5.638549e-03 
1.621321e-02 
3.690198e-02 
5.321234e-02 
6.306795e-02 
6.533583e-02 
6.082662e-02 
5.293609e-02 
4.599395e-02 
4.243678e-02 
4.192649e-02 
4.336177e-02 
4.676944e-02 
5.279354e-02 
6.096506e-02 
6.962266e-02 
7.736311e-02 
8.390955e-02 
8.940693e-02 
9.381331e-02 
9.722770e-02 
9.993344e-02 
1.012341e-01 
9.868061e-02 
8.964288e-02 
7.407103e-02 
5.519774e-02 
3.738137e-02 
2.359714e-02 
1.480655e-02 
1.062969e-02 
9.730042e-03 
9.895880e-03 
9.151267e-03 
6.942098e-03 
4.026024e-03 
1.335090e-03 
-6.403298e-04 
-1.563381e-03 
-1.242694e-03 
-3.053305e-04 
3.898933e-06 
-9.484286e-04 
-2.595237e-03 
-4.129202e-03 
-5.703299e-03 
-7.975410e-03 
-1.120139e-02 
-1.534476e-02 
-2.056801e-02 
-2.670602e-02 
-3.219823e-02 
-3.457775e-02 
-3.230974e-02 
-2.580417e-02 
-1.644065e-02 
-5.291071e-03 
6.883620e-03 
1.911243e-02 
3.037998e-02 
3.998865e-02 
4.761965e-02 
5.311860e-02 
5.649442e-02 
5.773384e-02 
5.645504e-02 
5.236048e-02 
4.647736e-02 
4.118609e-02 
3.824062e-02 
3.708172e-02 
3.575570e-02 
3.331241e-02 
3.021477e-02 
2.647840e-02 
2.052922e-02 
1.083582e-02 
-2.004074e-03 
-1.574584e-02 
-2.870447e-02 
-4.062453e-02 
-5.134084e-02 
-5.963481e-02 
-6.432123e-02 
-6.599715e-02 
-6.678350e-02 
-6.820151e-02 
-6.978847e-02 
-6.998718e-02 
-6.773495e-02 
-6.279835e-02 
-5.516200e-02 
-4.541492e-02 
-3.573317e-02 
-2.940250e-02 
-2.834872e-02 
-3.137491e-02 
-3.501746e-02 
-3.620768e-02 
-3.356639e-02 
-2.692172e-02 
-1.672791e-02 
-4.222651e-03 
8.607314e-03 
1.995527e-02 
2.900951e-02 
3.567459e-02 
3.974981e-02 
4.085566e-02 
3.912355e-02 
3.561041e-02 
3.199133e-02 
2.951719e-02 
2.789899e-02 
2.515640e-02 
1.913999e-02 
9.730819e-03 
-4.439776e-04 
-7.967499e-03 
-1.113315e-02 
-1.009799e-02 
-5.289287e-03 
3.398945e-03 
1.548068e-02 
2.885133e-02 
4.082370e-02 
4.990863e-02 
5.615880e-02 
6.009971e-02 
6.204811e-02 
6.241837e-02 
6.194577e-02 
6.105904e-02 
5.942506e-02 
5.661683e-02 
5.288650e-02 
4.906039e-02 
4.590996e-02 
4.381140e-02 
4.290079e-02 
4.315784e-02 
4.416876e-02 
4.524905e-02 
4.568714e-02 
4.466500e-02 
4.133663e-02 
3.518343e-02 
2.676020e-02 
1.770314e-02 
9.769991e-03 
4.030089e-03 
9.116320e-04 
5.155658e-04 
2.566664e-03 
6.285432e-03 
1.066800e-02 
1.500451e-02 
1.886985e-02 
2.188129e-02 
2.379677e-02 
2.474042e-02 
2.487316e-02 
2.388166e-02 
2.107221e-02 
1.636944e-02 
1.080152e-02 
5.713157e-03 
1.670649e-03 
-1.636142e-03 
-4.659872e-03 
-7.406205e-03 
-9.548365e-03 
-1.083140e-02 
-1.130231e-02 
-1.139382e-02 
-1.190035e-02 
-1.360365e-02 
-1.668843e-02 
-2.051705e-02 
-2.403511e-02 
-2.653512e-02 
-2.793628e-02 
-2.830243e-02 
-2.730805e-02 
-2.438140e-02 
-1.939851e-02 
-1.312859e-02 
-6.780400e-03 
-1.073966e-03 
4.077516e-03 
8.991603e-03 
1.350446e-02 
1.691636e-02 
1.844465e-02 
1.781081e-02 
1.544551e-02 
1.238867e-02 
9.730196e-03 
7.806635e-03 
6.049139e-03 
3.685963e-03 
8.484615e-04 
-1.449864e-03 
-2.380823e-03 
-2.092015e-03 
-1.238023e-03 
9.838997e-06 
2.030670e-03 
4.988592e-03 
8.404730e-03 
1.161100e-02 
1.429496e-02 
1.635342e-02 
1.749169e-02 
1.724961e-02 
1.553413e-02 
1.286816e-02 
1.000473e-02 
7.323523e-03 
4.496115e-03 
7.500412e-04 
-4.464180e-03 
-1.071762e-02 
-1.661917e-02 
-2.075262e-02 
-2.269262e-02 
-2.305382e-02 
-2.258977e-02 
-2.174321e-02 
-2.089277e-02 
-2.072296e-02 
-2.198749e-02 
-2.499263e-02 
-2.951639e-02 
-3.475236e-02 
-3.913642e-02 
-4.059520e-02 
-3.749657e-02 
-2.969342e-02 
-1.856305e-02 
-6.074821e-03 
5.940735e-03 
1.612143e-02 
2.372032e-02 
2.883185e-02 
3.214804e-02 
3.424579e-02 
3.520212e-02 
3.491981e-02 
3.331392e-02 
3.037350e-02 
2.635820e-02 
2.239627e-02 
2.022082e-02 
2.062219e-02 
2.216633e-02 
2.205287e-02 
1.851981e-02 
1.219422e-02 
4.877771e-03 
-2.341175e-03 
-9.524189e-03 
-1.667739e-02 
-2.297155e-02 
-2.730889e-02 
-2.920098e-02 
-2.885641e-02 
-2.678986e-02 
-2.362232e-02 
-1.992290e-02 
-1.576200e-02 
-1.047671e-02 
-3.443654e-03 
4.626725e-03 
1.174126e-02 
1.611589e-02 
1.746437e-02 
1.643651e-02 
1.343622e-02 
8.474935e-03 
1.862097e-03 
-5.697462e-03 
-1.384084e-02 
-2.255901e-02 
-3.132064e-02 
-3.885232e-02 
-4.431351e-02 
-4.818257e-02 
-5.143333e-02 
-5.419713e-02 
-5.597585e-02 
-5.675280e-02 
-5.708720e-02 
-5.697516e-02 
-5.529482e-02 
-5.073665e-02 
-4.281125e-02 
-3.171243e-02 
-1.806807e-02 
-3.190040e-03 
1.079960e-02 
2.181135e-02 
2.882497e-02 
3.180669e-02 
3.098464e-02 
2.671443e-02 
1.987194e-02 
1.180864e-02 
3.718338e-03 
-3.656471e-03 
-9.957027e-03 
-1.506643e-02 
-1.939207e-02 
-2.354321e-02 
-2.774548e-02 
-3.161766e-02 
-3.485278e-02 
-3.767851e-02 
-4.037540e-02 
-4.257612e-02 
-4.360387e-02 
-4.317299e-02 
-4.162926e-02 
-3.954704e-02 
-3.745632e-02 
-3.590745e-02 
-3.524721e-02 
-3.515903e-02 
-3.451962e-02 
-3.197803e-02 
-2.664493e-02 
-1.847227e-02 
-8.279179e-03 
2.626271e-03 
1.277736e-02 
2.092131e-02 
2.598404e-02 
2.723435e-02 
2.471611e-02 
1.950889e-02 
1.313194e-02 
6.572068e-03 
1.452205e-04 
-5.841569e-03 
-1.078528e-02 
-1.443433e-02 
-1.744534e-02 
-2.094739e-02 
-2.543964e-02 
-3.039151e-02 
-3.464277e-02 
-3.674543e-02 
-3.545567e-02 
-3.021683e-02 
-2.154068e-02 
-1.046969e-02 
2.025231e-03 
1.489045e-02 
2.635763e-02 
3.444204e-02 
3.862704e-02 
4.049368e-02 
4.234595e-02 
4.518750e-02 
4.878100e-02 
5.308208e-02 
5.894230e-02 
6.689394e-02 
7.606077e-02 
8.464099e-02 
9.127803e-02 
9.545404e-02 
9.664315e-02 
9.392013e-02 
8.672691e-02 
7.556306e-02 
6.159132e-02 
4.566658e-02 
2.835166e-02 
1.078890e-02 
-5.110068e-03 
-1.775340e-02 
-2.682764e-02 
-3.290677e-02 
-3.626835e-02 
-3.659244e-02 
-3.387871e-02 
-2.885671e-02 
-2.252848e-02 
-1.552954e-02 
-8.347169e-03 
-1.841387e-03 
2.922759e-03 
5.314818e-03 
5.388274e-03 
3.628989e-03 
7.537206e-04 
-2.280653e-03 
-4.664892e-03 
-6.179463e-03 
-7.126257e-03 
-7.765288e-03 
-7.965830e-03 
-7.557775e-03 
-6.613623e-03 
-5.200377e-03 
-3.060407e-03 
2.538723e-04 
4.687912e-03 
9.279188e-03 
1.244645e-02 
1.289302e-02 
1.037250e-02 
5.516533e-03 
-8.468247e-04 
-8.365424e-03 
-1.668596e-02 
-2.480700e-02 
-3.133439e-02 
-3.543461e-02 
-3.735619e-02 
-3.775342e-02 
-3.691810e-02 
-3.486842e-02 
-3.191825e-02 
-2.871881e-02 
-2.584384e-02 
-2.365874e-02 
-2.260643e-02 
-2.316393e-02 
-2.526894e-02 
-2.815712e-02 
-3.098933e-02 
-3.346719e-02 
-3.583370e-02 
-3.821572e-02 
-4.030844e-02 
-4.143208e-02 
-4.117004e-02 
-3.981431e-02 
-3.825458e-02 
-3.724107e-02 
-3.650044e-02 
-3.490763e-02 
-3.166715e-02 
-2.726774e-02 
-2.302734e-02 
-1.975382e-02 
-1.702644e-02 
-1.401003e-02 
-1.050459e-02 
-7.039073e-03 
-4.048042e-03 
-1.281851e-03 
1.549378e-03 
4.022837e-03 
5.092894e-03 
4.059996e-03 
1.253112e-03 
-2.389477e-03 
-6.163569e-03 
-9.846741e-03 
-1.342463e-02 
-1.654664e-02 
-1.864613e-02 
-1.925959e-02 
-1.840855e-02 
-1.664969e-02 
-1.483091e-02 
-1.361224e-02 
-1.311160e-02 
-1.311254e-02 
-1.342042e-02 
-1.379940e-02 
-1.369902e-02 
-1.231850e-02 
-9.264567e-03 
-5.041324e-03 
-7.029794e-04 
2.817706e-03 
5.000627e-03 
5.639584e-03 
4.771045e-03 
2.964953e-03 
1.208412e-03 
4.418343e-04 
1.098759e-03 
3.151586e-03 
6.321925e-03 
1.012876e-02 
1.377001e-02 
1.636949e-02 
1.761598e-02 
1.796036e-02 
1.806212e-02 
1.818130e-02 
1.816919e-02 
1.792344e-02 
1.753095e-02 
1.701330e-02 
1.614178e-02 
1.474717e-02 
1.298581e-02 
1.107254e-02 
8.875701e-03 
6.017225e-03 
2.476140e-03 
-1.210690e-03 
-4.482914e-03 
-7.344289e-03 
-1.025996e-02 
-1.363365e-02 
-1.757459e-02 
-2.198337e-02 
-2.658549e-02 
-3.094457e-02 
-3.466989e-02 
-3.779970e-02 
-4.067460e-02 
-4.343862e-02 
-4.570242e-02 
-4.683791e-02 
-4.658692e-02 
-4.519705e-02 
-4.302145e-02 
-4.017864e-02 
-3.655785e-02 
-3.214472e-02 
-2.721702e-02 
-2.218724e-02 
-1.757542e-02 
-1.395510e-02 
-1.200619e-02 
-1.212061e-02 
-1.394081e-02 
-1.640275e-02 
-1.832042e-02 
-1.921015e-02 
-1.939697e-02 
-1.942664e-02 
-1.943993e-02 
-1.917418e-02 
-1.836088e-02 
-1.687058e-02 
-1.472422e-02 
-1.207606e-02 
-9.272102e-03 
-6.534972e-03 
-3.523007e-03 
4.560661e-04 
5.662455e-03 
1.129837e-02 
1.610443e-02 
1.939111e-02 
2.142184e-02 
2.286890e-02 
2.414724e-02 
2.514137e-02 
2.529309e-02 
2.393295e-02 
2.093364e-02 
1.710572e-02 
1.366811e-02 
1.114586e-02 
9.054532e-03 
6.788286e-03 
4.585569e-03 
3.137636e-03 
2.637593e-03 
2.466900e-03 
1.976303e-03 
1.151631e-03 
5.305971e-04 
7.675551e-04 
2.464431e-03 
5.952897e-03 
1.111657e-02 
1.734081e-02 
2.379131e-02 
2.970507e-02 
3.461260e-02 
3.838880e-02 
4.138396e-02 
4.411980e-02 
4.684084e-02 
4.946943e-02 
5.186424e-02 
5.399171e-02 
5.574533e-02 
5.689242e-02 
5.740976e-02 
5.766527e-02 
5.799678e-02 
5.829272e-02 
5.826376e-02 
5.775678e-02 
5.677072e-02 
5.502791e-02 
5.204949e-02 
4.752699e-02 
4.156793e-02 
3.459271e-02 
2.718766e-02 
2.005059e-02 
1.349808e-02 
7.072524e-03 
7.306439e-05 
-7.325861e-03 
-1.381026e-02 
-1.800003e-02 
-1.966288e-02 
-1.954618e-02 
-1.854025e-02 
-1.724503e-02 
-1.617892e-02 
-1.573345e-02 
-1.582343e-02 
-1.588081e-02 
-1.536014e-02 
-1.397186e-02 
-1.137992e-02 
-7.251826e-03 
-1.791856e-03 
3.902501e-03 
8.557713e-03 
1.171219e-02 
1.356894e-02 
1.426733e-02 
1.355129e-02 
1.134736e-02 
8.218590e-03 
4.873151e-03 
1.535753e-03 
-1.799939e-03 
-4.780520e-03 
-6.682210e-03 
-7.315449e-03 
-7.486406e-03 
-8.372675e-03 
-1.038664e-02 
-1.281539e-02 
-1.468922e-02 
-1.570814e-02 
-1.617611e-02 
-1.616651e-02 
-1.506894e-02 
-1.225718e-02 
-7.935075e-03 
-3.155877e-03 
1.118192e-03 
4.678951e-03 
7.858525e-03 
1.087886e-02 
1.371629e-02 
1.623438e-02 
1.828427e-02 
1.956902e-02 
1.966380e-02 
1.832616e-02 
1.555827e-02 
1.165592e-02 
6.978951e-03 
1.828757e-03 
-3.660606e-03 
-9.378234e-03 
-1.493007e-02 
-1.962260e-02 
-2.291090e-02 
-2.500219e-02 
-2.661954e-02 
-2.824407e-02 
-2.980406e-02 
-3.105503e-02 
-3.187356e-02 
-3.204556e-02 
-3.104596e-02 
-2.861424e-02 
-2.533523e-02 
-2.248114e-02 
-2.111943e-02 
-2.151308e-02 
-2.319757e-02 
-2.543394e-02 
-2.759170e-02 
-2.934739e-02 
-3.052891e-02 
-3.083008e-02 
-2.980584e-02 
-2.739179e-02 
-2.433557e-02 
-2.171814e-02 
-2.003559e-02 
-1.883147e-02 
-1.742107e-02 
-1.559249e-02 
-1.363273e-02 
-1.184041e-02 
-1.027296e-02 
-8.772881e-03 
-7.050209e-03 
-4.832258e-03 
-2.197035e-03 
4.528942e-04 
2.870544e-03 
5.335458e-03 
8.268243e-03 
1.144687e-02 
1.400995e-02 
1.539744e-02 
1.571893e-02 
1.536650e-02 
1.431632e-02 
1.227824e-02 
9.362142e-03 
6.299292e-03 
3.929264e-03 
2.469373e-03 
1.523596e-03 
4.383655e-04 
-1.081978e-03 
-2.821199e-03 
-4.225875e-03 
-4.968335e-03 
-5.214053e-03 
-5.508345e-03 
-6.281499e-03 
-7.568739e-03 
-9.048436e-03 
-1.038546e-02 
-1.142241e-02 
-1.219009e-02 
-1.270503e-02 
-1.294224e-02 
-1.287294e-02 
-1.250214e-02 
-1.169686e-02 
-9.968071e-03 
-6.836534e-03 
-2.363303e-03 
2.678661e-03 
7.277191e-03 
1.086416e-02 
1.330844e-02 
1.464806e-02 
1.483916e-02 
1.386243e-02 
1.188715e-02 
9.085932e-03 
5.556072e-03 
1.457994e-03 
-2.956145e-03 
-7.262387e-03 
-1.098695e-02 
-1.366218e-02 
-1.513554e-02 
-1.561801e-02 
-1.530475e-02 
-1.386875e-02 
-1.067312e-02 
-5.618836e-03 
4.588215e-04 
6.434989e-03 
1.157228e-02 
1.558889e-02 
1.835492e-02 
1.998589e-02 
2.104270e-02 
2.217923e-02 
2.354499e-02 
2.496029e-02 
2.639014e-02 
2.797710e-02 
2.950762e-02 
3.049527e-02 
3.089605e-02 
3.118558e-02 
3.151399e-02 
3.124857e-02 
2.974198e-02 
2.721711e-02 
2.443220e-02 
2.178643e-02 
1.911319e-02 
1.628673e-02 
1.340540e-02 
1.069203e-02 
8.486395e-03 
7.231265e-03 
7.111008e-03 
7.725524e-03 
8.724801e-03 
1.062459e-02 
1.424895e-02 
1.941950e-02 
2.470277e-02 
2.894728e-02 
3.250510e-02 
3.632291e-02 
4.051326e-02 
4.430034e-02 
4.723098e-02 
4.953170e-02 
5.137457e-02 
5.239891e-02 
5.223791e-02 
5.104027e-02 
4.917819e-02 
4.679228e-02 
4.384995e-02 
4.045510e-02 
3.694302e-02 
3.366687e-02 
3.091936e-02 
2.888268e-02 
2.745525e-02 
2.628585e-02 
2.518246e-02 
2.431771e-02 
2.406123e-02 
2.460288e-02 
2.604025e-02 
2.847755e-02 
3.192000e-02 
3.591783e-02 
3.978084e-02 
4.317771e-02 
4.613179e-02 
4.859796e-02 
5.015077e-02 
5.040335e-02 
4.943987e-02 
4.760729e-02 
4.501506e-02 
4.158406e-02 
3.759161e-02 
3.358723e-02 
2.983534e-02 
2.602743e-02 
2.185826e-02 
1.751745e-02 
1.345378e-02 
9.659698e-03 
5.769586e-03 
1.682401e-03 
-2.145500e-03 
-5.201571e-03 
-7.415670e-03 
-9.143720e-03 
-1.079790e-02 
-1.275136e-02 
-1.528874e-02 
-1.839578e-02 
-2.162694e-02 
-2.434138e-02 
-2.619903e-02 
-2.727728e-02 
-2.776410e-02 
-2.763187e-02 
-2.671691e-02 
-2.482452e-02 
-2.184321e-02 
-1.788293e-02 
-1.341083e-02 
-9.039247e-03 
-5.162481e-03 
-1.677479e-03 
1.688493e-03 
4.822088e-03 
7.204040e-03 
8.258212e-03 
7.763372e-03 
5.876913e-03 
2.998223e-03 
-3.482223e-04 
-3.566819e-03 
-6.214821e-03 
-8.176936e-03 
-9.575179e-03 
-1.041756e-02 
-1.047700e-02 
-9.608871e-03 
-8.099649e-03 
-6.582144e-03 
-5.656495e-03 
-5.577520e-03 
-6.141422e-03 
-6.881953e-03 
-7.157057e-03 
-6.595371e-03 
-5.444065e-03 
-4.489197e-03 
-4.410210e-03 
-5.134098e-03 
-5.984010e-03 
-6.292470e-03 
-5.949125e-03 
-5.085694e-03 
-3.673060e-03 
-1.542798e-03 
1.117821e-03 
3.673289e-03 
5.566420e-03 
6.724333e-03 
7.241154e-03 
6.896176e-03 
5.212672e-03 
2.025992e-03 
-2.287705e-03 
-7.306166e-03 
-1.288899e-02 
-1.887310e-02 
-2.450488e-02 
-2.873016e-02 
-3.091495e-02 
-3.131244e-02 
-3.057535e-02 
-2.914705e-02 
-2.721719e-02 
-2.498827e-02 
-2.286858e-02 
-2.129330e-02 
-2.054567e-02 
-2.060005e-02 
-2.105050e-02 
-2.121474e-02 
-2.050246e-02 
-1.875035e-02 
-1.625184e-02 
-1.344849e-02 
-1.058593e-02 
-7.719644e-03 
-4.840410e-03 
-2.113321e-03 
5.673338e-05 
1.133573e-03 
7.812465e-04 
-8.650940e-04 
-3.253833e-03 
-5.711549e-03 
-7.889999e-03 
-9.814341e-03 
-1.160346e-02 
-1.335574e-02 
-1.500209e-02 
-1.637120e-02 
-1.717161e-02 
-1.714250e-02 
-1.629641e-02 
-1.514192e-02 
-1.449887e-02 
-1.494121e-02 
-1.630362e-02 
-1.788625e-02 
-1.914411e-02 
-1.999739e-02 
-2.063862e-02 
-2.123804e-02 
-2.181033e-02 
-2.233307e-02 
-2.254175e-02 
-2.197238e-02 
-2.037955e-02 
-1.804201e-02 
-1.558159e-02 
-1.330211e-02 
-1.106973e-02 
-8.760527e-03 
-6.598336e-03 
-4.815935e-03 
-3.282523e-03 
-1.767363e-03 
-3.244260e-04 
7.169395e-04 
1.127369e-03 
8.748841e-04 
-2.048813e-05 
-1.566207e-03 
-3.469667e-03 
-5.026146e-03 
-5.533401e-03 
-4.766422e-03 
-3.037305e-03 
-8.696026e-04 
1.220337e-03 
2.830598e-03 
3.769093e-03 
4.117327e-03 
4.030005e-03 
3.617709e-03 
2.900222e-03 
1.969414e-03 
1.043263e-03 
4.229163e-04 
3.280568e-04 
8.114130e-04 
1.634265e-03 
2.295061e-03 
2.346670e-03 
1.737829e-03 
7.332837e-04 
-4.253605e-04 
-1.745750e-03 
-3.323726e-03 
-5.133154e-03 
-7.006510e-03 
-8.796523e-03 
-1.037745e-02 
-1.161619e-02 
-1.242279e-02 
-1.271170e-02 
-1.231456e-02 
-1.105378e-02 
-9.081004e-03 
-6.952099e-03 
-5.219363e-03 
-3.948536e-03 
-2.777136e-03 
-1.480695e-03 
-2.281460e-04 
7.443703e-04 
1.520094e-03 
2.277556e-03 
2.999822e-03 
3.385958e-03 
3.273837e-03 
2.760926e-03 
2.045155e-03 
1.119277e-03 
-1.819184e-04 
-1.895523e-03 
-3.775478e-03 
-5.363262e-03 
-6.255727e-03 
-6.243531e-03 
-5.400810e-03 
-3.961756e-03 
-2.320860e-03 
-1.026848e-03 
-5.175767e-04 
-8.311466e-04 
-1.585086e-03 
-2.492102e-03 
-3.680867e-03 
-5.501949e-03 
-7.973805e-03 
-1.068194e-02 
-1.321169e-02 
-1.540825e-02 
-1.723245e-02 
-1.848593e-02 
-1.897251e-02 
-1.878434e-02 
-1.829077e-02 
-1.784774e-02 
-1.762460e-02 
-1.772179e-02 
-1.822236e-02 
-1.907528e-02 
-2.013647e-02 
-2.124611e-02 
-2.238547e-02 
-2.357005e-02 
-2.466639e-02 
-2.544053e-02 
-2.566430e-02 
-2.529691e-02 
-2.449269e-02 
-2.351357e-02 
-2.261681e-02 
-2.182875e-02 
-2.079194e-02 
-1.898463e-02 
-1.612827e-02 
-1.240151e-02 
-8.291433e-03 
-4.301903e-03 
-8.568284e-04 
1.738020e-03 
3.326612e-03 
4.053334e-03 
4.468813e-03 
5.097544e-03 
6.191512e-03 
7.527003e-03 
8.769714e-03 
9.651518e-03 
9.929980e-03 
9.322931e-03 
7.612071e-03 
4.900692e-03 
1.681676e-03 
-1.366796e-03 
-3.763894e-03 
-5.379166e-03 
-6.382340e-03 
-7.116248e-03 
-7.934247e-03 
-9.066314e-03 
-1.042162e-02 
-1.156385e-02 
-1.200474e-02 
-1.150688e-02 
-1.027105e-02 
-8.655740e-03 
-6.861133e-03 
-5.067945e-03 
-3.645467e-03 
-3.058553e-03 
-3.452089e-03 
-4.466138e-03 
-5.578363e-03 
-6.508421e-03 
-7.234748e-03 
-7.668102e-03 
-7.649873e-03 
-7.176900e-03 
-6.527572e-03 
-5.951841e-03 
-5.515705e-03 
-5.243312e-03 
-5.405453e-03 
-6.395307e-03 
-8.334224e-03 
-1.086373e-02 
-1.345517e-02 
-1.569084e-02 
-1.730848e-02 
-1.806015e-02 
-1.788989e-02 
-1.707183e-02 
-1.606338e-02 
-1.492697e-02 
-1.320745e-02 
-1.031925e-02 
-6.329879e-03 
-1.945693e-03 
2.162678e-03 
5.846935e-03 
9.312091e-03 
1.256664e-02 
1.523870e-02 
1.695047e-02 
1.745007e-02 
1.669269e-02 
1.482615e-02 
1.221570e-02 
9.340671e-03 
6.525595e-03 
3.846764e-03 
1.406735e-03 
-5.902967e-04 
-2.006657e-03 
-2.912166e-03 
-3.247339e-03 
-2.653068e-03 
-8.987143e-04 
1.649074e-03 
4.147561e-03 
6.040035e-03 
7.378203e-03 
8.409063e-03 
9.058006e-03 
9.072497e-03 
8.510005e-03 
7.825747e-03 
7.417404e-03 
7.360870e-03 
7.592311e-03 
8.028037e-03 
8.614565e-03 
9.148937e-03 
9.402196e-03 
9.261157e-03 
8.886546e-03 
8.608032e-03 
8.765382e-03 
9.379775e-03 
1.012305e-02 
1.047429e-02 
1.021009e-02 
9.538923e-03 
8.912690e-03 
8.628077e-03 
8.603368e-03 
8.481166e-03 
7.932546e-03 
6.958188e-03 
5.953221e-03 
5.405736e-03 
5.506902e-03 
6.163784e-03 
7.221148e-03 
8.758229e-03 
1.077479e-02 
1.305909e-02 
1.527611e-02 
1.725363e-02 
1.897590e-02 
2.034692e-02 
2.125621e-02 
2.170703e-02 
2.173639e-02 
2.126282e-02 
2.014732e-02 
1.856581e-02 
1.693197e-02 
1.545654e-02 
1.387994e-02 
1.190990e-02 
9.685697e-03 
7.632770e-03 
6.028722e-03 
4.873873e-03 
4.156046e-03 
3.862796e-03 
3.766851e-03 
3.450742e-03 
2.641994e-03 
1.433341e-03 
4.508113e-05 
-1.398967e-03 
-2.766257e-03 
-3.687980e-03 
-3.712332e-03 
-2.616053e-03 
-5.877779e-04 
1.964763e-03 
4.621020e-03 
6.987810e-03 
8.840428e-03 
1.003672e-02 
1.052490e-02 
1.026453e-02 
9.329828e-03 
7.950008e-03 
6.286559e-03 
4.301823e-03 
1.858101e-03 
-1.041042e-03 
-4.122245e-03 
-7.125516e-03 
-9.962804e-03 
-1.263402e-02 
-1.505669e-02 
-1.713676e-02 
-1.888612e-02 
-2.042114e-02 
-2.173761e-02 
-2.264736e-02 
-2.289546e-02 
-2.239653e-02 
-2.144763e-02 
-2.039846e-02 
-1.932038e-02 
-1.788892e-02 
-1.573477e-02 
-1.301880e-02 
-1.031406e-02 
-8.102484e-03 
-6.407995e-03 
-4.934015e-03 
-3.490359e-03 
-2.075078e-03 
-8.327211e-04 
6.255842e-05 
4.983514e-04 
5.613215e-04 
6.368676e-04 
9.989078e-04 
1.447785e-03 
1.545489e-03 
1.276740e-03 
1.190897e-03 
1.711035e-03 
2.558175e-03 
3.122943e-03 
3.290816e-03 
3.464877e-03 
3.910961e-03 
4.277164e-03 
4.129206e-03 
3.616408e-03 
3.358003e-03 
3.758764e-03 
4.707782e-03 
5.893494e-03 
7.206816e-03 
8.634715e-03 
1.000435e-02 
1.097621e-02 
1.129488e-02 
1.100921e-02 
1.038502e-02 
9.785189e-03 
9.456911e-03 
9.542415e-03 
1.000615e-02 
1.053760e-02 
1.073424e-02 
1.048436e-02 
1.011533e-02 
1.002791e-02 
1.020838e-02 
1.030219e-02 
1.017372e-02 
1.002734e-02 
9.991785e-03 
9.817370e-03 
9.360560e-03 
9.023806e-03 
9.360030e-03 
1.037477e-02 
1.153544e-02 
1.247519e-02 
1.333795e-02 
1.427368e-02 
1.509366e-02 
1.553765e-02 
1.570813e-02 
1.578732e-02 
1.556779e-02 
1.470179e-02 
1.317531e-02 
1.140067e-02 
9.699819e-03 
8.115645e-03 
6.674898e-03 
5.555317e-03 
4.722669e-03 
3.837256e-03 
2.504436e-03 
7.072030e-04 
-1.365602e-03 
-3.599100e-03 
-5.855155e-03 
-7.634879e-03 
-8.329723e-03 
-7.623679e-03 
-5.800450e-03 
-3.381164e-03 
-7.807480e-04 
1.644788e-03 
3.571469e-03 
4.740872e-03 
5.212172e-03 
5.294568e-03 
5.305849e-03 
5.551887e-03 
6.234678e-03 
7.440450e-03 
8.994026e-03 
1.053353e-02 
1.167328e-02 
1.224705e-02 
1.229252e-02 
1.197833e-02 
1.133583e-02 
1.026891e-02 
8.702958e-03 
6.674599e-03 
4.423977e-03 
2.315591e-03 
6.988027e-04 
-2.266258e-04 
-4.407311e-04 
4.864562e-05 
1.169231e-03 
2.663423e-03 
3.936245e-03 
4.348292e-03 
3.759803e-03 
2.779580e-03 
2.220829e-03 
2.337288e-03 
2.650041e-03 
2.546527e-03 
1.918731e-03 
1.059279e-03 
1.984863e-04 
-6.485914e-04 
-1.458785e-03 
-1.965925e-03 
-1.915471e-03 
-1.283099e-03 
-2.798311e-04 
9.736044e-04 
2.540517e-03 
4.440426e-03 
6.593787e-03 
8.811420e-03 
1.090226e-02 
1.264291e-02 
1.386939e-02 
1.445053e-02 
1.449556e-02 
1.426493e-02 
1.410405e-02 
1.421368e-02 
1.463284e-02 
1.517567e-02 
1.556927e-02 
1.560489e-02 
1.522280e-02 
1.439732e-02 
1.315118e-02 
1.156270e-02 
9.790022e-03 
7.884827e-03 
5.730531e-03 
3.162128e-03 
2.184465e-04 
-2.903977e-03 
-6.026992e-03 
-9.097714e-03 
-1.193287e-02 
-1.415065e-02 
-1.544030e-02 
-1.582954e-02 
-1.577438e-02 
-1.574522e-02 
-1.594304e-02 
-1.635284e-02 
-1.684090e-02 
-1.718550e-02 
-1.711244e-02 
-1.630367e-02 
-1.461136e-02 
-1.211743e-02 
-9.229051e-03 
-6.512334e-03 
-4.478054e-03 
-3.179623e-03 
-2.250410e-03 
-1.335091e-03 
-4.599318e-04 
1.064757e-04 
3.528170e-04 
5.349279e-04 
7.540259e-04 
7.611395e-04 
2.951693e-04 
-5.379163e-04 
-1.402114e-03 
-2.189021e-03 
-3.038249e-03 
-3.933968e-03 
-4.609940e-03 
-4.838443e-03 
-4.758340e-03 
-4.562094e-03 
-4.170575e-03 
-3.346020e-03 
-2.187646e-03 
-1.211127e-03 
-7.716715e-04 
-7.894238e-04 
-1.028463e-03 
-1.475866e-03 
-2.297710e-03 
-3.372473e-03 
-4.302816e-03 
-4.951109e-03 
-5.614834e-03 
-6.607713e-03 
-7.733622e-03 
-8.495546e-03 
-8.627385e-03 
-8.333632e-03 
-7.878697e-03 
-7.220172e-03 
-6.219190e-03 
-4.952755e-03 
-3.734545e-03 
-2.683620e-03 
-1.687363e-03 
-6.642092e-04 
1.837459e-04 
6.822277e-04 
9.497158e-04 
1.390237e-03 
2.197214e-03 
3.252978e-03 
4.371647e-03 
5.477746e-03 
6.609877e-03 
7.680034e-03 
8.551307e-03 
9.170187e-03 
9.621266e-03 
1.007304e-02 
1.065389e-02 
1.138874e-02 
1.219421e-02 
1.282923e-02 
1.289293e-02 
1.204452e-02 
1.033552e-02 
8.197647e-03 
6.280667e-03 
4.924546e-03 
3.966307e-03 
2.970752e-03 
1.650274e-03 
8.924612e-05 
-1.538301e-03 
-3.213042e-03 
-5.010392e-03 
-6.932396e-03 
-8.840648e-03 
-1.070004e-02 
-1.250523e-02 
-1.411520e-02 
-1.524802e-02 
-1.574300e-02 
-1.578836e-02 
-1.578422e-02 
-1.588062e-02 
-1.583593e-02 
-1.533259e-02 
-1.431612e-02 
-1.309359e-02 
-1.196630e-02 
-1.108726e-02 
-1.048044e-02 
-1.017068e-02 
-1.009968e-02 
-9.962683e-03 
-9.415267e-03 
-8.466137e-03 
-7.442640e-03 
-6.680521e-03 
-6.151107e-03 
-5.647232e-03 
-5.088726e-03 
-4.610506e-03 
-4.300806e-03 
-4.029049e-03 
-3.671096e-03 
-3.346842e-03 
-3.305601e-03 
-3.573468e-03 
-3.852399e-03 
-3.842046e-03 
-3.510155e-03 
-3.121871e-03 
-2.931708e-03 
-2.905239e-03 
-2.862897e-03 
-2.707201e-03 
-2.424591e-03 
-1.956756e-03 
-1.122303e-03 
4.099912e-05 
1.204518e-03 
1.992963e-03 
2.370163e-03 
2.436522e-03 
2.120381e-03 
1.238197e-03 
-1.060205e-04 
-1.418848e-03 
-2.404138e-03 
-3.204454e-03 
-4.012759e-03 
-4.681633e-03 
-4.989336e-03 
-5.016894e-03 
-5.066084e-03 
-5.176073e-03 
-5.140100e-03 
-4.872922e-03 
-4.431347e-03 
-3.728327e-03 
-2.525681e-03 
-8.854619e-04 
7.083884e-04 
1.930947e-03 
2.951386e-03 
4.088511e-03 
5.253302e-03 
6.083224e-03 
6.435746e-03 
6.556506e-03 
6.640787e-03 
6.656950e-03 
6.608549e-03 
6.630645e-03 
6.840738e-03 
7.052649e-03 
6.982572e-03 
6.494475e-03 
5.642306e-03 
4.425803e-03 
2.724382e-03 
5.262980e-04 
-1.948582e-03 
-4.366450e-03 
-6.565534e-03 
-8.569922e-03 
-1.048230e-02 
-1.222413e-02 
-1.358221e-02 
-1.434761e-02 
-1.455689e-02 
-1.446637e-02 
-1.432893e-02 
-1.416518e-02 
-1.384607e-02 
-1.342887e-02 
-1.308782e-02 
-1.289794e-02 
-1.263540e-02 
-1.197973e-02 
-1.084863e-02 
-9.433993e-03 
-7.927921e-03 
-6.439483e-03 
-5.114688e-03 
-4.124738e-03 
-3.400337e-03 
-2.529244e-03 
-1.264800e-03 
1.294825e-04 
1.034657e-03 
1.190215e-03 
8.348794e-04 
3.672271e-04 
2.799441e-05 
-6.772083e-05 
1.868635e-04 
7.546135e-04 
1.277312e-03 
1.374187e-03 
9.862932e-04 
3.080708e-04 
-4.676915e-04 
-1.262358e-03 
-1.884699e-03 
-2.146094e-03 
-2.031534e-03 
-1.682218e-03 
-1.099752e-03 
-3.276820e-05 
1.605218e-03 
3.518550e-03 
5.204495e-03 
6.437243e-03 
7.449194e-03 
8.587616e-03 
9.941149e-03 
1.130931e-02 
1.249939e-02 
1.341141e-02 
1.401913e-02 
1.436171e-02 
1.444520e-02 
1.428273e-02 
1.400252e-02 
1.365284e-02 
1.320311e-02 
1.244289e-02 
1.117876e-02 
9.449610e-03 
7.508107e-03 
5.653304e-03 
4.024005e-03 
2.743495e-03 
1.993832e-03 
1.934114e-03 
2.485331e-03 
3.243685e-03 
3.759948e-03 
3.912552e-03 
3.871357e-03 
3.776806e-03 
3.701842e-03 
3.679406e-03 
3.881123e-03 
4.426323e-03 
5.204551e-03 
6.083849e-03 
7.125027e-03 
8.568663e-03 
1.045608e-02 
1.237800e-02 
1.376042e-02 
1.433896e-02 
1.426584e-02 
1.386418e-02 
1.328037e-02 
1.256494e-02 
1.185906e-02 
1.137692e-02 
1.120011e-02 
1.114230e-02 
1.084708e-02 
9.931351e-03 
8.291295e-03 
6.036268e-03 
3.355077e-03 
4.693762e-04 
-2.444646e-03 
-5.230465e-03 
-7.782933e-03 
-1.007672e-02 
-1.209074e-02 
-1.371128e-02 
-1.477784e-02 
-1.534384e-02 
-1.560329e-02 
-1.561747e-02 
-1.510704e-02 
-1.370569e-02 
-1.148829e-02 
-9.045760e-03 
-6.941458e-03 
-5.273735e-03 
-3.724656e-03 
-2.099256e-03 
-5.338482e-04 
7.149436e-04 
1.634354e-03 
2.476026e-03 
3.449805e-03 
4.558107e-03 
5.587618e-03 
6.300093e-03 
6.632828e-03 
6.725081e-03 
6.770468e-03 
6.781975e-03 
6.557065e-03 
5.870841e-03 
4.773835e-03 
3.470509e-03 
2.187526e-03 
1.028052e-03 
-2.094492e-07 
-7.779985e-04 
-1.097810e-03 
-8.842916e-04 
-2.804149e-04 
4.764747e-04 
1.186184e-03 
1.760910e-03 
2.116281e-03 
2.188559e-03 
1.962519e-03 
1.571825e-03 
1.210802e-03 
1.016319e-03 
9.555133e-04 
1.038293e-03 
1.283409e-03 
1.700300e-03 
2.149848e-03 
2.293888e-03 
1.875479e-03 
8.705221e-04 
-5.591952e-04 
-2.339553e-03 
-4.594171e-03 
-7.354465e-03 
-1.019496e-02 
-1.243609e-02 
-1.385413e-02 
-1.486988e-02 
-1.599410e-02 
-1.707139e-02 
-1.758751e-02 
-1.742637e-02 
-1.712657e-02 
-1.714612e-02 
-1.719662e-02 
-1.668871e-02 
-1.551618e-02 
-1.414961e-02 
-1.297743e-02 
-1.193256e-02 
-1.071883e-02 
-9.177955e-03 
-7.226411e-03 
-4.791791e-03 
-1.963649e-03 
8.344261e-04 
3.110297e-03 
4.710695e-03 
5.799650e-03 
6.581639e-03 
7.086145e-03 
7.310155e-03 
7.300907e-03 
7.219701e-03 
7.273425e-03 
7.573680e-03 
8.054765e-03 
8.419459e-03 
8.470666e-03 
8.239288e-03 
7.941045e-03 
7.651162e-03 
7.206252e-03 
6.566207e-03 
5.919820e-03 
5.461138e-03 
5.111557e-03 
4.627377e-03 
3.840048e-03 
2.653951e-03 
9.967709e-04 
-9.616906e-04 
-2.731877e-03 
-3.825602e-03 
-4.253866e-03 
-4.427176e-03 
-4.671268e-03 
-4.936881e-03 
-5.027388e-03 
-4.986258e-03 
-4.880207e-03 
-4.693586e-03 
-4.458005e-03 
-4.322293e-03 
-4.501509e-03 
-4.961748e-03 
-5.503104e-03 
-6.005958e-03 
-6.422451e-03 
-6.686533e-03 
-6.695811e-03 
-6.436589e-03 
-5.915096e-03 
-5.138275e-03 
-4.254534e-03 
-3.659906e-03 
-3.744409e-03 
-4.424617e-03 
-5.272045e-03 
-5.954583e-03 
-6.582816e-03 
-7.264345e-03 
-7.880543e-03 
-8.162539e-03 
-8.095018e-03 
-7.833341e-03 
-7.474935e-03 
-6.975401e-03 
-6.376585e-03 
-5.838204e-03 
-5.400680e-03 
-4.976277e-03 
-4.504356e-03 
-4.053819e-03 
-3.697013e-03 
-3.357448e-03 
-2.936942e-03 
-2.489126e-03 
-2.228177e-03 
-2.325253e-03 
-2.729719e-03 
-3.250512e-03 
-3.641910e-03 
-3.732959e-03 
-3.415299e-03 
-2.671353e-03 
-1.488235e-03 
6.891558e-05 
1.880016e-03 
3.715745e-03 
5.430056e-03 
6.937541e-03 
8.074764e-03 
8.588999e-03 
8.224671e-03 
6.991694e-03 
5.221274e-03 
3.309416e-03 
1.556202e-03 
9.882028e-05 
-9.220026e-04 
-1.382764e-03 
-1.212101e-03 
-3.866710e-04 
1.074943e-03 
3.062458e-03 
5.167382e-03 
6.787115e-03 
7.331640e-03 
6.619923e-03 
4.891248e-03 
2.572889e-03 
4.010747e-05 
-2.362359e-03 
-4.215432e-03 
-5.230027e-03 
-5.421261e-03 
-5.120555e-03 
-4.564185e-03 
-3.726176e-03 
-2.613818e-03 
-1.568551e-03 
-1.071550e-03 
-1.214851e-03 
-1.713030e-03 
-2.352938e-03 
-3.321391e-03 
-4.738695e-03 
-6.203587e-03 
-6.960296e-03 
-6.614769e-03 
-5.399776e-03 
-3.836363e-03 
-2.231595e-03 
-5.547551e-04 
1.317367e-03 
3.424939e-03 
5.651225e-03 
7.690680e-03 
9.274085e-03 
1.037546e-02 
1.116555e-02 
1.168024e-02 
1.173248e-02 
1.118880e-02 
1.026215e-02 
9.300794e-03 
8.380367e-03 
7.385492e-03 
6.360634e-03 
5.684998e-03 
5.542050e-03 
5.680414e-03 
5.746333e-03 
5.661632e-03 
5.594492e-03 
5.481697e-03 
5.013092e-03 
3.971482e-03 
2.494934e-03 
8.877709e-04 
-6.417292e-04 
-1.921225e-03 
-2.670030e-03 
-2.662172e-03 
-1.944878e-03 
-8.587602e-04 
2.636231e-04 
1.335974e-03 
2.512927e-03 
3.923289e-03 
5.601330e-03 
7.390126e-03 
8.936222e-03 
9.894977e-03 
1.017187e-02 
1.010911e-02 
1.016134e-02 
1.046191e-02 
1.067937e-02 
1.043047e-02 
9.707317e-03 
8.837531e-03 
8.106084e-03 
7.545989e-03 
7.048744e-03 
6.539771e-03 
5.925004e-03 
5.016918e-03 
3.760108e-03 
2.382083e-03 
1.347129e-03 
9.984948e-04 
1.353855e-03 
2.090952e-03 
2.782854e-03 
3.139253e-03 
3.053352e-03 
2.682678e-03 
2.260153e-03 
1.950447e-03 
1.706596e-03 
1.386494e-03 
8.194223e-04 
-1.061234e-04 
-1.329149e-03 
-2.572654e-03 
-3.424747e-03 
-3.663600e-03 
-3.378865e-03 
-2.823106e-03 
-2.183107e-03 
-1.439107e-03 
-5.888925e-04 
2.649341e-04 
8.872433e-04 
1.018053e-03 
5.569086e-04 
-5.126951e-04 
-2.043022e-03 
-3.845828e-03 
-5.635032e-03 
-7.065122e-03 
-7.916991e-03 
-8.278598e-03 
-8.434697e-03 
-8.566099e-03 
-8.571692e-03 
-8.304924e-03 
-7.772411e-03 
-7.119689e-03 
-6.385050e-03 
-5.525089e-03 
-4.574087e-03 
-3.634952e-03 
-2.620986e-03 
-1.256382e-03 
6.066843e-04 
2.734124e-03 
4.706675e-03 
6.299571e-03 
7.439674e-03 
8.023079e-03 
7.869291e-03 
7.000139e-03 
5.689281e-03 
4.247001e-03 
2.827080e-03 
1.506652e-03 
3.867871e-04 
-5.485900e-04 
-1.401283e-03 
-2.215180e-03 
-2.837948e-03 
-3.016546e-03 
-2.670670e-03 
-1.852553e-03 
-6.079416e-04 
1.044648e-03 
2.869788e-03 
4.575641e-03 
5.959082e-03 
7.055852e-03 
7.930405e-03 
8.495501e-03 
8.690115e-03 
8.690656e-03 
8.829263e-03 
9.269373e-03 
9.926815e-03 
1.065590e-02 
1.137344e-02 
1.197823e-02 
1.229042e-02 
1.215438e-02 
1.168452e-02 
1.111322e-02 
1.054558e-02 
9.844104e-03 
8.826333e-03 
7.409583e-03 
5.623767e-03 
3.598152e-03 
1.575342e-03 
-1.795612e-04 
-1.618330e-03 
-2.935493e-03 
-4.243375e-03 
-5.419859e-03 
-6.210428e-03 
-6.631863e-03 
-6.927394e-03 
-7.332835e-03 
-7.874781e-03 
-8.496763e-03 
-9.169929e-03 
-9.778805e-03 
-1.014336e-02 
-1.018999e-02 
-9.996146e-03 
-9.645470e-03 
-9.145029e-03 
-8.493066e-03 
-7.853900e-03 
-7.421159e-03 
-7.246114e-03 
-7.248511e-03 
-7.383161e-03 
-7.710299e-03 
-8.268498e-03 
-8.962480e-03 
-9.584510e-03 
-9.934660e-03 
-9.914557e-03 
-9.624511e-03 
-9.272150e-03 
-9.008544e-03 
-8.848919e-03 
-8.660447e-03 
-8.298967e-03 
-7.678107e-03 
-6.797525e-03 
-5.777752e-03 
-4.788020e-03 
-3.960051e-03 
-3.372305e-03 
-3.046495e-03 
-2.998545e-03 
-3.037343e-03 
-2.900584e-03 
-2.429833e-03 
-1.824776e-03 
-1.386013e-03 
-1.115337e-03 
-7.258383e-04 
-5.214763e-05 
8.232441e-04 
1.678364e-03 
2.506668e-03 
3.354454e-03 
4.170647e-03 
4.861570e-03 
5.457716e-03 
5.983832e-03 
6.338149e-03 
6.333971e-03 
5.975443e-03 
5.549448e-03 
5.349776e-03 
5.440784e-03 
5.674196e-03 
5.999938e-03 
6.531681e-03 
7.419953e-03 
8.647009e-03 
1.001993e-02 
1.133096e-02 
1.244856e-02 
1.326481e-02 
1.366993e-02 
1.355212e-02 
1.292506e-02 
1.189868e-02 
1.061881e-02 
9.198559e-03 
7.827744e-03 
6.785663e-03 
6.376519e-03 
6.702813e-03 
7.639995e-03 
8.948448e-03 
1.039003e-02 
1.172955e-02 
1.273797e-02 
1.337471e-02 
1.372250e-02 
1.381538e-02 
1.356935e-02 
1.286135e-02 
1.171248e-02 
1.033087e-02 
8.935821e-03 
7.643602e-03 
6.582398e-03 
5.891789e-03 
5.626533e-03 
5.704681e-03 
5.978199e-03 
6.341655e-03 
6.642838e-03 
6.639847e-03 
6.158614e-03 
5.320139e-03 
4.482847e-03 
3.881795e-03 
3.445354e-03 
2.901547e-03 
2.111445e-03 
1.198929e-03 
3.213127e-04 
-5.130583e-04 
-1.397024e-03 
-2.428954e-03 
-3.526142e-03 
-4.369103e-03 
-4.607720e-03 
-4.257856e-03 
-3.790248e-03 
-3.740556e-03 
-4.148129e-03 
-4.598696e-03 
-4.808428e-03 
-4.900950e-03 
-5.120657e-03 
-5.430592e-03 
-5.617878e-03 
-5.674003e-03 
-5.768749e-03 
-5.951629e-03 
-6.080966e-03 
-6.163656e-03 
-6.329679e-03 
-6.552504e-03 
-6.491820e-03 
-6.039192e-03 
-5.556444e-03 
-5.449248e-03 
-5.636294e-03 
-5.668855e-03 
-5.389599e-03 
-5.071589e-03 
-4.936774e-03 
-4.890422e-03 
-4.919371e-03 
-5.316615e-03 
-6.262084e-03 
-7.453070e-03 
-8.468532e-03 
-9.430342e-03 
-1.083061e-02 
-1.282084e-02 
-1.501200e-02 
-1.700836e-02 
-1.884739e-02 
-2.073368e-02 
-2.255647e-02 
-2.392679e-02 
-2.468479e-02 
-2.502224e-02 
-2.516942e-02 
-2.515542e-02 
-2.488458e-02 
-2.416980e-02 
-2.287405e-02 
-2.098637e-02 
-1.882788e-02 
-1.679937e-02 
-1.501039e-02 
-1.328162e-02 
-1.140796e-02 
-9.414059e-03 
-7.359302e-03 
-5.208380e-03 
-2.939710e-03 
-7.307471e-04 
1.111917e-03 
2.453019e-03 
3.398784e-03 
4.056535e-03 
4.456802e-03 
4.632352e-03 
4.622440e-03 
4.421881e-03 
3.921606e-03 
3.211911e-03 
2.570678e-03 
2.176478e-03 
1.907226e-03 
1.557380e-03 
1.174305e-03 
9.460414e-04 
8.532359e-04 
6.103418e-04 
2.263754e-05 
-7.748538e-04 
-1.481487e-03 
-1.989939e-03 
-2.353555e-03 
-2.614334e-03 
-2.799328e-03 
-2.999463e-03 
-3.394939e-03 
-4.017524e-03 
-4.636856e-03 
-5.061283e-03 
-5.284446e-03 
-5.439487e-03 
-5.515727e-03 
-5.378455e-03 
-4.994191e-03 
-4.450054e-03 
-3.824769e-03 
-3.078613e-03 
-2.227974e-03 
-1.495849e-03 
-1.148248e-03 
-1.226360e-03 
-1.508653e-03 
-1.784747e-03 
-1.974412e-03 
-2.054097e-03 
-1.925852e-03 
-1.463330e-03 
-6.817323e-04 
2.469570e-04 
1.166627e-03 
2.053325e-03 
3.012137e-03 
4.019114e-03 
4.976841e-03 
5.756456e-03 
6.379604e-03 
6.943901e-03 
7.395039e-03 
7.625711e-03 
7.626773e-03 
7.670753e-03 
7.997513e-03 
8.439734e-03 
8.598591e-03 
8.384580e-03 
8.239668e-03 
8.490887e-03 
8.867193e-03 
8.793578e-03 
8.208818e-03 
7.621774e-03 
7.383909e-03 
7.154150e-03 
6.481486e-03 
5.443912e-03 
4.580255e-03 
4.158900e-03 
3.959580e-03 
3.753814e-03 
3.596162e-03 
3.627506e-03 
3.784101e-03 
3.837973e-03 
3.717591e-03 
3.458864e-03 
3.086280e-03 
2.550006e-03 
1.903601e-03 
1.190181e-03 
3.900035e-04 
-5.744939e-04 
-1.615019e-03 
-2.401432e-03 
-2.552931e-03 
-1.970814e-03 
-8.926757e-04 
3.425504e-04 
1.511856e-03 
2.553326e-03 
3.376556e-03 
3.824610e-03 
3.776625e-03 
3.340041e-03 
2.745773e-03 
2.233045e-03 
1.884264e-03 
1.726550e-03 
1.691898e-03 
1.710657e-03 
1.713201e-03 
1.743068e-03 
1.895579e-03 
2.204310e-03 
2.639059e-03 
3.124544e-03 
3.611419e-03 
4.057364e-03 
4.470875e-03 
4.894279e-03 
5.324839e-03 
5.614208e-03 
5.530111e-03 
5.011596e-03 
4.240893e-03 
3.439564e-03 
2.714094e-03 
2.092906e-03 
1.683728e-03 
1.585748e-03 
1.772519e-03 
2.130442e-03 
2.510390e-03 
2.761648e-03 
2.707110e-03 
2.304127e-03 
1.643314e-03 
8.238956e-04 
-2.770297e-04 
-1.762575e-03 
-3.470964e-03 
-4.908281e-03 
-5.762278e-03 
-6.013260e-03 
-5.812157e-03 
-5.176560e-03 
-4.190802e-03 
-3.072416e-03 
-2.089430e-03 
-1.260549e-03 
-4.306461e-04 
4.839984e-04 
1.431074e-03 
2.281647e-03 
2.987060e-03 
3.529447e-03 
3.889444e-03 
4.109410e-03 
4.284730e-03 
4.398051e-03 
4.392576e-03 
4.331930e-03 
4.403568e-03 
4.655432e-03 
4.895717e-03 
4.889579e-03 
4.649939e-03 
4.364363e-03 
4.111284e-03 
3.793387e-03 
3.348193e-03 
2.836740e-03 
2.378378e-03 
1.971543e-03 
1.516098e-03 
9.863059e-04 
3.878481e-04 
-3.168098e-04 
-1.140632e-03 
-1.861418e-03 
-2.198580e-03 
-2.061120e-03 
-1.754215e-03 
-1.674462e-03 
-1.839594e-03 
-1.976460e-03 
-1.913318e-03 
-1.656377e-03 
-1.244458e-03 
-5.358570e-04 
5.019591e-04 
1.541980e-03 
2.249581e-03 
2.748954e-03 
3.501141e-03 
4.654757e-03 
5.735314e-03 
6.181618e-03 
5.942308e-03 
5.467945e-03 
5.169141e-03 
4.993825e-03 
4.625211e-03 
3.874458e-03 
2.780028e-03 
1.556525e-03 
3.613742e-04 
-7.954788e-04 
-1.989035e-03 
-3.286014e-03 
-4.610451e-03 
-5.741743e-03 
-6.456004e-03 
-6.678675e-03 
-6.515605e-03 
-6.090312e-03 
-5.482681e-03 
-4.748384e-03 
-3.907975e-03 
-3.008403e-03 
-2.063705e-03 
-1.170025e-03 
-4.775692e-04 
-1.712230e-04 
-1.432056e-04 
-9.244534e-05 
3.049830e-04 
1.030648e-03 
1.846152e-03 
2.597175e-03 
3.322504e-03 
4.148529e-03 
5.031066e-03 
5.783374e-03 
6.176487e-03 
6.040908e-03 
5.349917e-03 
4.386930e-03 
3.568412e-03 
3.145367e-03 
2.883245e-03 
2.350343e-03 
1.477089e-03 
5.301542e-04 
-2.518927e-04 
-9.102546e-04 
-1.546069e-03 
-2.087175e-03 
-2.337552e-03 
-2.238885e-03 
-1.957714e-03 
-1.707143e-03 
-1.660966e-03 
-2.012322e-03 
-2.770249e-03 
-3.692448e-03 
-4.425065e-03 
-4.786222e-03 
-4.955772e-03 
-5.160664e-03 
-5.364584e-03 
-5.493246e-03 
-5.617255e-03 
-6.035436e-03 
-6.854034e-03 
-7.848129e-03 
-8.736215e-03 
-9.476794e-03 
-1.021569e-02 
-1.101379e-02 
-1.170160e-02 
-1.213804e-02 
-1.233633e-02 
-1.241861e-02 
-1.245121e-02 
-1.247563e-02 
-1.248880e-02 
-1.246326e-02 
-1.231551e-02 
-1.194576e-02 
-1.142192e-02 
-1.092083e-02 
-1.054899e-02 
-1.019453e-02 
-9.612553e-03 
-8.660469e-03 
-7.376548e-03 
-5.922586e-03 
-4.464067e-03 
-3.102888e-03 
-1.967252e-03 
-1.245861e-03 
-1.053439e-03 
-1.247183e-03 
-1.424799e-03 
-1.263783e-03 
-7.619329e-04 
-1.560694e-04 
3.852534e-04 
8.719555e-04 
1.411902e-03 
2.020532e-03 
2.721145e-03 
3.461774e-03 
4.129134e-03 
4.489306e-03 
4.330102e-03 
3.679410e-03 
2.686711e-03 
1.469137e-03 
7.223852e-05 
-1.403778e-03 
-2.765167e-03 
-3.871447e-03 
-4.739644e-03 
-5.409229e-03 
-5.821376e-03 
-5.794716e-03 
-5.313790e-03 
-4.653589e-03 
-4.118283e-03 
-3.691331e-03 
-3.117206e-03 
-2.342346e-03 
-1.650677e-03 
-1.349006e-03 
-1.266046e-03 
-9.520551e-04 
-2.844612e-04 
3.545142e-04 
5.602728e-04 
4.345246e-04 
3.643936e-04 
4.510913e-04 
4.681685e-04 
3.018941e-04 
1.727084e-04 
3.221563e-04 
6.123987e-04 
7.900998e-04 
8.511090e-04 
1.045312e-03 
1.449791e-03 
1.783861e-03 
1.732249e-03 
1.288368e-03 
7.620282e-04 
3.911556e-04 
1.793626e-04 
-2.135921e-05 
-2.659251e-04 
-5.081095e-04 
-6.247303e-04 
-6.025134e-04 
-5.177760e-04 
-4.194910e-04 
-3.512278e-04 
-3.729435e-04 
-6.689271e-04 
-1.316647e-03 
-2.113533e-03 
-2.620498e-03 
-2.630617e-03 
-2.294054e-03 
-1.909041e-03 
-1.473762e-03 
-7.990676e-04 
6.934929e-05 
8.217836e-04 
1.259689e-03 
1.577741e-03 
1.963264e-03 
2.380613e-03 
2.611478e-03 
2.713099e-03 
2.883669e-03 
3.193345e-03 
3.518290e-03 
3.853180e-03 
4.362190e-03 
5.098441e-03 
5.839832e-03 
6.436107e-03 
7.051510e-03 
7.871664e-03 
8.722353e-03 
9.162370e-03 
9.033071e-03 
8.591051e-03 
8.114467e-03 
7.585844e-03 
6.858975e-03 
6.043418e-03 
5.482759e-03 
5.274060e-03 
5.142982e-03 
4.693977e-03 
3.871362e-03 
2.936995e-03 
2.168182e-03 
1.664148e-03 
1.456957e-03 
1.634091e-03 
2.301858e-03 
3.380590e-03 
4.720260e-03 
6.177439e-03 
7.702043e-03 
9.228293e-03 
1.074715e-02 
1.226594e-02 
1.382033e-02 
1.534654e-02 
1.677069e-02 
1.803828e-02 
1.912158e-02 
1.984917e-02 
2.000427e-02 
1.968231e-02 
1.922687e-02 
1.892053e-02 
1.862795e-02 
1.813724e-02 
1.747617e-02 
1.686597e-02 
1.633144e-02 
1.569996e-02 
1.490566e-02 
1.408721e-02 
1.335524e-02 
1.263693e-02 
1.192466e-02 
1.133978e-02 
1.090197e-02 
1.035370e-02 
9.520419e-03 
8.665425e-03 
8.225644e-03 
8.220194e-03 
8.215111e-03 
7.861782e-03 
7.243943e-03 
6.719771e-03 
6.569861e-03 
6.874418e-03 
7.602555e-03 
8.618127e-03 
9.599405e-03 
1.035762e-02 
1.095916e-02 
1.149632e-02 
1.186303e-02 
1.180258e-02 
1.121906e-02 
1.031630e-02 
9.217709e-03 
7.800939e-03 
5.949667e-03 
3.947027e-03 
2.348976e-03 
1.442036e-03 
1.052360e-03 
7.675269e-04 
4.260176e-04 
4.457929e-05 
-4.019492e-04 
-1.105097e-03 
-2.124074e-03 
-3.211558e-03 
-3.944159e-03 
-4.196117e-03 
-4.282798e-03 
-4.652720e-03 
-5.354024e-03 
-5.929074e-03 
-5.900631e-03 
-5.237586e-03 
-4.361962e-03 
-3.769260e-03 
-3.558825e-03 
-3.537452e-03 
-3.518348e-03 
-3.487872e-03 
-3.577508e-03 
-3.952502e-03 
-4.637569e-03 
-5.555648e-03 
-6.525774e-03 
-7.486279e-03 
-8.485344e-03 
-9.551249e-03 
-1.055355e-02 
-1.137968e-02 
-1.208848e-02 
-1.284620e-02 
-1.360534e-02 
-1.414044e-02 
-1.431092e-02 
-1.432731e-02 
-1.443878e-02 
-1.470247e-02 
-1.499580e-02 
-1.524078e-02 
-1.537171e-02 
-1.532311e-02 
-1.500815e-02 
-1.436958e-02 
-1.341116e-02 
-1.213756e-02 
-1.063676e-02 
-9.131398e-03 
-7.774289e-03 
-6.453704e-03 
-5.057134e-03 
-3.653574e-03 
-2.431521e-03 
-1.413449e-03 
-5.078431e-04 
1.525019e-04 
3.720811e-04 
2.396040e-04 
1.894053e-05 
-3.448752e-04 
-1.128083e-03 
-2.234443e-03 
-3.056391e-03 
-3.280545e-03 
-3.339067e-03 
-3.644871e-03 
-3.890913e-03 
-3.666447e-03 
-3.312018e-03 
-3.570527e-03 
-4.416951e-03 
-5.119222e-03 
-5.376629e-03 
-5.645609e-03 
-6.189232e-03 
-6.569826e-03 
-6.531836e-03 
-6.543236e-03 
-6.959449e-03 
-7.221326e-03 
-6.660191e-03 
-5.696211e-03 
-5.204352e-03 
-5.155676e-03 
-4.733940e-03 
-3.733254e-03 
-2.933769e-03 
-2.856001e-03 
-2.944798e-03 
-2.498202e-03 
-1.647004e-03 
-1.006848e-03 
-6.753442e-04 
-3.697774e-04 
4.741335e-05 
4.489584e-04 
8.808001e-04 
1.405543e-03 
1.780530e-03 
1.686116e-03 
1.292095e-03 
1.062917e-03 
1.047287e-03 
8.138008e-04 
1.832308e-04 
-5.303155e-04 
-1.097945e-03 
-1.734668e-03 
-2.676363e-03 
-3.666499e-03 
-4.278766e-03 
-4.534021e-03 
-4.760772e-03 
-5.106990e-03 
-5.427249e-03 
-5.616724e-03 
-5.678675e-03 
-5.505732e-03 
-4.885826e-03 
-3.855973e-03 
-2.813055e-03 
-2.228592e-03 
-2.252507e-03 
-2.725125e-03 
-3.433536e-03 
-4.275532e-03 
-5.147851e-03 
-5.987661e-03 
-6.692599e-03 
-7.052052e-03 
-6.872491e-03 
-6.132492e-03 
-5.063821e-03 
-4.005092e-03 
-3.079338e-03 
-2.278720e-03 
-1.581556e-03 
-1.032557e-03 
-5.630441e-04 
-3.000898e-05 
5.890841e-04 
1.001710e-03 
9.498672e-04 
5.561309e-04 
3.004960e-04 
5.248961e-04 
1.104130e-03 
1.716400e-03 
2.168126e-03 
2.352385e-03 
2.025394e-03 
9.248785e-04 
-8.053492e-04 
-2.492280e-03 
-3.385582e-03 
-3.308231e-03 
-2.652327e-03 
-1.886673e-03 
-1.210684e-03 
-7.219774e-04 
-5.654861e-04 
-7.752343e-04 
-1.019501e-03 
-8.184342e-04 
-1.046223e-05 
1.018392e-03 
1.724248e-03 
1.980646e-03 
2.225208e-03 
2.914903e-03 
4.071539e-03 
5.333480e-03 
6.365996e-03 
7.027936e-03 
7.216212e-03 
6.806112e-03 
5.862950e-03 
4.828184e-03 
4.248508e-03 
4.284229e-03 
4.660559e-03 
5.015052e-03 
5.238628e-03 
5.156169e-03 
4.411270e-03 
2.813447e-03 
6.907634e-04 
-1.324364e-03 
-2.912182e-03 
-4.201078e-03 
-5.339404e-03 
-6.223264e-03 
-6.827454e-03 
-7.382251e-03 
-8.011722e-03 
-8.484198e-03 
-8.446262e-03 
-7.959473e-03 
-7.426041e-03 
-7.084317e-03 
-6.911947e-03 
-6.993364e-03 
-7.574061e-03 
-8.635066e-03 
-9.551735e-03 
-9.762844e-03 
-9.433752e-03 
-9.288777e-03 
-9.697267e-03 
-1.014321e-02 
-9.929556e-03 
-9.035549e-03 
-8.126743e-03 
-7.783021e-03 
-7.930536e-03 
-8.101556e-03 
-8.044744e-03 
-7.907063e-03 
-7.887692e-03 
-7.890520e-03 
-7.620242e-03 
-6.890793e-03 
-5.889897e-03 
-5.017886e-03 
-4.509610e-03 
-4.131539e-03 
-3.412418e-03 
-2.195747e-03 
-9.060708e-04 
-6.329576e-05 
2.195025e-04 
3.069751e-04 
4.384776e-04 
3.605687e-04 
-2.230298e-04 
-1.210785e-03 
-2.122623e-03 
-2.734276e-03 
-3.287982e-03 
-4.075027e-03 
-4.958140e-03 
-5.522331e-03 
-5.625288e-03 
-5.550303e-03 
-5.631848e-03 
-5.747681e-03 
-5.469838e-03 
-4.583281e-03 
-3.390615e-03 
-2.298598e-03 
-1.302126e-03 
-5.418742e-05 
1.571506e-03 
3.229086e-03 
4.472924e-03 
5.291850e-03 
5.957251e-03 
6.583211e-03 
7.073520e-03 
7.427289e-03 
7.843961e-03 
8.322046e-03 
8.637156e-03 
8.553697e-03 
8.195608e-03 
7.788877e-03 
7.408075e-03 
6.984254e-03 
6.598491e-03 
6.473619e-03 
6.748095e-03 
7.388843e-03 
8.261025e-03 
9.177704e-03 
9.936365e-03 
1.044287e-02 
1.076060e-02 
1.108713e-02 
1.151817e-02 
1.196697e-02 
1.223865e-02 
1.218661e-02 
1.175559e-02 
1.105331e-02 
1.038933e-02 
9.996187e-03 
9.841179e-03 
9.693071e-03 
9.505795e-03 
9.467579e-03 
9.634345e-03 
9.799574e-03 
9.691366e-03 
9.363102e-03 
9.094121e-03 
9.075936e-03 
9.251169e-03 
9.457435e-03 
9.558766e-03 
9.441542e-03 
9.039389e-03 
8.512674e-03 
8.106715e-03 
7.924095e-03 
7.781342e-03 
7.337988e-03 
6.482895e-03 
5.497982e-03 
4.850886e-03 
4.807147e-03 
5.183365e-03 
5.547757e-03 
5.558010e-03 
5.257079e-03 
4.802658e-03 
4.312759e-03 
3.819217e-03 
3.342153e-03 
2.853027e-03 
2.219464e-03 
1.367495e-03 
5.397990e-04 
-2.677679e-06 
-3.581954e-04 
-9.037253e-04 
-1.800981e-03 
-2.804979e-03 
-3.690814e-03 
-4.581901e-03 
-5.594126e-03 
-6.485264e-03 
-6.766167e-03 
-6.284445e-03 
-5.386766e-03 
-4.481632e-03 
-3.690497e-03 
-3.006526e-03 
-2.457684e-03 
-2.032766e-03 
-1.639442e-03 
-1.266005e-03 
-1.096334e-03 
-1.280632e-03 
-1.635411e-03 
-1.684721e-03 
-1.152901e-03 
-7.588556e-05 
1.345692e-03 
2.905111e-03 
4.422049e-03 
5.679611e-03 
6.709770e-03 
7.868423e-03 
9.425991e-03 
1.115602e-02 
1.235739e-02 
1.256672e-02 
1.195648e-02 
1.114955e-02 
1.051611e-02 
9.954791e-03 
9.209159e-03 
8.413539e-03 
8.062597e-03 
8.558477e-03 
9.713002e-03 
1.092730e-02 
1.162683e-02 
1.165089e-02 
1.104208e-02 
9.897720e-03 
8.469392e-03 
7.240967e-03 
6.622637e-03 
6.549630e-03 
6.688856e-03 
6.944932e-03 
7.497225e-03 
8.293618e-03 
8.775010e-03 
8.392513e-03 
7.186216e-03 
5.582334e-03 
3.685523e-03 
1.206622e-03 
-1.927911e-03 
-5.085919e-03 
-7.204224e-03 
-7.571156e-03 
-6.335350e-03 
-4.620602e-03 
-3.986763e-03 
-5.298143e-03 
-7.952660e-03 
-1.021194e-02 
-1.066681e-02 
-9.411337e-03 
-7.854643e-03 
-7.406313e-03 
-8.435006e-03 
-1.019459e-02 
-1.146849e-02 
-1.140211e-02 
-1.008412e-02 
-8.434218e-03 
-7.608900e-03 
-8.064514e-03 
-9.385635e-03 
-1.062068e-02 
-1.108618e-02 
-1.068273e-02 
-9.825603e-03 
-8.980498e-03 
-8.410334e-03 
-8.137579e-03 
-8.067211e-03 
-8.168696e-03 
-8.320529e-03 
-8.422601e-03 
-8.511407e-03 
-8.878986e-03 
-9.812681e-03 
-1.125065e-02 
-1.280576e-02 
-1.411416e-02 
-1.511860e-02 
-1.584337e-02 
-1.616126e-02 
-1.581337e-02 
-1.484817e-02 
-1.362620e-02 
-1.239672e-02 
-1.102732e-02 
-9.297309e-03 
-7.310762e-03 
-5.604541e-03 
-4.596664e-03 
-4.211826e-03 
-4.040854e-03 
-3.860659e-03 
-3.770371e-03 
-3.953780e-03 
-4.230308e-03 
-4.116766e-03 
-3.305970e-03 
-2.030302e-03 
-9.626838e-04 
-5.222930e-04 
-5.538057e-04 
-4.722065e-04 
-3.724559e-05 
4.333846e-04 
4.394947e-04 
4.435251e-06 
-3.909203e-04 
-4.102057e-04 
-1.492732e-04 
8.891527e-05 
3.417863e-04 
8.173067e-04 
1.503905e-03 
2.076206e-03 
2.307499e-03 
2.416877e-03 
2.740420e-03 
3.146585e-03 
3.053782e-03 
2.091213e-03 
6.991929e-04 
-2.280820e-04 
-2.485382e-04 
2.034114e-04 
4.238210e-04 
3.000433e-04 
3.927879e-04 
1.085211e-03 
1.952345e-03 
2.189958e-03 
1.545446e-03 
7.234575e-04 
6.044794e-04 
1.336114e-03 
2.273664e-03 
2.746391e-03 
2.728496e-03 
2.811007e-03 
3.494426e-03 
4.710812e-03 
6.015993e-03 
7.097826e-03 
8.042661e-03 
9.179197e-03 
1.062372e-02 
1.217879e-02 
1.342889e-02 
1.414997e-02 
1.440532e-02 
1.436619e-02 
1.414496e-02 
1.376927e-02 
1.350869e-02 
1.369198e-02 
1.431110e-02 
1.476363e-02 
1.432710e-02 
1.280670e-02 
1.074092e-02 
8.902839e-03 
7.789175e-03 
7.434093e-03 
7.565485e-03 
7.797437e-03 
7.901351e-03 
7.949283e-03 
8.115098e-03 
8.273404e-03 
8.055209e-03 
7.423504e-03 
6.853027e-03 
6.651405e-03 
6.459291e-03 
5.643742e-03 
4.154572e-03 
2.611562e-03 
1.417769e-03 
3.536580e-04 
-9.196697e-04 
-2.205036e-03 
-3.142805e-03 
-3.762068e-03 
-4.452951e-03 
-5.244485e-03 
-5.654061e-03 
-5.236597e-03 
-4.070543e-03 
-2.642220e-03 
-1.327846e-03 
-2.899986e-04 
4.195218e-04 
6.843369e-04 
4.549148e-04 
-1.240207e-04 
-8.962375e-04 
-1.805608e-03 
-2.950694e-03 
-4.300531e-03 
-5.556383e-03 
-6.340835e-03 
-6.541289e-03 
-6.402312e-03 
-6.309150e-03 
-6.419013e-03 
-6.663234e-03 
-6.805781e-03 
-6.670216e-03 
-6.115426e-03 
-5.155397e-03 
-3.945273e-03 
-2.744064e-03 
-1.802063e-03 
-1.254665e-03 
-1.044036e-03 
-9.114682e-04 
-6.771982e-04 
-4.430113e-04 
-5.555365e-04 
-1.186365e-03 
-1.923431e-03 
-2.093696e-03 
-1.467572e-03 
-7.533397e-04 
-1.027286e-03 
-2.755715e-03 
-5.288925e-03 
-7.450603e-03 
-8.753216e-03 
-9.820415e-03 
-1.154564e-02 
-1.377106e-02 
-1.528184e-02 
-1.508685e-02 
-1.354955e-02 
-1.191070e-02 
-1.075985e-02 
-9.529020e-03 
-7.562465e-03 
-5.200390e-03 
-3.474711e-03 
-2.938820e-03 
-3.103669e-03 
-3.285940e-03 
-3.402505e-03 
-3.940233e-03 
-5.128678e-03 
-6.399714e-03 
-6.626934e-03 
-4.980372e-03 
-1.692571e-03 
1.902933e-03 
4.117354e-03 
3.920218e-03 
1.367542e-03 
-2.717527e-03 
-7.262732e-03 
-1.112644e-02 
-1.326243e-02 
-1.313440e-02 
-1.119027e-02 
-8.685417e-03 
-6.891623e-03 
-6.367950e-03 
-6.995659e-03 
-8.351696e-03 
-9.918152e-03 
-1.112946e-02 
-1.141861e-02 
-1.060694e-02 
-9.007452e-03 
-7.128602e-03 
-5.423653e-03 
-4.239888e-03 
-3.949254e-03 
-4.810635e-03 
-6.791884e-03 
-9.451589e-03 
-1.217980e-02 
-1.436999e-02 
-1.554281e-02 
-1.545454e-02 
-1.424809e-02 
-1.234294e-02 
-1.017358e-02 
-7.908586e-03 
-5.627917e-03 
-3.655430e-03 
-2.462371e-03 
-2.256482e-03 
-2.657178e-03 
-3.025056e-03 
-3.021206e-03 
-2.935443e-03 
-3.322091e-03 
-4.271815e-03 
-5.038229e-03 
-4.406395e-03 
-1.772438e-03 
2.222721e-03 
6.042080e-03 
8.389408e-03 
8.898034e-03 
7.945521e-03 
6.094419e-03 
3.891981e-03 
2.011138e-03 
8.970781e-04 
3.716461e-04 
-1.977547e-04 
-1.023051e-03 
-1.468527e-03 
-6.306204e-04 
1.584825e-03 
4.312244e-03 
6.606337e-03 
8.232083e-03 
9.576442e-03 
1.093614e-02 
1.196874e-02 
1.193656e-02 
1.039467e-02 
7.704474e-03 
4.997918e-03 
3.408304e-03 
3.243960e-03 
4.074513e-03 
5.387894e-03 
7.121837e-03 
9.194297e-03 
1.101067e-02 
1.169270e-02 
1.099366e-02 
9.575721e-03 
8.300111e-03 
7.519559e-03 
7.024825e-03 
6.517268e-03 
5.860928e-03 
5.106738e-03 
4.452950e-03 
4.195643e-03 
4.360648e-03 
4.488082e-03 
4.013434e-03 
2.996432e-03 
2.182364e-03 
2.315596e-03 
3.417602e-03 
4.883390e-03 
6.108721e-03 
6.852209e-03 
7.098325e-03 
6.839638e-03 
6.123786e-03 
5.117908e-03 
4.147322e-03 
3.442980e-03 
2.834920e-03 
1.794344e-03 
-5.852736e-05 
-2.427289e-03 
-4.376141e-03 
-5.191715e-03 
-4.996920e-03 
-4.501046e-03 
-4.193475e-03 
-4.026212e-03 
-3.921380e-03 
-4.132900e-03 
-4.913158e-03 
-5.953189e-03 
-6.645415e-03 
-6.695002e-03 
-6.381775e-03 
-6.114727e-03 
-5.919903e-03 
-5.472134e-03 
-4.511356e-03 
-3.160091e-03 
-1.860222e-03 
-1.085334e-03 
-1.064011e-03 
-1.670722e-03 
-2.556345e-03 
-3.410133e-03 
-4.114294e-03 
-4.556563e-03 
-4.455942e-03 
-3.570441e-03 
-2.112090e-03 
-6.719392e-04 
1.605018e-04 
3.604885e-04 
4.439334e-04 
1.083015e-03 
2.666327e-03 
4.855141e-03 
6.815750e-03 
7.771044e-03 
7.671216e-03 
7.281137e-03 
7.473213e-03 
8.518599e-03 
9.980972e-03 
1.121890e-02 
1.192240e-02 
1.217929e-02 
1.226757e-02 
1.240634e-02 
1.270485e-02 
1.308736e-02 
1.332974e-02 
1.320446e-02 
1.270590e-02 
1.200655e-02 
1.138807e-02 
1.100123e-02 
1.077338e-02 
1.043934e-02 
9.790321e-03 
8.866750e-03 
7.945547e-03 
7.166434e-03 
6.432229e-03 
5.620637e-03 
4.820121e-03 
4.269840e-03 
3.995201e-03 
3.788396e-03 
3.660286e-03 
3.952158e-03 
4.890525e-03 
6.177696e-03 
7.121708e-03 
7.309374e-03 
6.865168e-03 
6.130782e-03 
5.250853e-03 
4.181484e-03 
3.029068e-03 
2.038876e-03 
1.309535e-03 
7.171782e-04 
1.735746e-04 
-1.809894e-04 
-6.860158e-05 
5.157298e-04 
1.232791e-03 
1.676569e-03 
1.748234e-03 
1.612000e-03 
1.534477e-03 
1.652405e-03 
1.893839e-03 
2.141550e-03 
2.285979e-03 
2.272836e-03 
2.139233e-03 
1.943614e-03 
1.784685e-03 
1.670571e-03 
1.481454e-03 
1.095441e-03 
5.299793e-04 
-6.427894e-05 
-6.539701e-04 
-1.387547e-03 
-2.420932e-03 
-3.693635e-03 
-5.024155e-03 
-6.348894e-03 
-7.670770e-03 
-8.710680e-03 
-9.091940e-03 
-8.830161e-03 
-8.415569e-03 
-8.257937e-03 
-8.225071e-03 
-7.811083e-03 
-6.865391e-03 
-5.737513e-03 
-4.841109e-03 
-4.231565e-03 
-3.733570e-03 
-3.243126e-03 
-2.751916e-03 
-2.214749e-03 
-1.551371e-03 
-6.601847e-04 
5.928635e-04 
2.225615e-03 
4.012197e-03 
5.501358e-03 
6.431506e-03 
6.942712e-03 
7.230361e-03 
7.267819e-03 
6.976324e-03 
6.613763e-03 
6.636349e-03 
7.101586e-03 
7.512675e-03 
7.377000e-03 
6.839553e-03 
6.414391e-03 
6.409495e-03 
6.542519e-03 
6.371947e-03 
5.672827e-03 
4.683272e-03 
3.891953e-03 
3.645121e-03 
3.917917e-03 
4.457256e-03 
5.052519e-03 
5.732842e-03 
6.511757e-03 
7.224739e-03 
7.653260e-03 
7.741755e-03 
7.678254e-03 
7.530055e-03 
7.158706e-03 
6.320026e-03 
4.929492e-03 
3.175107e-03 
1.423480e-03 
1.052156e-04 
-4.480383e-04 
-2.168353e-04 
4.261871e-04 
1.026928e-03 
1.248514e-03 
1.046998e-03 
6.221788e-04 
1.126474e-04 
-4.474330e-04 
-1.203351e-03 
-2.197216e-03 
-3.260731e-03 
-4.011978e-03 
-4.085138e-03 
-3.429885e-03 
-2.292116e-03 
-1.197421e-03 
-5.700924e-04 
-5.948948e-04 
-1.141581e-03 
-1.909396e-03 
-2.676277e-03 
-3.326715e-03 
-3.905893e-03 
-4.387798e-03 
-4.629495e-03 
-4.512875e-03 
-4.120303e-03 
-3.840287e-03 
-4.084853e-03 
-4.800640e-03 
-5.507628e-03 
-5.764574e-03 
-5.675441e-03 
-5.724872e-03 
-6.117018e-03 
-6.555526e-03 
-6.677367e-03 
-6.444887e-03 
-6.157631e-03 
-6.042067e-03 
-6.194552e-03 
-6.787541e-03 
-7.929958e-03 
-9.439461e-03 
-1.081375e-02 
-1.162493e-02 
-1.184484e-02 
-1.172024e-02 
-1.138820e-02 
-1.091369e-02 
-1.032232e-02 
-9.744665e-03 
-9.197069e-03 
-8.573140e-03 
-7.774666e-03 
-6.866791e-03 
-6.017965e-03 
-5.443867e-03 
-5.219563e-03 
-5.255808e-03 
-5.341402e-03 
-5.268256e-03 
-4.974525e-03 
-4.567352e-03 
-4.184242e-03 
-3.881896e-03 
-3.707762e-03 
-3.661124e-03 
-3.743546e-03 
-3.895724e-03 
-4.030236e-03 
-3.973903e-03 
-3.611360e-03 
-2.987535e-03 
-2.377589e-03 
-2.065106e-03 
-2.048153e-03 
-2.036928e-03 
-1.711038e-03 
-9.919628e-04 
-2.605639e-05 
9.774797e-04 
1.858086e-03 
2.552776e-03 
3.131925e-03 
3.678185e-03 
4.191810e-03 
4.614574e-03 
4.912004e-03 
5.164253e-03 
5.483929e-03 
5.804117e-03 
5.937066e-03 
5.834256e-03 
5.680917e-03 
5.669261e-03 
5.801795e-03 
5.840537e-03 
5.601416e-03 
5.104058e-03 
4.571449e-03 
4.307829e-03 
4.533900e-03 
5.254864e-03 
6.251808e-03 
7.221371e-03 
7.995133e-03 
8.547543e-03 
8.984366e-03 
9.422396e-03 
9.857310e-03 
1.022849e-02 
1.047937e-02 
1.063276e-02 
1.076554e-02 
1.083818e-02 
1.074393e-02 
1.042520e-02 
9.998637e-03 
9.596747e-03 
9.173617e-03 
8.591677e-03 
7.835073e-03 
6.969062e-03 
5.892590e-03 
4.370591e-03 
2.447247e-03 
4.671905e-04 
-1.169046e-03 
-2.429484e-03 
-3.497912e-03 
-4.482698e-03 
-5.306495e-03 
-6.026043e-03 
-6.820931e-03 
-7.682940e-03 
-8.242364e-03 
-8.144890e-03 
-7.454027e-03 
-6.535469e-03 
-5.709237e-03 
-5.081450e-03 
-4.643395e-03 
-4.459981e-03 
-4.583201e-03 
-4.923530e-03 
-5.298352e-03 
-5.527909e-03 
-5.491037e-03 
-5.260507e-03 
-5.024738e-03 
-5.027208e-03 
-5.318372e-03 
-5.745022e-03 
-6.127588e-03 
-6.507954e-03 
-7.039753e-03 
-7.837005e-03 
-8.846509e-03 
-9.928841e-03 
-1.091162e-02 
-1.154517e-02 
-1.160496e-02 
-1.108376e-02 
-1.024511e-02 
-9.365972e-03 
-8.493860e-03 
-7.516347e-03 
-6.448947e-03 
-5.506729e-03 
-4.855552e-03 
-4.490142e-03 
-4.316630e-03 
-4.298633e-03 
-4.368642e-03 
-4.364534e-03 
-4.026171e-03 
-3.271822e-03 
-2.242275e-03 
-1.173930e-03 
-2.048586e-04 
6.483259e-04 
1.339199e-03 
1.758516e-03 
1.817814e-03 
1.578413e-03 
1.193114e-03 
7.245036e-04 
3.621850e-05 
-9.353346e-04 
-1.977333e-03 
-2.659806e-03 
-2.802219e-03 
-2.594129e-03 
-2.247949e-03 
-1.693049e-03 
-7.587540e-04 
4.196613e-04 
1.424337e-03 
2.036902e-03 
2.372215e-03 
2.591600e-03 
2.593603e-03 
2.223827e-03 
1.597426e-03 
1.056331e-03 
8.540403e-04 
1.016891e-03 
1.380569e-03 
1.758602e-03 
1.965174e-03 
1.956583e-03 
1.785632e-03 
1.491172e-03 
1.025004e-03 
5.264824e-04 
3.632906e-04 
8.746232e-04 
1.860824e-03 
2.715260e-03 
3.089738e-03 
3.114279e-03 
2.985704e-03 
2.617149e-03 
1.970320e-03 
1.337363e-03 
1.128086e-03 
1.258646e-03 
1.276468e-03 
1.052849e-03 
