1 
5.000000e-03 
1.740000e-04 
1.730000e-04 
1.720000e-04 
1.710000e-04 
1.710000e-04 
1.700000e-04 
1.690000e-04 
1.680000e-04 
1.670000e-04 
1.660000e-04 
1.640000e-04 
1.630000e-04 
1.610000e-04 
1.590000e-04 
1.570000e-04 
1.550000e-04 
1.530000e-04 
1.520000e-04 
1.510000e-04 
1.490000e-04 
1.470000e-04 
1.440000e-04 
1.420000e-04 
1.400000e-04 
1.390000e-04 
1.390000e-04 
1.380000e-04 
1.350000e-04 
1.300000e-04 
1.230000e-04 
1.140000e-04 
1.040000e-04 
9.600000e-05 
9.000000e-05 
8.800000e-05 
8.600000e-05 
8.400000e-05 
8.000000e-05 
7.400000e-05 
6.800000e-05 
6.200000e-05 
5.600000e-05 
5.000000e-05 
4.500000e-05 
4.100000e-05 
3.500000e-05 
2.700000e-05 
1.600000e-05 
2.000000e-06 
-1.300000e-05 
-2.700000e-05 
-4.100000e-05 
-5.200000e-05 
-5.800000e-05 
-5.700000e-05 
-5.400000e-05 
-5.100000e-05 
-4.300000e-05 
-2.900000e-05 
-8.000000e-06 
1.500000e-05 
3.300000e-05 
4.300000e-05 
4.500000e-05 
4.000000e-05 
2.900000e-05 
1.500000e-05 
-1.000000e-06 
-2.000000e-05 
-4.500000e-05 
-7.900000e-05 
-1.190000e-04 
-1.620000e-04 
-2.040000e-04 
-2.430000e-04 
-2.800000e-04 
-3.180000e-04 
-3.480000e-04 
-3.610000e-04 
-3.590000e-04 
-3.500000e-04 
-3.410000e-04 
-3.350000e-04 
-3.350000e-04 
-3.420000e-04 
-3.550000e-04 
-3.720000e-04 
-3.910000e-04 
-4.110000e-04 
-4.290000e-04 
-4.490000e-04 
-4.760000e-04 
-5.130000e-04 
-5.520000e-04 
-5.820000e-04 
-6.000000e-04 
-6.040000e-04 
-5.990000e-04 
-5.850000e-04 
-5.570000e-04 
-4.980000e-04 
-4.130000e-04 
-3.330000e-04 
-2.840000e-04 
-2.690000e-04 
-2.780000e-04 
-3.010000e-04 
-3.390000e-04 
-3.920000e-04 
-4.550000e-04 
-5.220000e-04 
-5.840000e-04 
-6.390000e-04 
-6.810000e-04 
-7.140000e-04 
-7.470000e-04 
-7.910000e-04 
-8.410000e-04 
-8.840000e-04 
-9.090000e-04 
-9.060000e-04 
-8.650000e-04 
-7.960000e-04 
-7.230000e-04 
-6.660000e-04 
-6.370000e-04 
-6.360000e-04 
-6.610000e-04 
-7.050000e-04 
-7.570000e-04 
-8.100000e-04 
-8.570000e-04 
-8.920000e-04 
-9.160000e-04 
-9.280000e-04 
-9.310000e-04 
-9.290000e-04 
-9.260000e-04 
-9.230000e-04 
-9.230000e-04 
-9.270000e-04 
-9.340000e-04 
-9.360000e-04 
-9.140000e-04 
-8.550000e-04 
-7.580000e-04 
-6.350000e-04 
-5.080000e-04 
-4.090000e-04 
-3.690000e-04 
-3.980000e-04 
-4.880000e-04 
-6.190000e-04 
-7.670000e-04 
-9.030000e-04 
-9.920000e-04 
-1.018000e-03 
-9.980000e-04 
-9.630000e-04 
-9.320000e-04 
-9.180000e-04 
-9.260000e-04 
-9.550000e-04 
-1.000000e-03 
-1.052000e-03 
-1.104000e-03 
-1.156000e-03 
-1.222000e-03 
-1.310000e-03 
-1.399000e-03 
-1.465000e-03 
-1.492000e-03 
-1.482000e-03 
-1.450000e-03 
-1.429000e-03 
-1.451000e-03 
-1.525000e-03 
-1.629000e-03 
-1.718000e-03 
-1.759000e-03 
-1.731000e-03 
-1.617000e-03 
-1.429000e-03 
-1.216000e-03 
-1.028000e-03 
-8.970000e-04 
-8.340000e-04 
-8.360000e-04 
-8.920000e-04 
-9.980000e-04 
-1.167000e-03 
-1.415000e-03 
-1.744000e-03 
-2.134000e-03 
-2.546000e-03 
-2.938000e-03 
-3.295000e-03 
-3.615000e-03 
-3.879000e-03 
-4.056000e-03 
-4.133000e-03 
-4.119000e-03 
-4.027000e-03 
-3.846000e-03 
-3.544000e-03 
-3.126000e-03 
-2.633000e-03 
-2.119000e-03 
-1.622000e-03 
-1.152000e-03 
-7.210000e-04 
-3.570000e-04 
-1.010000e-04 
1.600000e-05 
-1.000000e-06 
-1.030000e-04 
-2.250000e-04 
-3.350000e-04 
-4.370000e-04 
-5.300000e-04 
-5.960000e-04 
-6.050000e-04 
-5.640000e-04 
-5.250000e-04 
-5.480000e-04 
-6.550000e-04 
-8.110000e-04 
-9.670000e-04 
-1.080000e-03 
-1.103000e-03 
-1.006000e-03 
-7.910000e-04 
-4.690000e-04 
-5.200000e-05 
4.270000e-04 
9.340000e-04 
1.454000e-03 
1.966000e-03 
2.438000e-03 
2.842000e-03 
3.156000e-03 
3.374000e-03 
3.500000e-03 
3.548000e-03 
3.538000e-03 
3.492000e-03 
3.426000e-03 
3.311000e-03 
3.097000e-03 
2.792000e-03 
2.441000e-03 
2.059000e-03 
1.635000e-03 
1.172000e-03 
7.360000e-04 
4.130000e-04 
2.270000e-04 
1.750000e-04 
2.680000e-04 
5.140000e-04 
8.770000e-04 
1.254000e-03 
1.570000e-03 
1.839000e-03 
2.060000e-03 
2.178000e-03 
2.113000e-03 
1.841000e-03 
1.423000e-03 
9.530000e-04 
5.110000e-04 
1.490000e-04 
-1.370000e-04 
-4.160000e-04 
-7.400000e-04 
-1.118000e-03 
-1.526000e-03 
-1.932000e-03 
-2.299000e-03 
-2.596000e-03 
-2.798000e-03 
-2.872000e-03 
-2.813000e-03 
-2.673000e-03 
-2.514000e-03 
-2.381000e-03 
-2.296000e-03 
-2.251000e-03 
-2.202000e-03 
-2.114000e-03 
-1.972000e-03 
-1.785000e-03 
-1.554000e-03 
-1.270000e-03 
-9.320000e-04 
-5.680000e-04 
-2.380000e-04 
2.200000e-05 
2.450000e-04 
4.850000e-04 
7.670000e-04 
1.111000e-03 
1.528000e-03 
1.998000e-03 
2.460000e-03 
2.827000e-03 
3.012000e-03 
2.957000e-03 
2.640000e-03 
2.090000e-03 
1.389000e-03 
6.380000e-04 
-7.600000e-05 
-7.070000e-04 
-1.221000e-03 
-1.565000e-03 
-1.667000e-03 
-1.473000e-03 
-9.980000e-04 
-3.060000e-04 
5.270000e-04 
1.412000e-03 
2.254000e-03 
2.973000e-03 
3.535000e-03 
3.956000e-03 
4.245000e-03 
4.389000e-03 
4.396000e-03 
4.316000e-03 
4.220000e-03 
4.144000e-03 
4.065000e-03 
3.937000e-03 
3.726000e-03 
3.433000e-03 
3.086000e-03 
2.721000e-03 
2.377000e-03 
2.085000e-03 
1.865000e-03 
1.723000e-03 
1.652000e-03 
1.639000e-03 
1.665000e-03 
1.710000e-03 
1.759000e-03 
1.826000e-03 
1.971000e-03 
2.264000e-03 
2.740000e-03 
3.372000e-03 
4.078000e-03 
4.738000e-03 
5.246000e-03 
5.555000e-03 
5.684000e-03 
5.698000e-03 
5.662000e-03 
5.640000e-03 
5.698000e-03 
5.865000e-03 
6.143000e-03 
6.522000e-03 
6.959000e-03 
7.352000e-03 
7.575000e-03 
7.551000e-03 
7.315000e-03 
6.939000e-03 
6.457000e-03 
5.847000e-03 
5.082000e-03 
4.195000e-03 
3.260000e-03 
2.368000e-03 
1.594000e-03 
9.890000e-04 
5.740000e-04 
3.420000e-04 
2.620000e-04 
2.930000e-04 
3.860000e-04 
5.030000e-04 
6.340000e-04 
7.960000e-04 
9.940000e-04 
1.218000e-03 
1.447000e-03 
1.661000e-03 
1.842000e-03 
1.976000e-03 
2.042000e-03 
2.007000e-03 
1.857000e-03 
1.613000e-03 
1.313000e-03 
1.001000e-03 
7.130000e-04 
4.550000e-04 
2.030000e-04 
-5.200000e-05 
-2.870000e-04 
-4.530000e-04 
-5.150000e-04 
-4.730000e-04 
-3.450000e-04 
-1.660000e-04 
3.000000e-05 
2.130000e-04 
3.710000e-04 
5.230000e-04 
6.750000e-04 
8.020000e-04 
9.000000e-04 
1.010000e-03 
1.184000e-03 
1.471000e-03 
1.903000e-03 
2.492000e-03 
3.231000e-03 
4.089000e-03 
5.005000e-03 
5.897000e-03 
6.683000e-03 
7.278000e-03 
7.582000e-03 
7.523000e-03 
7.090000e-03 
6.328000e-03 
5.329000e-03 
4.214000e-03 
3.085000e-03 
1.973000e-03 
8.430000e-04 
-3.520000e-04 
-1.579000e-03 
-2.777000e-03 
-3.922000e-03 
-4.972000e-03 
-5.854000e-03 
-6.538000e-03 
-7.019000e-03 
-7.287000e-03 
-7.370000e-03 
-7.332000e-03 
-7.213000e-03 
-7.014000e-03 
-6.720000e-03 
-6.335000e-03 
-5.884000e-03 
-5.384000e-03 
-4.863000e-03 
-4.385000e-03 
-3.987000e-03 
-3.653000e-03 
-3.337000e-03 
-3.000000e-03 
-2.634000e-03 
-2.276000e-03 
-1.989000e-03 
-1.816000e-03 
-1.783000e-03 
-1.907000e-03 
-2.181000e-03 
-2.569000e-03 
-3.038000e-03 
-3.557000e-03 
-4.087000e-03 
-4.597000e-03 
-5.078000e-03 
-5.494000e-03 
-5.807000e-03 
-6.029000e-03 
-6.208000e-03 
-6.403000e-03 
-6.641000e-03 
-6.913000e-03 
-7.200000e-03 
-7.474000e-03 
-7.695000e-03 
-7.788000e-03 
-7.664000e-03 
-7.273000e-03 
-6.634000e-03 
-5.816000e-03 
-4.870000e-03 
-3.824000e-03 
-2.706000e-03 
-1.536000e-03 
-3.120000e-04 
9.560000e-04 
2.239000e-03 
3.505000e-03 
4.723000e-03 
5.862000e-03 
6.857000e-03 
7.618000e-03 
8.070000e-03 
8.208000e-03 
8.103000e-03 
7.831000e-03 
7.433000e-03 
6.936000e-03 
6.372000e-03 
5.788000e-03 
5.238000e-03 
4.763000e-03 
4.385000e-03 
4.078000e-03 
3.759000e-03 
3.371000e-03 
2.898000e-03 
2.341000e-03 
1.714000e-03 
1.062000e-03 
4.420000e-04 
-9.400000e-05 
-5.080000e-04 
-7.690000e-04 
-8.440000e-04 
-7.330000e-04 
-4.780000e-04 
-1.390000e-04 
2.200000e-04 
5.440000e-04 
7.960000e-04 
9.590000e-04 
1.031000e-03 
1.008000e-03 
8.800000e-04 
6.780000e-04 
4.700000e-04 
3.130000e-04 
2.330000e-04 
2.300000e-04 
2.660000e-04 
2.810000e-04 
2.370000e-04 
1.270000e-04 
-4.400000e-05 
-2.770000e-04 
-5.790000e-04 
-9.360000e-04 
-1.312000e-03 
-1.673000e-03 
-2.013000e-03 
-2.343000e-03 
-2.665000e-03 
-2.967000e-03 
-3.245000e-03 
-3.536000e-03 
-3.886000e-03 
-4.279000e-03 
-4.659000e-03 
-4.980000e-03 
-5.213000e-03 
-5.359000e-03 
-5.456000e-03 
-5.524000e-03 
-5.548000e-03 
-5.511000e-03 
-5.403000e-03 
-5.204000e-03 
-4.911000e-03 
-4.546000e-03 
-4.149000e-03 
-3.763000e-03 
-3.428000e-03 
-3.188000e-03 
-3.089000e-03 
-3.146000e-03 
-3.348000e-03 
-3.674000e-03 
-4.052000e-03 
-4.370000e-03 
-4.590000e-03 
-4.718000e-03 
-4.717000e-03 
-4.558000e-03 
-4.258000e-03 
-3.868000e-03 
-3.461000e-03 
-3.123000e-03 
-2.919000e-03 
-2.871000e-03 
-2.964000e-03 
-3.157000e-03 
-3.395000e-03 
-3.606000e-03 
-3.713000e-03 
-3.678000e-03 
-3.507000e-03 
-3.236000e-03 
-2.918000e-03 
-2.601000e-03 
-2.292000e-03 
-1.979000e-03 
-1.659000e-03 
-1.322000e-03 
-9.490000e-04 
-5.400000e-04 
-1.210000e-04 
2.750000e-04 
5.920000e-04 
7.730000e-04 
7.930000e-04 
6.510000e-04 
3.510000e-04 
-7.500000e-05 
-5.670000e-04 
-1.058000e-03 
-1.489000e-03 
-1.818000e-03 
-1.998000e-03 
-1.988000e-03 
-1.760000e-03 
-1.312000e-03 
-6.690000e-04 
1.040000e-04 
9.140000e-04 
1.669000e-03 
2.296000e-03 
2.753000e-03 
3.030000e-03 
3.143000e-03 
3.128000e-03 
3.031000e-03 
2.900000e-03 
2.798000e-03 
2.773000e-03 
2.817000e-03 
2.889000e-03 
2.938000e-03 
2.866000e-03 
2.546000e-03 
1.917000e-03 
1.009000e-03 
-6.900000e-05 
-1.155000e-03 
-2.097000e-03 
-2.816000e-03 
-3.298000e-03 
-3.558000e-03 
-3.612000e-03 
-3.488000e-03 
-3.260000e-03 
-2.999000e-03 
-2.735000e-03 
-2.479000e-03 
-2.233000e-03 
-1.979000e-03 
-1.717000e-03 
-1.482000e-03 
-1.312000e-03 
-1.220000e-03 
-1.203000e-03 
-1.264000e-03 
-1.418000e-03 
-1.662000e-03 
-1.965000e-03 
-2.282000e-03 
-2.555000e-03 
-2.715000e-03 
-2.725000e-03 
-2.592000e-03 
-2.352000e-03 
-2.053000e-03 
-1.751000e-03 
-1.512000e-03 
-1.386000e-03 
-1.359000e-03 
-1.348000e-03 
-1.234000e-03 
-9.190000e-04 
-3.530000e-04 
4.900000e-04 
1.574000e-03 
2.792000e-03 
3.981000e-03 
4.992000e-03 
5.748000e-03 
6.223000e-03 
6.407000e-03 
6.328000e-03 
6.054000e-03 
5.673000e-03 
5.290000e-03 
5.006000e-03 
4.885000e-03 
4.945000e-03 
5.183000e-03 
5.551000e-03 
5.954000e-03 
6.297000e-03 
6.511000e-03 
6.540000e-03 
6.347000e-03 
5.927000e-03 
5.323000e-03 
4.619000e-03 
3.910000e-03 
3.278000e-03 
2.780000e-03 
2.442000e-03 
2.248000e-03 
2.141000e-03 
2.056000e-03 
1.951000e-03 
1.811000e-03 
1.651000e-03 
1.518000e-03 
1.459000e-03 
1.490000e-03 
1.605000e-03 
1.779000e-03 
1.979000e-03 
2.174000e-03 
2.344000e-03 
2.495000e-03 
2.645000e-03 
2.780000e-03 
2.866000e-03 
2.887000e-03 
2.867000e-03 
2.857000e-03 
2.894000e-03 
2.987000e-03 
3.123000e-03 
3.264000e-03 
3.352000e-03 
3.343000e-03 
3.231000e-03 
3.032000e-03 
2.756000e-03 
2.375000e-03 
1.852000e-03 
1.179000e-03 
3.930000e-04 
-4.380000e-04 
-1.258000e-03 
-2.015000e-03 
-2.639000e-03 
-3.090000e-03 
-3.382000e-03 
-3.532000e-03 
-3.540000e-03 
-3.421000e-03 
-3.213000e-03 
-2.960000e-03 
-2.684000e-03 
-2.376000e-03 
-2.014000e-03 
-1.571000e-03 
-1.033000e-03 
-4.400000e-04 
9.900000e-05 
4.770000e-04 
6.440000e-04 
5.780000e-04 
2.880000e-04 
-1.710000e-04 
-6.860000e-04 
-1.100000e-03 
-1.298000e-03 
-1.243000e-03 
-9.650000e-04 
-5.090000e-04 
1.000000e-04 
8.530000e-04 
1.722000e-03 
2.671000e-03 
3.653000e-03 
4.605000e-03 
5.458000e-03 
6.157000e-03 
6.689000e-03 
7.084000e-03 
7.382000e-03 
7.598000e-03 
7.722000e-03 
7.734000e-03 
7.636000e-03 
7.470000e-03 
7.304000e-03 
7.170000e-03 
7.061000e-03 
6.989000e-03 
6.991000e-03 
7.111000e-03 
7.396000e-03 
7.892000e-03 
8.584000e-03 
9.394000e-03 
1.022200e-02 
1.098500e-02 
1.164200e-02 
1.215300e-02 
1.246000e-02 
1.249400e-02 
1.220900e-02 
1.162900e-02 
1.079600e-02 
9.723000e-03 
8.456000e-03 
7.099000e-03 
5.756000e-03 
4.496000e-03 
3.360000e-03 
2.387000e-03 
1.633000e-03 
1.109000e-03 
7.750000e-04 
6.000000e-04 
5.700000e-04 
6.550000e-04 
8.140000e-04 
1.000000e-03 
1.152000e-03 
1.209000e-03 
1.140000e-03 
9.570000e-04 
6.940000e-04 
3.780000e-04 
2.100000e-05 
-3.430000e-04 
-6.530000e-04 
-8.870000e-04 
-1.052000e-03 
-1.137000e-03 
-1.130000e-03 
-1.034000e-03 
-8.520000e-04 
-5.930000e-04 
-3.210000e-04 
-1.300000e-04 
-5.500000e-05 
-8.800000e-05 
-2.310000e-04 
-4.720000e-04 
-7.830000e-04 
-1.145000e-03 
-1.559000e-03 
-2.029000e-03 
-2.547000e-03 
-3.095000e-03 
-3.695000e-03 
-4.423000e-03 
-5.303000e-03 
-6.270000e-03 
-7.229000e-03 
-8.088000e-03 
-8.776000e-03 
-9.253000e-03 
-9.516000e-03 
-9.587000e-03 
-9.504000e-03 
-9.289000e-03 
-8.952000e-03 
-8.494000e-03 
-7.901000e-03 
-7.142000e-03 
-6.167000e-03 
-4.943000e-03 
-3.541000e-03 
-2.105000e-03 
-7.600000e-04 
4.070000e-04 
1.335000e-03 
1.997000e-03 
2.394000e-03 
2.536000e-03 
2.443000e-03 
2.161000e-03 
1.732000e-03 
1.170000e-03 
5.200000e-04 
-1.220000e-04 
-6.690000e-04 
-1.067000e-03 
-1.302000e-03 
-1.401000e-03 
-1.431000e-03 
-1.480000e-03 
-1.623000e-03 
-1.891000e-03 
-2.274000e-03 
-2.758000e-03 
-3.358000e-03 
-4.129000e-03 
-5.144000e-03 
-6.459000e-03 
-8.077000e-03 
-9.935000e-03 
-1.192000e-02 
-1.388000e-02 
-1.565600e-02 
-1.709700e-02 
-1.807900e-02 
-1.849500e-02 
-1.826700e-02 
-1.739500e-02 
-1.596100e-02 
-1.409500e-02 
-1.190200e-02 
-9.433000e-03 
-6.766000e-03 
-4.047000e-03 
-1.413000e-03 
1.063000e-03 
3.393000e-03 
5.616000e-03 
7.734000e-03 
9.732000e-03 
1.159400e-02 
1.323100e-02 
1.450000e-02 
1.528500e-02 
1.552600e-02 
1.520500e-02 
1.433300e-02 
1.295100e-02 
1.116600e-02 
9.116000e-03 
6.885000e-03 
4.512000e-03 
2.026000e-03 
-5.200000e-04 
-3.057000e-03 
-5.512000e-03 
-7.775000e-03 
-9.682000e-03 
-1.111000e-02 
-1.203700e-02 
-1.246000e-02 
-1.236500e-02 
-1.173800e-02 
-1.060100e-02 
-9.030000e-03 
-7.162000e-03 
-5.156000e-03 
-3.143000e-03 
-1.219000e-03 
5.470000e-04 
2.132000e-03 
3.553000e-03 
4.817000e-03 
5.915000e-03 
6.855000e-03 
7.631000e-03 
8.212000e-03 
8.599000e-03 
8.839000e-03 
8.982000e-03 
9.061000e-03 
9.104000e-03 
9.148000e-03 
9.230000e-03 
9.342000e-03 
9.440000e-03 
9.488000e-03 
9.469000e-03 
9.380000e-03 
9.205000e-03 
8.921000e-03 
8.507000e-03 
7.969000e-03 
7.352000e-03 
6.718000e-03 
6.127000e-03 
5.631000e-03 
5.271000e-03 
5.087000e-03 
5.091000e-03 
5.252000e-03 
5.517000e-03 
5.832000e-03 
6.174000e-03 
6.544000e-03 
6.961000e-03 
7.465000e-03 
8.108000e-03 
8.907000e-03 
9.829000e-03 
1.079700e-02 
1.171400e-02 
1.248900e-02 
1.303300e-02 
1.327700e-02 
1.318600e-02 
1.276600e-02 
1.205300e-02 
1.106400e-02 
9.815000e-03 
8.379000e-03 
6.863000e-03 
5.335000e-03 
3.845000e-03 
2.439000e-03 
1.172000e-03 
8.700000e-05 
-8.110000e-04 
-1.518000e-03 
-2.015000e-03 
-2.321000e-03 
-2.499000e-03 
-2.605000e-03 
-2.647000e-03 
-2.574000e-03 
-2.330000e-03 
-1.897000e-03 
-1.301000e-03 
-5.880000e-04 
2.240000e-04 
1.110000e-03 
2.001000e-03 
2.797000e-03 
3.386000e-03 
3.680000e-03 
3.600000e-03 
3.076000e-03 
2.107000e-03 
7.790000e-04 
-7.760000e-04 
-2.432000e-03 
-4.097000e-03 
-5.704000e-03 
-7.195000e-03 
-8.505000e-03 
-9.561000e-03 
-1.030200e-02 
-1.076200e-02 
-1.108600e-02 
-1.143000e-02 
-1.192000e-02 
-1.266700e-02 
-1.370500e-02 
-1.496400e-02 
-1.632800e-02 
-1.770100e-02 
-1.902600e-02 
-2.023700e-02 
-2.123100e-02 
-2.188000e-02 
-2.204700e-02 
-2.160400e-02 
-2.047200e-02 
-1.866400e-02 
-1.629700e-02 
-1.356600e-02 
-1.070800e-02 
-7.908000e-03 
-5.245000e-03 
-2.758000e-03 
-4.990000e-04 
1.494000e-03 
3.190000e-03 
4.576000e-03 
5.703000e-03 
6.698000e-03 
7.673000e-03 
8.673000e-03 
9.679000e-03 
1.063300e-02 
1.145800e-02 
1.204800e-02 
1.230300e-02 
1.219600e-02 
1.176400e-02 
1.107100e-02 
1.021200e-02 
9.307000e-03 
8.463000e-03 
7.763000e-03 
7.250000e-03 
6.930000e-03 
6.780000e-03 
6.753000e-03 
6.766000e-03 
6.700000e-03 
6.446000e-03 
5.936000e-03 
5.110000e-03 
3.957000e-03 
2.559000e-03 
1.047000e-03 
-4.530000e-04 
-1.820000e-03 
-2.940000e-03 
-3.723000e-03 
-4.129000e-03 
-4.190000e-03 
-3.987000e-03 
-3.635000e-03 
-3.267000e-03 
-2.978000e-03 
-2.789000e-03 
-2.684000e-03 
-2.622000e-03 
-2.513000e-03 
-2.244000e-03 
-1.709000e-03 
-8.010000e-04 
5.650000e-04 
2.391000e-03 
4.600000e-03 
7.086000e-03 
9.701000e-03 
1.224800e-02 
1.450100e-02 
1.622400e-02 
1.721000e-02 
1.732100e-02 
1.652000e-02 
1.484800e-02 
1.242000e-02 
9.419000e-03 
6.066000e-03 
2.588000e-03 
-7.660000e-04 
-3.773000e-03 
-6.336000e-03 
-8.461000e-03 
-1.018700e-02 
-1.155600e-02 
-1.260000e-02 
-1.335500e-02 
-1.387500e-02 
-1.424100e-02 
-1.454200e-02 
-1.485300e-02 
-1.520500e-02 
-1.558700e-02 
-1.595800e-02 
-1.622300e-02 
-1.623400e-02 
-1.588700e-02 
-1.515500e-02 
-1.405500e-02 
-1.263300e-02 
-1.095600e-02 
-9.103000e-03 
-7.144000e-03 
-5.121000e-03 
-3.063000e-03 
-1.027000e-03 
8.930000e-04 
2.596000e-03 
4.017000e-03 
5.134000e-03 
5.923000e-03 
6.360000e-03 
6.445000e-03 
6.219000e-03 
5.767000e-03 
5.168000e-03 
4.490000e-03 
3.804000e-03 
3.158000e-03 
2.565000e-03 
2.031000e-03 
1.581000e-03 
1.255000e-03 
1.085000e-03 
1.073000e-03 
1.208000e-03 
1.484000e-03 
1.864000e-03 
2.278000e-03 
2.636000e-03 
2.885000e-03 
3.022000e-03 
3.024000e-03 
2.849000e-03 
2.500000e-03 
2.043000e-03 
1.585000e-03 
1.217000e-03 
9.780000e-04 
8.480000e-04 
7.610000e-04 
6.410000e-04 
4.370000e-04 
1.490000e-04 
-1.700000e-04 
-4.360000e-04 
-5.630000e-04 
-4.870000e-04 
-1.760000e-04 
3.700000e-04 
1.128000e-03 
2.073000e-03 
3.146000e-03 
4.225000e-03 
5.195000e-03 
5.984000e-03 
6.483000e-03 
6.576000e-03 
6.219000e-03 
5.449000e-03 
4.357000e-03 
3.065000e-03 
1.712000e-03 
4.620000e-04 
-5.430000e-04 
-1.221000e-03 
-1.565000e-03 
-1.621000e-03 
-1.472000e-03 
-1.250000e-03 
-1.145000e-03 
-1.337000e-03 
-1.935000e-03 
-2.949000e-03 
-4.306000e-03 
-5.913000e-03 
-7.684000e-03 
-9.548000e-03 
-1.132200e-02 
-1.272500e-02 
-1.354200e-02 
-1.365100e-02 
-1.298200e-02 
-1.156000e-02 
-9.520000e-03 
-7.061000e-03 
-4.390000e-03 
-1.668000e-03 
1.005000e-03 
3.577000e-03 
5.973000e-03 
8.082000e-03 
9.808000e-03 
1.109500e-02 
1.194700e-02 
1.243000e-02 
1.267600e-02 
1.287800e-02 
1.324200e-02 
1.391400e-02 
1.497400e-02 
1.644700e-02 
1.831000e-02 
2.049100e-02 
2.287200e-02 
2.530100e-02 
2.761000e-02 
2.964000e-02 
3.125300e-02 
3.234500e-02 
3.282600e-02 
3.260600e-02 
3.165400e-02 
3.003700e-02 
2.787900e-02 
2.533600e-02 
2.260800e-02 
1.989200e-02 
1.733500e-02 
1.505700e-02 
1.316100e-02 
1.170000e-02 
1.067200e-02 
1.003300e-02 
9.765000e-03 
9.895000e-03 
1.043400e-02 
1.134000e-02 
1.249300e-02 
1.372800e-02 
1.488200e-02 
1.582800e-02 
1.650900e-02 
1.696000e-02 
1.725500e-02 
1.743100e-02 
1.753700e-02 
1.767400e-02 
1.795300e-02 
1.845200e-02 
1.919100e-02 
2.014900e-02 
2.129200e-02 
2.255900e-02 
2.385900e-02 
2.507500e-02 
2.608400e-02 
2.677500e-02 
2.708800e-02 
2.703400e-02 
2.665300e-02 
2.601100e-02 
2.520300e-02 
2.433800e-02 
2.351500e-02 
2.283000e-02 
2.236600e-02 
2.216800e-02 
2.221500e-02 
2.241000e-02 
2.263600e-02 
2.279300e-02 
2.279400e-02 
2.255900e-02 
2.202800e-02 
2.121900e-02 
2.024600e-02 
1.922300e-02 
1.821500e-02 
1.725000e-02 
1.633100e-02 
1.544400e-02 
1.456400e-02 
1.366900e-02 
1.274100e-02 
1.179800e-02 
1.090200e-02 
1.008900e-02 
9.333000e-03 
8.607000e-03 
7.881000e-03 
7.080000e-03 
6.105000e-03 
4.898000e-03 
3.487000e-03 
1.974000e-03 
4.670000e-04 
-9.380000e-04 
-2.154000e-03 
-3.120000e-03 
-3.811000e-03 
-4.238000e-03 
-4.426000e-03 
-4.403000e-03 
-4.230000e-03 
-3.995000e-03 
-3.734000e-03 
-3.428000e-03 
-3.076000e-03 
-2.682000e-03 
-2.231000e-03 
-1.660000e-03 
-8.890000e-04 
1.150000e-04 
1.367000e-03 
2.908000e-03 
4.740000e-03 
6.793000e-03 
8.945000e-03 
1.104800e-02 
1.297200e-02 
1.460700e-02 
1.589300e-02 
1.687900e-02 
1.770200e-02 
1.850900e-02 
1.943800e-02 
2.058800e-02 
2.195500e-02 
2.343500e-02 
2.490600e-02 
2.626300e-02 
2.743100e-02 
2.833100e-02 
2.889800e-02 
2.914300e-02 
2.914800e-02 
2.903000e-02 
2.893100e-02 
2.897400e-02 
2.920500e-02 
2.957500e-02 
2.996900e-02 
3.024700e-02 
3.027500e-02 
2.992400e-02 
2.910000e-02 
2.780600e-02 
2.607800e-02 
2.394800e-02 
2.151100e-02 
1.892300e-02 
1.632800e-02 
1.383000e-02 
1.149000e-02 
9.348000e-03 
7.442000e-03 
5.803000e-03 
4.412000e-03 
3.162000e-03 
1.875000e-03 
3.360000e-04 
-1.705000e-03 
-4.545000e-03 
-8.499000e-03 
-1.373800e-02 
-2.019000e-02 
-2.758900e-02 
-3.559600e-02 
-4.391700e-02 
-5.234500e-02 
-6.072800e-02 
-6.891300e-02 
-7.672500e-02 
-8.402400e-02 
-9.069600e-02 
-9.666200e-02 
-1.019310e-01 
-1.066030e-01 
-1.107800e-01 
-1.145150e-01 
-1.177860e-01 
-1.205750e-01 
-1.229220e-01 
-1.249360e-01 
-1.267630e-01 
-1.285470e-01 
-1.303690e-01 
-1.322190e-01 
-1.339880e-01 
-1.355020e-01 
-1.365720e-01 
-1.370470e-01 
-1.368450e-01 
-1.359760e-01 
-1.345320e-01 
-1.326510e-01 
-1.304760e-01 
-1.281260e-01 
-1.257220e-01 
-1.233980e-01 
-1.212620e-01 
-1.193330e-01 
-1.175050e-01 
-1.156600e-01 
-1.137570e-01 
-1.117970e-01 
-1.097860e-01 
-1.077150e-01 
-1.055660e-01 
-1.033160e-01 
-1.009150e-01 
-9.829200e-02 
-9.543200e-02 
-9.238300e-02 
-8.922800e-02 
-8.605400e-02 
-8.293600e-02 
-7.990300e-02 
-7.695600e-02 
-7.409100e-02 
-7.134700e-02 
-6.880400e-02 
-6.654600e-02 
-6.462400e-02 
-6.303400e-02 
-6.174700e-02 
-6.075200e-02 
-6.007000e-02 
-5.975400e-02 
-5.990800e-02 
-6.061800e-02 
-6.186400e-02 
-6.351300e-02 
-6.537300e-02 
-6.728500e-02 
-6.915700e-02 
-7.095200e-02 
-7.265600e-02 
-7.424700e-02 
-7.564500e-02 
-7.672600e-02 
-7.738800e-02 
-7.752100e-02 
-7.696200e-02 
-7.555500e-02 
-7.322100e-02 
-6.999300e-02 
-6.595600e-02 
-6.117800e-02 
-5.571000e-02 
-4.962000e-02 
-4.302300e-02 
-3.611700e-02 
-2.918800e-02 
-2.252600e-02 
-1.632400e-02 
-1.071000e-02 
-5.764000e-03 
-1.517000e-03 
2.037000e-03 
4.929000e-03 
7.181000e-03 
8.792000e-03 
9.755000e-03 
1.005800e-02 
9.699000e-03 
8.664000e-03 
6.935000e-03 
4.519000e-03 
1.489000e-03 
-2.001000e-03 
-5.776000e-03 
-9.696000e-03 
-1.365100e-02 
-1.754700e-02 
-2.131800e-02 
-2.490000e-02 
-2.821500e-02 
-3.114800e-02 
-3.356500e-02 
-3.534900e-02 
-3.644900e-02 
-3.692100e-02 
-3.687400e-02 
-3.641200e-02 
-3.561000e-02 
-3.452200e-02 
-3.320300e-02 
-3.166200e-02 
-2.981600e-02 
-2.757300e-02 
-2.487500e-02 
-2.172700e-02 
-1.817900e-02 
-1.432400e-02 
-1.026600e-02 
-6.114000e-03 
-1.962000e-03 
2.128000e-03 
6.162000e-03 
1.023400e-02 
1.450600e-02 
1.905800e-02 
2.385300e-02 
2.880400e-02 
3.384500e-02 
3.895000e-02 
4.411900e-02 
4.936000e-02 
5.476100e-02 
6.043300e-02 
6.639200e-02 
7.257100e-02 
7.886600e-02 
8.510700e-02 
9.112500e-02 
9.688000e-02 
1.024490e-01 
1.079460e-01 
1.135320e-01 
1.194020e-01 
1.257130e-01 
1.325260e-01 
1.398050e-01 
1.474490e-01 
1.553380e-01 
1.633550e-01 
1.713980e-01 
1.793830e-01 
1.871950e-01 
1.946570e-01 
2.015660e-01 
2.077300e-01 
2.129700e-01 
2.171740e-01 
2.203630e-01 
2.226050e-01 
2.239660e-01 
2.245420e-01 
2.244640e-01 
2.238660e-01 
2.228690e-01 
2.215540e-01 
2.197960e-01 
2.172710e-01 
2.136740e-01 
2.088780e-01 
2.029910e-01 
1.962850e-01 
1.890790e-01 
1.816440e-01 
1.741470e-01 
1.666600e-01 
1.592100e-01 
1.518210e-01 
1.444960e-01 
1.371810e-01 
1.297280e-01 
1.219620e-01 
1.137770e-01 
1.051330e-01 
9.602200e-02 
8.640600e-02 
7.626100e-02 
6.570000e-02 
5.490600e-02 
4.406400e-02 
3.338200e-02 
2.310300e-02 
1.346400e-02 
4.696000e-03 
-3.013000e-03 
-9.550000e-03 
-1.488900e-02 
-1.902100e-02 
-2.192900e-02 
-2.361200e-02 
-2.411200e-02 
-2.350100e-02 
-2.174000e-02 
-1.872300e-02 
-1.447100e-02 
-9.032000e-03 
-2.371000e-03 
5.501000e-03 
1.444100e-02 
2.421700e-02 
3.451800e-02 
4.496300e-02 
5.525500e-02 
6.527900e-02 
7.503700e-02 
8.455800e-02 
9.383200e-02 
1.027660e-01 
1.111930e-01 
1.189030e-01 
1.256980e-01 
1.314560e-01 
1.361640e-01 
1.399030e-01 
1.427810e-01 
1.448630e-01 
1.460810e-01 
1.462520e-01 
1.451890e-01 
1.427350e-01 
1.387930e-01 
1.334030e-01 
1.267310e-01 
1.189460e-01 
1.102050e-01 
1.007050e-01 
9.064300e-02 
8.018500e-02 
6.952300e-02 
5.890600e-02 
4.862000e-02 
3.891300e-02 
2.990900e-02 
2.166700e-02 
1.421100e-02 
7.515000e-03 
1.472000e-03 
-4.107000e-03 
-9.389000e-03 
-1.443300e-02 
-1.924600e-02 
-2.388200e-02 
-2.856900e-02 
-3.357900e-02 
-3.903000e-02 
-4.483000e-02 
-5.075100e-02 
-5.660100e-02 
-6.224600e-02 
-6.753700e-02 
-7.233000e-02 
-7.653000e-02 
-8.009400e-02 
-8.301500e-02 
-8.532200e-02 
-8.708000e-02 
-8.840900e-02 
-8.947400e-02 
-9.045300e-02 
-9.148500e-02 
-9.269500e-02 
-9.422800e-02 
-9.622500e-02 
-9.875700e-02 
-1.018590e-01 
-1.055310e-01 
-1.096860e-01 
-1.141790e-01 
-1.188670e-01 
-1.236690e-01 
-1.285640e-01 
-1.335030e-01 
-1.383930e-01 
-1.431280e-01 
-1.476130e-01 
-1.517640e-01 
-1.555070e-01 
-1.588060e-01 
-1.616980e-01 
-1.642410e-01 
-1.664360e-01 
-1.682410e-01 
-1.696120e-01 
-1.705070e-01 
-1.709000e-01 
-1.708000e-01 
-1.702540e-01 
-1.693350e-01 
-1.681170e-01 
-1.666550e-01 
-1.649930e-01 
-1.631760e-01 
-1.612370e-01 
-1.591870e-01 
-1.569900e-01 
-1.544990e-01 
-1.514180e-01 
-1.473370e-01 
-1.419250e-01 
-1.350930e-01 
-1.268210e-01 
-1.171110e-01 
-1.061090e-01 
-9.409700e-02 
-8.139100e-02 
-6.833700e-02 
-5.530300e-02 
-4.266200e-02 
-3.078700e-02 
-2.006700e-02 
-1.089100e-02 
-3.584000e-03 
1.671000e-03 
4.874000e-03 
6.234000e-03 
6.103000e-03 
4.892000e-03 
2.984000e-03 
7.150000e-04 
-1.587000e-03 
-3.636000e-03 
-5.295000e-03 
-6.556000e-03 
-7.498000e-03 
-8.321000e-03 
-9.301000e-03 
-1.064900e-02 
-1.246000e-02 
-1.474400e-02 
-1.751300e-02 
-2.081500e-02 
-2.466100e-02 
-2.902500e-02 
-3.389200e-02 
-3.929600e-02 
-4.530800e-02 
-5.192100e-02 
-5.901000e-02 
-6.636900e-02 
-7.378800e-02 
-8.112000e-02 
-8.828100e-02 
-9.518200e-02 
-1.015840e-01 
-1.070360e-01 
-1.109760e-01 
-1.128320e-01 
-1.121680e-01 
-1.087490e-01 
-1.025360e-01 
-9.365000e-02 
-8.228300e-02 
-6.866600e-02 
-5.323200e-02 
-3.660500e-02 
-1.941000e-02 
-2.187000e-03 
1.460400e-02 
3.057200e-02 
4.540500e-02 
5.893500e-02 
7.115500e-02 
8.219600e-02 
9.230200e-02 
1.017690e-01 
1.108170e-01 
1.195600e-01 
1.281270e-01 
1.366990e-01 
1.454690e-01 
1.545240e-01 
1.637830e-01 
1.730150e-01 
1.818950e-01 
1.901090e-01 
1.974030e-01 
2.036290e-01 
2.087580e-01 
2.128440e-01 
2.159490e-01 
2.181130e-01 
2.193650e-01 
2.196320e-01 
2.187000e-01 
2.161780e-01 
2.114520e-01 
2.037200e-01 
1.921990e-01 
1.763830e-01 
1.561430e-01 
1.316720e-01 
1.033460e-01 
7.171300e-02 
3.755700e-02 
2.058000e-03 
-3.327900e-02 
-6.691600e-02 
-9.751700e-02 
-1.241760e-01 
-1.464370e-01 
-1.643070e-01 
-1.781780e-01 
-1.887180e-01 
-1.967130e-01 
-2.029300e-01 
-2.080300e-01 
-2.125030e-01 
-2.166500e-01 
-2.206300e-01 
-2.244900e-01 
-2.282170e-01 
-2.318120e-01 
-2.352810e-01 
-2.385330e-01 
-2.413050e-01 
-2.431780e-01 
-2.436530e-01 
-2.422550e-01 
-2.386250e-01 
-2.325570e-01 
-2.240250e-01 
-2.132060e-01 
-2.004180e-01 
-1.858980e-01 
-1.698560e-01 
-1.527000e-01 
-1.349790e-01 
-1.172490e-01 
-1.000670e-01 
-8.398000e-02 
-6.945600e-02 
-5.682600e-02 
-4.622800e-02 
-3.768800e-02 
-3.118600e-02 
-2.671600e-02 
-2.423500e-02 
-2.359400e-02 
-2.452900e-02 
-2.669100e-02 
-2.968200e-02 
-3.311800e-02 
-3.669500e-02 
-4.018700e-02 
-4.342000e-02 
-4.623100e-02 
-4.847700e-02 
-5.006400e-02 
-5.085500e-02 
-5.065400e-02 
-4.930200e-02 
-4.672500e-02 
-4.295000e-02 
-3.810700e-02 
-3.241100e-02 
-2.611700e-02 
-1.951100e-02 
-1.294800e-02 
-6.733000e-03 
-1.020000e-03 
4.085000e-03 
8.497000e-03 
1.224400e-02 
1.543900e-02 
1.820400e-02 
2.065000e-02 
2.287400e-02 
2.495200e-02 
2.695600e-02 
2.895400e-02 
3.099100e-02 
3.306400e-02 
3.515000e-02 
3.721300e-02 
3.922000e-02 
4.114800e-02 
4.297800e-02 
4.468400e-02 
4.622000e-02 
4.752300e-02 
4.852200e-02 
4.913200e-02 
4.923600e-02 
4.871700e-02 
4.754400e-02 
4.575200e-02 
4.338100e-02 
4.036100e-02 
3.657100e-02 
3.202700e-02 
2.685100e-02 
2.116400e-02 
1.510400e-02 
8.835000e-03 
2.503000e-03 
-3.766000e-03 
-9.848000e-03 
-1.561700e-02 
-2.096400e-02 
-2.582300e-02 
-3.014200e-02 
-3.385400e-02 
-3.692300e-02 
-3.937000e-02 
-4.122300e-02 
-4.247300e-02 
-4.306200e-02 
-4.292000e-02 
-4.200700e-02 
-4.028600e-02 
-3.768900e-02 
-3.409300e-02 
-2.938800e-02 
-2.354100e-02 
-1.656800e-02 
-8.551000e-03 
2.920000e-04 
9.751000e-03 
1.972900e-02 
3.008400e-02 
4.056300e-02 
5.086600e-02 
6.068000e-02 
6.971100e-02 
7.778700e-02 
8.486000e-02 
9.090200e-02 
9.587300e-02 
9.976800e-02 
1.026620e-01 
1.047100e-01 
1.061130e-01 
1.070610e-01 
1.076840e-01 
1.080520e-01 
1.081870e-01 
1.080460e-01 
1.074940e-01 
1.063170e-01 
1.043040e-01 
1.013300e-01 
9.742000e-02 
9.268200e-02 
8.720100e-02 
8.108600e-02 
7.451200e-02 
6.766500e-02 
6.073800e-02 
5.394800e-02 
4.750700e-02 
4.156900e-02 
3.622000e-02 
3.146300e-02 
2.722400e-02 
2.342500e-02 
2.005000e-02 
1.715800e-02 
1.484000e-02 
1.314800e-02 
1.211500e-02 
1.177700e-02 
1.208400e-02 
1.290000e-02 
1.410500e-02 
1.559300e-02 
1.723400e-02 
1.889800e-02 
2.048500e-02 
2.195000e-02 
2.329100e-02 
2.452100e-02 
2.569800e-02 
2.693200e-02 
2.836400e-02 
3.009400e-02 
3.212600e-02 
3.441100e-02 
3.689000e-02 
3.951600e-02 
4.223800e-02 
4.497600e-02 
4.767200e-02 
5.031200e-02 
5.287800e-02 
5.534000e-02 
5.768800e-02 
5.992100e-02 
6.202100e-02 
6.395000e-02 
6.565600e-02 
6.709700e-02 
6.821800e-02 
6.895500e-02 
6.927700e-02 
6.918800e-02 
6.869300e-02 
6.779200e-02 
6.649600e-02 
6.479300e-02 
6.263000e-02 
5.992100e-02 
5.655300e-02 
5.242400e-02 
4.754000e-02 
4.201100e-02 
3.594300e-02 
2.945600e-02 
2.274500e-02 
1.600200e-02 
9.375000e-03 
3.016000e-03 
-2.913000e-03 
-8.270000e-03 
-1.290800e-02 
-1.668400e-02 
-1.949000e-02 
-2.127400e-02 
-2.205100e-02 
-2.190000e-02 
-2.096200e-02 
-1.941500e-02 
-1.742900e-02 
-1.512000e-02 
-1.254600e-02 
-9.735000e-03 
-6.682000e-03 
-3.378000e-03 
1.360000e-04 
3.802000e-03 
7.590000e-03 
1.149000e-02 
1.549800e-02 
1.961000e-02 
2.380200e-02 
2.802300e-02 
3.220500e-02 
3.627000e-02 
4.011300e-02 
4.362200e-02 
4.670800e-02 
4.931800e-02 
5.142900e-02 
5.308600e-02 
5.437300e-02 
5.537900e-02 
5.614400e-02 
5.663600e-02 
5.673900e-02 
5.630900e-02 
5.527000e-02 
5.364600e-02 
5.151700e-02 
4.892200e-02 
4.584200e-02 
4.226900e-02 
3.820700e-02 
3.365500e-02 
2.866200e-02 
2.332900e-02 
1.774100e-02 
1.195200e-02 
6.000000e-03 
-7.700000e-05 
-6.231000e-03 
-1.237300e-02 
-1.840100e-02 
-2.424100e-02 
-2.984100e-02 
-3.515500e-02 
-4.011100e-02 
-4.461900e-02 
-4.858300e-02 
-5.188900e-02 
-5.440200e-02 
-5.601000e-02 
-5.665000e-02 
-5.631500e-02 
-5.500600e-02 
-5.272900e-02 
-4.954300e-02 
-4.559100e-02 
-4.107700e-02 
-3.615700e-02 
-3.087300e-02 
-2.525000e-02 
-1.935600e-02 
-1.326200e-02 
-7.072000e-03 
-9.460000e-04 
4.938000e-03 
1.042500e-02 
1.538700e-02 
1.972800e-02 
2.336700e-02 
2.617400e-02 
2.797400e-02 
2.865200e-02 
2.820600e-02 
2.674100e-02 
2.442500e-02 
2.142900e-02 
1.781600e-02 
1.353900e-02 
8.540000e-03 
2.876000e-03 
-3.229000e-03 
-9.445000e-03 
-1.544900e-02 
-2.104000e-02 
-2.610600e-02 
-3.056300e-02 
-3.439900e-02 
-3.768700e-02 
-4.049000e-02 
-4.281400e-02 
-4.461800e-02 
-4.586700e-02 
-4.657600e-02 
-4.680600e-02 
-4.665200e-02 
-4.622100e-02 
-4.558600e-02 
-4.476000e-02 
-4.369900e-02 
-4.232200e-02 
-4.054300e-02 
-3.826000e-02 
-3.538100e-02 
-3.186500e-02 
-2.772800e-02 
-2.298700e-02 
-1.765100e-02 
-1.175000e-02 
-5.349000e-03 
1.440000e-03 
8.423000e-03 
1.536600e-02 
2.206900e-02 
2.837200e-02 
3.414600e-02 
3.932200e-02 
4.388600e-02 
4.786700e-02 
5.132500e-02 
5.433800e-02 
5.695800e-02 
5.919600e-02 
6.105300e-02 
6.252300e-02 
6.359900e-02 
6.428100e-02 
6.457600e-02 
6.447100e-02 
6.394000e-02 
6.296900e-02 
6.153600e-02 
5.958700e-02 
5.702200e-02 
5.372300e-02 
4.961700e-02 
4.470700e-02 
3.906900e-02 
3.282000e-02 
2.610800e-02 
1.913200e-02 
1.211000e-02 
5.238000e-03 
-1.321000e-03 
-7.423000e-03 
-1.292500e-02 
-1.773300e-02 
-2.186200e-02 
-2.540100e-02 
-2.846300e-02 
-3.114800e-02 
-3.351900e-02 
-3.560400e-02 
-3.740900e-02 
-3.893700e-02 
-4.019400e-02 
-4.118200e-02 
-4.186800e-02 
-4.218800e-02 
-4.207900e-02 
-4.152000e-02 
-4.052500e-02 
-3.909100e-02 
-3.722400e-02 
-3.498100e-02 
-3.240400e-02 
-2.951000e-02 
-2.637300e-02 
-2.312400e-02 
-1.991100e-02 
-1.687800e-02 
-1.415800e-02 
-1.185800e-02 
-1.002100e-02 
-8.597000e-03 
-7.498000e-03 
-6.644000e-03 
-5.951000e-03 
-5.327000e-03 
-4.695000e-03 
-3.997000e-03 
-3.192000e-03 
-2.198000e-03 
-9.140000e-04 
6.990000e-04 
2.609000e-03 
4.739000e-03 
6.994000e-03 
9.302000e-03 
1.164600e-02 
1.400700e-02 
1.632200e-02 
1.852900e-02 
2.059400e-02 
2.251300e-02 
2.430200e-02 
2.598900e-02 
2.760900e-02 
2.919400e-02 
3.077400e-02 
3.238400e-02 
3.407500e-02 
3.588700e-02 
3.781400e-02 
3.976300e-02 
4.160200e-02 
4.322300e-02 
4.456100e-02 
4.556700e-02 
4.616800e-02 
4.630100e-02 
4.594600e-02 
4.507000e-02 
4.362100e-02 
4.157300e-02 
3.896200e-02 
3.589400e-02 
3.251100e-02 
2.896900e-02 
2.540200e-02 
2.189600e-02 
1.847900e-02 
1.515900e-02 
1.196200e-02 
8.951000e-03 
6.188000e-03 
3.702000e-03 
1.487000e-03 
-4.850000e-04 
-2.267000e-03 
-3.927000e-03 
-5.545000e-03 
-7.183000e-03 
-8.864000e-03 
-1.056800e-02 
-1.223700e-02 
-1.380200e-02 
-1.516100e-02 
-1.619300e-02 
-1.680600e-02 
-1.697900e-02 
-1.675100e-02 
-1.615300e-02 
-1.520900e-02 
-1.400800e-02 
-1.269600e-02 
-1.142300e-02 
-1.031500e-02 
-9.449000e-03 
-8.860000e-03 
-8.571000e-03 
-8.612000e-03 
-8.978000e-03 
-9.600000e-03 
-1.033600e-02 
-1.097200e-02 
-1.127300e-02 
-1.103500e-02 
-1.011800e-02 
-8.432000e-03 
-5.949000e-03 
-2.726000e-03 
1.075000e-03 
5.230000e-03 
9.552000e-03 
1.393100e-02 
1.832900e-02 
2.271100e-02 
2.701200e-02 
3.114900e-02 
3.502500e-02 
3.855500e-02 
4.174900e-02 
4.468900e-02 
4.743200e-02 
5.001000e-02 
5.245900e-02 
5.481900e-02 
5.712400e-02 
5.940000e-02 
6.166400e-02 
6.392100e-02 
6.614600e-02 
6.827700e-02 
7.023100e-02 
7.190800e-02 
7.321600e-02 
7.411300e-02 
7.458000e-02 
7.453500e-02 
7.385500e-02 
7.243500e-02 
7.021700e-02 
6.717800e-02 
6.331400e-02 
5.863500e-02 
5.317900e-02 
4.706100e-02 
4.046900e-02 
3.360600e-02 
2.669800e-02 
2.001500e-02 
1.379700e-02 
8.204000e-03 
3.334000e-03 
-7.590000e-04 
-4.065000e-03 
-6.591000e-03 
-8.361000e-03 
-9.471000e-03 
-1.008000e-02 
-1.034500e-02 
-1.040700e-02 
-1.036900e-02 
-1.028000e-02 
-1.015000e-02 
-9.983000e-03 
-9.773000e-03 
-9.486000e-03 
-9.038000e-03 
-8.327000e-03 
-7.289000e-03 
-5.919000e-03 
-4.247000e-03 
-2.274000e-03 
1.200000e-05 
2.535000e-03 
5.170000e-03 
7.821000e-03 
1.045200e-02 
1.304600e-02 
1.552500e-02 
1.775600e-02 
1.961100e-02 
2.100700e-02 
2.191500e-02 
2.236200e-02 
2.239100e-02 
2.203000e-02 
2.131900e-02 
2.030200e-02 
1.897900e-02 
1.731000e-02 
1.528200e-02 
1.293600e-02 
1.036200e-02 
7.650000e-03 
4.895000e-03 
2.214000e-03 
-2.920000e-04 
-2.560000e-03 
-4.536000e-03 
-6.160000e-03 
-7.397000e-03 
-8.191000e-03 
-8.457000e-03 
-8.120000e-03 
-7.131000e-03 
-5.455000e-03 
-3.100000e-03 
-1.430000e-04 
3.286000e-03 
7.031000e-03 
1.093400e-02 
1.482500e-02 
1.853200e-02 
2.192600e-02 
2.491000e-02 
2.734800e-02 
2.909200e-02 
3.007000e-02 
3.031600e-02 
2.994900e-02 
2.909600e-02 
2.788000e-02 
2.643300e-02 
2.488200e-02 
2.333600e-02 
2.189600e-02 
2.064400e-02 
1.962500e-02 
1.881100e-02 
1.811100e-02 
1.744000e-02 
1.676600e-02 
1.608900e-02 
1.541200e-02 
1.473100e-02 
1.404500e-02 
1.337000e-02 
1.271300e-02 
1.207300e-02 
1.147600e-02 
1.093000e-02 
1.036400e-02 
9.683000e-03 
8.841000e-03 
7.856000e-03 
6.801000e-03 
5.764000e-03 
4.799000e-03 
3.899000e-03 
3.025000e-03 
2.145000e-03 
1.233000e-03 
2.610000e-04 
-8.310000e-04 
-2.108000e-03 
-3.601000e-03 
-5.300000e-03 
-7.164000e-03 
-9.136000e-03 
-1.115800e-02 
-1.317800e-02 
-1.518500e-02 
-1.722000e-02 
-1.930400e-02 
-2.140100e-02 
-2.348200e-02 
-2.554800e-02 
-2.759300e-02 
-2.960000e-02 
-3.154700e-02 
-3.337800e-02 
-3.500300e-02 
-3.633900e-02 
-3.732700e-02 
-3.794900e-02 
-3.820000e-02 
-3.806200e-02 
-3.750400e-02 
-3.650300e-02 
-3.510300e-02 
-3.342000e-02 
-3.159100e-02 
-2.972400e-02 
-2.786400e-02 
-2.605300e-02 
-2.437000e-02 
-2.286900e-02 
-2.155800e-02 
-2.039100e-02 
-1.930100e-02 
-1.823600e-02 
-1.714700e-02 
-1.599300e-02 
-1.478700e-02 
-1.358500e-02 
-1.244000e-02 
-1.138200e-02 
-1.041400e-02 
-9.487000e-03 
-8.513000e-03 
-7.457000e-03 
-6.343000e-03 
-5.185000e-03 
-3.962000e-03 
-2.619000e-03 
-1.096000e-03 
6.420000e-04 
2.581000e-03 
4.639000e-03 
6.673000e-03 
8.517000e-03 
1.002600e-02 
1.107100e-02 
1.154500e-02 
1.139600e-02 
1.064000e-02 
9.351000e-03 
7.628000e-03 
5.571000e-03 
3.267000e-03 
7.990000e-04 
-1.743000e-03 
-4.279000e-03 
-6.765000e-03 
-9.180000e-03 
-1.150500e-02 
-1.372500e-02 
-1.582400e-02 
-1.777700e-02 
-1.953600e-02 
-2.104300e-02 
-2.224800e-02 
-2.312500e-02 
-2.368000e-02 
-2.395800e-02 
-2.404500e-02 
-2.402500e-02 
-2.394100e-02 
-2.380700e-02 
-2.364000e-02 
-2.345600e-02 
-2.327000e-02 
-2.309100e-02 
-2.291000e-02 
-2.269500e-02 
-2.240200e-02 
-2.199600e-02 
-2.147900e-02 
-2.087100e-02 
-2.017000e-02 
-1.937500e-02 
-1.852200e-02 
-1.767600e-02 
-1.690500e-02 
-1.626200e-02 
-1.577600e-02 
-1.545100e-02 
-1.527300e-02 
-1.520900e-02 
-1.522000e-02 
-1.526800e-02 
-1.532000e-02 
-1.535400e-02 
-1.536200e-02 
-1.537500e-02 
-1.546700e-02 
-1.566600e-02 
-1.592900e-02 
-1.619800e-02 
-1.643900e-02 
-1.665500e-02 
-1.685800e-02 
-1.705100e-02 
-1.722500e-02 
-1.737900e-02 
-1.753100e-02 
-1.770800e-02 
-1.791800e-02 
-1.816500e-02 
-1.846500e-02 
-1.883800e-02 
-1.930000e-02 
-1.985500e-02 
-2.049800e-02 
-2.121600e-02 
-2.198900e-02 
-2.279200e-02 
-2.358100e-02 
-2.431500e-02 
-2.499800e-02 
-2.565300e-02 
-2.627600e-02 
-2.683700e-02 
-2.731400e-02 
-2.773100e-02 
-2.813000e-02 
-2.850500e-02 
-2.879400e-02 
-2.892700e-02 
-2.886400e-02 
-2.861100e-02 
-2.818100e-02 
-2.757600e-02 
-2.678000e-02 
-2.579100e-02 
-2.464700e-02 
-2.344800e-02 
-2.233400e-02 
-2.141800e-02 
-2.074300e-02 
-2.028700e-02 
-2.002700e-02 
-1.997800e-02 
-2.015700e-02 
-2.054400e-02 
-2.107800e-02 
-2.166900e-02 
-2.223000e-02 
-2.270800e-02 
-2.309300e-02 
-2.336600e-02 
-2.349100e-02 
-2.345700e-02 
-2.328600e-02 
-2.301600e-02 
-2.269500e-02 
-2.236400e-02 
-2.205600e-02 
-2.178200e-02 
-2.151700e-02 
-2.123100e-02 
-2.091600e-02 
-2.060400e-02 
-2.035600e-02 
-2.023700e-02 
-2.031100e-02 
-2.063200e-02 
-2.120100e-02 
-2.195000e-02 
-2.279500e-02 
-2.366800e-02 
-2.452300e-02 
-2.534900e-02 
-2.616900e-02 
-2.698500e-02 
-2.776400e-02 
-2.848500e-02 
-2.914600e-02 
-2.975900e-02 
-3.031900e-02 
-3.079500e-02 
-3.113100e-02 
-3.126200e-02 
-3.113600e-02 
-3.073300e-02 
-3.005400e-02 
-2.908900e-02 
-2.782200e-02 
-2.628700e-02 
-2.452500e-02 
-2.253900e-02 
-2.036400e-02 
-1.810300e-02 
-1.587500e-02 
-1.378000e-02 
-1.186100e-02 
-1.013300e-02 
-8.598000e-03 
-7.271000e-03 
-6.174000e-03 
-5.318000e-03 
-4.698000e-03 
-4.292000e-03 
-4.063000e-03 
-3.976000e-03 
-4.012000e-03 
-4.146000e-03 
-4.313000e-03 
-4.428000e-03 
-4.416000e-03 
-4.248000e-03 
-3.945000e-03 
-3.558000e-03 
-3.164000e-03 
-2.856000e-03 
-2.694000e-03 
-2.693000e-03 
-2.829000e-03 
-3.073000e-03 
-3.406000e-03 
-3.801000e-03 
-4.221000e-03 
-4.647000e-03 
-5.059000e-03 
-5.409000e-03 
-5.609000e-03 
-5.563000e-03 
-5.210000e-03 
-4.535000e-03 
-3.524000e-03 
-2.161000e-03 
-4.470000e-04 
1.587000e-03 
3.878000e-03 
6.311000e-03 
8.778000e-03 
1.125900e-02 
1.376700e-02 
1.627800e-02 
1.874100e-02 
2.110600e-02 
2.333000e-02 
2.537600e-02 
2.720600e-02 
2.881200e-02 
3.020700e-02 
3.136500e-02 
3.224600e-02 
3.284900e-02 
3.316900e-02 
3.317100e-02 
3.286000e-02 
3.229700e-02 
3.157400e-02 
3.077300e-02 
2.993900e-02 
2.906700e-02 
2.811900e-02 
2.706700e-02 
2.588100e-02 
2.451400e-02 
2.294500e-02 
2.119600e-02 
1.924200e-02 
1.703900e-02 
1.462200e-02 
1.207600e-02 
9.468000e-03 
6.838000e-03 
4.217000e-03 
1.641000e-03 
-8.480000e-04 
-3.214000e-03 
-5.437000e-03 
-7.499000e-03 
-9.331000e-03 
-1.084600e-02 
-1.201200e-02 
-1.284400e-02 
-1.338100e-02 
-1.367100e-02 
-1.376400e-02 
-1.368900e-02 
-1.347300e-02 
-1.315300e-02 
-1.276000e-02 
-1.229800e-02 
-1.176200e-02 
-1.114200e-02 
-1.043700e-02 
-9.670000e-03 
-8.893000e-03 
-8.167000e-03 
-7.568000e-03 
-7.188000e-03 
-7.097000e-03 
-7.293000e-03 
-7.731000e-03 
-8.360000e-03 
-9.123000e-03 
-9.966000e-03 
-1.084700e-02 
-1.175300e-02 
-1.269900e-02 
-1.369300e-02 
-1.471400e-02 
-1.570800e-02 
-1.662300e-02 
-1.742600e-02 
-1.802800e-02 
-1.829200e-02 
-1.813000e-02 
-1.752600e-02 
-1.650900e-02 
-1.517800e-02 
-1.368200e-02 
-1.214600e-02 
-1.062900e-02 
-9.149000e-03 
-7.712000e-03 
-6.328000e-03 
-5.011000e-03 
-3.768000e-03 
-2.605000e-03 
-1.518000e-03 
-5.020000e-04 
4.330000e-04 
1.249000e-03 
1.888000e-03 
2.284000e-03 
2.390000e-03 
2.191000e-03 
1.710000e-03 
1.016000e-03 
1.950000e-04 
-7.000000e-04 
-1.632000e-03 
-2.555000e-03 
-3.468000e-03 
-4.426000e-03 
-5.446000e-03 
-6.523000e-03 
-7.688000e-03 
-8.984000e-03 
-1.043300e-02 
-1.202800e-02 
-1.374400e-02 
-1.554300e-02 
-1.740100e-02 
-1.931000e-02 
-2.121500e-02 
-2.300100e-02 
-2.454800e-02 
-2.579100e-02 
-2.674900e-02 
-2.747500e-02 
-2.801100e-02 
-2.841000e-02 
-2.872800e-02 
-2.900200e-02 
-2.925200e-02 
-2.950600e-02 
-2.977200e-02 
-3.002900e-02 
-3.024400e-02 
-3.037400e-02 
-3.036600e-02 
-3.018700e-02 
-2.984300e-02 
-2.934800e-02 
-2.872300e-02 
-2.801100e-02 
-2.727400e-02 
-2.656900e-02 
-2.592200e-02 
-2.531500e-02 
-2.471200e-02 
-2.408400e-02 
-2.342900e-02 
-2.277200e-02 
-2.214300e-02 
-2.157200e-02 
-2.105900e-02 
-2.055700e-02 
-2.000500e-02 
-1.938400e-02 
-1.869500e-02 
-1.792700e-02 
-1.705300e-02 
-1.603100e-02 
-1.483100e-02 
-1.343800e-02 
-1.186500e-02 
-1.016100e-02 
-8.400000e-03 
-6.641000e-03 
-4.942000e-03 
-3.377000e-03 
-1.960000e-03 
-6.340000e-04 
6.600000e-04 
1.953000e-03 
3.277000e-03 
4.645000e-03 
6.034000e-03 
7.384000e-03 
8.627000e-03 
9.745000e-03 
1.074500e-02 
1.162000e-02 
1.234700e-02 
1.291800e-02 
1.335200e-02 
1.369100e-02 
1.396600e-02 
1.419000e-02 
1.436500e-02 
1.449100e-02 
1.457800e-02 
1.465200e-02 
1.473200e-02 
1.479400e-02 
1.480400e-02 
1.474000e-02 
1.457700e-02 
1.427100e-02 
1.376900e-02 
1.303800e-02 
1.207900e-02 
1.084200e-02 
9.240000e-03 
7.249000e-03 
4.894000e-03 
2.190000e-03 
-8.460000e-04 
-4.168000e-03 
-7.728000e-03 
-1.145600e-02 
-1.522000e-02 
-1.887100e-02 
-2.229200e-02 
-2.540500e-02 
-2.816500e-02 
-3.058900e-02 
-3.270700e-02 
-3.451400e-02 
-3.597700e-02 
-3.707000e-02 
-3.778600e-02 
-3.814000e-02 
-3.814600e-02 
-3.780800e-02 
-3.712300e-02 
-3.612000e-02 
-3.487100e-02 
-3.348800e-02 
-3.207600e-02 
-3.068500e-02 
-2.932800e-02 
-2.800600e-02 
-2.669700e-02 
-2.536400e-02 
-2.398800e-02 
-2.257900e-02 
-2.116100e-02 
-1.978400e-02 
-1.850400e-02 
-1.732900e-02 
-1.625100e-02 
-1.529200e-02 
-1.448200e-02 
-1.380600e-02 
-1.323800e-02 
-1.276200e-02 
-1.236700e-02 
-1.205500e-02 
-1.185400e-02 
-1.181700e-02 
-1.200100e-02 
-1.240900e-02 
-1.299800e-02 
-1.373500e-02 
-1.459500e-02 
-1.554100e-02 
-1.652200e-02 
-1.748800e-02 
-1.837500e-02 
-1.911800e-02 
-1.966200e-02 
-1.992900e-02 
-1.981500e-02 
-1.929100e-02 
-1.841500e-02 
-1.725500e-02 
-1.585500e-02 
-1.423100e-02 
-1.242700e-02 
-1.051800e-02 
-8.552000e-03 
-6.552000e-03 
-4.558000e-03 
-2.600000e-03 
-6.640000e-04 
1.250000e-03 
3.123000e-03 
4.961000e-03 
6.773000e-03 
8.512000e-03 
1.011300e-02 
1.153100e-02 
1.275300e-02 
1.377100e-02 
1.455500e-02 
1.506000e-02 
1.525000e-02 
1.509700e-02 
1.458800e-02 
1.375000e-02 
1.264600e-02 
1.133500e-02 
9.850000e-03 
8.201000e-03 
6.426000e-03 
4.592000e-03 
2.734000e-03 
8.870000e-04 
-8.700000e-04 
-2.414000e-03 
-3.614000e-03 
-4.373000e-03 
-4.648000e-03 
-4.453000e-03 
-3.854000e-03 
-2.944000e-03 
-1.809000e-03 
-5.100000e-04 
9.110000e-04 
2.426000e-03 
4.013000e-03 
5.640000e-03 
7.259000e-03 
8.842000e-03 
1.038700e-02 
1.191300e-02 
1.344100e-02 
1.499100e-02 
1.655400e-02 
1.810100e-02 
1.961100e-02 
2.106200e-02 
2.240200e-02 
2.354600e-02 
2.439400e-02 
2.487000e-02 
2.494000e-02 
2.461300e-02 
2.392600e-02 
2.292800e-02 
2.170500e-02 
2.038500e-02 
1.908100e-02 
1.785500e-02 
1.670800e-02 
1.561100e-02 
1.453500e-02 
1.344200e-02 
1.227300e-02 
1.095700e-02 
9.452000e-03 
7.777000e-03 
5.993000e-03 
4.158000e-03 
2.347000e-03 
6.450000e-04 
-8.600000e-04 
-2.138000e-03 
-3.255000e-03 
-4.295000e-03 
-5.318000e-03 
-6.377000e-03 
-7.494000e-03 
-8.636000e-03 
-9.743000e-03 
-1.077500e-02 
-1.173500e-02 
-1.264400e-02 
-1.349800e-02 
-1.427600e-02 
-1.497500e-02 
-1.560800e-02 
-1.619200e-02 
-1.672300e-02 
-1.717900e-02 
-1.753100e-02 
-1.774200e-02 
-1.776900e-02 
-1.759900e-02 
-1.725100e-02 
-1.674500e-02 
-1.608200e-02 
-1.524400e-02 
-1.422800e-02 
-1.306300e-02 
-1.179600e-02 
-1.046700e-02 
-9.093000e-03 
-7.666000e-03 
-6.171000e-03 
-4.598000e-03 
-2.939000e-03 
-1.197000e-03 
6.150000e-04 
2.480000e-03 
4.377000e-03 
6.284000e-03 
8.184000e-03 
1.006200e-02 
1.191400e-02 
1.375500e-02 
1.562100e-02 
1.750900e-02 
1.937100e-02 
2.114000e-02 
2.277200e-02 
2.425900e-02 
2.559000e-02 
2.673600e-02 
2.768400e-02 
2.844700e-02 
2.903900e-02 
2.950200e-02 
2.992300e-02 
3.038200e-02 
3.091800e-02 
3.151900e-02 
3.214500e-02 
3.276500e-02 
3.334300e-02 
3.383600e-02 
3.420500e-02 
3.442700e-02 
3.449900e-02 
3.443700e-02 
3.426600e-02 
3.402000e-02 
3.372500e-02 
3.338000e-02 
3.294600e-02 
3.236200e-02 
3.158200e-02 
3.060200e-02 
2.945300e-02 
2.818600e-02 
2.685900e-02 
2.552700e-02 
2.423400e-02 
2.300600e-02 
2.185500e-02 
2.077600e-02 
1.975600e-02 
1.877800e-02 
1.784200e-02 
1.697300e-02 
1.620400e-02 
1.556300e-02 
1.506500e-02 
1.471000e-02 
1.448000e-02 
1.435200e-02 
1.429400e-02 
1.427500e-02 
1.428300e-02 
1.433300e-02 
1.445800e-02 
1.469100e-02 
1.505200e-02 
1.552700e-02 
1.604700e-02 
1.651500e-02 
1.686200e-02 
1.705200e-02 
1.707400e-02 
1.692400e-02 
1.659600e-02 
1.609500e-02 
1.545500e-02 
1.473600e-02 
1.396200e-02 
1.312300e-02 
1.220600e-02 
1.120300e-02 
1.009700e-02 
8.887000e-03 
7.588000e-03 
6.191000e-03 
4.664000e-03 
3.000000e-03 
1.235000e-03 
-5.590000e-04 
-2.297000e-03 
-3.905000e-03 
-5.337000e-03 
-6.589000e-03 
-7.703000e-03 
-8.710000e-03 
-9.612000e-03 
-1.040900e-02 
-1.110000e-02 
-1.165000e-02 
-1.203500e-02 
-1.227700e-02 
-1.238900e-02 
-1.236200e-02 
-1.220200e-02 
-1.192300e-02 
-1.152800e-02 
-1.099300e-02 
-1.027400e-02 
-9.335000e-03 
-8.181000e-03 
-6.882000e-03 
-5.537000e-03 
-4.228000e-03 
-3.007000e-03 
-1.900000e-03 
-9.030000e-04 
1.900000e-05 
9.270000e-04 
1.857000e-03 
2.795000e-03 
3.719000e-03 
4.620000e-03 
5.493000e-03 
6.324000e-03 
7.080000e-03 
7.725000e-03 
8.239000e-03 
8.640000e-03 
8.963000e-03 
9.240000e-03 
9.520000e-03 
9.886000e-03 
1.040000e-02 
1.111600e-02 
1.211300e-02 
1.343400e-02 
1.503300e-02 
1.679700e-02 
1.860000e-02 
2.034800e-02 
2.199600e-02 
2.353200e-02 
2.493500e-02 
2.617000e-02 
2.723800e-02 
2.819900e-02 
2.912700e-02 
3.006400e-02 
3.099800e-02 
3.191600e-02 
3.283400e-02 
3.375800e-02 
3.467700e-02 
3.557300e-02 
3.642700e-02 
3.722400e-02 
3.793100e-02 
3.849400e-02 
3.885000e-02 
3.897100e-02 
3.889500e-02 
3.871100e-02 
3.852000e-02 
3.840900e-02 
3.842900e-02 
3.858000e-02 
3.885600e-02 
3.926000e-02 
3.974300e-02 
4.019700e-02 
4.053100e-02 
4.071900e-02 
4.081600e-02 
4.088100e-02 
4.094600e-02 
4.103800e-02 
4.117300e-02 
4.134200e-02 
4.151100e-02 
4.164600e-02 
4.176100e-02 
4.190400e-02 
4.209400e-02 
4.232400e-02 
4.258400e-02 
4.281000e-02 
4.288300e-02 
4.270000e-02 
4.220600e-02 
4.139900e-02 
4.031800e-02 
3.902200e-02 
3.753900e-02 
3.584600e-02 
3.388400e-02 
3.154500e-02 
2.868500e-02 
2.521100e-02 
2.112600e-02 
1.649600e-02 
1.139500e-02 
5.884000e-03 
3.900000e-05 
-6.018000e-03 
-1.214900e-02 
-1.821600e-02 
-2.406400e-02 
-2.955000e-02 
-3.457500e-02 
-3.910300e-02 
-4.315000e-02 
-4.675700e-02 
-4.996700e-02 
-5.280800e-02 
-5.528700e-02 
-5.739800e-02 
-5.916100e-02 
-6.063200e-02 
-6.188700e-02 
-6.299600e-02 
-6.399700e-02 
-6.490600e-02 
-6.571300e-02 
-6.636100e-02 
-6.673400e-02 
-6.668300e-02 
-6.609100e-02 
-6.491000e-02 
-6.309000e-02 
-6.056900e-02 
-5.735900e-02 
-5.353800e-02 
-4.919200e-02 
-4.441100e-02 
-3.928700e-02 
-3.391100e-02 
-2.837100e-02 
-2.274500e-02 
-1.712900e-02 
-1.164600e-02 
-6.435000e-03 
-1.624000e-03 
2.702000e-03 
6.492000e-03 
9.704000e-03 
1.228400e-02 
1.417800e-02 
1.536200e-02 
1.585300e-02 
1.570100e-02 
1.499500e-02 
1.386600e-02 
1.242100e-02 
1.072900e-02 
8.858000e-03 
6.876000e-03 
4.842000e-03 
2.783000e-03 
6.950000e-04 
-1.418000e-03 
-3.537000e-03 
-5.634000e-03 
-7.663000e-03 
-9.557000e-03 
-1.123200e-02 
-1.260900e-02 
-1.363400e-02 
-1.425600e-02 
-1.441700e-02 
-1.405800e-02 
-1.313100e-02 
-1.161100e-02 
-9.560000e-03 
-7.132000e-03 
-4.451000e-03 
-1.580000e-03 
1.397000e-03 
4.381000e-03 
7.299000e-03 
1.011500e-02 
1.282300e-02 
1.543800e-02 
1.797000e-02 
2.041200e-02 
2.272200e-02 
2.484600e-02 
2.675300e-02 
2.844200e-02 
2.991800e-02 
3.119000e-02 
3.228200e-02 
3.327000e-02 
3.425800e-02 
3.530500e-02 
3.643100e-02 
3.763800e-02 
3.887600e-02 
4.002700e-02 
4.092500e-02 
4.141300e-02 
4.139900e-02 
4.085700e-02 
3.980300e-02 
3.830000e-02 
3.644300e-02 
3.434000e-02 
3.210000e-02 
2.981600e-02 
2.755600e-02 
2.537200e-02 
2.332100e-02 
2.149900e-02 
2.004300e-02 
1.906500e-02 
1.861500e-02 
1.869900e-02 
1.928300e-02 
2.029400e-02 
2.159100e-02 
2.299600e-02 
2.437600e-02 
2.564100e-02 
2.671700e-02 
2.754100e-02 
2.808700e-02 
2.835900e-02 
2.839200e-02 
2.823700e-02 
2.791400e-02 
2.739500e-02 
2.661500e-02 
2.551600e-02 
2.409900e-02 
2.236600e-02 
2.028100e-02 
1.786700e-02 
1.523300e-02 
1.246400e-02 
9.637000e-03 
6.863000e-03 
4.246000e-03 
1.851000e-03 
-2.790000e-04 
-2.137000e-03 
-3.760000e-03 
-5.180000e-03 
-6.401000e-03 
-7.410000e-03 
-8.184000e-03 
-8.691000e-03 
-8.902000e-03 
-8.808000e-03 
-8.427000e-03 
-7.808000e-03 
-7.041000e-03 
-6.234000e-03 
-5.488000e-03 
-4.876000e-03 
-4.441000e-03 
-4.188000e-03 
-4.097000e-03 
-4.134000e-03 
-4.298000e-03 
-4.615000e-03 
-5.079000e-03 
-5.654000e-03 
-6.310000e-03 
-7.046000e-03 
-7.877000e-03 
-8.781000e-03 
-9.692000e-03 
-1.053600e-02 
-1.126600e-02 
-1.187300e-02 
-1.233300e-02 
-1.261300e-02 
-1.270400e-02 
-1.261600e-02 
-1.235500e-02 
-1.195600e-02 
-1.147600e-02 
-1.098300e-02 
-1.053200e-02 
-1.015800e-02 
-9.833000e-03 
-9.484000e-03 
-9.073000e-03 
-8.639000e-03 
-8.284000e-03 
-8.095000e-03 
-8.101000e-03 
-8.312000e-03 
-8.721000e-03 
-9.309000e-03 
-1.006400e-02 
-1.096800e-02 
-1.193900e-02 
-1.285000e-02 
-1.359200e-02 
-1.408500e-02 
-1.427100e-02 
-1.413000e-02 
-1.369000e-02 
-1.302600e-02 
-1.221300e-02 
-1.129000e-02 
-1.030800e-02 
-9.338000e-03 
-8.421000e-03 
-7.551000e-03 
-6.683000e-03 
-5.796000e-03 
-4.901000e-03 
-3.986000e-03 
-3.042000e-03 
-2.095000e-03 
-1.155000e-03 
-2.110000e-04 
7.260000e-04 
1.605000e-03 
2.370000e-03 
2.944000e-03 
3.231000e-03 
3.132000e-03 
2.600000e-03 
1.697000e-03 
5.500000e-04 
-7.240000e-04 
-2.071000e-03 
-3.483000e-03 
-4.940000e-03 
-6.437000e-03 
-8.005000e-03 
-9.672000e-03 
-1.142700e-02 
-1.322300e-02 
-1.500200e-02 
-1.672500e-02 
-1.833400e-02 
-1.976200e-02 
-2.099700e-02 
-2.207300e-02 
-2.302600e-02 
-2.387000e-02 
-2.459100e-02 
-2.517200e-02 
-2.564100e-02 
-2.609700e-02 
-2.662000e-02 
-2.722800e-02 
-2.793300e-02 
-2.874700e-02 
-2.965800e-02 
-3.063100e-02 
-3.162100e-02 
-3.258700e-02 
-3.349500e-02 
-3.432700e-02 
-3.506100e-02 
-3.566400e-02 
-3.608200e-02 
-3.626400e-02 
-3.619500e-02 
-3.589100e-02 
-3.537600e-02 
-3.469600e-02 
-3.391800e-02 
-3.308900e-02 
-3.221700e-02 
-3.127200e-02 
-3.022600e-02 
-2.907400e-02 
-2.783400e-02 
-2.653400e-02 
-2.520900e-02 
-2.387200e-02 
-2.250300e-02 
-2.105000e-02 
-1.944900e-02 
-1.766600e-02 
-1.569400e-02 
-1.353700e-02 
-1.125000e-02 
-8.933000e-03 
-6.674000e-03 
-4.513000e-03 
-2.439000e-03 
-4.440000e-04 
1.449000e-03 
3.207000e-03 
4.815000e-03 
6.291000e-03 
7.664000e-03 
8.949000e-03 
1.015000e-02 
1.125900e-02 
1.224800e-02 
1.307500e-02 
1.371100e-02 
1.414400e-02 
1.440300e-02 
1.457600e-02 
1.479300e-02 
1.517600e-02 
1.579300e-02 
1.664500e-02 
1.768400e-02 
1.883700e-02 
2.002100e-02 
2.114300e-02 
2.211200e-02 
2.285900e-02 
2.337500e-02 
2.372600e-02 
2.399600e-02 
2.423500e-02 
2.445900e-02 
2.466400e-02 
2.482900e-02 
2.490100e-02 
2.479100e-02 
2.442500e-02 
2.375100e-02 
2.270000e-02 
2.120200e-02 
1.924200e-02 
1.688400e-02 
1.424600e-02 
1.145300e-02 
8.613000e-03 
5.828000e-03 
3.160000e-03 
6.220000e-04 
-1.811000e-03 
-4.151000e-03 
-6.352000e-03 
-8.338000e-03 
-1.005200e-02 
-1.142900e-02 
-1.239700e-02 
-1.290700e-02 
-1.294200e-02 
-1.250000e-02 
-1.158800e-02 
-1.022000e-02 
-8.430000e-03 
-6.275000e-03 
-3.829000e-03 
-1.176000e-03 
1.597000e-03 
4.391000e-03 
7.119000e-03 
9.735000e-03 
1.221700e-02 
1.455000e-02 
1.672600e-02 
1.875200e-02 
2.064300e-02 
2.240300e-02 
2.402000e-02 
2.547300e-02 
2.673800e-02 
2.778500e-02 
2.858000e-02 
2.910700e-02 
2.935100e-02 
2.929500e-02 
2.893900e-02 
2.827200e-02 
2.726400e-02 
2.590100e-02 
2.420600e-02 
2.220800e-02 
1.991300e-02 
1.729200e-02 
1.432300e-02 
1.102500e-02 
7.452000e-03 
3.692000e-03 
-1.340000e-04 
-3.884000e-03 
-7.421000e-03 
-1.065900e-02 
-1.356100e-02 
-1.610300e-02 
-1.830500e-02 
-2.024500e-02 
-2.199700e-02 
-2.360500e-02 
-2.511200e-02 
-2.654700e-02 
-2.792200e-02 
-2.926700e-02 
-3.062500e-02 
-3.197900e-02 
-3.325100e-02 
-3.434800e-02 
-3.519500e-02 
-3.575100e-02 
-3.601100e-02 
-3.599200e-02 
-3.571300e-02 
-3.519600e-02 
-3.446400e-02 
-3.353000e-02 
-3.241600e-02 
-3.118500e-02 
-2.989700e-02 
-2.857300e-02 
-2.722600e-02 
-2.589000e-02 
-2.461900e-02 
-2.347600e-02 
-2.250600e-02 
-2.171300e-02 
-2.107200e-02 
-2.057900e-02 
-2.024000e-02 
-2.003900e-02 
-1.994300e-02 
-1.990100e-02 
-1.984500e-02 
-1.971300e-02 
-1.947600e-02 
-1.912200e-02 
-1.864400e-02 
-1.806700e-02 
-1.745800e-02 
-1.690200e-02 
-1.640800e-02 
-1.589800e-02 
-1.531000e-02 
-1.463300e-02 
-1.386900e-02 
-1.302200e-02 
-1.210900e-02 
-1.116900e-02 
-1.024300e-02 
-9.326000e-03 
-8.372000e-03 
-7.330000e-03 
-6.203000e-03 
-5.043000e-03 
-3.903000e-03 
-2.833000e-03 
-1.881000e-03 
-1.045000e-03 
-2.780000e-04 
4.460000e-04 
1.122000e-03 
1.722000e-03 
2.202000e-03 
2.501000e-03 
2.565000e-03 
2.340000e-03 
1.762000e-03 
8.130000e-04 
-4.540000e-04 
-1.959000e-03 
-3.612000e-03 
-5.308000e-03 
-6.948000e-03 
-8.451000e-03 
-9.774000e-03 
-1.091900e-02 
-1.192800e-02 
-1.281800e-02 
-1.354100e-02 
-1.408100e-02 
-1.445400e-02 
-1.460900e-02 
-1.448300e-02 
-1.407500e-02 
-1.340000e-02 
-1.246600e-02 
-1.128200e-02 
-9.869000e-03 
-8.256000e-03 
-6.442000e-03 
-4.393000e-03 
-2.094000e-03 
4.380000e-04 
3.151000e-03 
5.944000e-03 
8.683000e-03 
1.127500e-02 
1.367300e-02 
1.583900e-02 
1.773600e-02 
1.934900e-02 
2.069000e-02 
2.177900e-02 
2.263400e-02 
2.326500e-02 
2.368500e-02 
2.391700e-02 
2.397900e-02 
2.387600e-02 
2.361500e-02 
2.322600e-02 
2.273300e-02 
2.212600e-02 
2.134800e-02 
2.035900e-02 
1.919100e-02 
1.791700e-02 
1.661600e-02 
1.536900e-02 
1.421700e-02 
1.311900e-02 
1.203300e-02 
1.096900e-02 
9.969000e-03 
9.081000e-03 
8.351000e-03 
7.860000e-03 
7.716000e-03 
7.961000e-03 
8.549000e-03 
9.425000e-03 
1.054100e-02 
1.184600e-02 
1.327000e-02 
1.472400e-02 
1.612900e-02 
1.744100e-02 
1.866600e-02 
1.984000e-02 
2.099000e-02 
2.207200e-02 
2.300200e-02 
2.370700e-02 
2.412900e-02 
2.422800e-02 
2.399100e-02 
2.343700e-02 
2.261200e-02 
2.156100e-02 
2.031200e-02 
1.888900e-02 
1.729900e-02 
1.553400e-02 
1.357200e-02 
1.140900e-02 
9.074000e-03 
6.637000e-03 
4.178000e-03 
1.790000e-03 
-4.330000e-04 
-2.415000e-03 
-4.124000e-03 
-5.584000e-03 
-6.857000e-03 
-7.998000e-03 
-9.053000e-03 
-1.004500e-02 
-1.097100e-02 
-1.180900e-02 
-1.255200e-02 
-1.319900e-02 
-1.374000e-02 
-1.418700e-02 
-1.456600e-02 
-1.489200e-02 
-1.514700e-02 
-1.528500e-02 
-1.525600e-02 
-1.502900e-02 
-1.461800e-02 
-1.404700e-02 
-1.331800e-02 
-1.243600e-02 
-1.142400e-02 
-1.029200e-02 
-9.020000e-03 
-7.569000e-03 
-5.935000e-03 
-4.169000e-03 
-2.334000e-03 
-4.770000e-04 
1.368000e-03 
3.165000e-03 
4.868000e-03 
6.437000e-03 
7.851000e-03 
9.132000e-03 
1.033800e-02 
1.153400e-02 
1.278100e-02 
1.411500e-02 
1.552800e-02 
1.698800e-02 
1.846100e-02 
1.989700e-02 
2.121800e-02 
2.236000e-02 
2.328500e-02 
2.394900e-02 
2.431700e-02 
2.439800e-02 
2.423900e-02 
2.390300e-02 
2.343600e-02 
2.286200e-02 
2.219400e-02 
2.145900e-02 
2.069200e-02 
1.989500e-02 
1.904600e-02 
1.815200e-02 
1.725900e-02 
1.642100e-02 
1.568400e-02 
1.508200e-02 
1.462500e-02 
1.430600e-02 
1.410100e-02 
1.398000e-02 
1.391600e-02 
1.390600e-02 
1.397200e-02 
1.414300e-02 
1.445900e-02 
1.495900e-02 
1.563100e-02 
1.642400e-02 
1.730200e-02 
1.824600e-02 
1.922700e-02 
2.021000e-02 
2.115300e-02 
2.200900e-02 
2.275100e-02 
2.341100e-02 
2.403800e-02 
2.466900e-02 
2.532500e-02 
2.600000e-02 
2.665600e-02 
2.723600e-02 
2.768900e-02 
2.797800e-02 
2.807900e-02 
2.797100e-02 
2.763400e-02 
2.706900e-02 
2.629200e-02 
2.532800e-02 
2.418700e-02 
2.285500e-02 
2.130000e-02 
1.950800e-02 
1.749200e-02 
1.524700e-02 
1.277700e-02 
1.013000e-02 
7.354000e-03 
4.462000e-03 
1.452000e-03 
-1.660000e-03 
-4.809000e-03 
-7.938000e-03 
-1.102400e-02 
-1.403300e-02 
-1.690900e-02 
-1.959600e-02 
-2.203800e-02 
-2.419100e-02 
-2.604900e-02 
-2.764700e-02 
-2.902600e-02 
-3.022200e-02 
-3.126500e-02 
-3.216600e-02 
-3.291800e-02 
-3.352900e-02 
-3.401900e-02 
-3.440000e-02 
-3.471500e-02 
-3.504300e-02 
-3.544900e-02 
-3.594900e-02 
-3.650500e-02 
-3.703300e-02 
-3.741900e-02 
-3.756500e-02 
-3.743200e-02 
-3.706600e-02 
-3.655900e-02 
-3.600400e-02 
-3.547300e-02 
-3.504300e-02 
-3.480000e-02 
-3.478100e-02 
-3.492200e-02 
-3.512800e-02 
-3.532100e-02 
-3.546900e-02 
-3.556600e-02 
-3.561000e-02 
-3.561700e-02 
-3.561600e-02 
-3.559700e-02 
-3.554100e-02 
-3.546500e-02 
-3.540900e-02 
-3.540700e-02 
-3.544200e-02 
-3.547300e-02 
-3.548900e-02 
-3.549100e-02 
-3.546700e-02 
-3.537900e-02 
-3.519800e-02 
-3.494100e-02 
-3.463100e-02 
-3.426400e-02 
-3.383800e-02 
-3.336100e-02 
-3.282400e-02 
-3.220700e-02 
-3.148800e-02 
-3.062900e-02 
-2.957500e-02 
-2.826300e-02 
-2.665300e-02 
-2.475900e-02 
-2.263500e-02 
-2.034200e-02 
-1.790200e-02 
-1.529800e-02 
-1.251100e-02 
-9.565000e-03 
-6.540000e-03 
-3.514000e-03 
-5.560000e-04 
2.270000e-03 
4.910000e-03 
7.334000e-03 
9.539000e-03 
1.154800e-02 
1.339400e-02 
1.510600e-02 
1.668700e-02 
1.813000e-02 
1.941700e-02 
2.052200e-02 
2.146400e-02 
2.233200e-02 
2.318300e-02 
2.400600e-02 
2.475900e-02 
2.539000e-02 
2.585800e-02 
2.611500e-02 
2.612800e-02 
2.590200e-02 
2.545100e-02 
2.477300e-02 
2.390000e-02 
2.289700e-02 
2.180200e-02 
2.063100e-02 
1.940400e-02 
1.812600e-02 
1.679900e-02 
1.546200e-02 
1.419100e-02 
1.306100e-02 
1.213100e-02 
1.142800e-02 
1.095300e-02 
1.069500e-02 
1.064900e-02 
1.083100e-02 
1.125300e-02 
1.187500e-02 
1.260500e-02 
1.333900e-02 
1.398300e-02 
1.447100e-02 
1.476900e-02 
1.486300e-02 
1.473800e-02 
1.437000e-02 
1.372400e-02 
1.278600e-02 
1.158900e-02 
1.023100e-02 
8.805000e-03 
7.356000e-03 
5.895000e-03 
4.411000e-03 
2.885000e-03 
1.301000e-03 
-3.540000e-04 
-2.079000e-03 
-3.852000e-03 
-5.622000e-03 
-7.323000e-03 
-8.904000e-03 
-1.035500e-02 
-1.169300e-02 
-1.293600e-02 
-1.411700e-02 
-1.528500e-02 
-1.649200e-02 
-1.775200e-02 
-1.902300e-02 
-2.023700e-02 
-2.134100e-02 
-2.228600e-02 
-2.303900e-02 
-2.361000e-02 
-2.404600e-02 
-2.441500e-02 
-2.480800e-02 
-2.531100e-02 
-2.596500e-02 
-2.674800e-02 
-2.758700e-02 
-2.841000e-02 
-2.915200e-02 
-2.972700e-02 
-3.006500e-02 
-3.014600e-02 
-2.999200e-02 
-2.965800e-02 
-2.921100e-02 
-2.872200e-02 
-2.824600e-02 
-2.782300e-02 
-2.747300e-02 
-2.719900e-02 
-2.702700e-02 
-2.700200e-02 
-2.709500e-02 
-2.721500e-02 
-2.732700e-02 
-2.742500e-02 
-2.747100e-02 
-2.742800e-02 
-2.729600e-02 
-2.711200e-02 
-2.691200e-02 
-2.668700e-02 
-2.640000e-02 
-2.601600e-02 
-2.552800e-02 
-2.494900e-02 
-2.428500e-02 
-2.351500e-02 
-2.260000e-02 
-2.150100e-02 
-2.020400e-02 
-1.873700e-02 
-1.713000e-02 
-1.538700e-02 
-1.351100e-02 
-1.153600e-02 
-9.525000e-03 
-7.536000e-03 
-5.581000e-03 
-3.663000e-03 
-1.805000e-03 
2.000000e-06 
1.792000e-03 
3.566000e-03 
5.293000e-03 
6.926000e-03 
8.402000e-03 
9.655000e-03 
1.063500e-02 
1.133700e-02 
1.180900e-02 
1.213500e-02 
1.241000e-02 
1.272100e-02 
1.313000e-02 
1.366600e-02 
1.431900e-02 
1.503100e-02 
1.570200e-02 
1.622200e-02 
1.652000e-02 
1.658200e-02 
1.643400e-02 
1.609500e-02 
1.556200e-02 
1.486000e-02 
1.405400e-02 
1.320500e-02 
1.236200e-02 
1.157600e-02 
1.087400e-02 
1.025100e-02 
9.699000e-03 
9.224000e-03 
8.830000e-03 
8.539000e-03 
8.380000e-03 
8.339000e-03 
8.358000e-03 
8.386000e-03 
8.418000e-03 
8.510000e-03 
8.708000e-03 
9.016000e-03 
9.425000e-03 
9.920000e-03 
1.046200e-02 
1.101300e-02 
1.155900e-02 
1.210200e-02 
1.263800e-02 
1.312400e-02 
1.348200e-02 
1.363900e-02 
1.354500e-02 
1.317700e-02 
1.252500e-02 
1.159700e-02 
1.043900e-02 
9.111000e-03 
7.662000e-03 
6.125000e-03 
4.524000e-03 
2.875000e-03 
1.189000e-03 
-5.210000e-04 
-2.206000e-03 
-3.781000e-03 
-5.179000e-03 
-6.372000e-03 
-7.370000e-03 
-8.204000e-03 
-8.920000e-03 
-9.521000e-03 
-9.983000e-03 
-1.030700e-02 
-1.051500e-02 
-1.059900e-02 
-1.053400e-02 
-1.029700e-02 
-9.903000e-03 
-9.400000e-03 
-8.852000e-03 
-8.323000e-03 
-7.858000e-03 
-7.464000e-03 
-7.106000e-03 
-6.735000e-03 
-6.313000e-03 
-5.831000e-03 
-5.275000e-03 
-4.609000e-03 
-3.834000e-03 
-3.004000e-03 
-2.189000e-03 
-1.443000e-03 
-7.770000e-04 
-1.750000e-04 
3.920000e-04 
9.340000e-04 
1.440000e-03 
1.893000e-03 
2.294000e-03 
2.672000e-03 
3.068000e-03 
3.501000e-03 
3.937000e-03 
4.317000e-03 
4.598000e-03 
4.762000e-03 
4.814000e-03 
4.776000e-03 
4.691000e-03 
4.622000e-03 
4.602000e-03 
4.618000e-03 
4.666000e-03 
4.773000e-03 
4.973000e-03 
5.279000e-03 
5.672000e-03 
6.127000e-03 
6.630000e-03 
7.154000e-03 
7.667000e-03 
8.165000e-03 
8.682000e-03 
9.276000e-03 
9.991000e-03 
1.083100e-02 
1.177700e-02 
1.279200e-02 
1.383200e-02 
1.483700e-02 
1.574800e-02 
1.655600e-02 
1.729000e-02 
1.795600e-02 
1.851800e-02 
1.891600e-02 
1.908700e-02 
1.897900e-02 
1.855500e-02 
1.782000e-02 
1.684500e-02 
1.571000e-02 
1.446600e-02 
1.316200e-02 
1.186200e-02 
1.064200e-02 
9.559000e-03 
8.628000e-03 
7.852000e-03 
7.231000e-03 
6.761000e-03 
6.427000e-03 
6.209000e-03 
6.078000e-03 
6.010000e-03 
5.979000e-03 
5.964000e-03 
5.950000e-03 
5.911000e-03 
5.805000e-03 
5.612000e-03 
5.337000e-03 
4.983000e-03 
4.555000e-03 
4.083000e-03 
3.611000e-03 
3.170000e-03 
2.744000e-03 
2.295000e-03 
1.837000e-03 
1.418000e-03 
1.083000e-03 
8.740000e-04 
8.300000e-04 
9.560000e-04 
1.229000e-03 
1.628000e-03 
2.117000e-03 
2.647000e-03 
3.182000e-03 
3.707000e-03 
4.202000e-03 
4.657000e-03 
5.088000e-03 
5.525000e-03 
5.995000e-03 
6.500000e-03 
7.036000e-03 
7.629000e-03 
8.313000e-03 
9.099000e-03 
1.000100e-02 
1.102700e-02 
1.216000e-02 
1.335500e-02 
1.455900e-02 
1.572200e-02 
1.680200e-02 
1.775600e-02 
1.854600e-02 
1.917600e-02 
1.968000e-02 
2.011200e-02 
2.050300e-02 
2.085600e-02 
2.115900e-02 
2.139400e-02 
2.154600e-02 
2.158600e-02 
2.147800e-02 
2.118800e-02 
2.071100e-02 
2.007600e-02 
1.930500e-02 
1.836900e-02 
1.724500e-02 
1.594700e-02 
1.447600e-02 
1.282100e-02 
1.098900e-02 
8.981000e-03 
6.776000e-03 
4.384000e-03 
1.864000e-03 
-7.220000e-04 
-3.305000e-03 
-5.789000e-03 
-8.090000e-03 
-1.016500e-02 
-1.199600e-02 
-1.358500e-02 
-1.497200e-02 
-1.621400e-02 
-1.735400e-02 
-1.839500e-02 
-1.931000e-02 
-2.006200e-02 
-2.062100e-02 
-2.097900e-02 
-2.114200e-02 
-2.113800e-02 
-2.100500e-02 
-2.077700e-02 
-2.046700e-02 
-2.006500e-02 
-1.955900e-02 
-1.898200e-02 
-1.840800e-02 
-1.790900e-02 
-1.752100e-02 
-1.725400e-02 
-1.707700e-02 
-1.692600e-02 
-1.674800e-02 
-1.651800e-02 
-1.623800e-02 
-1.595200e-02 
-1.574600e-02 
-1.569500e-02 
-1.581800e-02 
-1.610400e-02 
-1.652700e-02 
-1.703500e-02 
-1.756800e-02 
-1.808800e-02 
-1.854300e-02 
-1.886000e-02 
-1.899600e-02 
-1.896200e-02 
-1.881400e-02 
-1.859000e-02 
-1.827100e-02 
-1.784100e-02 
-1.731800e-02 
-1.671700e-02 
-1.605700e-02 
-1.536800e-02 
-1.463500e-02 
-1.379800e-02 
-1.285400e-02 
-1.187700e-02 
-1.093600e-02 
-1.008500e-02 
-9.392000e-03 
-8.909000e-03 
-8.641000e-03 
-8.559000e-03 
-8.598000e-03 
-8.671000e-03 
-8.690000e-03 
-8.613000e-03 
-8.472000e-03 
-8.355000e-03 
-8.310000e-03 
-8.321000e-03 
-8.354000e-03 
-8.386000e-03 
-8.394000e-03 
-8.347000e-03 
-8.200000e-03 
-7.913000e-03 
-7.482000e-03 
-6.964000e-03 
-6.431000e-03 
-5.918000e-03 
-5.423000e-03 
-4.921000e-03 
-4.384000e-03 
-3.783000e-03 
-3.099000e-03 
-2.311000e-03 
-1.392000e-03 
-3.570000e-04 
7.300000e-04 
1.803000e-03 
2.823000e-03 
3.769000e-03 
4.626000e-03 
5.370000e-03 
5.978000e-03 
6.439000e-03 
6.753000e-03 
6.936000e-03 
7.010000e-03 
6.988000e-03 
6.864000e-03 
6.619000e-03 
6.247000e-03 
5.768000e-03 
5.236000e-03 
4.707000e-03 
4.219000e-03 
3.771000e-03 
3.339000e-03 
2.886000e-03 
2.379000e-03 
1.793000e-03 
1.122000e-03 
3.830000e-04 
-3.730000e-04 
-1.103000e-03 
-1.786000e-03 
-2.399000e-03 
-2.914000e-03 
-3.310000e-03 
-3.580000e-03 
-3.729000e-03 
-3.776000e-03 
-3.745000e-03 
-3.663000e-03 
-3.557000e-03 
-3.447000e-03 
-3.367000e-03 
-3.355000e-03 
-3.413000e-03 
-3.499000e-03 
-3.591000e-03 
-3.682000e-03 
-3.743000e-03 
-3.734000e-03 
-3.645000e-03 
-3.482000e-03 
-3.263000e-03 
-2.988000e-03 
-2.654000e-03 
-2.273000e-03 
-1.857000e-03 
-1.404000e-03 
-9.210000e-04 
-4.300000e-04 
6.200000e-05 
5.580000e-04 
1.045000e-03 
1.498000e-03 
1.888000e-03 
2.150000e-03 
2.204000e-03 
2.021000e-03 
1.624000e-03 
1.053000e-03 
3.470000e-04 
-4.530000e-04 
-1.309000e-03 
-2.191000e-03 
-3.074000e-03 
-3.920000e-03 
-4.680000e-03 
-5.306000e-03 
-5.755000e-03 
-5.977000e-03 
-5.915000e-03 
-5.516000e-03 
-4.750000e-03 
-3.639000e-03 
-2.259000e-03 
-7.190000e-04 
8.820000e-04 
2.507000e-03 
4.162000e-03 
5.860000e-03 
7.606000e-03 
9.381000e-03 
1.111700e-02 
1.272500e-02 
1.414500e-02 
1.535300e-02 
1.635300e-02 
1.715000e-02 
1.774700e-02 
1.815900e-02 
1.842600e-02 
1.860600e-02 
1.871800e-02 
1.876800e-02 
1.879100e-02 
1.884100e-02 
1.896800e-02 
1.918100e-02 
1.945600e-02 
1.974900e-02 
2.001600e-02 
2.021900e-02 
2.033600e-02 
2.035800e-02 
2.029400e-02 
2.016200e-02 
1.998400e-02 
1.978400e-02 
1.958300e-02 
1.939000e-02 
1.916800e-02 
1.883700e-02 
1.833300e-02 
1.763200e-02 
1.674200e-02 
1.569800e-02 
1.455800e-02 
1.340100e-02 
1.229100e-02 
1.123400e-02 
1.021200e-02 
9.233000e-03 
8.372000e-03 
7.714000e-03 
7.270000e-03 
6.986000e-03 
6.796000e-03 
6.696000e-03 
6.699000e-03 
6.777000e-03 
6.896000e-03 
7.040000e-03 
7.145000e-03 
7.148000e-03 
7.050000e-03 
6.890000e-03 
6.718000e-03 
6.593000e-03 
6.569000e-03 
6.662000e-03 
6.853000e-03 
7.111000e-03 
7.423000e-03 
7.793000e-03 
8.231000e-03 
8.725000e-03 
9.234000e-03 
9.712000e-03 
1.013200e-02 
1.050300e-02 
1.085900e-02 
1.124400e-02 
1.169300e-02 
1.223300e-02 
1.286700e-02 
1.354400e-02 
1.417600e-02 
1.470500e-02 
1.511700e-02 
1.540800e-02 
1.558400e-02 
1.566400e-02 
1.569200e-02 
1.571000e-02 
1.571000e-02 
1.564900e-02 
1.547400e-02 
1.514200e-02 
1.464200e-02 
1.401000e-02 
1.330900e-02 
1.261600e-02 
1.199200e-02 
1.147000e-02 
1.103900e-02 
1.067100e-02 
1.034500e-02 
1.005200e-02 
9.791000e-03 
9.560000e-03 
9.381000e-03 
9.289000e-03 
9.303000e-03 
9.409000e-03 
9.575000e-03 
9.762000e-03 
9.934000e-03 
1.006300e-02 
1.013300e-02 
1.013800e-02 
1.008600e-02 
9.993000e-03 
9.899000e-03 
9.855000e-03 
9.893000e-03 
1.002200e-02 
1.025300e-02 
1.057500e-02 
1.095600e-02 
1.137300e-02 
1.180700e-02 
1.223200e-02 
1.263300e-02 
1.302100e-02 
1.342500e-02 
1.387100e-02 
1.438600e-02 
1.500000e-02 
1.574400e-02 
1.659900e-02 
1.748800e-02 
1.832000e-02 
1.901300e-02 
1.951200e-02 
1.979600e-02 
1.988700e-02 
1.985300e-02 
1.978700e-02 
1.977900e-02 
1.987200e-02 
2.006200e-02 
2.031000e-02 
2.056600e-02 
2.078900e-02 
2.098600e-02 
2.120100e-02 
2.142400e-02 
2.161100e-02 
2.172300e-02 
2.174200e-02 
2.167600e-02 
2.156600e-02 
2.146300e-02 
2.138800e-02 
2.129900e-02 
2.111200e-02 
2.077800e-02 
2.030400e-02 
1.973100e-02 
1.911600e-02 
1.850800e-02 
1.792400e-02 
1.734800e-02 
1.674900e-02 
1.609400e-02 
1.536300e-02 
1.457100e-02 
1.375100e-02 
1.292100e-02 
1.208600e-02 
1.123400e-02 
1.033200e-02 
9.350000e-03 
8.306000e-03 
7.244000e-03 
6.195000e-03 
5.177000e-03 
4.207000e-03 
3.315000e-03 
2.536000e-03 
1.898000e-03 
1.393000e-03 
9.790000e-04 
6.200000e-04 
2.880000e-04 
-4.800000e-05 
-4.030000e-04 
-7.480000e-04 
-1.034000e-03 
-1.233000e-03 
-1.338000e-03 
-1.367000e-03 
-1.365000e-03 
-1.381000e-03 
-1.419000e-03 
-1.474000e-03 
-1.564000e-03 
-1.706000e-03 
-1.895000e-03 
-2.112000e-03 
-2.323000e-03 
-2.479000e-03 
-2.564000e-03 
-2.628000e-03 
-2.699000e-03 
-2.735000e-03 
-2.714000e-03 
-2.662000e-03 
-2.583000e-03 
-2.467000e-03 
-2.312000e-03 
-2.114000e-03 
-1.858000e-03 
-1.546000e-03 
-1.202000e-03 
-8.610000e-04 
-5.470000e-04 
-2.600000e-04 
2.900000e-05 
3.610000e-04 
7.720000e-04 
1.280000e-03 
1.872000e-03 
2.505000e-03 
3.144000e-03 
3.741000e-03 
4.228000e-03 
4.565000e-03 
4.770000e-03 
4.877000e-03 
4.926000e-03 
4.965000e-03 
5.019000e-03 
5.041000e-03 
4.971000e-03 
4.784000e-03 
4.493000e-03 
4.138000e-03 
3.790000e-03 
3.534000e-03 
3.442000e-03 
3.544000e-03 
3.815000e-03 
4.173000e-03 
4.508000e-03 
4.732000e-03 
4.795000e-03 
4.665000e-03 
4.325000e-03 
3.783000e-03 
3.063000e-03 
2.205000e-03 
1.255000e-03 
2.660000e-04 
-7.000000e-04 
-1.598000e-03 
-2.440000e-03 
-3.264000e-03 
-4.100000e-03 
-4.944000e-03 
-5.764000e-03 
-6.537000e-03 
-7.220000e-03 
-7.722000e-03 
-8.020000e-03 
-8.250000e-03 
-8.549000e-03 
-8.945000e-03 
-9.429000e-03 
-9.989000e-03 
-1.058700e-02 
-1.116700e-02 
-1.167700e-02 
-1.209700e-02 
-1.244200e-02 
-1.273100e-02 
-1.297300e-02 
-1.316700e-02 
-1.331300e-02 
-1.341500e-02 
-1.348900e-02 
-1.356500e-02 
-1.364800e-02 
-1.370800e-02 
-1.372200e-02 
-1.368200e-02 
-1.359200e-02 
-1.346600e-02 
-1.331900e-02 
-1.317000e-02 
-1.303100e-02 
-1.291000e-02 
-1.279700e-02 
-1.266200e-02 
-1.249400e-02 
-1.232800e-02 
-1.219800e-02 
-1.211200e-02 
-1.204000e-02 
-1.194400e-02 
-1.180000e-02 
-1.157400e-02 
-1.120200e-02 
-1.066200e-02 
-9.978000e-03 
-9.171000e-03 
-8.305000e-03 
-7.538000e-03 
-7.004000e-03 
-6.734000e-03 
-6.714000e-03 
-6.913000e-03 
-7.244000e-03 
-7.591000e-03 
-7.865000e-03 
-8.019000e-03 
-8.040000e-03 
-7.946000e-03 
-7.773000e-03 
-7.563000e-03 
-7.355000e-03 
-7.188000e-03 
-7.143000e-03 
-7.336000e-03 
-7.789000e-03 
-8.419000e-03 
-9.143000e-03 
-9.923000e-03 
-1.077100e-02 
-1.168900e-02 
-1.263800e-02 
-1.356800e-02 
-1.441800e-02 
-1.512100e-02 
-1.564300e-02 
-1.601400e-02 
-1.628800e-02 
-1.650800e-02 
-1.671500e-02 
-1.694000e-02 
-1.717300e-02 
-1.745100e-02 
-1.791100e-02 
-1.865600e-02 
-1.967200e-02 
-2.091600e-02 
-2.232100e-02 
-2.375600e-02 
-2.507100e-02 
-2.616800e-02 
-2.702100e-02 
-2.965100e-02 
-3.016300e-02 
-3.057000e-02 
-3.090700e-02 
-3.117000e-02 
-3.132100e-02 
-3.134600e-02 
-3.127400e-02 
-3.111500e-02 
-3.082700e-02 
-3.030700e-02 
-2.942600e-02 
-2.806600e-02 
-2.615600e-02 
-2.369800e-02 
-2.079900e-02 
-1.767500e-02 
-1.462400e-02 
-1.190000e-02 
-9.611000e-03 
-7.766000e-03 
-6.329000e-03 
-5.249000e-03 
-4.460000e-03 
-3.874000e-03 
-3.407000e-03 
-2.998000e-03 
-2.580000e-03 
-2.072000e-03 
-1.428000e-03 
-6.410000e-04 
2.820000e-04 
1.351000e-03 
2.567000e-03 
3.826000e-03 
4.967000e-03 
5.867000e-03 
6.485000e-03 
6.854000e-03 
7.043000e-03 
7.129000e-03 
7.180000e-03 
7.221000e-03 
7.230000e-03 
7.162000e-03 
6.961000e-03 
6.564000e-03 
5.899000e-03 
4.896000e-03 
3.527000e-03 
1.866000e-03 
9.500000e-05 
-1.638000e-03 
-3.269000e-03 
-4.737000e-03 
-5.976000e-03 
-6.942000e-03 
-7.622000e-03 
-8.033000e-03 
-8.222000e-03 
-8.244000e-03 
-8.164000e-03 
-8.060000e-03 
-8.011000e-03 
-8.056000e-03 
-8.176000e-03 
-8.303000e-03 
-8.337000e-03 
-8.200000e-03 
-7.915000e-03 
-7.543000e-03 
-7.107000e-03 
-6.604000e-03 
-6.007000e-03 
-5.218000e-03 
-4.155000e-03 
-2.849000e-03 
-1.398000e-03 
8.200000e-05 
1.465000e-03 
2.636000e-03 
3.510000e-03 
4.082000e-03 
4.419000e-03 
4.619000e-03 
4.745000e-03 
4.773000e-03 
4.598000e-03 
4.143000e-03 
3.558000e-03 
3.122000e-03 
3.055000e-03 
3.431000e-03 
4.193000e-03 
5.226000e-03 
6.384000e-03 
7.510000e-03 
8.467000e-03 
9.163000e-03 
9.559000e-03 
9.667000e-03 
9.538000e-03 
9.244000e-03 
8.872000e-03 
8.519000e-03 
8.261000e-03 
8.131000e-03 
8.140000e-03 
8.273000e-03 
8.469000e-03 
8.641000e-03 
8.728000e-03 
8.698000e-03 
8.548000e-03 
8.298000e-03 
7.979000e-03 
7.629000e-03 
7.280000e-03 
6.959000e-03 
6.679000e-03 
6.443000e-03 
6.247000e-03 
6.079000e-03 
5.938000e-03 
5.837000e-03 
5.807000e-03 
5.875000e-03 
6.037000e-03 
6.258000e-03 
6.489000e-03 
6.683000e-03 
6.802000e-03 
6.828000e-03 
6.765000e-03 
6.652000e-03 
6.531000e-03 
6.426000e-03 
6.343000e-03 
6.263000e-03 
6.146000e-03 
5.938000e-03 
5.595000e-03 
5.089000e-03 
4.419000e-03 
3.601000e-03 
2.669000e-03 
1.664000e-03 
6.240000e-04 
-4.340000e-04 
-1.537000e-03 
-2.694000e-03 
-3.872000e-03 
-5.041000e-03 
-6.182000e-03 
-7.260000e-03 
-8.235000e-03 
-9.089000e-03 
-9.809000e-03 
-1.038000e-02 
-1.079900e-02 
-1.107300e-02 
-1.122100e-02 
-1.126900e-02 
-1.124600e-02 
-1.118200e-02 
-1.110100e-02 
-1.102000e-02 
-1.095000e-02 
-1.089600e-02 
-1.085500e-02 
-1.080600e-02 
-1.071700e-02 
-1.057100e-02 
-1.038600e-02 
-1.021000e-02 
-1.009700e-02 
-1.008500e-02 
-1.018400e-02 
-1.039300e-02 
-1.072100e-02 
-1.116000e-02 
-1.165300e-02 
-1.211300e-02 
-1.246500e-02 
-1.269500e-02 
-1.283600e-02 
-1.293900e-02 
-1.304100e-02 
-1.315900e-02 
-1.329000e-02 
-1.340200e-02 
-1.345800e-02 
-1.345000e-02 
-1.339800e-02 
-1.331600e-02 
-1.318500e-02 
-1.296700e-02 
-1.266700e-02 
-1.231600e-02 
-1.193300e-02 
-1.153300e-02 
-1.113300e-02 
-1.072900e-02 
-1.031500e-02 
-9.891000e-03 
-9.429000e-03 
-8.876000e-03 
-8.223000e-03 
-7.491000e-03 
-6.700000e-03 
-5.890000e-03 
-5.122000e-03 
-4.453000e-03 
-3.927000e-03 
-3.567000e-03 
-3.398000e-03 
-3.447000e-03 
-3.712000e-03 
-4.176000e-03 
-4.820000e-03 
-5.607000e-03 
-6.476000e-03 
-7.364000e-03 
-8.214000e-03 
-8.987000e-03 
-9.663000e-03 
-1.024600e-02 
-1.076500e-02 
-1.125500e-02 
-1.173700e-02 
-1.220500e-02 
-1.263800e-02 
-1.303500e-02 
-1.340400e-02 
-1.373700e-02 
-1.402200e-02 
-1.425800e-02 
-1.445400e-02 
-1.461200e-02 
-1.471000e-02 
-1.473000e-02 
-1.467300e-02 
-1.453200e-02 
-1.427600e-02 
-1.389600e-02 
-1.339400e-02 
-1.275700e-02 
-1.200000e-02 
-1.119100e-02 
-1.040800e-02 
-9.700000e-03 
-9.072000e-03 
-8.507000e-03 
-7.990000e-03 
-7.496000e-03 
-6.989000e-03 
-6.453000e-03 
-5.897000e-03 
-5.330000e-03 
-4.759000e-03 
-4.193000e-03 
-3.648000e-03 
-3.162000e-03 
-2.787000e-03 
-2.565000e-03 
-2.498000e-03 
-2.533000e-03 
-2.595000e-03 
-2.642000e-03 
-2.676000e-03 
-2.700000e-03 
-2.713000e-03 
-2.711000e-03 
-2.691000e-03 
-2.662000e-03 
-2.652000e-03 
-2.692000e-03 
-2.783000e-03 
-2.909000e-03 
-3.042000e-03 
-3.153000e-03 
-3.222000e-03 
-3.235000e-03 
-3.198000e-03 
-3.134000e-03 
-3.062000e-03 
-2.996000e-03 
-2.950000e-03 
-2.926000e-03 
-2.905000e-03 
-2.872000e-03 
-2.826000e-03 
-2.758000e-03 
-2.658000e-03 
-2.532000e-03 
-2.396000e-03 
-2.259000e-03 
-2.118000e-03 
-1.961000e-03 
-1.794000e-03 
-1.631000e-03 
-1.482000e-03 
-1.349000e-03 
-1.230000e-03 
-1.119000e-03 
-1.015000e-03 
-9.240000e-04 
-8.450000e-04 
-7.600000e-04 
-6.460000e-04 
-4.860000e-04 
-2.880000e-04 
-8.000000e-05 
1.050000e-04 
2.460000e-04 
3.390000e-04 
3.940000e-04 
4.270000e-04 
4.540000e-04 
4.870000e-04 
5.220000e-04 
5.530000e-04 
5.710000e-04 
5.770000e-04 
5.810000e-04 
5.940000e-04 
6.200000e-04 
6.560000e-04 
6.910000e-04 
7.180000e-04 
7.390000e-04 
7.640000e-04 
8.010000e-04 
8.540000e-04 
9.170000e-04 
9.790000e-04 
1.031000e-03 
1.065000e-03 
1.078000e-03 
1.071000e-03 
1.055000e-03 
1.045000e-03 
1.051000e-03 
1.078000e-03 
1.132000e-03 
1.218000e-03 
1.336000e-03 
1.479000e-03 
1.633000e-03 
1.791000e-03 
1.949000e-03 
2.107000e-03 
2.262000e-03 
2.406000e-03 
2.535000e-03 
2.644000e-03 
2.740000e-03 
2.829000e-03 
2.914000e-03 
2.995000e-03 
3.073000e-03 
3.154000e-03 
3.245000e-03 
3.353000e-03 
3.481000e-03 
3.632000e-03 
3.803000e-03 
3.989000e-03 
4.185000e-03 
4.384000e-03 
4.582000e-03 
4.774000e-03 
4.957000e-03 
5.126000e-03 
5.276000e-03 
5.408000e-03 
5.530000e-03 
5.653000e-03 
5.780000e-03 
5.912000e-03 
6.049000e-03 
6.191000e-03 
6.332000e-03 
6.466000e-03 
6.590000e-03 
6.703000e-03 
6.807000e-03 
6.903000e-03 
6.998000e-03 
7.095000e-03 
7.197000e-03 
7.299000e-03 
7.400000e-03 
7.500000e-03 
7.598000e-03 
7.692000e-03 
7.781000e-03 
7.861000e-03 
7.933000e-03 
7.995000e-03 
8.049000e-03 
8.095000e-03 
8.135000e-03 
8.170000e-03 
8.203000e-03 
8.237000e-03 
8.274000e-03 
8.314000e-03 
8.355000e-03 
8.396000e-03 
8.435000e-03 
8.470000e-03 
8.501000e-03 
8.527000e-03 
8.549000e-03 
8.565000e-03 
8.572000e-03 
8.568000e-03 
8.554000e-03 
8.529000e-03 
8.498000e-03 
8.462000e-03 
8.423000e-03 
8.383000e-03 
8.343000e-03 
8.302000e-03 
8.259000e-03 
8.212000e-03 
8.160000e-03 
8.102000e-03 
8.041000e-03 
7.979000e-03 
7.917000e-03 
7.853000e-03 
7.787000e-03 
7.718000e-03 
7.643000e-03 
7.565000e-03 
7.484000e-03 
7.401000e-03 
7.317000e-03 
7.232000e-03 
7.145000e-03 
7.055000e-03 
6.961000e-03 
6.864000e-03 
6.763000e-03 
6.659000e-03 
6.553000e-03 
6.447000e-03 
6.340000e-03 
6.233000e-03 
6.126000e-03 
6.019000e-03 
5.912000e-03 
5.804000e-03 
5.695000e-03 
5.584000e-03 
5.473000e-03 
5.361000e-03 
5.249000e-03 
5.136000e-03 
5.024000e-03 
4.910000e-03 
4.796000e-03 
4.682000e-03 
4.567000e-03 
4.453000e-03 
4.339000e-03 
4.227000e-03 
4.115000e-03 
4.005000e-03 
3.895000e-03 
3.787000e-03 
3.680000e-03 
3.574000e-03 
3.469000e-03 
3.364000e-03 
3.259000e-03 
3.155000e-03 
3.051000e-03 
2.948000e-03 
2.845000e-03 
2.743000e-03 
2.640000e-03 
2.538000e-03 
2.435000e-03 
2.333000e-03 
2.231000e-03 
2.128000e-03 
2.026000e-03 
1.925000e-03 
1.823000e-03 
1.722000e-03 
1.621000e-03 
1.521000e-03 
1.421000e-03 
1.322000e-03 
1.223000e-03 
1.125000e-03 
1.027000e-03 
9.290000e-04 
8.320000e-04 
7.350000e-04 
6.390000e-04 
5.430000e-04 
4.480000e-04 
3.530000e-04 
2.590000e-04 
1.650000e-04 
7.200000e-05 
-1.900000e-05 
-1.110000e-04 
-2.010000e-04 
-2.900000e-04 
-3.790000e-04 
-4.660000e-04 
-5.530000e-04 
-6.390000e-04 
-7.240000e-04 
-8.090000e-04 
-8.920000e-04 
-9.740000e-04 
-1.056000e-03 
-1.137000e-03 
-1.216000e-03 
-1.295000e-03 
-1.373000e-03 
-1.449000e-03 
-1.525000e-03 
-1.600000e-03 
-1.674000e-03 
-1.746000e-03 
-1.818000e-03 
-1.889000e-03 
-1.959000e-03 
-2.028000e-03 
-2.095000e-03 
-2.162000e-03 
-2.228000e-03 
-2.293000e-03 
-2.357000e-03 
-2.420000e-03 
