1 
1.000000e-02 
-2.668113e-04 
-2.412965e-04 
-2.866335e-05 
2.462155e-04 
3.627630e-04 
1.831612e-04 
-2.294104e-04 
-5.324598e-04 
-4.454363e-04 
-1.713020e-04 
-1.053400e-04 
-1.384562e-04 
2.094484e-04 
9.016765e-04 
1.026665e-03 
1.634237e-04 
-9.008666e-04 
-1.126143e-03 
-7.373788e-04 
-5.985704e-04 
-7.404023e-04 
-2.425329e-04 
1.109469e-03 
2.117033e-03 
1.660518e-03 
1.268837e-04 
-1.234518e-03 
-1.652201e-03 
-1.133905e-03 
-4.169699e-05 
1.047082e-03 
1.664571e-03 
1.877439e-03 
2.281936e-03 
2.854132e-03 
2.542239e-03 
1.034591e-03 
-3.796591e-04 
-2.492796e-04 
9.926216e-04 
2.015888e-03 
2.560393e-03 
3.347117e-03 
4.043600e-03 
3.454554e-03 
1.833618e-03 
9.515257e-04 
1.450848e-03 
1.761944e-03 
1.045466e-03 
7.723288e-04 
2.199816e-03 
3.600784e-03 
2.777589e-03 
7.917663e-04 
7.572959e-04 
2.911149e-03 
4.208890e-03 
3.053074e-03 
1.733619e-03 
2.490101e-03 
3.925975e-03 
3.519564e-03 
1.793681e-03 
1.525239e-03 
3.121640e-03 
4.090912e-03 
3.207538e-03 
2.346099e-03 
3.315588e-03 
4.660148e-03 
3.875021e-03 
1.425501e-03 
2.447882e-04 
1.640727e-03 
3.689077e-03 
4.221544e-03 
3.596406e-03 
3.658204e-03 
4.709955e-03 
5.130695e-03 
4.085917e-03 
3.010476e-03 
3.686833e-03 
5.549531e-03 
6.219876e-03 
4.668678e-03 
2.752753e-03 
2.586317e-03 
3.634477e-03 
3.628163e-03 
2.213685e-03 
1.862023e-03 
4.066189e-03 
6.612626e-03 
5.977592e-03 
2.251709e-03 
-5.789166e-04 
3.362062e-04 
3.410210e-03 
5.051086e-03 
4.243837e-03 
2.888996e-03 
2.628932e-03 
2.899601e-03 
2.660994e-03 
2.084822e-03 
1.837905e-03 
1.686992e-03 
8.536543e-04 
-5.190262e-04 
-1.423276e-03 
-1.091812e-03 
2.803474e-04 
2.009575e-03 
3.388355e-03 
3.828334e-03 
3.299853e-03 
2.689901e-03 
2.884557e-03 
3.707225e-03 
3.964299e-03 
3.128680e-03 
1.927824e-03 
1.329661e-03 
1.452994e-03 
1.889963e-03 
2.224817e-03 
2.142375e-03 
1.490651e-03 
9.133273e-04 
1.382647e-03 
2.713013e-03 
3.219977e-03 
2.142749e-03 
9.440235e-04 
1.549978e-03 
3.547654e-03 
4.717605e-03 
3.949823e-03 
2.611274e-03 
2.434233e-03 
3.604009e-03 
5.068827e-03 
5.580850e-03 
4.513081e-03 
2.346797e-03 
6.566775e-04 
7.533628e-04 
2.103955e-03 
2.961822e-03 
2.903760e-03 
3.014617e-03 
3.898660e-03 
4.435495e-03 
3.720792e-03 
2.413781e-03 
1.304210e-03 
2.408852e-04 
-8.086535e-04 
-4.959424e-04 
1.845888e-03 
4.264287e-03 
4.401166e-03 
2.929726e-03 
2.776323e-03 
4.849221e-03 
6.765785e-03 
6.181005e-03 
3.788745e-03 
1.852639e-03 
1.638708e-03 
2.781170e-03 
4.286854e-03 
4.957409e-03 
4.019932e-03 
2.450118e-03 
2.741273e-03 
5.931576e-03 
9.542287e-03 
1.000384e-02 
6.640076e-03 
2.384203e-03 
3.099997e-04 
7.910766e-04 
2.185662e-03 
3.446137e-03 
4.817441e-03 
6.310479e-03 
6.913142e-03 
5.751709e-03 
3.571900e-03 
2.168897e-03 
2.103878e-03 
2.158389e-03 
1.213339e-03 
7.551711e-05 
5.886731e-04 
3.409391e-03 
7.636874e-03 
1.155553e-02 
1.346605e-02 
1.221398e-02 
8.842800e-03 
6.609968e-03 
7.523059e-03 
8.940555e-03 
6.686873e-03 
1.728006e-03 
7.190394e-04 
7.289621e-03 
1.557045e-02 
1.597506e-02 
6.839831e-03 
-3.536914e-03 
-6.789285e-03 
-3.739702e-03 
-1.352954e-03 
-3.194273e-03 
-5.934479e-03 
-5.148732e-03 
-1.553907e-03 
6.803106e-04 
2.263998e-04 
1.419484e-04 
2.855463e-03 
5.966275e-03 
5.364455e-03 
1.420202e-03 
-1.034198e-03 
9.500931e-04 
4.922657e-03 
6.861111e-03 
6.331405e-03 
5.684425e-03 
6.094964e-03 
6.956910e-03 
8.199150e-03 
1.006469e-02 
1.075399e-02 
7.571567e-03 
1.126697e-03 
-3.988194e-03 
-4.011530e-03 
1.178371e-04 
4.974967e-03 
8.841522e-03 
1.200281e-02 
1.402670e-02 
1.328736e-02 
9.183477e-03 
3.106481e-03 
-2.777575e-03 
-7.113818e-03 
-9.363133e-03 
-9.722699e-03 
-9.139882e-03 
-8.663456e-03 
-8.026842e-03 
-6.268253e-03 
-3.672078e-03 
-2.270079e-03 
-3.281193e-03 
-5.120857e-03 
-5.338462e-03 
-4.406604e-03 
-5.272694e-03 
-8.586529e-03 
-1.002095e-02 
-5.466185e-03 
2.818978e-03 
7.681666e-03 
5.500766e-03 
-5.210759e-05 
-3.717145e-03 
-5.166054e-03 
-7.130792e-03 
-9.083864e-03 
-7.434912e-03 
-1.687920e-03 
3.403705e-03 
3.802172e-03 
1.269025e-03 
3.641899e-04 
2.378228e-03 
4.517227e-03 
4.725041e-03 
4.408908e-03 
6.066235e-03 
9.346208e-03 
1.088178e-02 
7.601995e-03 
3.284512e-04 
-6.648953e-03 
-9.357281e-03 
-7.744927e-03 
-4.552793e-03 
-2.162558e-03 
-1.153754e-03 
-1.642367e-03 
-3.351661e-03 
-4.375062e-03 
-2.260458e-03 
2.472810e-03 
5.905797e-03 
5.225932e-03 
2.516910e-03 
1.978598e-03 
4.588348e-03 
7.232608e-03 
6.419753e-03 
1.232261e-03 
-6.017108e-03 
-1.082971e-02 
-8.984079e-03 
-9.144395e-04 
7.384369e-03 
1.043199e-02 
9.489797e-03 
9.937686e-03 
1.328247e-02 
1.491761e-02 
1.033497e-02 
2.725512e-04 
-1.035706e-02 
-1.648106e-02 
-1.530204e-02 
-8.366966e-03 
-2.053728e-03 
-2.487912e-03 
-8.415453e-03 
-1.191698e-02 
-8.181934e-03 
-1.083913e-03 
2.882411e-03 
2.703844e-03 
1.836878e-03 
1.541318e-03 
-2.584831e-04 
-4.592292e-03 
-9.527904e-03 
-1.214458e-02 
-1.079346e-02 
-5.617915e-03 
8.355305e-04 
5.012126e-03 
5.723243e-03 
5.367105e-03 
6.042805e-03 
6.181818e-03 
3.274828e-03 
-1.618198e-03 
-5.077792e-03 
-6.144298e-03 
-6.776974e-03 
-8.411868e-03 
-1.098441e-02 
-1.497007e-02 
-2.081361e-02 
-2.599537e-02 
-2.611923e-02 
-1.965056e-02 
-1.019957e-02 
-3.457226e-03 
-3.239633e-03 
-9.441872e-03 
-1.760481e-02 
-2.101672e-02 
-1.712763e-02 
-1.085887e-02 
-9.342459e-03 
-1.352509e-02 
-1.800922e-02 
-1.789140e-02 
-1.238739e-02 
-2.978099e-03 
7.210576e-03 
1.321823e-02 
1.281897e-02 
1.112305e-02 
1.412587e-02 
1.777375e-02 
1.146465e-02 
-5.878630e-03 
-2.169712e-02 
-2.644988e-02 
-2.594743e-02 
-2.994263e-02 
-3.594269e-02 
-3.436986e-02 
-2.567089e-02 
-2.028927e-02 
-2.193719e-02 
-2.217005e-02 
-1.519457e-02 
-8.511631e-03 
-1.187946e-02 
-2.187725e-02 
-2.515128e-02 
-1.542169e-02 
-7.739917e-04 
6.549844e-03 
3.200227e-03 
-4.349510e-03 
-8.458262e-03 
-7.799794e-03 
-6.474784e-03 
-7.596252e-03 
-9.882316e-03 
-1.042617e-02 
-9.368033e-03 
-9.225901e-03 
-1.070796e-02 
-1.157160e-02 
-9.923984e-03 
-5.704599e-03 
6.309277e-04 
8.320804e-03 
1.405198e-02 
1.321532e-02 
5.435230e-03 
-3.853373e-03 
-9.334156e-03 
-1.160867e-02 
-1.453645e-02 
-1.859038e-02 
-1.995782e-02 
-1.597344e-02 
-9.398473e-03 
-6.706587e-03 
-1.166114e-02 
-2.017341e-02 
-2.318207e-02 
-1.672591e-02 
-6.278317e-03 
1.821686e-03 
9.447135e-03 
2.056178e-02 
2.934774e-02 
2.491937e-02 
8.738712e-03 
-3.962987e-03 
-5.018025e-03 
-4.664942e-03 
-1.428581e-02 
-2.635957e-02 
-2.407048e-02 
-6.531115e-03 
8.397597e-03 
7.839487e-03 
9.700554e-05 
2.106471e-03 
1.718438e-02 
3.186309e-02 
3.275930e-02 
2.184047e-02 
1.219926e-02 
1.053540e-02 
9.495607e-03 
8.113173e-04 
-8.919779e-03 
-5.898550e-03 
7.524763e-03 
1.114766e-02 
-5.011025e-03 
-2.393526e-02 
-2.542032e-02 
-1.538972e-02 
-1.442988e-02 
-2.389498e-02 
-2.521741e-02 
-1.239706e-02 
-2.820493e-03 
-9.042596e-03 
-1.984392e-02 
-2.050812e-02 
-1.505009e-02 
-1.408743e-02 
-1.413747e-02 
-7.438085e-03 
-2.187176e-03 
-1.284404e-02 
-3.385772e-02 
-4.348154e-02 
-3.501126e-02 
-2.566331e-02 
-2.959923e-02 
-3.900579e-02 
-4.036093e-02 
-3.560271e-02 
-3.534936e-02 
-4.049388e-02 
-4.327493e-02 
-4.109130e-02 
-3.819238e-02 
-3.585548e-02 
-3.045004e-02 
-2.134729e-02 
-1.375210e-02 
-1.314867e-02 
-2.132844e-02 
-3.605532e-02 
-5.057482e-02 
-5.611456e-02 
-5.068173e-02 
-4.362483e-02 
-4.594486e-02 
-5.703948e-02 
-6.621520e-02 
-6.556056e-02 
-5.659275e-02 
-4.597901e-02 
-4.134189e-02 
-4.905799e-02 
-6.804186e-02 
-8.535389e-02 
-8.643108e-02 
-7.200600e-02 
-5.797537e-02 
-5.581032e-02 
-5.902358e-02 
-5.284864e-02 
-3.307463e-02 
-8.622345e-03 
8.258036e-03 
1.325354e-02 
1.276511e-02 
1.900071e-02 
4.087175e-02 
7.193601e-02 
9.382487e-02 
9.280792e-02 
7.444231e-02 
5.662690e-02 
4.929727e-02 
4.591401e-02 
3.520747e-02 
1.334218e-02 
-1.570119e-02 
-4.561926e-02 
-7.162933e-02 
-9.002333e-02 
-1.041837e-01 
-1.236589e-01 
-1.543144e-01 
-1.892296e-01 
-2.144681e-01 
-2.258479e-01 
-2.321088e-01 
-2.411855e-01 
-2.487790e-01 
-2.461483e-01 
-2.335515e-01 
-2.203514e-01 
-2.092051e-01 
-1.905779e-01 
-1.555127e-01 
-1.086777e-01 
-6.364813e-02 
-2.525427e-02 
1.289473e-02 
5.569088e-02 
9.752889e-02 
1.295770e-01 
1.491575e-01 
1.573635e-01 
1.543871e-01 
1.438509e-01 
1.352283e-01 
1.318186e-01 
1.204776e-01 
8.349233e-02 
2.123806e-02 
-4.707423e-02 
-1.058605e-01 
-1.542481e-01 
-1.931930e-01 
-2.178994e-01 
-2.291958e-01 
-2.420916e-01 
-2.647639e-01 
-2.807121e-01 
-2.656941e-01 
-2.202541e-01 
-1.701007e-01 
-1.315599e-01 
-9.487707e-02 
-4.378822e-02 
2.165226e-02 
9.112077e-02 
1.591626e-01 
2.223129e-01 
2.691391e-01 
2.890888e-01 
2.885332e-01 
2.845914e-01 
2.819755e-01 
2.679597e-01 
2.356474e-01 
1.999576e-01 
1.833079e-01 
1.916163e-01 
2.132491e-01 
2.353381e-01 
2.521526e-01 
2.598903e-01 
2.559963e-01 
2.449429e-01 
2.351925e-01 
2.263520e-01 
2.067463e-01 
1.707529e-01 
1.305323e-01 
1.041651e-01 
9.543627e-02 
9.355642e-02 
9.096160e-02 
9.145934e-02 
1.007735e-01 
1.197758e-01 
1.472140e-01 
1.833033e-01 
2.242843e-01 
2.589028e-01 
2.752407e-01 
2.775750e-01 
2.577674e-01 
2.652298e-01 
2.724885e-01 
2.857715e-01 
2.621750e-01 
1.957769e-01 
1.431714e-01 
1.056102e-01 
8.583217e-02 
6.911931e-02 
2.638711e-02 
-1.230641e-02 
-8.471615e-02 
-1.199490e-01 
-1.849620e-01 
-2.122298e-01 
-2.559960e-01 
-2.449140e-01 
-2.683764e-01 
-2.547302e-01 
-2.649627e-01 
-2.456775e-01 
-2.015893e-01 
-1.553876e-01 
-1.098414e-01 
-5.170881e-02 
-1.332691e-02 
2.889853e-02 
1.531917e-02 
2.681550e-02 
-1.710694e-02 
-4.797984e-02 
-9.058106e-02 
-1.073478e-01 
-1.311290e-01 
-1.573284e-01 
-1.951033e-01 
-1.976912e-01 
-1.918832e-01 
-1.861899e-01 
-2.011740e-01 
-1.876683e-01 
-1.690121e-01 
-1.416165e-01 
-1.517819e-01 
-1.885560e-01 
-2.168912e-01 
-2.795239e-01 
-3.088625e-01 
-3.353073e-01 
-3.581127e-01 
-3.772993e-01 
-3.796999e-01 
-3.700569e-01 
-3.921399e-01 
-3.583369e-01 
-2.679628e-01 
-1.500115e-01 
-1.844796e-02 
-6.688519e-03 
5.001832e-02 
8.235460e-02 
1.393891e-01 
2.228605e-01 
2.919290e-01 
3.827287e-01 
4.181611e-01 
4.267350e-01 
4.114822e-01 
4.247743e-01 
3.257014e-01 
4.441982e-01 
4.789713e-01 
5.068127e-01 
4.615619e-01 
4.448909e-01 
4.260510e-01 
3.628273e-01 
3.504001e-01 
3.882892e-01 
3.565059e-01 
3.677941e-01 
3.024653e-01 
2.928193e-01 
2.679612e-01 
2.698650e-01 
2.260514e-01 
2.111044e-01 
1.077711e-01 
1.966552e-01 
2.519873e-01 
3.039352e-01 
2.837747e-01 
2.801009e-01 
2.453265e-01 
3.131866e-01 
3.160641e-01 
3.600173e-01 
3.882398e-01 
3.420600e-01 
2.446447e-01 
2.258243e-01 
2.336003e-01 
1.240167e-01 
8.841483e-02 
4.073505e-02 
5.100218e-02 
4.129644e-02 
3.850207e-02 
9.900668e-02 
1.799379e-01 
2.278986e-01 
1.054285e-01 
-1.876194e-01 
-3.003053e-01 
-2.723398e-01 
-3.955576e-01 
-3.594561e-01 
-2.535193e-01 
-5.926687e-02 
1.342497e-01 
2.976521e-01 
3.253005e-01 
2.311551e-01 
7.025132e-03 
-8.230120e-02 
-1.443341e-01 
-1.553897e-01 
-2.165594e-02 
1.094286e-01 
1.483690e-01 
1.284103e-01 
4.450600e-02 
-4.041305e-02 
-8.385814e-02 
-8.142937e-02 
-3.237552e-02 
1.029948e-01 
2.572958e-01 
4.032004e-01 
4.324270e-01 
2.596546e-01 
2.231869e-01 
-3.106467e-03 
-1.122816e-01 
-1.308632e-02 
9.825821e-02 
1.365533e-01 
7.701048e-02 
-5.909249e-02 
-2.174646e-01 
-3.473685e-01 
-3.652849e-01 
-3.216340e-01 
-1.849953e-01 
-6.430318e-02 
2.718557e-02 
-2.691042e-01 
-2.720309e-01 
-2.622155e-01 
-3.864568e-01 
-3.830242e-01 
-2.282286e-01 
-3.010365e-01 
-1.553647e-01 
-2.142783e-01 
-3.412213e-01 
-4.232451e-01 
-4.698339e-01 
-4.354655e-01 
-3.960409e-01 
-3.223744e-01 
-2.391657e-01 
-1.847402e-01 
-2.121717e-01 
-2.705385e-01 
-3.474813e-01 
-3.667016e-01 
-3.246847e-01 
-2.503997e-01 
-1.786736e-01 
-9.999439e-02 
-6.073922e-02 
-6.464798e-02 
-1.182099e-01 
-2.084888e-01 
-3.121968e-01 
-3.984316e-01 
-4.757235e-01 
-5.148223e-01 
-6.023778e-01 
-6.497284e-01 
-4.619009e-01 
-5.977336e-01 
-3.305846e-01 
-4.615780e-01 
-2.093239e-01 
-1.507244e-01 
-3.424559e-01 
-4.657031e-02 
-2.749185e-01 
-2.144898e-01 
-8.825865e-03 
-1.948142e-01 
6.217224e-02 
-1.725966e-01 
9.852277e-02 
-8.636067e-02 
1.470787e-01 
8.513674e-03 
2.079427e-01 
5.978976e-02 
2.786081e-01 
7.195880e-02 
2.390419e-01 
-1.324962e-02 
1.946640e-01 
-6.223478e-02 
1.750694e-01 
-2.438459e-02 
3.589026e-02 
8.820644e-02 
2.472993e-01 
1.160987e-01 
2.244770e-01 
2.002829e-02 
1.795891e-01 
-6.462025e-02 
1.401379e-01 
-7.802948e-02 
-2.505427e-02 
9.258846e-02 
1.452329e-01 
1.452707e-01 
1.557716e-01 
1.468668e-01 
1.404610e-01 
-3.624040e-02 
1.926525e-02 
1.019003e-01 
1.449353e-02 
-1.882774e-02 
-4.779648e-02 
-2.969441e-02 
-2.287712e-02 
-8.948100e-03 
-1.058371e-02 
3.498340e-02 
5.212333e-02 
1.195165e-01 
2.102083e-01 
2.976172e-01 
3.727683e-01 
4.343060e-01 
4.722367e-01 
5.161376e-01 
5.497378e-01 
4.321042e-01 
4.003629e-01 
2.701810e-01 
1.606899e-01 
4.574533e-02 
-2.513505e-02 
-4.959754e-02 
-4.630801e-02 
-4.432998e-02 
-3.450191e-02 
-2.075416e-02 
1.061374e-02 
4.866748e-02 
6.597160e-02 
5.419514e-02 
4.434570e-02 
6.368844e-02 
1.201413e-01 
1.863754e-01 
3.082324e-01 
3.507827e-01 
2.225420e-01 
1.618189e-01 
1.370525e-01 
1.109483e-01 
7.879384e-02 
4.187990e-02 
1.095221e-02 
4.451803e-03 
1.695486e-02 
1.999766e-02 
-6.956518e-03 
-5.805670e-02 
-1.028043e-01 
-1.090904e-01 
-7.805365e-02 
-3.847354e-02 
-1.308735e-02 
-1.006469e-02 
-2.373222e-02 
-4.146029e-02 
-5.848217e-02 
-8.304884e-02 
-1.267883e-01 
-1.977430e-01 
-2.891751e-01 
-3.830326e-01 
-4.698828e-01 
-5.520639e-01 
-6.341308e-01 
-6.504963e-01 
-6.608563e-01 
-5.785412e-01 
-4.791877e-01 
-3.609931e-01 
-2.771336e-01 
-2.670592e-01 
-1.865402e-01 
-1.572868e-01 
-2.829798e-01 
-1.742194e-01 
-1.482539e-01 
-2.034632e-01 
-2.241343e-01 
-2.355994e-01 
-1.801291e-01 
-1.273349e-01 
-6.260669e-02 
-6.227497e-02 
-4.100537e-02 
-3.518224e-02 
1.122799e-02 
6.839916e-02 
-1.065859e-02 
1.506105e-01 
2.934621e-01 
2.382148e-01 
2.156365e-01 
7.176446e-02 
5.604504e-02 
1.757596e-02 
-7.164463e-02 
-6.408613e-02 
-2.528399e-01 
-4.620435e-01 
-4.676419e-01 
-3.892349e-01 
-2.637476e-01 
-1.208754e-01 
-7.523397e-02 
-1.273028e-01 
-2.082697e-01 
-2.509778e-01 
-2.439223e-01 
-1.683820e-01 
-6.465917e-02 
7.756523e-02 
2.304843e-01 
4.201858e-01 
5.712249e-01 
4.174203e-01 
5.348629e-01 
9.034825e-01 
5.591098e-01 
4.661780e-01 
3.804376e-01 
2.977781e-01 
2.372079e-01 
2.034043e-01 
1.575958e-01 
1.451738e-01 
1.149437e-01 
1.131813e-01 
8.593359e-02 
1.125365e-01 
9.913955e-02 
1.554054e-01 
1.387355e-01 
1.686613e-01 
2.387226e-01 
-2.162597e-02 
8.609321e-02 
8.050653e-02 
-2.873449e-02 
6.498647e-02 
-3.874623e-02 
-6.212553e-02 
-4.693573e-02 
2.698444e-02 
1.046085e-01 
1.884496e-01 
3.330668e-01 
2.384170e-01 
3.656416e-01 
2.579712e-01 
2.329997e-01 
1.662300e-01 
6.225424e-02 
-1.426444e-02 
-9.869589e-02 
-1.354603e-01 
-6.405702e-02 
4.318816e-02 
2.077404e-01 
4.111196e-01 
5.476556e-01 
6.037618e-01 
5.948793e-01 
4.939814e-01 
4.739474e-01 
4.213515e-01 
3.322445e-01 
2.106216e-01 
1.475686e-01 
2.861767e-02 
-2.585133e-02 
-4.573637e-02 
-7.830484e-03 
1.930924e-02 
2.765831e-03 
-1.928942e-02 
-1.331228e-02 
3.659108e-02 
6.653535e-02 
8.307996e-02 
1.404128e-03 
6.084272e-02 
5.452373e-02 
1.969153e-02 
-3.748500e-02 
-9.695786e-02 
-9.986983e-02 
-9.543949e-02 
-3.968135e-02 
3.644251e-03 
-2.160851e-02 
2.565556e-02 
2.859490e-03 
1.711819e-02 
-7.134656e-02 
-9.110880e-02 
-1.223050e-01 
-1.396401e-01 
-1.831951e-01 
-1.880514e-01 
-1.919011e-01 
-1.527833e-01 
-1.320311e-01 
-8.343150e-02 
-7.426823e-02 
-4.249295e-02 
-7.646349e-02 
-1.099126e-01 
-1.860203e-01 
-2.164841e-01 
-2.468996e-01 
-2.210986e-01 
-2.086353e-01 
-1.954115e-01 
-2.334507e-01 
-2.814295e-01 
-3.578573e-01 
-4.080754e-01 
-4.512471e-01 
-4.661117e-01 
-4.757236e-01 
-4.599683e-01 
-4.389928e-01 
-3.984912e-01 
-3.662526e-01 
-3.395889e-01 
-3.240874e-01 
-2.972209e-01 
-2.640919e-01 
-2.211965e-01 
-1.877883e-01 
-1.596567e-01 
-1.330681e-01 
-9.905108e-02 
-6.899817e-02 
-4.614877e-02 
-3.822039e-02 
-4.225963e-02 
-5.975356e-02 
-8.731881e-02 
-1.185375e-01 
-1.371385e-01 
-1.072694e-01 
-9.890638e-02 
-9.442505e-02 
-7.795733e-02 
-5.778985e-02 
-1.473618e-02 
5.940878e-02 
1.471746e-01 
1.919154e-01 
1.705768e-01 
1.023985e-01 
6.147736e-02 
8.007983e-03 
-9.276225e-03 
4.159926e-04 
1.416388e-02 
3.098973e-02 
4.365005e-02 
4.973556e-02 
3.567009e-02 
2.427619e-02 
2.214583e-02 
4.380585e-02 
9.689859e-02 
1.698559e-01 
2.385207e-01 
2.987796e-01 
3.088714e-01 
3.067617e-01 
2.839955e-01 
3.425191e-01 
2.852507e-01 
3.166989e-01 
2.384523e-01 
2.565186e-01 
1.756451e-01 
2.032902e-01 
1.458100e-01 
1.904260e-01 
1.272588e-01 
6.358583e-02 
-1.297648e-02 
2.014218e-01 
-9.473943e-02 
-1.824711e-01 
-2.735933e-01 
-1.206914e-01 
1.706589e-02 
-9.201737e-02 
-2.567063e-01 
-3.036979e-01 
-2.658038e-01 
-2.361873e-01 
-1.809604e-01 
-8.960592e-02 
-7.707843e-03 
7.342188e-02 
1.276011e-01 
1.625763e-01 
1.769071e-01 
1.670387e-01 
1.496634e-01 
1.251764e-01 
1.091773e-01 
9.802740e-02 
1.014612e-01 
1.121110e-01 
1.314203e-01 
1.495983e-01 
1.679389e-01 
1.783133e-01 
1.833669e-01 
1.766790e-01 
8.684689e-02 
9.016548e-02 
1.389293e-01 
1.032734e-02 
5.167142e-02 
-7.649835e-02 
-9.411182e-02 
-9.620715e-02 
-2.111070e-01 
-2.431150e-01 
-5.315246e-02 
-2.278384e-01 
-3.748687e-02 
-2.209333e-01 
-4.179594e-02 
-2.316047e-01 
-3.460607e-02 
1.991518e-02 
-4.663796e-02 
-8.258257e-02 
1.916713e-01 
2.131883e-01 
1.164548e-01 
2.962060e-01 
2.615163e-01 
2.739918e-01 
2.287827e-01 
2.373127e-01 
2.238901e-01 
2.054534e-01 
2.154574e-01 
1.109415e-01 
1.297941e-01 
1.505068e-02 
2.281206e-02 
-9.130755e-02 
-5.776338e-02 
-1.380075e-01 
-7.282876e-02 
-1.290516e-01 
-4.587025e-02 
-8.586318e-02 
7.845689e-03 
9.501619e-02 
1.633860e-01 
-2.882678e-01 
-2.361871e-02 
2.282640e-01 
1.259766e-01 
6.343816e-03 
-8.663142e-02 
-2.049701e-01 
-1.580765e-01 
-2.051991e-01 
-2.400444e-01 
-2.703522e-01 
-2.122721e-01 
-2.334354e-01 
-2.017117e-01 
-2.044134e-01 
-1.702297e-01 
-1.708850e-01 
-1.195627e-01 
-9.857016e-02 
-7.371162e-02 
-2.821441e-02 
-2.244778e-02 
1.185991e-02 
8.564257e-03 
3.384781e-02 
1.049170e-02 
2.369127e-02 
-2.344135e-02 
-5.987133e-03 
-6.271644e-02 
-5.598979e-02 
-1.394307e-02 
-5.067096e-02 
-7.933843e-02 
-1.027840e-01 
-1.334764e-01 
-1.507524e-01 
-1.662415e-01 
-1.632086e-01 
-7.830363e-02 
-2.465456e-01 
-5.845184e-02 
-1.572063e-02 
-2.244471e-01 
1.519342e-02 
-1.886449e-01 
2.762158e-02 
-1.906535e-01 
-1.104328e-01 
-1.282386e-01 
-1.631130e-01 
-1.789141e-01 
-1.999023e-01 
-1.701864e-01 
-1.612915e-01 
-1.347333e-01 
-1.407982e-01 
-1.245026e-01 
-1.022520e-01 
-5.071257e-02 
5.850893e-03 
5.477494e-02 
1.917045e-01 
-4.068415e-02 
1.987645e-01 
-3.428286e-02 
2.201141e-01 
-3.848270e-03 
-4.081610e-02 
1.282417e-01 
1.244605e-01 
1.186893e-01 
1.135587e-01 
9.896168e-02 
7.813763e-02 
6.025578e-02 
4.895330e-02 
6.965150e-02 
1.006038e-01 
1.246080e-01 
1.177348e-01 
7.970130e-02 
3.809306e-02 
2.540736e-02 
4.358487e-02 
7.610931e-02 
1.039671e-01 
1.080910e-01 
1.030753e-01 
9.602918e-02 
7.817334e-02 
8.663741e-02 
1.306117e-01 
8.585805e-02 
7.956922e-02 
6.960134e-02 
1.239005e-01 
4.609546e-02 
1.638228e-01 
2.257750e-01 
1.594199e-01 
1.719406e-01 
2.283276e-01 
2.299880e-01 
2.292542e-02 
1.512528e-01 
-5.176300e-02 
6.916302e-02 
5.596153e-02 
-9.002711e-02 
-1.770653e-01 
-1.711558e-01 
-2.034110e-02 
-1.350444e-01 
-6.748215e-02 
4.051072e-02 
6.278053e-03 
1.114722e-01 
7.199634e-02 
1.783293e-01 
1.025715e-01 
1.923483e-01 
1.043171e-01 
1.434442e-01 
5.618412e-02 
9.421230e-02 
1.658705e-02 
7.175396e-02 
1.282879e-02 
8.151387e-02 
3.009836e-02 
1.067192e-01 
4.100781e-02 
1.167468e-01 
3.704726e-02 
7.292719e-02 
-1.550599e-02 
1.743090e-02 
-5.162420e-02 
-2.082641e-02 
-6.820295e-02 
-2.104050e-02 
-7.035940e-02 
-8.942049e-03 
-6.295747e-02 
-1.008253e-02 
-4.887663e-02 
-3.035713e-03 
-4.386377e-02 
-5.831463e-03 
-6.189553e-02 
-3.359986e-02 
-8.794041e-02 
-5.879767e-02 
-9.173373e-02 
-4.501190e-02 
-5.536528e-02 
3.168053e-03 
-7.496539e-04 
6.707044e-02 
6.407830e-02 
1.229276e-01 
1.170545e-01 
1.459791e-01 
1.272678e-01 
1.332076e-01 
8.817305e-02 
8.963688e-02 
4.100164e-02 
3.794380e-02 
-3.144036e-04 
-6.081322e-03 
-2.867588e-02 
-2.840455e-02 
-2.889056e-02 
-1.052402e-02 
-9.158822e-03 
2.259155e-02 
2.265511e-02 
4.329727e-02 
5.226535e-02 
6.301996e-02 
5.095331e-02 
4.055351e-02 
1.534893e-02 
-1.730062e-02 
-3.310274e-02 
-5.343692e-02 
-3.992437e-02 
-3.741483e-02 
-7.664085e-03 
-3.777661e-03 
2.414272e-02 
3.027469e-02 
4.530103e-02 
3.364162e-02 
5.046385e-02 
1.968857e-02 
4.724793e-02 
3.260536e-02 
7.264146e-02 
6.979910e-02 
1.146162e-01 
1.016795e-01 
1.303922e-01 
1.059801e-01 
1.213399e-01 
7.961261e-02 
1.005181e-01 
4.426934e-02 
5.185193e-02 
-6.330407e-03 
3.091358e-03 
-6.363778e-02 
-2.658908e-02 
-7.486169e-02 
-2.012850e-02 
-6.004762e-02 
3.438772e-03 
-3.922930e-02 
2.711255e-02 
-8.951297e-03 
5.813065e-02 
2.125823e-02 
7.149997e-02 
9.757548e-03 
4.606923e-02 
-2.073111e-02 
1.277489e-02 
-6.292535e-02 
-1.763554e-02 
-1.021163e-01 
-2.865289e-02 
-1.009954e-01 
-1.102989e-02 
-6.977544e-02 
3.190571e-02 
-2.819971e-02 
6.621752e-02 
-4.543604e-03 
7.003575e-02 
-1.522730e-02 
4.969866e-02 
-4.365345e-02 
2.339650e-02 
-6.537393e-02 
1.232532e-02 
-7.041741e-02 
2.674317e-02 
-5.366963e-02 
4.430526e-02 
-3.852694e-02 
5.242103e-02 
-4.748519e-02 
3.501286e-02 
-7.979757e-02 
-6.900491e-04 
-1.235834e-01 
-3.752118e-02 
-1.584073e-01 
-5.379557e-02 
-1.607253e-01 
-3.729157e-02 
-1.293377e-01 
5.516003e-03 
-8.986781e-02 
4.202252e-02 
-5.991805e-02 
5.987608e-02 
-6.085408e-02 
4.467996e-02 
-8.977887e-02 
1.690262e-02 
-1.155359e-01 
1.283593e-03 
-1.247955e-01 
6.850774e-03 
-1.110097e-01 
3.240420e-02 
-8.043558e-02 
6.724261e-02 
-5.168929e-02 
9.483214e-02 
-3.637925e-02 
1.016708e-01 
-4.224732e-02 
8.906560e-02 
-7.136063e-02 
5.635695e-02 
-9.648395e-02 
4.111666e-02 
-1.121259e-01 
3.899450e-02 
-1.050524e-01 
5.044232e-02 
-9.561072e-02 
4.716064e-02 
-1.203708e-01 
2.350580e-02 
-1.427324e-01 
1.200092e-02 
-1.433822e-01 
2.402989e-02 
-1.387698e-01 
3.647181e-02 
-1.098827e-01 
7.176515e-02 
-7.689730e-02 
1.117938e-01 
-4.414768e-02 
1.431941e-01 
-2.365228e-02 
1.495852e-01 
-2.391267e-02 
1.450671e-01 
-4.385007e-02 
1.064197e-01 
-8.667221e-02 
7.450303e-02 
-1.138297e-01 
7.815568e-02 
-9.193093e-02 
1.086031e-01 
-7.120244e-02 
1.196196e-01 
-6.887718e-02 
1.261211e-01 
-6.340957e-02 
1.336952e-01 
-6.486831e-02 
1.227540e-01 
-9.263145e-02 
8.989469e-02 
-1.204517e-01 
6.912045e-02 
-1.329510e-01 
7.032148e-02 
-2.086930e-02 
8.131168e-02 
-6.974094e-02 
1.076765e-01 
-4.426238e-02 
1.247395e-01 
-3.926724e-02 
1.223715e-01 
-4.572479e-02 
1.197791e-01 
-4.415174e-02 
1.192539e-01 
-3.898055e-02 
1.383506e-01 
-2.476152e-02 
1.426203e-01 
-2.396563e-02 
1.359244e-01 
-3.041377e-02 
1.209153e-01 
-4.505128e-02 
1.024770e-01 
-6.611073e-02 
8.441914e-02 
-9.551238e-02 
6.436064e-02 
1.122874e-01 
-1.601127e-01 
1.018365e-01 
-1.517186e-01 
1.067581e-01 
-1.492960e-01 
1.089227e-01 
-1.528614e-01 
1.000235e-01 
-1.657181e-01 
8.233158e-02 
-1.997735e-01 
6.209460e-02 
-2.141979e-01 
3.915769e-02 
-2.103085e-01 
4.355300e-02 
-2.170265e-01 
4.679186e-02 
-2.087386e-01 
5.728799e-02 
-1.893024e-01 
7.706511e-02 
-1.664754e-01 
9.569421e-02 
-1.440169e-01 
1.028893e-01 
-1.412489e-01 
1.120663e-01 
-1.344358e-01 
1.140483e-01 
-1.274167e-01 
1.241628e-01 
-1.198548e-01 
1.339914e-01 
-1.200645e-01 
1.283115e-01 
-1.164522e-01 
1.168515e-01 
-1.288932e-01 
1.017669e-01 
-1.446440e-01 
8.570470e-02 
-1.616383e-01 
7.198807e-02 
-1.691502e-01 
7.121866e-02 
-1.596565e-01 
8.105440e-02 
-1.361479e-01 
1.188456e-01 
-1.016787e-01 
1.490353e-01 
-8.293921e-02 
1.418387e-01 
-8.213532e-02 
1.338459e-01 
-9.097506e-02 
1.320011e-01 
-9.487673e-02 
1.259383e-01 
-9.782088e-02 
1.246071e-01 
-9.227444e-02 
1.277886e-01 
-8.836778e-02 
1.257545e-01 
-9.546645e-02 
1.119529e-01 
-1.134146e-01 
9.306493e-02 
-1.215592e-01 
7.958296e-02 
-1.364535e-01 
6.833847e-02 
-1.527988e-01 
5.082959e-02 
-1.683605e-01 
3.301701e-02 
-1.676631e-01 
3.575793e-02 
-1.644877e-01 
3.849462e-02 
-1.624471e-01 
2.703007e-02 
-1.804330e-01 
5.328404e-03 
-1.912961e-01 
-3.315967e-03 
-1.855263e-01 
9.748996e-03 
-1.684910e-01 
3.337277e-02 
-1.408947e-01 
6.756009e-02 
-9.484579e-02 
1.101102e-01 
-5.149188e-02 
1.453011e-01 
-2.604711e-02 
1.538085e-01 
-2.637241e-02 
1.441385e-01 
-4.164015e-02 
1.225506e-01 
-5.752818e-02 
1.047552e-01 
-7.381639e-02 
8.372469e-02 
-9.636431e-02 
5.837335e-02 
-1.205706e-01 
2.914427e-02 
-1.402537e-01 
1.400606e-02 
-1.461678e-01 
1.076106e-02 
-1.405653e-01 
2.118800e-02 
-1.255422e-01 
3.652221e-02 
-1.021998e-01 
6.297710e-02 
-7.235704e-02 
8.671189e-02 
-4.735846e-02 
1.147029e-01 
-1.570647e-02 
1.363382e-01 
-1.210595e-03 
1.346683e-01 
-5.432463e-03 
1.217733e-01 
-1.335292e-02 
1.217433e-01 
-7.252966e-03 
1.235194e-01 
-7.640169e-03 
1.134288e-01 
-1.555180e-02 
1.137732e-01 
-4.033106e-03 
1.228005e-01 
7.610889e-03 
1.254026e-01 
6.412902e-04 
1.094130e-01 
-1.467108e-02 
8.736993e-02 
-2.796466e-02 
7.413718e-02 
-3.966319e-02 
6.717083e-02 
-3.941377e-02 
6.455007e-02 
-3.497538e-02 
7.253099e-02 
-2.018308e-02 
8.364788e-02 
-8.955375e-03 
8.890303e-02 
-1.653892e-03 
9.019503e-02 
-3.073152e-03 
8.509183e-02 
-1.012448e-03 
8.410362e-02 
3.522843e-03 
8.962213e-02 
8.656322e-03 
8.780679e-02 
8.167539e-03 
8.296896e-02 
3.356941e-03 
7.169291e-02 
-6.186123e-03 
5.873520e-02 
-1.644261e-02 
4.188918e-02 
-3.161903e-02 
2.778854e-02 
-3.889365e-02 
1.967040e-02 
-3.938502e-02 
1.894843e-02 
-3.872168e-02 
1.903707e-02 
-2.959752e-02 
2.154761e-02 
-3.011019e-02 
2.430875e-02 
-2.229482e-02 
1.844510e-02 
-3.083104e-02 
-6.659761e-03 
-5.921269e-02 
-1.635532e-02 
-5.311415e-02 
-9.582747e-03 
-4.445492e-02 
7.414301e-04 
-3.980508e-02 
-2.669211e-03 
-2.039458e-02 
1.063941e-02 
1.703667e-03 
2.652089e-02 
-5.864613e-04 
1.213136e-02 
-9.614129e-03 
-6.397579e-03 
-1.936477e-02 
-7.250040e-03 
-2.506984e-02 
-5.505593e-03 
-2.170237e-02 
-9.242817e-03 
-2.368354e-02 
-2.105369e-02 
-2.790326e-02 
-2.395475e-02 
-2.292552e-02 
-2.563565e-02 
-2.680597e-02 
-3.173055e-02 
-3.822903e-02 
-3.944520e-02 
-2.483675e-02 
-2.670468e-02 
-1.665055e-02 
-2.602402e-02 
-1.408879e-02 
-3.421510e-02 
-1.197055e-02 
-3.771072e-02 
-1.493404e-02 
-2.836808e-02 
-1.014714e-02 
-3.133849e-02 
-6.692083e-05 
-2.285701e-02 
5.775067e-03 
-1.849866e-02 
2.058090e-02 
-1.854900e-02 
2.295011e-02 
-1.204617e-02 
1.949333e-02 
-8.311652e-03 
3.859204e-02 
-5.679854e-03 
3.490069e-02 
-4.478547e-03 
2.766680e-02 
-2.301686e-02 
2.201989e-02 
-4.126930e-02 
2.736755e-03 
-5.946656e-02 
-1.205954e-02 
-7.024541e-02 
-1.169356e-02 
-7.386726e-02 
-2.501822e-02 
-8.460211e-02 
-3.001414e-02 
-9.319035e-02 
-1.936914e-02 
-8.453770e-02 
-1.193018e-02 
-6.959229e-02 
1.638687e-02 
-4.016592e-02 
5.289591e-02 
-6.675161e-03 
7.660540e-02 
9.203599e-04 
7.625281e-02 
-9.331124e-03 
7.565676e-02 
-2.892244e-05 
8.547482e-02 
3.678259e-03 
8.805440e-02 
-1.114499e-02 
7.226156e-02 
-1.912439e-02 
7.188341e-02 
-1.997594e-02 
7.135316e-02 
-2.874392e-02 
6.110901e-02 
-3.861224e-02 
5.970644e-02 
-3.883702e-02 
6.849792e-02 
-3.325008e-02 
7.385990e-02 
-2.513821e-02 
8.534009e-02 
-2.033401e-02 
9.027750e-02 
-2.149548e-02 
8.649243e-02 
-2.491693e-02 
9.247751e-02 
-1.683494e-02 
1.033583e-01 
-1.256883e-02 
1.037164e-01 
-1.688244e-02 
1.046166e-01 
-1.607494e-02 
1.106721e-01 
-1.101276e-02 
1.109304e-01 
-1.846529e-02 
1.043668e-01 
-2.904626e-02 
9.522923e-02 
-3.921396e-02 
8.731229e-02 
-5.194352e-02 
7.387218e-02 
-6.880891e-02 
6.106685e-02 
-7.869806e-02 
5.561591e-02 
-8.567502e-02 
5.359617e-02 
-8.672833e-02 
5.592879e-02 
-8.372981e-02 
6.113609e-02 
-8.380367e-02 
6.050852e-02 
-8.612489e-02 
6.402642e-02 
-7.784371e-02 
7.926543e-02 
-6.436117e-02 
9.052612e-02 
-6.080332e-02 
8.949141e-02 
-6.735951e-02 
8.313638e-02 
-7.818208e-02 
7.140603e-02 
-9.370179e-02 
5.542203e-02 
-1.113127e-01 
4.243226e-02 
-1.231438e-01 
3.312680e-02 
-1.342701e-01 
2.356820e-02 
-1.439308e-01 
1.839726e-02 
-1.476469e-01 
1.931108e-02 
-1.445768e-01 
2.650669e-02 
-1.371208e-01 
3.862420e-02 
-1.229599e-01 
5.567672e-02 
-1.083045e-01 
6.844149e-02 
-1.004097e-01 
7.654616e-02 
-9.216600e-02 
8.852145e-02 
-7.982164e-02 
1.020215e-01 
-6.978553e-02 
1.107355e-01 
-6.404405e-02 
1.163636e-01 
-6.065988e-02 
1.195977e-01 
-6.130169e-02 
1.174369e-01 
-6.512915e-02 
1.156531e-01 
-6.684540e-02 
1.153393e-01 
-6.966481e-02 
1.109866e-01 
-7.742691e-02 
1.024987e-01 
-8.808029e-02 
9.261906e-02 
-9.832255e-02 
8.510282e-02 
-1.027466e-01 
8.685954e-02 
-9.683781e-02 
9.819222e-02 
-8.302070e-02 
1.138620e-01 
-6.934840e-02 
1.258270e-01 
-6.046832e-02 
1.348236e-01 
-5.131349e-02 
1.456947e-01 
-4.044317e-02 
1.575664e-01 
-2.983116e-02 
1.665737e-01 
-2.420295e-02 
1.707925e-01 
-2.356962e-02 
1.669104e-01 
-3.466302e-02 
1.512138e-01 
-5.057018e-02 
1.311869e-01 
-7.758676e-02 
1.077881e-01 
-1.003419e-01 
8.845504e-02 
-1.124123e-01 
8.228883e-02 
-1.166195e-01 
7.688215e-02 
-1.247607e-01 
6.842900e-02 
-1.248790e-01 
7.926642e-02 
-1.073948e-01 
9.915059e-02 
-9.352506e-02 
1.053399e-01 
-8.923391e-02 
1.123296e-01 
-8.390362e-02 
1.186323e-01 
-7.369110e-02 
1.307919e-01 
-6.203540e-02 
1.393246e-01 
-5.671661e-02 
1.431025e-01 
-5.577200e-02 
1.387928e-01 
-6.276590e-02 
1.339196e-01 
-6.714453e-02 
1.266504e-01 
-7.776712e-02 
1.105965e-01 
-9.680168e-02 
9.114309e-02 
-1.171847e-01 
7.400941e-02 
-1.265226e-01 
6.006303e-02 
-1.409528e-01 
5.595980e-02 
-1.409639e-01 
6.109217e-02 
-1.387841e-01 
5.932132e-02 
-1.388340e-01 
6.055917e-02 
-1.302560e-01 
6.881077e-02 
-1.120600e-01 
8.754486e-02 
-1.037763e-01 
9.419941e-02 
-9.979618e-02 
9.522897e-02 
-9.393559e-02 
1.039682e-01 
-8.607434e-02 
1.095265e-01 
-8.395030e-02 
1.080810e-01 
-8.712598e-02 
1.032516e-01 
-9.104904e-02 
1.003301e-01 
-8.886369e-02 
9.928837e-02 
-9.045544e-02 
9.949553e-02 
-9.544578e-02 
8.712524e-02 
-1.093534e-01 
7.164290e-02 
-1.214762e-01 
5.989998e-02 
-1.328217e-01 
4.680297e-02 
-1.464856e-01 
3.066738e-02 
-1.623639e-01 
1.897766e-02 
-1.649111e-01 
2.252100e-02 
-1.524015e-01 
3.657502e-02 
-1.406183e-01 
4.686602e-02 
-1.276971e-01 
5.999366e-02 
-1.133433e-01 
7.121942e-02 
-1.038732e-01 
7.682546e-02 
-1.012336e-01 
7.345244e-02 
-1.080480e-01 
6.181597e-02 
-1.225613e-01 
4.432261e-02 
-1.357877e-01 
3.226774e-02 
-1.437285e-01 
2.653975e-02 
-1.466005e-01 
2.401158e-02 
-1.453495e-01 
2.819190e-02 
-1.351451e-01 
3.967174e-02 
-1.231982e-01 
4.767177e-02 
-1.155569e-01 
5.258646e-02 
-1.105249e-01 
5.587651e-02 
-1.065120e-01 
5.602863e-02 
-1.065122e-01 
5.360022e-02 
-1.082995e-01 
5.082738e-02 
-1.081095e-01 
5.180775e-02 
-1.031557e-01 
5.759552e-02 
-9.279307e-02 
7.015464e-02 
-7.544206e-02 
8.571945e-02 
-6.127882e-02 
9.473419e-02 
-5.393944e-02 
9.837060e-02 
-4.983801e-02 
9.857373e-02 
-5.131017e-02 
9.243297e-02 
-5.768401e-02 
8.411701e-02 
-6.292615e-02 
7.965703e-02 
-6.322874e-02 
7.861216e-02 
-6.281770e-02 
7.736945e-02 
-5.956095e-02 
8.319153e-02 
-4.833759e-02 
9.510723e-02 
-3.320689e-02 
1.086556e-01 
-1.842407e-02 
1.202513e-01 
-6.890012e-03 
1.275170e-01 
-6.399860e-04 
1.287949e-01 
-2.421881e-04 
1.253992e-01 
-2.956667e-03 
1.197266e-01 
-8.126594e-03 
1.104926e-01 
-1.689322e-02 
1.005930e-01 
-2.211326e-02 
9.651302e-02 
-2.183563e-02 
9.685860e-02 
-1.707507e-02 
1.006060e-01 
-1.307349e-02 
9.900705e-02 
-1.679381e-02 
9.089447e-02 
-2.394397e-02 
8.142868e-02 
-3.165621e-02 
7.062582e-02 
-4.095705e-02 
5.881381e-02 
-5.100527e-02 
4.657905e-02 
-6.074912e-02 
3.587525e-02 
-6.732301e-02 
2.933927e-02 
-6.970280e-02 
2.746134e-02 
-6.681790e-02 
3.110978e-02 
-5.823424e-02 
4.031987e-02 
-4.537847e-02 
5.015456e-02 
-3.608074e-02 
5.320851e-02 
-3.496365e-02 
4.852416e-02 
-4.066165e-02 
3.913355e-02 
-4.768807e-02 
3.167871e-02 
-5.082516e-02 
2.806084e-02 
-5.092939e-02 
2.660524e-02 
-4.969819e-02 
2.585545e-02 
-4.805511e-02 
2.572925e-02 
-4.573947e-02 
2.485111e-02 
-4.659022e-02 
1.925777e-02 
-5.155938e-02 
1.185153e-02 
-5.678956e-02 
3.477289e-03 
-6.476093e-02 
-8.526930e-03 
-7.541353e-02 
-2.142144e-02 
-8.585002e-02 
-3.376294e-02 
-9.492385e-02 
-4.307775e-02 
-1.001583e-01 
-4.945703e-02 
-1.036793e-01 
-5.422754e-02 
-1.041537e-01 
-5.405373e-02 
-9.872460e-02 
-4.769822e-02 
-8.703341e-02 
-3.600016e-02 
-7.189707e-02 
-2.292458e-02 
-5.746077e-02 
-1.279758e-02 
-4.813190e-02 
-9.016162e-03 
-4.499353e-02 
-1.010993e-02 
-4.509887e-02 
-1.272960e-02 
-4.413181e-02 
-1.108977e-02 
-3.667883e-02 
-2.869215e-03 
-2.496349e-02 
6.019675e-03 
-1.600442e-02 
9.721130e-03 
-1.311232e-02 
7.991206e-03 
-1.415249e-02 
3.996146e-03 
-1.603399e-02 
6.327887e-04 
-1.578013e-02 
2.659256e-04 
-1.252269e-02 
2.841015e-03 
-5.624828e-03 
1.021067e-02 
6.298403e-03 
2.152655e-02 
2.067409e-02 
3.417069e-02 
3.525600e-02 
4.574940e-02 
4.829823e-02 
5.673698e-02 
6.207657e-02 
6.860260e-02 
7.543684e-02 
7.866463e-02 
8.632313e-02 
8.522135e-02 
9.236399e-02 
8.635175e-02 
9.127177e-02 
7.878975e-02 
8.229465e-02 
6.473465e-02 
6.876993e-02 
4.842852e-02 
5.537993e-02 
3.617378e-02 
5.049580e-02 
3.499588e-02 
5.319197e-02 
3.432804e-02 
5.369612e-02 
3.194613e-02 
5.190500e-02 
2.456890e-02 
4.153936e-02 
9.885903e-03 
2.882079e-02 
-1.781128e-03 
2.625447e-02 
3.553867e-03 
4.421253e-02 
2.698231e-02 
7.283049e-02 
5.140482e-02 
9.333206e-02 
6.131375e-02 
9.621557e-02 
5.600064e-02 
8.958108e-02 
4.754261e-02 
8.478651e-02 
4.364661e-02 
8.426244e-02 
4.141884e-02 
8.297508e-02 
3.517204e-02 
7.406575e-02 
1.885040e-02 
5.470304e-02 
-4.900857e-03 
3.243169e-02 
-2.766315e-02 
1.312521e-02 
-4.715170e-02 
-3.425352e-03 
-6.372719e-02 
-1.539205e-02 
-7.510542e-02 
-2.347267e-02 
-8.391898e-02 
-2.895602e-02 
-8.874916e-02 
-2.877959e-02 
-8.678755e-02 
-2.221335e-02 
-8.018042e-02 
-1.446292e-02 
-7.602332e-02 
-1.082760e-02 
-7.524263e-02 
-8.666873e-03 
-7.404563e-02 
-3.878415e-03 
-6.764263e-02 
8.668541e-03 
-5.190818e-02 
2.877309e-02 
-3.362705e-02 
4.548205e-02 
-2.406831e-02 
4.894055e-02 
-3.061734e-02 
3.579868e-02 
-5.125613e-02 
1.453377e-02 
-7.157021e-02 
2.001244e-03 
-7.743877e-02 
4.495845e-03 
-7.258100e-02 
1.141103e-02 
-6.913975e-02 
1.179370e-02 
-7.520748e-02 
3.489109e-03 
-8.558919e-02 
-3.461981e-03 
-9.019579e-02 
-2.282267e-03 
-8.540101e-02 
8.563492e-03 
-7.240032e-02 
2.450341e-02 
-5.754783e-02 
3.988820e-02 
-4.409275e-02 
5.431675e-02 
-3.073783e-02 
6.918904e-02 
-1.698808e-02 
8.332081e-02 
-5.875553e-03 
9.288393e-02 
-7.723377e-04 
9.573663e-02 
-1.831758e-03 
9.393301e-02 
-5.578026e-03 
9.094757e-02 
-9.922476e-03 
8.724262e-02 
-1.499704e-02 
8.219044e-02 
-2.374013e-02 
6.992057e-02 
-4.219689e-02 
4.836095e-02 
-6.653973e-02 
2.533404e-02 
-8.842254e-02 
8.304571e-03 
-1.002680e-01 
5.080960e-03 
-9.626977e-02 
1.666601e-02 
-8.155234e-02 
3.293131e-02 
-6.852272e-02 
4.221813e-02 
-6.518086e-02 
4.211482e-02 
-6.844763e-02 
3.963529e-02 
-6.892783e-02 
4.469060e-02 
-5.949331e-02 
5.831500e-02 
-4.566982e-02 
7.111577e-02 
-3.754678e-02 
7.404246e-02 
-4.166673e-02 
6.549967e-02 
-5.347242e-02 
5.350639e-02 
-6.605501e-02 
4.168033e-02 
-7.809423e-02 
3.057841e-02 
-8.954520e-02 
1.982943e-02 
-9.990063e-02 
1.171903e-02 
-1.065217e-01 
7.410635e-03 
-1.092465e-01 
7.637197e-03 
-1.068970e-01 
1.178760e-02 
-1.034718e-01 
1.440398e-02 
-1.018915e-01 
1.677523e-02 
-9.839032e-02 
2.303036e-02 
-8.897968e-02 
3.715055e-02 
-7.063255e-02 
5.916922e-02 
-4.727513e-02 
8.236407e-02 
-2.700791e-02 
9.768637e-02 
-1.879034e-02 
9.920311e-02 
-2.264058e-02 
9.266510e-02 
-3.035727e-02 
8.536312e-02 
-3.636672e-02 
8.186397e-02 
-3.730953e-02 
8.274928e-02 
-3.672389e-02 
8.079914e-02 
-4.293962e-02 
7.013547e-02 
-5.702811e-02 
5.451462e-02 
-7.193765e-02 
4.277939e-02 
-7.833817e-02 
4.220806e-02 
-7.424398e-02 
4.884700e-02 
-6.616062e-02 
5.771839e-02 
-5.692451e-02 
6.613748e-02 
-4.933531e-02 
7.350884e-02 
-4.074306e-02 
8.309560e-02 
-3.052926e-02 
9.287682e-02 
-2.115812e-02 
1.008433e-01 
-1.486176e-02 
1.047599e-01 
-1.222885e-02 
1.061173e-01 
-1.153826e-02 
1.055029e-01 
-1.247408e-02 
1.037616e-01 
-1.525008e-02 
9.764134e-02 
-2.502535e-02 
8.368140e-02 
-4.135732e-02 
6.532244e-02 
-6.001174e-02 
4.665408e-02 
-7.642783e-02 
3.276488e-02 
-8.594286e-02 
2.727412e-02 
-8.673851e-02 
2.882533e-02 
-8.362824e-02 
3.081601e-02 
-8.256151e-02 
3.000546e-02 
-8.337066e-02 
2.951598e-02 
-8.055374e-02 
3.602748e-02 
-6.841678e-02 
5.226791e-02 
-4.825519e-02 
7.265614e-02 
-2.905909e-02 
8.707700e-02 
-1.944866e-02 
9.017770e-02 
-2.095623e-02 
8.398185e-02 
-2.839482e-02 
7.580749e-02 
-3.499152e-02 
6.883943e-02 
-4.184923e-02 
5.969494e-02 
-5.200934e-02 
4.719622e-02 
-6.489256e-02 
3.287119e-02 
-7.806098e-02 
2.007421e-02 
-8.840142e-02 
1.033424e-02 
-9.623516e-02 
2.647941e-03 
-1.017992e-01 
-2.439623e-03 
-1.043352e-01 
-3.480697e-03 
-1.009835e-01 
3.127004e-03 
-8.935823e-02 
1.708928e-02 
-7.177822e-02 
3.568931e-02 
-5.136519e-02 
5.449774e-02 
-3.353097e-02 
6.851024e-02 
-2.164826e-02 
7.621493e-02 
-1.573546e-02 
7.925135e-02 
-1.216547e-02 
8.191450e-02 
-8.380508e-03 
8.398955e-02 
-6.705238e-03 
8.228149e-02 
-1.014846e-02 
7.480644e-02 
-1.919380e-02 
6.204058e-02 
-3.223881e-02 
4.883685e-02 
-4.332769e-02 
3.619617e-02 
-5.425926e-02 
2.507966e-02 
-6.130540e-02 
2.000224e-02 
-6.248651e-02 
2.183967e-02 
-5.920458e-02 
2.212878e-02 
-5.977076e-02 
1.978822e-02 
-5.627809e-02 
2.843473e-02 
-3.958321e-02 
4.831219e-02 
-1.781161e-02 
6.560166e-02 
-2.594659e-03 
7.432925e-02 
-2.409290e-03 
7.124117e-02 
1.106484e-03 
7.257014e-02 
1.749532e-03 
7.439019e-02 
7.703023e-03 
7.799053e-02 
4.458509e-03 
6.269652e-02 
-1.222248e-02 
4.650515e-02 
-2.992984e-02 
3.060985e-02 
-3.372611e-02 
2.970597e-02 
-3.951007e-02 
2.053664e-02 
-4.453641e-02 
9.000276e-03 
-5.588189e-02 
4.752010e-04 
-5.929937e-02 
3.647226e-04 
-5.175989e-02 
5.620478e-03 
-4.916645e-02 
8.100931e-03 
-5.021186e-02 
6.077048e-03 
-4.166291e-02 
1.652123e-02 
-2.590024e-02 
3.532306e-02 
-8.991051e-03 
3.666873e-02 
-1.329051e-02 
3.164888e-02 
-1.716060e-02 
3.423236e-02 
-3.516160e-03 
4.665336e-02 
5.438730e-03 
4.507861e-02 
-6.637627e-03 
2.776151e-02 
-2.234040e-02 
1.036027e-02 
-3.235567e-02 
3.408435e-03 
-3.948091e-02 
-8.255508e-03 
-4.809075e-02 
-1.858108e-02 
-5.918270e-02 
-2.738773e-02 
-6.285938e-02 
-2.843915e-02 
-5.758181e-02 
-2.440760e-02 
-5.326870e-02 
-2.262413e-02 
-5.220710e-02 
-2.303908e-02 
-4.509749e-02 
-1.307072e-02 
-3.255746e-02 
-2.285521e-03 
-2.256890e-02 
8.529629e-04 
-2.024864e-02 
4.182027e-03 
-1.226184e-02 
1.520620e-02 
3.445866e-03 
2.847985e-02 
1.538306e-02 
3.317922e-02 
1.548867e-02 
2.997729e-02 
1.511214e-02 
2.813745e-02 
1.441566e-02 
2.573558e-02 
1.138661e-02 
1.747746e-02 
2.080820e-03 
3.844269e-03 
-1.270187e-02 
-1.319974e-02 
-2.794592e-02 
-2.852629e-02 
-3.928692e-02 
-4.034527e-02 
-4.867133e-02 
-4.911750e-02 
-5.271286e-02 
-4.954089e-02 
-4.364979e-02 
-3.532713e-02 
-2.603075e-02 
-2.072499e-02 
-1.192994e-02 
-9.890563e-03 
1.988626e-04 
1.280152e-03 
1.312991e-02 
1.330331e-02 
2.689255e-02 
2.459513e-02 
3.825514e-02 
3.176632e-02 
4.323183e-02 
3.237982e-02 
4.445920e-02 
3.162391e-02 
4.478883e-02 
2.977578e-02 
4.219805e-02 
2.188203e-02 
3.233828e-02 
8.382998e-03 
1.952757e-02 
-6.294213e-03 
5.312662e-03 
-2.278702e-02 
-9.461332e-03 
-3.885224e-02 
-2.362838e-02 
-5.249126e-02 
-3.204146e-02 
-5.825431e-02 
-3.274482e-02 
-5.804060e-02 
-2.979247e-02 
-5.532357e-02 
-2.401384e-02 
-4.915169e-02 
-1.391550e-02 
-3.759574e-02 
2.013526e-03 
-2.030037e-02 
2.271054e-02 
-6.266225e-04 
4.266075e-02 
1.498796e-02 
5.512070e-02 
2.096576e-02 
5.817752e-02 
1.893626e-02 
5.423650e-02 
1.076149e-02 
4.507094e-02 
-1.525149e-03 
3.354532e-02 
-1.387956e-02 
2.396769e-02 
-2.348232e-02 
1.590633e-02 
-3.379994e-02 
5.890452e-03 
-4.593580e-02 
-5.076273e-03 
-5.717934e-02 
-1.261683e-02 
-6.318333e-02 
-1.442024e-02 
-6.346840e-02 
-1.072034e-02 
-5.881389e-02 
-3.365208e-03 
-5.190168e-02 
6.471551e-03 
-4.055449e-02 
2.167316e-02 
-2.487258e-02 
3.982041e-02 
-7.730723e-03 
5.763428e-02 
7.614949e-03 
7.234318e-02 
1.911623e-02 
8.352101e-02 
2.727518e-02 
9.033789e-02 
3.019923e-02 
9.194774e-02 
2.864474e-02 
9.024171e-02 
2.439593e-02 
8.523477e-02 
1.566063e-02 
7.479152e-02 
1.366684e-03 
6.006005e-02 
-1.491535e-02 
4.541037e-02 
-2.889225e-02 
3.571561e-02 
-3.574173e-02 
3.407166e-02 
-3.476706e-02 
3.926572e-02 
-2.823107e-02 
4.836427e-02 
-1.975323e-02 
5.789651e-02 
-1.110822e-02 
6.800121e-02 
-1.195699e-03 
8.026270e-02 
1.109335e-02 
9.351430e-02 
2.259467e-02 
1.055898e-01 
3.317128e-02 
1.158793e-01 
4.014320e-02 
1.206023e-01 
4.094732e-02 
1.198372e-01 
3.630127e-02 
1.125864e-01 
2.446065e-02 
9.866641e-02 
7.704993e-03 
8.137944e-02 
-1.257154e-02 
5.934648e-02 
-3.771922e-02 
3.449566e-02 
-6.217833e-02 
1.336332e-02 
-8.168426e-02 
-3.110029e-03 
-9.590884e-02 
-1.242030e-02 
-1.020925e-01 
-1.498014e-02 
-1.036061e-01 
-1.358041e-02 
-9.979102e-02 
-5.867430e-03 
-9.135663e-02 
3.943011e-03 
-8.130586e-02 
1.590253e-02 
-7.048527e-02 
2.487322e-02 
-6.267532e-02 
3.471399e-02 
-5.303640e-02 
4.368539e-02 
-4.972272e-02 
4.155737e-02 
-5.401394e-02 
3.702486e-02 
-5.841124e-02 
3.951329e-02 
-5.564745e-02 
3.981993e-02 
-6.024133e-02 
3.065072e-02 
-7.138843e-02 
2.217325e-02 
-7.663424e-02 
1.939988e-02 
-8.045024e-02 
1.327622e-02 
-9.120950e-02 
1.529336e-03 
-1.029173e-01 
-9.141708e-03 
-1.109425e-01 
-1.207932e-02 
-1.115931e-01 
-7.222404e-03 
-1.015940e-01 
7.679650e-03 
-8.405350e-02 
2.676856e-02 
-6.530920e-02 
4.565880e-02 
-4.677585e-02 
6.378293e-02 
-3.167515e-02 
7.487218e-02 
-2.710935e-02 
7.595109e-02 
-2.497483e-02 
8.113209e-02 
-1.924326e-02 
8.630028e-02 
-1.762467e-02 
8.503547e-02 
-2.139067e-02 
8.000075e-02 
-2.787338e-02 
7.334896e-02 
-3.410210e-02 
6.864028e-02 
-3.777734e-02 
6.535372e-02 
-4.260707e-02 
6.043926e-02 
-4.707087e-02 
5.671219e-02 
-5.016112e-02 
5.516974e-02 
-5.110239e-02 
5.485456e-02 
-5.211521e-02 
5.281326e-02 
-5.535088e-02 
4.968371e-02 
-5.720736e-02 
5.039255e-02 
-5.393441e-02 
5.531646e-02 
-4.882038e-02 
6.074108e-02 
-4.349945e-02 
6.656294e-02 
-3.655616e-02 
7.455377e-02 
-2.926819e-02 
7.913647e-02 
-2.953090e-02 
7.358853e-02 
-3.954952e-02 
6.063711e-02 
-5.425473e-02 
4.532705e-02 
-6.885933e-02 
3.277186e-02 
-7.829021e-02 
2.624849e-02 
-8.322478e-02 
2.177208e-02 
-8.806173e-02 
1.621091e-02 
-9.339373e-02 
1.196442e-02 
-9.659835e-02 
8.575135e-03 
-1.006965e-01 
4.641396e-03 
-1.022706e-01 
6.108446e-03 
-9.846178e-02 
1.063352e-02 
-9.373758e-02 
1.479549e-02 
-9.030146e-02 
1.703448e-02 
-8.903109e-02 
1.749243e-02 
-8.828167e-02 
1.871763e-02 
-8.592263e-02 
2.179898e-02 
-8.198801e-02 
2.604151e-02 
-7.705992e-02 
3.099311e-02 
-7.203472e-02 
3.525921e-02 
-6.838868e-02 
3.750194e-02 
-6.705356e-02 
3.730907e-02 
-6.853900e-02 
3.382041e-02 
-7.318345e-02 
2.819362e-02 
-7.823467e-02 
2.400320e-02 
-8.014953e-02 
2.449974e-02 
-7.621647e-02 
3.109757e-02 
-6.671143e-02 
4.239547e-02 
-5.365454e-02 
5.499399e-02 
-4.260311e-02 
6.264377e-02 
-3.718341e-02 
6.627966e-02 
-3.366292e-02 
6.919268e-02 
-3.008477e-02 
7.375981e-02 
-2.268243e-02 
8.293168e-02 
-1.247594e-02 
9.146272e-02 
-5.492007e-03 
9.643650e-02 
-8.465457e-04 
1.001627e-01 
2.495634e-03 
1.017236e-01 
3.345178e-03 
1.014492e-01 
3.183582e-03 
1.002752e-01 
1.825369e-03 
9.765704e-02 
-1.205482e-03 
9.252889e-02 
-7.968112e-03 
8.311644e-02 
-1.840389e-02 
7.098466e-02 
-3.091435e-02 
5.768205e-02 
-4.244469e-02 
4.839884e-02 
-4.754617e-02 
4.604526e-02 
-4.662216e-02 
4.879260e-02 
-4.089783e-02 
5.603372e-02 
-3.147951e-02 
6.567429e-02 
-2.136069e-02 
7.387509e-02 
-1.514008e-02 
7.617910e-02 
-1.522709e-02 
7.316557e-02 
-1.930700e-02 
6.711722e-02 
-2.538747e-02 
6.068155e-02 
-2.980354e-02 
5.750026e-02 
-3.077072e-02 
5.643544e-02 
-3.158469e-02 
5.399041e-02 
-3.432914e-02 
4.946999e-02 
-3.975785e-02 
4.135826e-02 
-4.853550e-02 
3.200148e-02 
-5.567994e-02 
2.608052e-02 
-5.910187e-02 
2.335915e-02 
-6.003748e-02 
2.213200e-02 
-6.105103e-02 
1.914054e-02 
-6.411089e-02 
1.600005e-02 
-6.454581e-02 
1.681853e-02 
-6.179025e-02 
1.956298e-02 
-5.698846e-02 
2.555081e-02 
-4.849843e-02 
3.391744e-02 
-3.971839e-02 
4.090053e-02 
-3.347065e-02 
4.435545e-02 
-3.144938e-02 
4.333081e-02 
-3.413159e-02 
3.701675e-02 
-4.222967e-02 
2.661817e-02 
-5.191932e-02 
1.696253e-02 
-5.928642e-02 
1.082118e-02 
-6.215779e-02 
9.485827e-03 
-6.062879e-02 
1.218625e-02 
-5.496497e-02 
1.842847e-02 
-4.810801e-02 
2.293199e-02 
-4.407824e-02 
2.581973e-02 
-4.002836e-02 
2.913516e-02 
-3.586892e-02 
3.284874e-02 
-3.044380e-02 
3.817748e-02 
-2.386467e-02 
4.398850e-02 
-1.740401e-02 
4.868291e-02 
-1.332419e-02 
5.047775e-02 
-1.133129e-02 
5.153514e-02 
-9.398285e-03 
5.230431e-02 
-8.165992e-03 
5.221952e-02 
-7.940896e-03 
5.069583e-02 
-9.595393e-03 
4.696208e-02 
-1.383807e-02 
4.020710e-02 
-2.117831e-02 
3.096392e-02 
-3.000211e-02 
2.119945e-02 
-3.827309e-02 
1.342816e-02 
-4.295170e-02 
1.046065e-02 
-4.216468e-02 
1.336261e-02 
-3.541530e-02 
2.129484e-02 
-2.577663e-02 
2.973139e-02 
-1.726901e-02 
3.620977e-02 
-1.111870e-02 
4.001890e-02 
-8.041891e-03 
4.013104e-02 
-9.271517e-03 
3.626235e-02 
-1.260174e-02 
3.273021e-02 
-1.429474e-02 
3.048290e-02 
-1.563118e-02 
2.830619e-02 
-1.650124e-02 
2.687909e-02 
-1.714855e-02 
2.434156e-02 
-2.032247e-02 
1.867141e-02 
-2.595430e-02 
1.194500e-02 
-3.157938e-02 
5.583495e-03 
-3.657372e-02 
3.117742e-04 
-4.029780e-02 
-4.008793e-03 
-4.361851e-02 
-8.339093e-03 
-4.696876e-02 
-1.222309e-02 
-4.877656e-02 
-1.294108e-02 
-4.611211e-02 
-9.012048e-03 
-3.921728e-02 
-8.860124e-04 
-2.793897e-02 
1.095113e-02 
-1.503276e-02 
2.192726e-02 
-4.528245e-03 
2.965844e-02 
1.503266e-03 
3.141782e-02 
9.326811e-04 
2.736798e-02 
-4.026793e-03 
1.996390e-02 
-1.167187e-02 
1.077969e-02 
-1.983081e-02 
2.371927e-03 
-2.611809e-02 
-3.452935e-03 
-2.985066e-02 
-7.351188e-03 
-3.215525e-02 
-9.865984e-03 
-3.318317e-02 
-1.184743e-02 
-3.484899e-02 
-1.521510e-02 
-3.775555e-02 
-1.914988e-02 
-4.047482e-02 
-2.213408e-02 
-4.151203e-02 
-2.276230e-02 
-3.973631e-02 
-2.054424e-02 
-3.546774e-02 
-1.621349e-02 
-2.925310e-02 
-1.014929e-02 
-2.194120e-02 
-3.825122e-03 
-1.465469e-02 
3.078931e-03 
-6.122507e-03 
1.093130e-02 
2.205538e-03 
1.747057e-02 
8.502238e-03 
2.123419e-02 
1.091144e-02 
1.990171e-02 
7.506627e-03 
1.290195e-02 
-6.813086e-04 
2.486825e-03 
-1.072436e-02 
-8.387832e-03 
-2.002975e-02 
-1.722248e-02 
-2.599519e-02 
-2.194267e-02 
-2.780757e-02 
-2.266845e-02 
-2.552403e-02 
-1.921043e-02 
-1.954128e-02 
-1.317841e-02 
-1.228614e-02 
-6.881769e-03 
-5.438146e-03 
-1.266974e-03 
9.757460e-04 
4.320435e-03 
7.392871e-03 
9.632149e-03 
1.332493e-02 
1.455872e-02 
1.916436e-02 
1.969970e-02 
2.545956e-02 
2.517875e-02 
3.127491e-02 
2.903630e-02 
3.469970e-02 
3.017767e-02 
3.508771e-02 
2.808967e-02 
3.268485e-02 
2.433065e-02 
2.965583e-02 
2.021401e-02 
2.610389e-02 
1.559605e-02 
2.203219e-02 
9.824448e-03 
1.572268e-02 
1.402140e-03 
7.773689e-03 
-6.644130e-03 
2.118325e-03 
-1.107055e-02 
1.086637e-03 
-9.915166e-03 
6.185879e-03 
-3.127893e-03 
1.523692e-02 
5.436461e-03 
2.455885e-02 
1.362628e-02 
3.274034e-02 
1.983016e-02 
3.876490e-02 
2.429716e-02 
4.314635e-02 
2.631210e-02 
4.408670e-02 
2.502635e-02 
4.291725e-02 
2.241262e-02 
4.028711e-02 
1.834692e-02 
3.687224e-02 
1.421407e-02 
3.353683e-02 
9.905042e-03 
2.976559e-02 
4.944287e-03 
2.482065e-02 
-1.872441e-03 
1.778632e-02 
-1.052791e-02 
9.392081e-03 
-1.967359e-02 
1.796129e-03 
-2.682703e-02 
-3.266001e-03 
-3.130118e-02 
-5.455566e-03 
-3.273517e-02 
-4.747912e-03 
-3.166089e-02 
-1.676383e-03 
-2.784744e-02 
4.414589e-03 
-2.121182e-02 
1.304877e-02 
-1.228762e-02 
2.325809e-02 
-2.936062e-03 
3.283963e-02 
5.064872e-03 
4.021479e-02 
9.273664e-03 
4.198930e-02 
7.207314e-03 
3.829311e-02 
1.060897e-03 
3.160576e-02 
-7.369998e-03 
2.329728e-02 
-1.638273e-02 
1.587763e-02 
-2.288381e-02 
1.203383e-02 
-2.605093e-02 
1.014983e-02 
-2.869060e-02 
8.201412e-03 
-3.115302e-02 
7.007504e-03 
-3.224233e-02 
7.539787e-03 
-3.172758e-02 
9.220992e-03 
-3.026760e-02 
1.221791e-02 
-2.691002e-02 
1.733734e-02 
-2.147300e-02 
2.468671e-02 
-1.358023e-02 
3.427092e-02 
-4.165604e-03 
4.439846e-02 
4.596046e-03 
5.246813e-02 
1.010974e-02 
5.685103e-02 
1.228852e-02 
5.832011e-02 
1.145627e-02 
5.638215e-02 
7.083869e-03 
5.122044e-02 
1.203597e-04 
4.399460e-02 
-8.970593e-03 
3.383637e-02 
-2.172973e-02 
2.063564e-02 
-3.530662e-02 
9.125519e-03 
-4.581614e-02 
9.798863e-04 
-5.247997e-02 
-2.085942e-03 
-5.295422e-02 
7.775984e-04 
-4.918994e-02 
5.860038e-03 
-4.459941e-02 
1.098490e-02 
-4.070778e-02 
1.448939e-02 
-3.896842e-02 
1.614477e-02 
-3.823105e-02 
1.741886e-02 
-3.791229e-02 
1.808006e-02 
-3.786198e-02 
1.919771e-02 
-3.686860e-02 
2.109016e-02 
-3.570548e-02 
2.255100e-02 
-3.542539e-02 
2.261438e-02 
-3.725146e-02 
1.996560e-02 
-4.178566e-02 
1.531057e-02 
-4.755177e-02 
9.530359e-03 
-5.477846e-02 
2.436956e-03 
-6.218004e-02 
-3.368676e-03 
-6.745008e-02 
-6.837764e-03 
-7.025458e-02 
-7.742309e-03 
-7.080229e-02 
-7.077635e-03 
-7.025365e-02 
-5.157888e-03 
-6.790662e-02 
-9.963008e-04 
-6.299433e-02 
6.062007e-03 
-5.509499e-02 
1.570822e-02 
-4.539336e-02 
2.603599e-02 
-3.643887e-02 
3.407181e-02 
-3.094999e-02 
3.816290e-02 
-2.908750e-02 
3.943568e-02 
-2.915638e-02 
3.992579e-02 
-2.861881e-02 
4.206668e-02 
-2.591950e-02 
4.620682e-02 
-2.204607e-02 
5.070239e-02 
-1.849499e-02 
5.394618e-02 
-1.684288e-02 
5.500203e-02 
-1.753120e-02 
5.430844e-02 
-1.908052e-02 
5.290806e-02 
-2.179943e-02 
4.990100e-02 
-2.619787e-02 
4.588815e-02 
-3.014731e-02 
4.332230e-02 
-3.207780e-02 
4.349034e-02 
-3.116098e-02 
4.611210e-02 
-2.797567e-02 
5.070275e-02 
-2.351169e-02 
5.641555e-02 
-1.778851e-02 
6.204054e-02 
-1.369089e-02 
6.581376e-02 
-1.148860e-02 
6.764978e-02 
-1.170238e-02 
6.639749e-02 
-1.468162e-02 
6.316895e-02 
-1.966321e-02 
5.725790e-02 
-2.701773e-02 
4.961556e-02 
-3.535413e-02 
4.296835e-02 
-4.075742e-02 
4.003304e-02 
-4.238107e-02 
4.008751e-02 
-4.253292e-02 
4.018941e-02 
-4.384029e-02 
3.854621e-02 
-4.672257e-02 
3.534600e-02 
-5.150100e-02 
3.052894e-02 
-5.685146e-02 
2.592522e-02 
-6.142738e-02 
2.266408e-02 
-6.438172e-02 
2.127603e-02 
-6.506362e-02 
2.239561e-02 
-6.306867e-02 
2.582026e-02 
-6.014916e-02 
2.872645e-02 
-5.803007e-02 
3.185240e-02 
-5.467712e-02 
3.560350e-02 
-5.299725e-02 
3.553659e-02 
-5.552619e-02 
3.180851e-02 
-6.126245e-02 
2.570941e-02 
-6.783356e-02 
2.015058e-02 
-7.364877e-02 
1.476930e-02 
-7.925469e-02 
1.055372e-02 
-8.297858e-02 
8.173723e-03 
-8.479084e-02 
8.295894e-03 
-8.372632e-02 
1.106470e-02 
-8.020095e-02 
1.637351e-02 
-7.426372e-02 
2.322714e-02 
-6.815232e-02 
2.936603e-02 
-6.296159e-02 
3.428113e-02 
-5.962007e-02 
3.720345e-02 
-5.737053e-02 
4.040251e-02 
-5.385937e-02 
4.519756e-02 
-4.862728e-02 
5.179152e-02 
-4.201337e-02 
5.885037e-02 
-3.566662e-02 
6.528971e-02 
-3.035784e-02 
6.997278e-02 
-2.739685e-02 
7.222461e-02 
-2.657090e-02 
7.256822e-02 
-2.761855e-02 
7.109003e-02 
-3.041034e-02 
6.781851e-02 
-3.483282e-02 
6.376936e-02 
-3.862447e-02 
6.158608e-02 
-4.002864e-02 
6.166609e-02 
-3.934126e-02 
6.392472e-02 
-3.645241e-02 
6.787803e-02 
-3.289970e-02 
7.143452e-02 
-3.035937e-02 
7.379852e-02 
-2.894121e-02 
7.519690e-02 
-2.826329e-02 
7.605807e-02 
-2.812629e-02 
7.617043e-02 
-2.883243e-02 
7.565861e-02 
-2.958917e-02 
7.569711e-02 
-2.947252e-02 
7.688931e-02 
-2.769141e-02 
8.030268e-02 
-2.350633e-02 
8.546735e-02 
-1.905820e-02 
8.911774e-02 
-1.748673e-02 
8.915139e-02 
-1.972129e-02 
8.550447e-02 
-2.542714e-02 
7.861692e-02 
-3.388378e-02 
6.991315e-02 
-4.299350e-02 
6.143648e-02 
-5.157908e-02 
5.350765e-02 
-5.932649e-02 
4.682611e-02 
-6.565103e-02 
4.159923e-02 
-7.005497e-02 
3.931207e-02 
-7.074884e-02 
4.046951e-02 
-6.885752e-02 
4.362418e-02 
-6.531414e-02 
4.758270e-02 
-6.217618e-02 
5.053494e-02 
-5.996854e-02 
5.225453e-02 
-5.983588e-02 
5.170924e-02 
-6.065919e-02 
5.185883e-02 
-6.042171e-02 
5.220851e-02 
-6.080292e-02 
5.170185e-02 
-6.219726e-02 
5.001052e-02 
-6.425164e-02 
4.869424e-02 
-6.542339e-02 
4.785779e-02 
-6.649191e-02 
4.742443e-02 
-6.692764e-02 
4.679360e-02 
-6.884779e-02 
4.427763e-02 
-7.211065e-02 
4.077732e-02 
-7.646864e-02 
3.628660e-02 
-8.104479e-02 
3.286694e-02 
-8.315564e-02 
3.290379e-02 
-8.154199e-02 
3.581971e-02 
-7.847439e-02 
3.953175e-02 
-7.433472e-02 
4.426806e-02 
-6.978067e-02 
4.908227e-02 
-6.463356e-02 
5.517948e-02 
-5.870518e-02 
6.027384e-02 
-5.534186e-02 
6.234526e-02 
-5.488786e-02 
6.163468e-02 
-5.673926e-02 
5.946745e-02 
-5.919566e-02 
5.720612e-02 
-6.157069e-02 
5.526223e-02 
-6.310296e-02 
5.445711e-02 
-6.380421e-02 
5.367706e-02 
-6.540802e-02 
5.152299e-02 
-6.780490e-02 
4.973986e-02 
-6.910305e-02 
4.893888e-02 
-6.978322e-02 
4.882631e-02 
-6.924869e-02 
5.010057e-02 
-6.775041e-02 
5.200531e-02 
-6.559059e-02 
5.426902e-02 
-6.387760e-02 
5.570670e-02 
-6.213445e-02 
5.840137e-02 
-5.899735e-02 
6.125290e-02 
-5.699153e-02 
6.256702e-02 
-5.664455e-02 
6.173336e-02 
-5.855582e-02 
5.949952e-02 
-6.072163e-02 
5.739155e-02 
-6.288573e-02 
5.561011e-02 
-6.401832e-02 
5.466566e-02 
-6.544227e-02 
5.288342e-02 
-6.698860e-02 
5.185092e-02 
-6.769681e-02 
5.144974e-02 
-6.706064e-02 
5.349649e-02 
-6.411707e-02 
5.644230e-02 
-6.109704e-02 
5.997527e-02 
-5.691644e-02 
6.393292e-02 
-5.389561e-02 
6.585672e-02 
-5.245834e-02 
6.693107e-02 
-5.160387e-02 
6.751314e-02 
-5.085429e-02 
6.833442e-02 
-4.982862e-02 
6.923330e-02 
-4.893361e-02 
6.989573e-02 
-4.818043e-02 
7.061589e-02 
-4.724732e-02 
7.119095e-02 
-4.692764e-02 
7.147586e-02 
-4.588296e-02 
7.261679e-02 
-4.523845e-02 
7.205561e-02 
-4.614742e-02 
7.090550e-02 
-4.755000e-02 
6.843423e-02 
-5.007817e-02 
6.656635e-02 
-5.070421e-02 
6.606415e-02 
-5.098388e-02 
6.607571e-02 
-4.979519e-02 
6.758105e-02 
-4.804589e-02 
6.927644e-02 
-4.558416e-02 
7.160051e-02 
-4.355453e-02 
7.289788e-02 
-4.180177e-02 
7.465147e-02 
-4.013681e-02 
7.515964e-02 
-4.003516e-02 
7.467037e-02 
-4.025094e-02 
7.449165e-02 
-3.927879e-02 
7.601231e-02 
-3.715116e-02 
7.764406e-02 
-3.490777e-02 
8.024469e-02 
-3.182907e-02 
8.202937e-02 
-3.112227e-02 
8.118377e-02 
-3.252848e-02 
7.849244e-02 
-3.559977e-02 
7.467406e-02 
-3.911376e-02 
7.051321e-02 
-4.315261e-02 
6.615261e-02 
-4.654150e-02 
6.321458e-02 
-4.799095e-02 
6.218668e-02 
-4.835175e-02 
6.103837e-02 
-4.908855e-02 
6.093453e-02 
-4.688083e-02 
6.380093e-02 
-4.395759e-02 
6.489581e-02 
-4.336850e-02 
6.489348e-02 
-4.248437e-02 
6.534169e-02 
-4.209153e-02 
6.428317e-02 
-4.328423e-02 
6.247962e-02 
-4.432112e-02 
6.093660e-02 
-4.556468e-02 
5.883833e-02 
-4.734927e-02 
5.629169e-02 
-4.909524e-02 
5.463428e-02 
-4.968310e-02 
5.331213e-02 
-5.064862e-02 
5.222368e-02 
-5.014236e-02 
5.226891e-02 
-5.046819e-02 
5.043560e-02 
-5.163256e-02 
4.864610e-02 
-5.381247e-02 
4.444904e-02 
-5.740385e-02 
4.151988e-02 
-5.849865e-02 
3.997623e-02 
-5.901486e-02 
3.996816e-02 
-5.721866e-02 
4.110652e-02 
-5.573344e-02 
4.213277e-02 
-5.333505e-02 
4.372391e-02 
-5.201349e-02 
4.341535e-02 
-5.171364e-02 
4.297234e-02 
-5.188137e-02 
4.145809e-02 
-5.265811e-02 
4.035306e-02 
-5.262828e-02 
3.943479e-02 
-5.322862e-02 
3.758170e-02 
-5.454538e-02 
3.535224e-02 
-5.590856e-02 
3.344134e-02 
-5.648912e-02 
3.254065e-02 
-5.621657e-02 
3.216702e-02 
-5.552028e-02 
3.220395e-02 
-5.462652e-02 
3.193307e-02 
-5.437393e-02 
3.110687e-02 
-5.458961e-02 
2.938000e-02 
-5.616024e-02 
2.639236e-02 
-5.829870e-02 
2.366236e-02 
-5.936818e-02 
2.285228e-02 
-5.785668e-02 
2.468743e-02 
-5.389622e-02 
2.900288e-02 
-4.735385e-02 
3.512514e-02 
-4.085245e-02 
3.930739e-02 
-3.708018e-02 
4.103527e-02 
-3.527363e-02 
4.072849e-02 
-3.588876e-02 
3.783547e-02 
-3.863007e-02 
3.399079e-02 
-4.091397e-02 
3.105782e-02 
-4.300432e-02 
2.761744e-02 
-4.522553e-02 
2.486593e-02 
-4.677608e-02 
2.169968e-02 
-4.948730e-02 
1.796177e-02 
-5.161980e-02 
1.524381e-02 
-5.282707e-02 
1.343718e-02 
-5.288957e-02 
1.289705e-02 
-5.197381e-02 
1.255625e-02 
-5.176991e-02 
1.111446e-02 
-5.195697e-02 
1.042020e-02 
-5.146980e-02 
8.777421e-03 
-5.279353e-02 
7.008413e-03 
-5.145580e-02 
8.671217e-03 
-4.867109e-02 
9.591273e-03 
-4.645505e-02 
1.147724e-02 
-4.296508e-02 
1.328514e-02 
-4.083621e-02 
1.341955e-02 
-4.032421e-02 
1.187816e-02 
-4.131605e-02 
9.206078e-03 
-4.333709e-02 
5.027954e-03 
-4.700647e-02 
5.308968e-04 
-4.904078e-02 
-1.962598e-03 
-5.042007e-02 
-4.900575e-03 
-5.162219e-02 
-6.050646e-03 
-5.033052e-02 
-5.713966e-03 
-4.876231e-02 
-4.961679e-03 
-4.571004e-02 
-2.251563e-03 
-4.134200e-02 
8.871142e-04 
-3.674274e-02 
4.527966e-03 
-3.149809e-02 
8.709520e-03 
-2.606203e-02 
1.203977e-02 
-2.263608e-02 
1.372064e-02 
-1.885249e-02 
1.684647e-02 
-1.525605e-02 
1.750184e-02 
-1.364564e-02 
1.873010e-02 
-1.062467e-02 
1.983446e-02 
-8.296498e-03 
2.147871e-02 
-5.714346e-03 
2.034786e-02 
-7.456336e-03 
1.782541e-02 
-7.336528e-03 
1.566848e-02 
-1.003338e-02 
1.223488e-02 
-9.053361e-03 
1.339663e-02 
-7.708379e-03 
1.291286e-02 
-4.223926e-03 
1.790176e-02 
2.319525e-03 
2.213527e-02 
9.084644e-03 
2.971424e-02 
1.792026e-02 
3.483177e-02 
2.335249e-02 
4.004895e-02 
3.084175e-02 
4.505040e-02 
3.581148e-02 
4.840441e-02 
4.057476e-02 
5.081452e-02 
4.314385e-02 
5.096567e-02 
4.303009e-02 
4.666014e-02 
3.800729e-02 
4.016369e-02 
3.351177e-02 
3.329234e-02 
2.637623e-02 
2.454814e-02 
2.039774e-02 
1.836536e-02 
1.596676e-02 
1.287666e-02 
1.265777e-02 
8.202610e-03 
8.686118e-03 
2.755743e-03 
5.769708e-03 
-9.312130e-04 
2.934917e-03 
-5.854922e-03 
-1.749418e-04 
-9.470481e-03 
-2.007860e-03 
-1.256675e-02 
-2.428319e-03 
-1.233838e-02 
5.847989e-04 
-1.048985e-02 
4.310317e-03 
-6.943810e-03 
1.040002e-02 
-2.481105e-03 
1.509201e-02 
-2.007434e-04 
1.843453e-02 
1.153907e-03 
1.988249e-02 
-3.159431e-04 
1.889822e-02 
-3.248778e-03 
1.689748e-02 
-7.261928e-03 
1.381034e-02 
-1.208439e-02 
1.000612e-02 
-1.789828e-02 
5.192651e-03 
-2.436159e-02 
-3.449458e-04 
-3.198282e-02 
-6.522147e-03 
-3.833987e-02 
-9.488447e-03 
-4.086209e-02 
-9.224763e-03 
-4.079870e-02 
-6.643277e-03 
-3.904935e-02 
-3.545517e-03 
-3.752509e-02 
-6.635979e-04 
-3.622136e-02 
1.564174e-03 
-3.583448e-02 
3.301369e-03 
-3.515461e-02 
5.784850e-03 
-3.339269e-02 
9.869819e-03 
-2.998343e-02 
1.458399e-02 
-2.723382e-02 
1.834500e-02 
-2.476164e-02 
2.209608e-02 
-2.316082e-02 
2.370891e-02 
-2.436466e-02 
2.251072e-02 
-2.811186e-02 
1.936303e-02 
-3.246311e-02 
1.715797e-02 
-3.530809e-02 
1.542199e-02 
-3.967744e-02 
1.085735e-02 
-4.588452e-02 
7.384474e-03 
-4.877042e-02 
6.467121e-03 
-5.169984e-02 
4.510487e-03 
-5.342174e-02 
6.780547e-03 
-5.030060e-02 
1.229811e-02 
-4.512381e-02 
1.986173e-02 
-3.821686e-02 
2.787466e-02 
-3.181213e-02 
3.542257e-02 
-2.602063e-02 
4.085672e-02 
-2.403073e-02 
4.253823e-02 
-2.402076e-02 
4.394394e-02 
-2.330566e-02 
4.687534e-02 
-2.071084e-02 
5.047657e-02 
-1.974485e-02 
5.114719e-02 
-2.050445e-02 
5.253319e-02 
-1.941701e-02 
5.475953e-02 
-1.939810e-02 
5.439440e-02 
-2.216026e-02 
5.248613e-02 
-2.480629e-02 
5.135291e-02 
-2.716698e-02 
5.000276e-02 
-2.918198e-02 
5.003270e-02 
-2.976197e-02 
5.042476e-02 
-3.049882e-02 
5.128149e-02 
-3.018451e-02 
5.273794e-02 
-3.018438e-02 
5.339773e-02 
-3.073362e-02 
5.394235e-02 
-3.127136e-02 
5.426911e-02 
-3.225324e-02 
5.425728e-02 
-3.272513e-02 
5.594806e-02 
-3.126919e-02 
5.795811e-02 
-3.163238e-02 
5.740455e-02 
-3.340283e-02 
5.705504e-02 
-3.441972e-02 
5.672096e-02 
-3.645198e-02 
5.459746e-02 
-4.049598e-02 
5.114219e-02 
-4.439732e-02 
4.909352e-02 
-4.654386e-02 
4.834484e-02 
-4.763166e-02 
4.881843e-02 
-4.778721e-02 
4.914397e-02 
-4.875127e-02 
4.918612e-02 
-4.895279e-02 
5.037938e-02 
-4.846891e-02 
5.165882e-02 
-4.769132e-02 
5.395342e-02 
-4.539054e-02 
5.752280e-02 
-4.279992e-02 
6.009910e-02 
-4.148459e-02 
6.255890e-02 
-3.930508e-02 
6.501525e-02 
-3.898147e-02 
6.476368e-02 
-4.031934e-02 
6.435773e-02 
-4.133503e-02 
6.390662e-02 
-4.261808e-02 
6.292401e-02 
-4.465984e-02 
6.176634e-02 
-4.557951e-02 
6.219116e-02 
-4.586662e-02 
6.198417e-02 
-4.699909e-02 
6.151315e-02 
-4.774004e-02 
6.196885e-02 
-4.727195e-02 
6.245820e-02 
-4.897318e-02 
6.059011e-02 
-4.979644e-02 
6.258954e-02 
-4.791134e-02 
6.344630e-02 
-4.862365e-02 
6.379113e-02 
-4.766313e-02 
6.601494e-02 
-4.479883e-02 
7.034411e-02 
-4.196090e-02 
7.036245e-02 
-4.453902e-02 
6.953065e-02 
-4.322965e-02 
7.100086e-02 
-4.511045e-02 
6.758909e-02 
-4.792065e-02 
6.665192e-02 
-4.912030e-02 
6.533085e-02 
-5.071527e-02 
6.386935e-02 
-5.327334e-02 
6.168358e-02 
-5.375959e-02 
6.347885e-02 
-5.242340e-02 
6.372813e-02 
-5.192438e-02 
6.685421e-02 
-4.758426e-02 
7.014557e-02 
-4.691943e-02 
6.987626e-02 
-4.657338e-02 
7.192672e-02 
-4.405685e-02 
7.340727e-02 
-4.530944e-02 
7.016349e-02 
-4.852441e-02 
6.864007e-02 
-4.967930e-02 
6.614045e-02 
-5.347413e-02 
6.310324e-02 
-5.509014e-02 
6.175297e-02 
-5.734421e-02 
5.932765e-02 
-5.897752e-02 
5.799882e-02 
-6.111558e-02 
5.506227e-02 
-6.383864e-02 
5.272399e-02 
-6.647133e-02 
4.903972e-02 
-7.106736e-02 
4.376859e-02 
-7.612889e-02 
3.978042e-02 
-7.810634e-02 
3.904516e-02 
-7.874730e-02 
3.759304e-02 
-7.984963e-02 
3.770648e-02 
-7.782036e-02 
4.081279e-02 
-7.414187e-02 
4.368185e-02 
-7.217070e-02 
4.476491e-02 
-7.065846e-02 
4.605054e-02 
-7.045806e-02 
4.369891e-02 
-7.393856e-02 
4.005665e-02 
-7.677008e-02 
3.655880e-02 
-8.100264e-02 
3.111875e-02 
-8.629178e-02 
2.619008e-02 
-8.910015e-02 
2.524568e-02 
-8.826252e-02 
2.536717e-02 
-8.914823e-02 
2.292063e-02 
-9.119603e-02 
2.148863e-02 
-9.062791e-02 
2.247638e-02 
-8.985961e-02 
2.140202e-02 
-9.024202e-02 
2.294986e-02 
-8.597900e-02 
2.588117e-02 
-8.572764e-02 
2.343679e-02 
-8.648784e-02 
2.547337e-02 
-8.038336e-02 
3.368744e-02 
-7.012339e-02 
4.273014e-02 
-6.296339e-02 
4.691106e-02 
-5.865825e-02 
5.104215e-02 
-5.484418e-02 
5.116335e-02 
-5.710065e-02 
4.707675e-02 
-5.986011e-02 
4.478400e-02 
-6.051847e-02 
4.400290e-02 
-6.021376e-02 
4.390286e-02 
-5.875360e-02 
4.605638e-02 
-5.444287e-02 
5.015344e-02 
-4.959160e-02 
5.429278e-02 
-4.416109e-02 
5.940893e-02 
-3.807150e-02 
6.433423e-02 
-3.288685e-02 
6.806251e-02 
-2.866045e-02 
7.135880e-02 
-2.454414e-02 
7.429793e-02 
-2.085461e-02 
7.735690e-02 
-1.665060e-02 
8.032397e-02 
-1.311031e-02 
8.331004e-02 
-7.982351e-03 
8.820762e-02 
-2.700753e-03 
9.156516e-02 
1.766927e-03 
9.594122e-02 
7.379717e-03 
9.947263e-02 
1.034954e-02 
1.000749e-01 
1.025147e-02 
9.558101e-02 
2.665903e-03 
8.379504e-02 
-8.779411e-03 
7.295105e-02 
-1.652466e-02 
6.402224e-02 
-2.534467e-02 
5.560481e-02 
-2.929514e-02 
5.459539e-02 
-2.561874e-02 
5.654833e-02 
-2.483703e-02 
5.514157e-02 
-2.509474e-02 
5.409183e-02 
-2.494278e-02 
5.287110e-02 
-2.462253e-02 
5.351983e-02 
-2.174612e-02 
5.413163e-02 
-2.174871e-02 
5.158311e-02 
-2.333791e-02 
4.976672e-02 
-2.349336e-02 
4.653781e-02 
-2.704681e-02 
4.128973e-02 
-3.035250e-02 
3.788013e-02 
-3.189710e-02 
3.462810e-02 
-3.460685e-02 
3.010890e-02 
-3.792948e-02 
2.600392e-02 
-3.970510e-02 
2.259621e-02 
-4.370085e-02 
1.502486e-02 
-5.148092e-02 
5.630952e-03 
-5.883289e-02 
-3.092111e-03 
-6.661028e-02 
-1.204485e-02 
-7.263052e-02 
-1.679789e-02 
-7.293307e-02 
-1.584736e-02 
-6.852661e-02 
-1.132602e-02 
-6.198948e-02 
-7.151157e-03 
-5.754224e-02 
-4.669375e-03 
-5.369271e-02 
-2.662829e-03 
-5.165518e-02 
-3.934137e-03 
-5.172420e-02 
-3.911059e-03 
-4.827756e-02 
-1.320341e-03 
-4.532862e-02 
-1.732927e-03 
-4.538646e-02 
-3.405890e-03 
-4.555837e-02 
-5.674635e-03 
-4.716388e-02 
-9.422566e-03 
-4.910561e-02 
-1.199414e-02 
-4.942751e-02 
-1.325405e-02 
-4.826962e-02 
-1.286098e-02 
-4.595021e-02 
-1.192902e-02 
-4.271829e-02 
-8.804674e-03 
-3.688930e-02 
-4.808902e-03 
-3.234887e-02 
-2.102307e-03 
-2.747670e-02 
1.605951e-03 
-2.193658e-02 
6.344175e-03 
-1.389178e-02 
1.478493e-02 
-2.569659e-03 
2.510984e-02 
9.811900e-03 
3.576811e-02 
2.076528e-02 
4.282992e-02 
2.692477e-02 
4.481581e-02 
2.766181e-02 
4.076305e-02 
2.248962e-02 
3.272251e-02 
1.655470e-02 
2.665691e-02 
1.377674e-02 
2.337798e-02 
1.267741e-02 
2.115564e-02 
1.293917e-02 
2.035434e-02 
1.297500e-02 
1.662191e-02 
9.117653e-03 
1.166429e-02 
8.423469e-03 
1.164211e-02 
1.019484e-02 
1.067381e-02 
1.091033e-02 
1.180932e-02 
1.601333e-02 
1.533509e-02 
1.841813e-02 
1.236689e-02 
1.501475e-02 
8.068428e-03 
1.487920e-02 
8.259481e-03 
1.667458e-02 
7.248146e-03 
1.724914e-02 
8.099950e-03 
2.185531e-02 
1.067031e-02 
2.257207e-02 
5.768022e-03 
1.798474e-02 
1.518604e-03 
1.843218e-02 
1.553392e-03 
1.825986e-02 
-4.098456e-03 
1.042569e-02 
-1.587623e-02 
-5.363577e-04 
-2.872058e-02 
-1.226388e-02 
-4.236233e-02 
-2.279693e-02 
-5.013486e-02 
-2.244295e-02 
-4.514203e-02 
-1.235864e-02 
-3.694859e-02 
-5.553165e-03 
-3.562453e-02 
-6.187885e-03 
-4.078150e-02 
-1.175534e-02 
-4.818838e-02 
-1.561235e-02 
-5.021499e-02 
-1.275779e-02 
-4.665608e-02 
-6.166968e-03 
-4.088285e-02 
6.884018e-04 
-3.781623e-02 
2.076298e-03 
-4.048945e-02 
4.147582e-04 
-4.260148e-02 
1.173768e-03 
-4.290471e-02 
2.284524e-03 
-4.311797e-02 
4.755959e-03 
-4.039075e-02 
1.049428e-02 
-3.561944e-02 
1.637823e-02 
-3.246232e-02 
1.929393e-02 
-3.288221e-02 
1.892338e-02 
-3.551397e-02 
1.753256e-02 
-3.847209e-02 
1.584311e-02 
-4.188434e-02 
1.398085e-02 
-4.410724e-02 
1.577928e-02 
-4.038196e-02 
2.391451e-02 
-3.171461e-02 
3.522909e-02 
-2.115790e-02 
4.695592e-02 
-1.235453e-02 
5.466391e-02 
-9.174796e-03 
5.550315e-02 
-1.362109e-02 
5.026123e-02 
-1.885867e-02 
5.074675e-02 
-1.547249e-02 
5.723591e-02 
-1.067193e-02 
6.302779e-02 
-6.006427e-03 
6.817445e-02 
-5.437426e-03 
6.538762e-02 
-1.308560e-02 
5.868289e-02 
-1.854645e-02 
5.779950e-02 
-1.865628e-02 
5.944770e-02 
-1.840355e-02 
6.110589e-02 
-1.797635e-02 
6.171519e-02 
-2.064401e-02 
5.850116e-02 
-2.572111e-02 
5.504370e-02 
-2.975191e-02 
5.254267e-02 
-3.316386e-02 
5.093644e-02 
-3.506966e-02 
5.103322e-02 
-3.565326e-02 
5.185715e-02 
-3.545736e-02 
5.418299e-02 
-3.309507e-02 
5.859249e-02 
-2.927624e-02 
6.335126e-02 
-2.708870e-02 
6.347902e-02 
-3.215094e-02 
5.591195e-02 
-4.286292e-02 
4.562436e-02 
-5.344544e-02 
3.862696e-02 
-5.736632e-02 
3.958027e-02 
-5.582251e-02 
4.122102e-02 
-5.695372e-02 
3.999060e-02 
-5.948179e-02 
3.803458e-02 
-6.311919e-02 
3.457180e-02 
-6.813512e-02 
3.018707e-02 
-7.306236e-02 
2.753764e-02 
-7.452222e-02 
2.901544e-02 
-7.233420e-02 
3.333307e-02 
-6.777290e-02 
3.917445e-02 
-6.343452e-02 
4.293762e-02 
-6.173317e-02 
4.489884e-02 
-6.063653e-02 
4.680118e-02 
-5.934179e-02 
4.939679e-02 
-5.676861e-02 
5.324075e-02 
-5.348957e-02 
5.731182e-02 
-4.990883e-02 
6.186144e-02 
-4.619654e-02 
6.541549e-02 
-4.463509e-02 
6.638950e-02 
-4.505223e-02 
6.630258e-02 
-4.637104e-02 
6.410577e-02 
-5.110284e-02 
5.908203e-02 
-5.518648e-02 
5.939600e-02 
-5.111693e-02 
6.673856e-02 
-4.407412e-02 
7.277032e-02 
-4.066843e-02 
7.480138e-02 
-4.099566e-02 
7.270221e-02 
-4.579298e-02 
6.730201e-02 
-5.088910e-02 
6.486220e-02 
-5.100098e-02 
6.779036e-02 
-4.630419e-02 
7.434368e-02 
-3.983456e-02 
8.036943e-02 
-3.570039e-02 
8.283204e-02 
-3.605494e-02 
8.026680e-02 
-4.072255e-02 
7.538745e-02 
-4.538999e-02 
7.212593e-02 
-4.748630e-02 
7.160732e-02 
-4.776179e-02 
7.091887e-02 
-4.987797e-02 
6.829065e-02 
-5.292454e-02 
6.519068e-02 
-5.652850e-02 
6.176192e-02 
-5.972716e-02 
5.896714e-02 
-6.306331e-02 
5.486456e-02 
-6.793814e-02 
5.005562e-02 
-7.221860e-02 
4.705814e-02 
-7.360800e-02 
4.766256e-02 
-7.095156e-02 
5.238170e-02 
-6.511873e-02 
5.777692e-02 
-6.152376e-02 
5.914516e-02 
-6.203553e-02 
5.701895e-02 
-6.542477e-02 
5.310863e-02 
-6.839593e-02 
5.176767e-02 
-6.798072e-02 
5.343875e-02 
-6.508486e-02 
5.657823e-02 
-6.297365e-02 
5.581785e-02 
-6.671382e-02 
4.955078e-02 
-7.401514e-02 
4.184698e-02 
-8.062828e-02 
3.686077e-02 
-8.321215e-02 
3.576929e-02 
-8.312627e-02 
3.591118e-02 
-8.264020e-02 
3.609273e-02 
-8.215983e-02 
3.623783e-02 
-8.208715e-02 
3.507614e-02 
-8.367081e-02 
3.350133e-02 
-8.303412e-02 
3.634151e-02 
-7.756084e-02 
4.286148e-02 
-6.985403e-02 
5.022656e-02 
-6.299444e-02 
5.492472e-02 
-5.920148e-02 
5.814320e-02 
-5.481799e-02 
6.223385e-02 
-5.124612e-02 
6.352098e-02 
-5.098415e-02 
6.210512e-02 
-5.316765e-02 
5.770735e-02 
-5.826063e-02 
5.215139e-02 
-6.138216e-02 
5.132579e-02 
-5.898392e-02 
5.441365e-02 
-5.560388e-02 
5.550431e-02 
-5.608309e-02 
5.232252e-02 
-5.991190e-02 
4.744142e-02 
-6.348825e-02 
4.442830e-02 
-6.405646e-02 
4.545688e-02 
-5.970865e-02 
5.100835e-02 
-5.279603e-02 
5.653923e-02 
-4.739035e-02 
6.069874e-02 
-4.274965e-02 
6.379070e-02 
-3.985800e-02 
6.529413e-02 
-3.732354e-02 
6.752832e-02 
-3.382639e-02 
7.008922e-02 
-3.100243e-02 
7.103084e-02 
-3.011017e-02 
7.059148e-02 
-2.977016e-02 
6.940413e-02 
-3.126397e-02 
6.574033e-02 
-3.464117e-02 
6.115174e-02 
-3.849448e-02 
5.609944e-02 
-4.252467e-02 
5.123977e-02 
-4.621256e-02 
4.708885e-02 
-4.770687e-02 
4.697543e-02 
-4.467912e-02 
5.020240e-02 
-3.952006e-02 
5.494297e-02 
-3.407872e-02 
5.754282e-02 
-3.262515e-02 
5.636196e-02 
-3.331019e-02 
5.411186e-02 
-3.471937e-02 
5.216416e-02 
-3.391063e-02 
5.343460e-02 
-3.081063e-02 
5.521860e-02 
-2.841017e-02 
5.526021e-02 
-2.929205e-02 
5.056937e-02 
-3.476419e-02 
4.309386e-02 
-4.086382e-02 
3.645478e-02 
-4.499777e-02 
3.264022e-02 
-4.643585e-02 
3.007799e-02 
-4.847549e-02 
2.574927e-02 
-5.220207e-02 
2.053039e-02 
-5.586541e-02 
1.621723e-02 
-5.796375e-02 
1.369583e-02 
-5.839691e-02 
1.254740e-02 
-5.755520e-02 
1.305193e-02 
-5.424045e-02 
1.647402e-02 
-4.846001e-02 
2.127955e-02 
-4.212444e-02 
2.640302e-02 
-3.565638e-02 
3.074830e-02 
-3.133026e-02 
3.185289e-02 
-3.063139e-02 
2.956548e-02 
-3.270780e-02 
2.510052e-02 
-3.634243e-02 
2.026952e-02 
-3.809277e-02 
1.966288e-02 
-3.504699e-02 
2.184988e-02 
-3.210318e-02 
2.240147e-02 
-3.095183e-02 
2.061336e-02 
-3.332217e-02 
1.520914e-02 
-3.702728e-02 
1.169467e-02 
-3.706826e-02 
1.163749e-02 
-3.430016e-02 
1.431498e-02 
-2.880813e-02 
1.896485e-02 
-2.257130e-02 
2.334691e-02 
-1.702381e-02 
2.686160e-02 
-1.261436e-02 
2.911959e-02 
-8.866321e-03 
3.200648e-02 
-3.179051e-03 
3.728569e-02 
4.213706e-03 
4.282985e-02 
1.054202e-02 
4.657250e-02 
1.479225e-02 
4.808108e-02 
1.671321e-02 
4.733622e-02 
1.662703e-02 
4.471335e-02 
1.467476e-02 
4.034153e-02 
1.149704e-02 
3.546187e-02 
8.122195e-03 
3.033134e-02 
4.880492e-03 
2.649395e-02 
4.206077e-03 
2.552929e-02 
5.458814e-03 
2.523236e-02 
6.829866e-03 
2.469336e-02 
6.786916e-03 
2.114271e-02 
3.134328e-03 
1.495472e-02 
-1.154268e-03 
1.044269e-02 
-1.544270e-03 
1.149784e-02 
3.642129e-03 
1.584744e-02 
8.908164e-03 
1.820032e-02 
1.193686e-02 
1.872019e-02 
1.299373e-02 
1.711831e-02 
1.265533e-02 
1.518239e-02 
1.220254e-02 
1.234447e-02 
9.988391e-03 
7.595895e-03 
6.130779e-03 
1.290962e-03 
9.158265e-04 
-5.579665e-03 
-4.148575e-03 
-1.267650e-02 
-1.053626e-02 
-2.152192e-02 
-1.760289e-02 
-2.903561e-02 
-2.162021e-02 
-3.261284e-02 
-2.147558e-02 
-3.231364e-02 
-1.814508e-02 
-2.933757e-02 
-1.214095e-02 
-2.381730e-02 
-4.519219e-03 
-1.828122e-02 
1.547715e-03 
-1.519379e-02 
4.862816e-03 
-1.490306e-02 
5.577570e-03 
-1.661554e-02 
5.071558e-03 
-1.878092e-02 
4.962962e-03 
-1.951889e-02 
7.170257e-03 
-1.781913e-02 
1.099947e-02 
-1.561061e-02 
1.448235e-02 
-1.448749e-02 
1.580818e-02 
-1.660703e-02 
1.360741e-02 
-2.138155e-02 
1.012994e-02 
-2.627836e-02 
7.365477e-03 
-2.965737e-02 
6.805043e-03 
-3.057191e-02 
8.388226e-03 
-2.996984e-02 
1.088661e-02 
-2.881770e-02 
1.389221e-02 
-2.677144e-02 
1.833793e-02 
-2.301271e-02 
2.436328e-02 
-1.795954e-02 
3.132095e-02 
-1.249937e-02 
3.792431e-02 
-7.981799e-03 
4.340230e-02 
-4.673410e-03 
4.711874e-02 
-3.961441e-03 
4.783600e-02 
-5.956738e-03 
4.395473e-02 
-1.948788e-02 
