9.806650e+02 
1.000000e-02 
-2.141404e-04 
-3.161120e-04 
-6.322241e-04 
-1.172674e-03 
-1.590757e-03 
-1.417406e-03 
-5.812382e-04 
3.365064e-04 
7.036042e-04 
4.486751e-04 
9.177446e-05 
4.078865e-05 
2.447319e-04 
3.976893e-04 
3.467035e-04 
1.325631e-04 
-1.427603e-04 
-4.384780e-04 
-6.118297e-04 
-5.098581e-04 
-9.177446e-05 
4.180836e-04 
7.036042e-04 
6.832099e-04 
5.506468e-04 
5.914354e-04 
7.749843e-04 
7.647872e-04 
3.161120e-04 
-3.874922e-04 
-9.279418e-04 
-1.050308e-03 
-9.177446e-04 
-7.341957e-04 
-4.384780e-04 
1.631546e-04 
1.111491e-03 
2.080221e-03 
2.600276e-03 
2.273967e-03 
1.070702e-03 
-6.526184e-04 
-2.375939e-03 
-3.579204e-03 
-3.752556e-03 
-2.457516e-03 
1.631546e-04 
3.048951e-03 
4.690695e-03 
4.384780e-03 
2.773628e-03 
8.769559e-04 
-9.585332e-04 
-2.814417e-03 
-4.191034e-03 
-4.119654e-03 
-2.375939e-03 
7.138013e-05 
2.090418e-03 
3.436444e-03 
4.293005e-03 
4.252217e-03 
2.722642e-03 
2.447319e-04 
-1.519377e-03 
-1.468391e-03 
-2.855205e-04 
7.239985e-04 
1.264448e-03 
2.059827e-03 
3.273289e-03 
3.936105e-03 
3.354866e-03 
2.233179e-03 
1.815095e-03 
2.161798e-03 
2.192390e-03 
1.305237e-03 
2.345347e-04 
-7.138013e-05 
1.733518e-04 
8.157730e-05 
-3.874922e-04 
-1.733518e-04 
1.376617e-03 
3.354866e-03 
4.180836e-03 
3.263092e-03 
1.335828e-03 
-6.424212e-04 
-2.243376e-03 
-3.171317e-03 
-2.865403e-03 
-1.131885e-03 
1.152279e-03 
2.457516e-03 
2.151601e-03 
1.080899e-03 
4.894638e-04 
4.894638e-04 
1.631546e-04 
-9.789276e-04 
-2.121010e-03 
-2.080221e-03 
-7.851815e-04 
7.341957e-04 
1.784503e-03 
2.804220e-03 
4.343991e-03 
5.679819e-03 
5.271933e-03 
2.630868e-03 
-8.259701e-04 
-3.181515e-03 
-3.966696e-03 
-3.997288e-03 
-3.721964e-03 
-2.661459e-03 
-5.200553e-04 
1.927264e-03 
3.803541e-03 
5.231144e-03 
6.617958e-03 
7.280774e-03 
5.924551e-03 
2.590079e-03 
-8.667588e-04 
-2.743037e-03 
-3.079543e-03 
-2.692051e-03 
-1.651940e-03 
2.549291e-04 
2.243376e-03 
2.967374e-03 
2.273967e-03 
1.570363e-03 
1.937461e-03 
2.977571e-03 
3.752556e-03 
3.987090e-03 
3.854527e-03 
3.222303e-03 
2.080221e-03 
1.223659e-03 
1.437800e-03 
2.273967e-03 
2.314756e-03 
6.832099e-04 
-2.090418e-03 
-4.609117e-03 
-5.384102e-03 
-3.375261e-03 
1.305237e-03 
6.852493e-03 
1.068663e-02 
1.135964e-02 
9.401783e-03 
6.189677e-03 
2.702248e-03 
-5.710411e-04 
-3.191712e-03 
-5.006807e-03 
-6.230466e-03 
-6.883084e-03 
-6.240663e-03 
-3.569007e-03 
8.259701e-04 
5.608439e-03 
9.289615e-03 
1.080899e-02 
9.615924e-03 
6.016326e-03 
1.447997e-03 
-2.212784e-03 
-3.946302e-03 
-3.956499e-03 
-2.753234e-03 
-6.424212e-04 
1.733518e-03 
3.416049e-03 
4.068668e-03 
4.435766e-03 
5.027201e-03 
4.864046e-03 
2.426925e-03 
-2.070024e-03 
-6.199875e-03 
-7.535703e-03 
-5.669622e-03 
-1.957855e-03 
2.008841e-03 
5.067990e-03 
6.342635e-03 
5.577848e-03 
3.701570e-03 
2.294361e-03 
1.978249e-03 
1.845686e-03 
8.769559e-04 
-5.404496e-04 
-7.851815e-04 
1.315434e-03 
5.180158e-03 
8.779757e-03 
9.932036e-03 
7.688660e-03 
2.997966e-03 
-1.794701e-03 
-4.680497e-03 
-5.333116e-03 
-4.772272e-03 
-3.946302e-03 
-2.671656e-03 
-2.549291e-04 
3.273289e-03 
6.607761e-03 
7.790632e-03 
5.639031e-03 
6.526184e-04 
-5.190356e-03 
-9.962627e-03 
-1.316454e-02 
-1.504081e-02 
-1.494904e-02 
-1.132905e-02 
-4.048273e-03 
3.885119e-03 
8.484039e-03 
8.708376e-03 
7.005450e-03 
5.720608e-03 
4.119654e-03 
1.631546e-04 
-5.547256e-03 
-9.585332e-03 
-9.503755e-03 
-6.546578e-03 
-3.334472e-03 
-2.753234e-04 
4.293005e-03 
1.061525e-02 
1.570363e-02 
1.614211e-02 
1.169614e-02 
5.526862e-03 
9.687304e-04 
-7.545900e-04 
-6.118297e-05 
2.457516e-03 
6.291649e-03 
1.020736e-02 
1.262409e-02 
1.278724e-02 
1.127806e-02 
9.167249e-03 
6.862690e-03 
4.282808e-03 
1.519377e-03 
-1.050308e-03 
-3.099937e-03 
-4.456160e-03 
-4.609117e-03 
-2.743037e-03 
1.223659e-03 
5.669622e-03 
7.821223e-03 
5.842974e-03 
3.772950e-04 
-5.822580e-03 
-9.799473e-03 
-1.012578e-02 
-7.331760e-03 
-3.222303e-03 
3.059149e-05 
6.526184e-04 
-2.080221e-03 
-7.280774e-03 
-1.247113e-02 
-1.465332e-02 
-1.231817e-02 
-6.821901e-03 
-1.417406e-03 
1.315434e-03 
1.295040e-03 
1.427603e-04 
-7.443928e-04 
-9.483361e-04 
-3.976893e-04 
1.070702e-03 
3.150923e-03 
4.945624e-03 
5.771594e-03 
5.904157e-03 
6.046917e-03 
6.332438e-03 
6.169283e-03 
4.966018e-03 
2.957177e-03 
1.152279e-03 
7.545900e-04 
2.355544e-03 
5.526862e-03 
9.197840e-03 
1.252212e-02 
1.490825e-02 
1.548949e-02 
1.328690e-02 
8.647193e-03 
3.905513e-03 
1.692729e-03 
2.467713e-03 
4.262414e-03 
4.966018e-03 
3.997288e-03 
1.957855e-03 
-5.404496e-04 
-2.895994e-03 
-4.211428e-03 
-3.844330e-03 
-2.110813e-03 
5.098581e-05 
1.998644e-03 
3.619993e-03 
4.996609e-03 
6.393621e-03 
8.218913e-03 
1.008499e-02 
1.012578e-02 
6.393621e-03 
-5.506468e-04 
-7.474520e-03 
-1.132905e-02 
-1.182871e-02 
-1.035012e-02 
-7.331760e-03 
-2.070024e-03 
5.027201e-03 
1.157378e-02 
1.506121e-02 
1.522436e-02 
1.381715e-02 
1.272606e-02 
1.262409e-02 
1.310335e-02 
1.310335e-02 
1.111491e-02 
5.761397e-03 
-2.671656e-03 
-1.126786e-02 
-1.546909e-02 
-1.250172e-02 
-4.282808e-03 
3.395655e-03 
5.588045e-03 
2.253573e-03 
-2.539093e-03 
-5.220947e-03 
-5.710411e-03 
-6.026523e-03 
-7.515308e-03 
-1.030933e-02 
-1.388853e-02 
-1.654999e-02 
-1.521417e-02 
-8.259701e-03 
9.381389e-04 
5.873565e-03 
3.762753e-03 
-1.029913e-03 
-2.049630e-03 
1.866081e-03 
6.475198e-03 
8.106744e-03 
6.668944e-03 
3.089740e-03 
-2.396333e-03 
-7.729449e-03 
-8.086350e-03 
-1.223659e-03 
7.933392e-03 
1.166555e-02 
8.555419e-03 
4.986412e-03 
6.770916e-03 
1.230797e-02 
1.545890e-02 
1.278724e-02 
5.944946e-03 
-1.080899e-03 
-4.711089e-03 
-3.201909e-03 
1.794701e-03 
5.220947e-03 
3.099937e-03 
-2.702248e-03 
-6.097903e-03 
-3.823936e-03 
1.600954e-03 
6.291649e-03 
9.401783e-03 
1.125767e-02 
9.860656e-03 
2.987769e-03 
-7.076831e-03 
-1.424544e-02 
-1.501022e-02 
-1.151260e-02 
-7.403140e-03 
-3.293683e-03 
1.794701e-03 
6.291649e-03 
6.485395e-03 
1.131885e-03 
-6.414015e-03 
-1.165536e-02 
-1.325631e-02 
-1.319513e-02 
-1.322572e-02 
-1.239975e-02 
-8.443250e-03 
-1.315434e-03 
5.394299e-03 
7.545900e-03 
5.210750e-03 
3.099937e-03 
5.108778e-03 
9.279418e-03 
9.921839e-03 
4.394977e-03 
-4.180836e-03 
-1.116589e-02 
-1.502042e-02 
-1.636645e-02 
-1.507141e-02 
-1.069682e-02 
-5.006807e-03 
-1.305237e-03 
-1.121688e-03 
-3.365064e-03 
-6.821901e-03 
-1.087017e-02 
-1.353163e-02 
-1.190009e-02 
-6.801507e-03 
-4.394977e-03 
-9.932036e-03 
-2.088379e-02 
-2.987769e-02 
-3.387497e-02 
-3.619993e-02 
-3.862685e-02 
-3.600618e-02 
-2.261731e-02 
-9.789276e-04 
1.968052e-02 
3.243717e-02 
3.613874e-02 
3.079543e-02 
1.564245e-02 
-5.618636e-03 
-2.248474e-02 
-2.576823e-02 
-1.728419e-02 
-7.892603e-03 
-5.710411e-03 
-8.779757e-03 
-9.789276e-03 
-5.445285e-03 
2.855205e-04 
1.315434e-03 
-4.150245e-03 
-1.242014e-02 
-1.936441e-02 
-2.545212e-02 
-3.431345e-02 
-4.580565e-02 
-5.309662e-02 
-4.926249e-02 
-3.581243e-02 
-2.119990e-02 
-1.130865e-02 
-4.833455e-03 
7.851815e-04 
3.446641e-03 
-3.059149e-05 
-6.750521e-03 
-8.820545e-03 
-1.968052e-03 
9.891247e-03 
1.907889e-02 
2.069004e-02 
1.466352e-02 
4.466357e-03 
-4.211428e-03 
-6.281452e-03 
-2.049630e-03 
1.244054e-03 
-4.792666e-03 
-2.168936e-02 
-4.258335e-02 
-5.855210e-02 
-6.531282e-02 
-6.411976e-02 
-5.866427e-02 
-5.282130e-02 
-5.022102e-02 
-5.319859e-02 
-6.119317e-02 
-7.099264e-02 
-7.991516e-02 
-8.805249e-02 
-9.587372e-02 
-1.001259e-01 
-9.437474e-02 
-7.546920e-02 
-4.848751e-02 
-2.303539e-02 
-4.792666e-03 
7.770238e-03 
1.842627e-02 
2.767510e-02 
3.316117e-02 
3.360985e-02 
2.996946e-02 
2.341268e-02 
1.450036e-02 
4.323597e-03 
-5.312721e-03 
-1.359282e-02 
-2.098576e-02 
-2.746096e-02 
-3.121351e-02 
-2.988788e-02 
-2.262750e-02 
-1.058465e-02 
3.579204e-03 
1.651940e-02 
2.583961e-02 
3.188653e-02 
3.756635e-02 
4.547934e-02 
5.565611e-02 
6.663845e-02 
7.779415e-02 
8.906201e-02 
9.843321e-02 
1.015739e-01 
9.525169e-02 
8.071054e-02 
6.286550e-02 
4.643788e-02 
3.313058e-02 
2.197488e-02 
1.129846e-02 
1.019716e-05 
-1.208364e-02 
-2.440181e-02 
-3.640387e-02 
-4.849770e-02 
-6.195796e-02 
-7.688660e-02 
-9.059159e-02 
-9.922858e-02 
-1.015637e-01 
-1.002789e-01 
-9.850459e-02 
-9.573096e-02 
-8.896004e-02 
-7.774316e-02 
-6.606741e-02 
-5.833796e-02 
-5.464659e-02 
-5.107759e-02 
-4.377642e-02 
-3.203948e-02 
-1.923185e-02 
-1.293000e-02 
-2.259691e-02 
-5.226046e-02 
-9.349778e-02 
-1.284231e-01 
-1.430458e-01 
-1.376719e-01 
-1.229880e-01 
-1.075393e-01 
-9.158071e-02 
-7.264458e-02 
-5.256637e-02 
-3.681176e-02 
-2.904152e-02 
-2.885797e-02 
-3.350787e-02 
-3.867784e-02 
-3.793344e-02 
-2.508502e-02 
7.749843e-04 
3.399734e-02 
6.734206e-02 
9.650594e-02 
1.176651e-01 
1.230492e-01 
1.037255e-01 
5.867447e-02 
-1.040111e-03 
-5.859289e-02 
-1.009111e-01 
-1.223863e-01 
-1.234570e-01 
-1.085896e-01 
-8.348417e-02 
-5.119995e-02 
-1.116589e-02 
3.613874e-02 
8.565616e-02 
1.314618e-01 
1.713429e-01 
2.036373e-01 
2.223491e-01 
2.227060e-01 
2.117645e-01 
2.054014e-01 
2.114993e-01 
2.226652e-01 
2.295483e-01 
2.341472e-01 
2.421112e-01 
2.466999e-01 
2.298746e-01 
1.791233e-01 
9.686284e-02 
-4.211428e-03 
-1.051225e-01 
-1.793885e-01 
-1.995279e-01 
-1.534877e-01 
-5.291307e-02 
7.603004e-02 
2.049426e-01 
3.067612e-01 
3.602046e-01 
3.628150e-01 
3.367001e-01 
3.112072e-01 
2.977469e-01 
2.859182e-01 
2.622098e-01 
2.255102e-01 
1.845992e-01 
1.496128e-01 
1.290655e-01 
1.276787e-01 
1.412205e-01 
1.572402e-01 
1.658466e-01 
1.669173e-01 
1.637358e-01 
1.542117e-01 
1.344394e-01 
1.076922e-01 
8.247465e-02 
6.215170e-02 
4.285867e-02 
2.255612e-02 
5.863368e-03 
-2.488108e-03 
-4.160442e-03 
-4.874243e-03 
-9.065277e-03 
-1.901771e-02 
-3.558810e-02 
-5.720608e-02 
-8.156710e-02 
-1.100682e-01 
-1.459724e-01 
-1.854966e-01 
-2.163430e-01 
-2.311289e-01 
-2.377060e-01 
-2.491167e-01 
-2.657788e-01 
-2.754967e-01 
-2.691949e-01 
-2.476891e-01 
-2.131207e-01 
-1.657855e-01 
-1.141266e-01 
-7.715173e-02 
-6.691378e-02 
-7.415376e-02 
-8.067995e-02 
-8.227070e-02 
-8.941891e-02 
-1.070396e-01 
-1.248235e-01 
-1.301566e-01 
-1.204285e-01 
-9.813749e-02 
-6.213131e-02 
-1.201226e-02 
4.309321e-02 
8.766500e-02 
1.108635e-01 
1.099866e-01 
8.554399e-02 
4.020741e-02 
-1.720261e-02 
-7.279754e-02 
-1.158704e-01 
-1.438718e-01 
-1.588820e-01 
-1.631852e-01 
-1.594938e-01 
-1.509588e-01 
-1.373558e-01 
-1.139227e-01 
-7.805928e-02 
-3.619993e-02 
-8.973503e-04 
1.909928e-02 
2.376958e-02 
1.844667e-02 
9.666910e-03 
5.108778e-03 
1.297079e-02 
3.619993e-02 
6.710752e-02 
9.095869e-02 
9.683225e-02 
8.518709e-02 
6.515987e-02 
4.637669e-02 
3.352827e-02 
2.638006e-02 
2.241336e-02 
1.937461e-02 
1.698847e-02 
1.692729e-02 
2.052689e-02 
2.658400e-02 
3.250855e-02 
3.749497e-02 
4.272611e-02 
4.772272e-02 
4.817139e-02 
3.883079e-02 
1.853844e-02 
-7.923195e-03 
-3.191712e-02 
-4.495929e-02 
-4.280769e-02 
-2.775668e-02 
-7.280774e-03 
1.058465e-02 
2.123049e-02 
2.394294e-02 
2.026176e-02 
1.219581e-02 
7.036042e-04 
-1.472470e-02 
-3.372202e-02 
-5.169961e-02 
-6.062213e-02 
-5.494231e-02 
-3.613874e-02 
-1.066623e-02 
1.509180e-02 
3.661801e-02 
5.020063e-02 
5.354530e-02 
4.800824e-02 
3.841271e-02 
3.112174e-02 
3.308979e-02 
5.083285e-02 
8.658410e-02 
1.342049e-01 
1.808671e-01 
2.137019e-01 
2.248780e-01 
2.129677e-01 
1.837223e-01 
1.496536e-01 
1.238547e-01 
1.105984e-01 
1.030831e-01 
9.168268e-02 
7.271596e-02 
4.800824e-02 
2.009861e-02 
-7.760040e-03 
-2.826653e-02 
-3.217205e-02 
-1.550988e-02 
1.735557e-02 
5.832777e-02 
1.009519e-01 
1.405883e-01 
1.717508e-01 
1.876176e-01 
1.825088e-01 
1.545482e-01 
1.067133e-01 
4.560171e-02 
-2.119990e-02 
-8.655351e-02 
-1.435047e-01 
-1.865367e-01 
-2.151193e-01 
-2.335558e-01 
-2.445178e-01 
-2.452112e-01 
-2.338005e-01 
-2.169344e-01 
-2.042390e-01 
-1.962138e-01 
-1.859045e-01 
-1.736067e-01 
-1.705679e-01 
-1.828963e-01 
-2.006700e-01 
-2.108059e-01 
-2.139976e-01 
-2.186679e-01 
-2.230527e-01 
-2.152723e-01 
-1.893205e-01 
-1.488990e-01 
-9.576155e-02 
-2.824614e-02 
4.483692e-02 
1.030831e-01 
1.352857e-01 
1.507752e-01 
1.619513e-01 
1.664687e-01 
1.572708e-01 
1.394156e-01 
1.216623e-01 
9.875952e-02 
6.135632e-02 
2.156700e-02 
8.902123e-03 
3.545553e-02 
8.023127e-02 
1.147385e-01 
1.303401e-01 
1.327365e-01 
1.239567e-01 
1.037663e-01 
7.958885e-02 
5.965340e-02 
4.053372e-02 
1.509180e-02 
-9.238629e-03 
-1.464312e-02 
2.365742e-03 
2.237257e-02 
2.404491e-02 
5.588045e-03 
-1.914007e-02 
-3.893277e-02 
-5.452423e-02 
-7.416396e-02 
-1.040111e-01 
-1.400172e-01 
-1.675190e-01 
-1.736577e-01 
-1.628181e-01 
-1.549459e-01 
-1.650003e-01 
-1.875870e-01 
-2.050445e-01 
-2.070942e-01 
-1.992933e-01 
-1.952043e-01 
-2.028827e-01 
-2.162716e-01 
-2.184334e-01 
-1.974375e-01 
-1.599221e-01 
-1.232633e-01 
-9.285536e-02 
-5.554394e-02 
1.019716e-04 
6.664865e-02 
1.283415e-01 
1.791437e-01 
2.187291e-01 
2.381955e-01 
2.262954e-01 
1.883314e-01 
1.428826e-01 
9.881050e-02 
5.174040e-02 
6.719930e-03 
-1.541811e-02 
-5.700214e-03 
1.582600e-02 
2.752214e-02 
3.847389e-02 
7.198177e-02 
1.236916e-01 
1.623490e-01 
1.752280e-01 
1.874034e-01 
2.224919e-01 
2.634845e-01 
2.721521e-01 
2.371656e-01 
1.832430e-01 
1.360811e-01 
9.802532e-02 
6.060173e-02 
2.352485e-02 
-7.719252e-03 
-3.124410e-02 
-4.550993e-02 
-4.390898e-02 
-2.285184e-02 
8.473842e-03 
3.514962e-02 
5.158744e-02 
6.212111e-02 
6.856572e-02 
6.642431e-02 
5.461600e-02 
4.050313e-02 
3.105036e-02 
2.475871e-02 
1.703946e-02 
9.452769e-03 
7.994575e-03 
1.425563e-02 
2.349426e-02 
3.063228e-02 
3.386478e-02 
3.164179e-02 
2.039432e-02 
-2.508502e-03 
-3.541474e-02 
-7.348075e-02 
-1.122911e-01 
-1.491743e-01 
-1.819786e-01 
-2.079507e-01 
-2.243886e-01 
-2.302927e-01 
-2.274987e-01 
-2.197183e-01 
-2.095925e-01 
-1.968460e-01 
-1.805408e-01 
-1.631342e-01 
-1.504081e-01 
-1.459010e-01 
-1.466454e-01 
-1.462069e-01 
-1.413429e-01 
-1.338989e-01 
-1.260879e-01 
-1.167065e-01 
-1.032565e-01 
-8.581932e-02 
-6.659767e-02 
-4.635630e-02 
-2.392254e-02 
5.506468e-04 
2.442220e-02 
4.573427e-02 
6.535361e-02 
8.347397e-02 
9.485400e-02 
9.038765e-02 
6.469080e-02 
2.110813e-02 
-3.161120e-02 
-8.613543e-02 
-1.386202e-01 
-1.852620e-01 
-2.203199e-01 
-2.394192e-01 
-2.436204e-01 
-2.382159e-01 
-2.274885e-01 
-2.121316e-01 
-1.914313e-01 
-1.659996e-01 
-1.371110e-01 
-1.047860e-01 
-6.853513e-02 
-2.968394e-02 
8.606405e-03 
4.362346e-02 
7.418435e-02 
9.961608e-02 
1.196841e-01 
1.361729e-01 
1.524272e-01 
1.694055e-01 
1.829881e-01 
1.867916e-01 
1.780017e-01 
1.597283e-01 
1.389771e-01 
1.233857e-01 
1.182463e-01 
1.230288e-01 
1.300240e-01 
1.293408e-01 
1.171552e-01 
9.777039e-02 
7.640734e-02 
5.269893e-02 
2.351466e-02 
-9.860656e-03 
-4.141068e-02 
-6.691378e-02 
-8.682884e-02 
-1.014618e-01 
-1.071212e-01 
-9.993219e-02 
-8.173025e-02 
-5.898039e-02 
-3.655683e-02 
-1.516318e-02 
5.781791e-03 
2.594158e-02 
4.546915e-02 
6.596544e-02 
8.824624e-02 
1.111899e-01 
1.339091e-01 
1.572504e-01 
1.807243e-01 
1.991710e-01 
2.054524e-01 
1.970194e-01 
1.780628e-01 
1.550479e-01 
1.314822e-01 
1.072945e-01 
8.112862e-02 
5.194434e-02 
1.973151e-02 
-1.368459e-02 
-4.493889e-02 
-7.125777e-02 
-9.179485e-02 
-1.060301e-01 
-1.115468e-01 
-1.052347e-01 
-8.697160e-02 
-6.081587e-02 
-3.193751e-02 
-3.212106e-03 
2.506462e-02 
5.339234e-02 
8.197499e-02 
1.108839e-01 
1.397011e-01 
1.662851e-01 
1.863939e-01 
1.953674e-01 
1.904014e-01 
1.716488e-01 
1.415672e-01 
1.039907e-01 
6.398719e-02 
2.725701e-02 
-1.651940e-03 
-2.082261e-02 
-3.008163e-02 
-2.935763e-02 
-1.928283e-02 
-3.416049e-03 
1.254251e-02 
2.545212e-02 
3.730122e-02 
5.108778e-02 
6.517006e-02 
7.399061e-02 
7.422514e-02 
6.783152e-02 
5.872546e-02 
4.920131e-02 
4.038076e-02 
3.370162e-02 
2.956157e-02 
2.608434e-02 
2.094497e-02 
1.375597e-02 
5.822580e-03 
-1.254251e-03 
-5.516665e-03 
-5.180158e-03 
-1.651940e-03 
-3.467035e-04 
-5.751199e-03 
-1.622368e-02 
-2.696130e-02 
-3.731142e-02 
-5.141409e-02 
-7.058476e-02 
-8.943931e-02 
-1.020634e-01 
-1.093952e-01 
-1.166657e-01 
-1.255679e-01 
-1.330016e-01 
-1.375189e-01 
-1.422402e-01 
-1.490825e-01 
-1.533347e-01 
-1.470125e-01 
-1.262715e-01 
-9.322246e-02 
-5.264795e-02 
-1.099254e-02 
2.191370e-02 
3.609795e-02 
3.014281e-02 
1.368459e-02 
-1.998644e-03 
-1.415366e-02 
-2.608434e-02 
-3.789265e-02 
-4.607078e-02 
-5.149567e-02 
-5.978596e-02 
-7.039101e-02 
-7.225709e-02 
-5.627814e-02 
-2.786884e-02 
-6.220269e-04 
1.847726e-02 
2.938822e-02 
2.731820e-02 
3.619993e-03 
-3.701570e-02 
-7.070712e-02 
-7.590767e-02 
-5.687977e-02 
-3.739299e-02 
-3.225362e-02 
-3.353847e-02 
-2.550310e-02 
-4.864046e-03 
1.789602e-02 
3.195791e-02 
3.535356e-02 
3.297762e-02 
3.033656e-02 
2.976552e-02 
2.994907e-02 
2.850107e-02 
2.564586e-02 
2.456496e-02 
2.733859e-02 
3.144805e-02 
3.179475e-02 
2.549291e-02 
1.360301e-02 
-1.335828e-03 
-1.724340e-02 
-3.219244e-02 
-4.366425e-02 
-4.950722e-02 
-4.904835e-02 
-4.329715e-02 
-3.421148e-02 
-2.406530e-02 
-1.477569e-02 
-7.596886e-03 
-3.181515e-03 
-1.866081e-03 
-3.772950e-03 
-8.738968e-03 
-1.637664e-02 
-2.583961e-02 
-3.547593e-02 
-4.324616e-02 
-4.783489e-02 
-4.891579e-02 
-4.622374e-02 
-3.925907e-02 
-2.845008e-02 
-1.550988e-02 
-1.866081e-03 
1.268527e-02 
2.843989e-02 
4.370504e-02 
5.568670e-02 
6.333457e-02 
6.780093e-02 
6.993214e-02 
6.884104e-02 
6.342635e-02 
5.397358e-02 
4.147186e-02 
2.649223e-02 
1.005440e-02 
-5.088384e-03 
-1.535693e-02 
-1.870160e-02 
-1.525495e-02 
-5.679819e-03 
9.799473e-03 
3.022439e-02 
5.276012e-02 
7.350114e-02 
8.934753e-02 
9.839242e-02 
9.903484e-02 
8.973503e-02 
7.064594e-02 
4.510205e-02 
1.887495e-02 
-2.794022e-03 
-1.779405e-02 
-2.722642e-02 
-3.338551e-02 
-3.795384e-02 
-4.158403e-02 
-4.430667e-02 
-4.565269e-02 
-4.486751e-02 
-4.150245e-02 
-3.601638e-02 
-2.943921e-02 
-2.273967e-02 
-1.688650e-02 
-1.362341e-02 
-1.511219e-02 
-2.224001e-02 
-3.336511e-02 
-4.533658e-02 
-5.584986e-02 
-6.458882e-02 
-7.200216e-02 
-7.763100e-02 
-7.974181e-02 
-7.662148e-02 
-6.787231e-02 
-5.456501e-02 
-3.846370e-02 
-2.138345e-02 
-5.118975e-03 
8.769559e-03 
1.973151e-02 
2.864383e-02 
3.670978e-02 
4.362346e-02 
4.687635e-02 
4.374583e-02 
3.452759e-02 
2.346367e-02 
1.575462e-02 
1.294020e-02 
1.169614e-02 
8.249504e-03 
3.721964e-03 
3.467035e-03 
1.029913e-02 
1.994565e-02 
2.538074e-02 
2.497285e-02 
2.368801e-02 
2.567645e-02 
2.894974e-02 
2.929645e-02 
2.676755e-02 
2.473832e-02 
2.411629e-02 
2.261731e-02 
2.013940e-02 
1.994565e-02 
2.261731e-02 
2.334130e-02 
1.909928e-02 
1.531614e-02 
1.974171e-02 
3.052011e-02 
3.648545e-02 
3.062208e-02 
1.840588e-02 
9.830064e-03 
7.403140e-03 
6.515987e-03 
4.609117e-03 
4.272611e-03 
7.229788e-03 
1.074781e-02 
1.197147e-02 
1.217541e-02 
1.387834e-02 
1.599935e-02 
1.518357e-02 
1.097215e-02 
6.760718e-03 
5.486073e-03 
6.465001e-03 
7.138013e-03 
6.026523e-03 
3.212106e-03 
-6.526184e-04 
-4.435766e-03 
-6.617958e-03 
-6.607761e-03 
-5.496270e-03 
-3.905513e-03 
5.812382e-04 
1.204285e-02 
3.124410e-02 
5.362688e-02 
7.328700e-02 
8.815447e-02 
9.956509e-02 
1.075903e-01 
1.097521e-01 
1.053571e-01 
9.823946e-02 
9.288595e-02 
8.902123e-02 
8.274997e-02 
7.287912e-02 
6.330398e-02 
5.833796e-02 
5.802185e-02 
5.942906e-02 
6.073430e-02 
6.183559e-02 
6.217210e-02 
6.026523e-02 
5.556434e-02 
4.907894e-02 
4.200211e-02 
3.495587e-02 
2.862343e-02 
2.399392e-02 
2.136305e-02 
2.028216e-02 
2.058807e-02 
2.241336e-02 
2.485048e-02 
2.580902e-02 
2.438141e-02 
2.206666e-02 
2.063906e-02 
1.951737e-02 
1.657039e-02 
1.118629e-02 
4.966018e-03 
-5.914354e-04 
-5.791988e-03 
-1.162476e-02 
-1.828351e-02 
-2.538074e-02 
-3.297762e-02 
-4.136989e-02 
-5.005787e-02 
-5.783830e-02 
-6.379345e-02 
-6.787231e-02 
-7.049298e-02 
-7.191039e-02 
-7.222650e-02 
-7.140053e-02 
-6.934070e-02 
-6.605722e-02 
-6.182539e-02 
-5.697154e-02 
-5.136311e-02 
-4.465337e-02 
-3.704629e-02 
-2.934743e-02 
-2.218902e-02 
-1.553028e-02 
-9.340601e-03 
-4.405174e-03 
-1.672335e-03 
-1.040111e-03 
-1.346025e-03 
-1.733518e-03 
-2.539093e-03 
-4.201231e-03 
-6.199875e-03 
-7.474520e-03 
-7.719252e-03 
-7.433731e-03 
-6.893282e-03 
-5.761397e-03 
-3.772950e-03 
-1.131885e-03 
2.202587e-03 
6.791310e-03 
1.278724e-02 
1.927264e-02 
2.508502e-02 
2.996946e-02 
3.431345e-02 
3.788246e-02 
3.963637e-02 
3.872882e-02 
3.525159e-02 
2.978591e-02 
2.298440e-02 
1.563225e-02 
8.392264e-03 
1.376617e-03 
-5.639031e-03 
-1.235896e-02 
-1.783484e-02 
-2.147522e-02 
-2.353505e-02 
-2.426925e-02 
-2.337190e-02 
-2.110813e-02 
-1.933382e-02 
-2.018018e-02 
-2.388175e-02 
-2.889876e-02 
-3.411970e-02 
-3.965676e-02 
-4.517343e-02 
-4.866086e-02 
-4.783489e-02 
-4.225704e-02 
-3.311019e-02 
-2.171996e-02 
-9.187643e-03 
2.579882e-03 
1.098234e-02 
1.439839e-02 
1.340927e-02 
1.007480e-02 
6.230466e-03 
2.539093e-03 
-1.590757e-03 
-7.148211e-03 
-1.433721e-02 
-2.191370e-02 
-2.814417e-02 
-3.238619e-02 
-3.541474e-02 
-3.815778e-02 
-4.081924e-02 
-4.334814e-02 
-4.574447e-02 
-4.704971e-02 
-4.517343e-02 
-3.881040e-02 
-2.918428e-02 
-1.863022e-02 
-7.862012e-03 
3.956499e-03 
1.613191e-02 
2.568665e-02 
3.071385e-02 
3.317137e-02 
3.648545e-02 
4.113535e-02 
4.467377e-02 
4.592802e-02 
4.674379e-02 
4.842632e-02 
4.882401e-02 
4.482672e-02 
3.680156e-02 
2.820535e-02 
2.081241e-02 
1.278724e-02 
2.151601e-03 
-9.687304e-03 
-1.960914e-02 
-2.665538e-02 
-3.226382e-02 
-3.719925e-02 
-4.013603e-02 
-3.988110e-02 
-3.718905e-02 
-3.365064e-02 
-2.968394e-02 
-2.447319e-02 
-1.729439e-02 
-7.974181e-03 
3.293683e-03 
1.541811e-02 
2.596197e-02 
3.219244e-02 
3.296743e-02 
2.908231e-02 
2.163838e-02 
1.102313e-02 
-2.539093e-03 
-1.778385e-02 
-3.266151e-02 
-4.542836e-02 
-5.532980e-02 
-6.242703e-02 
-6.719930e-02 
-7.018707e-02 
-7.146171e-02 
-7.075811e-02 
-6.801507e-02 
-6.391581e-02 
-5.945965e-02 
-5.491172e-02 
-4.956841e-02 
-4.259355e-02 
-3.392596e-02 
-2.429984e-02 
-1.472470e-02 
-6.067311e-03 
1.040111e-03 
6.444606e-03 
1.055406e-02 
1.393952e-02 
1.669275e-02 
1.849765e-02 
1.953776e-02 
2.107753e-02 
2.457516e-02 
3.007143e-02 
3.579204e-02 
3.943243e-02 
3.975874e-02 
3.679136e-02 
3.118292e-02 
2.359623e-02 
1.470431e-02 
5.159764e-03 
-4.293005e-03 
-1.261389e-02 
-1.864041e-02 
-2.187291e-02 
-2.287223e-02 
-2.232159e-02 
-2.000683e-02 
-1.525495e-02 
-8.392264e-03 
-4.996609e-04 
8.300490e-03 
1.939500e-02 
3.340590e-02 
4.816120e-02 
5.988793e-02 
6.655688e-02 
6.916735e-02 
6.978938e-02 
6.906538e-02 
6.625096e-02 
6.087706e-02 
5.385121e-02 
4.696813e-02 
4.180836e-02 
3.904493e-02 
3.839232e-02 
3.904493e-02 
4.032978e-02 
4.207349e-02 
4.430667e-02 
4.633590e-02 
4.636650e-02 
4.237941e-02 
3.378320e-02 
2.217883e-02 
1.011558e-02 
-1.009519e-03 
-1.155338e-02 
-2.204626e-02 
-3.156022e-02 
-3.808640e-02 
-4.011564e-02 
-3.729102e-02 
-3.007143e-02 
-1.961934e-02 
-7.994575e-03 
2.559488e-03 
1.104353e-02 
1.769208e-02 
2.228080e-02 
2.319854e-02 
1.894633e-02 
9.901444e-03 
-2.100615e-03 
-1.577501e-02 
-3.060168e-02 
-4.531619e-02 
-5.737943e-02 
-6.470099e-02 
-6.724009e-02 
-6.606741e-02 
-6.149908e-02 
-5.321899e-02 
-4.196132e-02 
-3.006123e-02 
-1.967033e-02 
-1.117609e-02 
-4.089062e-03 
1.193068e-03 
3.222303e-03 
9.993219e-04 
-5.098581e-03 
-1.395991e-02 
-2.450378e-02 
-3.548612e-02 
-4.520402e-02 
-5.217888e-02 
-5.575808e-02 
-5.596203e-02 
-5.301505e-02 
-4.753917e-02 
-4.069687e-02 
-3.353847e-02 
-2.625769e-02 
-1.869140e-02 
-1.148200e-02 
-5.883763e-03 
-2.314756e-03 
1.019716e-05 
1.815095e-03 
2.651262e-03 
1.631546e-03 
-1.397011e-03 
-5.955143e-03 
-1.150240e-02 
-1.729439e-02 
-2.187291e-02 
-2.380018e-02 
-2.301499e-02 
-2.078182e-02 
-1.832430e-02 
-1.588718e-02 
-1.335828e-02 
-1.098234e-02 
-9.167249e-03 
-7.831421e-03 
-6.719930e-03 
-5.832777e-03 
-5.424890e-03 
-5.557453e-03 
-6.189677e-03 
-7.525506e-03 
-9.779078e-03 
-1.277704e-02 
-1.607073e-02 
-1.960914e-02 
-2.384097e-02 
-2.885797e-02 
-3.370162e-02 
-3.683215e-02 
-3.735220e-02 
-3.546573e-02 
-3.203948e-02 
-2.778727e-02 
-2.317815e-02 
-1.869140e-02 
-1.488786e-02 
-1.218561e-02 
-1.062544e-02 
-9.993219e-03 
-9.972825e-03 
-1.013598e-02 
-9.942233e-03 
-8.789954e-03 
-6.291649e-03 
-2.630868e-03 
1.346025e-03 
4.425568e-03 
5.618636e-03 
4.772272e-03 
2.477910e-03 
-4.180836e-04 
-3.038754e-03 
-4.486751e-03 
-3.925907e-03 
-1.050308e-03 
3.752556e-03 
9.738290e-03 
1.628487e-02 
2.295381e-02 
2.920467e-02 
3.459897e-02 
3.919789e-02 
4.333794e-02 
4.709049e-02 
4.995590e-02 
5.154665e-02 
5.192395e-02 
5.129173e-02 
4.966018e-02 
4.701911e-02 
4.355208e-02 
3.927947e-02 
3.378320e-02 
2.674716e-02 
1.882396e-02 
1.128826e-02 
4.843652e-03 
-8.463645e-04 
-6.179480e-03 
-1.062544e-02 
-1.321552e-02 
-1.381715e-02 
-1.348065e-02 
-1.348065e-02 
-1.430662e-02 
-1.582600e-02 
-1.799799e-02 
-2.096537e-02 
-2.444260e-02 
-2.747115e-02 
-2.907211e-02 
-2.904152e-02 
-2.791983e-02 
-2.628828e-02 
-2.452417e-02 
-2.309657e-02 
-2.266829e-02 
-2.358604e-02 
-2.562547e-02 
-2.852146e-02 
-3.251875e-02 
-3.783147e-02 
-4.381721e-02 
-4.903815e-02 
-5.238282e-02 
-5.387161e-02 
-5.420811e-02 
-5.394299e-02 
-5.312721e-02 
-5.154665e-02 
-4.901776e-02 
-4.546915e-02 
-4.091101e-02 
-3.536376e-02 
-2.868462e-02 
-2.076142e-02 
-1.172674e-02 
-1.917066e-03 
8.402462e-03 
1.883416e-02 
2.846028e-02 
3.583283e-02 
3.994228e-02 
4.086003e-02 
3.911631e-02 
3.489469e-02 
2.836851e-02 
2.073083e-02 
1.410268e-02 
1.009519e-02 
8.769559e-03 
9.269220e-03 
1.093136e-02 
1.357242e-02 
1.700887e-02 
2.083280e-02 
2.470772e-02 
2.836851e-02 
3.141746e-02 
3.352827e-02 
3.485390e-02 
3.615914e-02 
3.836172e-02 
4.200211e-02 
4.699872e-02 
5.256637e-02 
5.748140e-02 
6.079548e-02 
6.248821e-02 
6.298787e-02 
6.202934e-02 
5.862349e-02 
5.234203e-02 
4.439844e-02 
3.668939e-02 
3.021419e-02 
2.467713e-02 
1.970092e-02 
1.560166e-02 
1.291980e-02 
1.170634e-02 
1.147181e-02 
1.149220e-02 
1.093136e-02 
8.851137e-03 
4.782469e-03 
-8.055758e-04 
-6.699536e-03 
-1.165536e-02 
-1.518357e-02 
-1.772267e-02 
-2.030255e-02 
-2.377978e-02 
-2.797082e-02 
-3.151943e-02 
-3.291644e-02 
-3.176416e-02 
-2.890895e-02 
-2.548271e-02 
-2.216863e-02 
-1.925224e-02 
-1.715163e-02 
-1.617270e-02 
-1.602994e-02 
-1.599935e-02 
-1.543850e-02 
-1.414346e-02 
-1.215502e-02 
-9.636318e-03 
-7.005450e-03 
-4.823258e-03 
-3.344669e-03 
-2.406530e-03 
-1.845686e-03 
-1.937461e-03 
-3.059149e-03 
-4.955821e-03 
-6.801507e-03 
-8.055758e-03 
-9.004094e-03 
-1.020736e-02 
-1.163496e-02 
-1.258330e-02 
-1.249152e-02 
-1.155338e-02 
-1.048268e-02 
-9.666910e-03 
-8.840940e-03 
-7.413337e-03 
-5.006807e-03 
-1.743715e-03 
2.121010e-03 
6.444606e-03 
1.126786e-02 
1.654999e-02 
2.203607e-02 
2.730800e-02 
3.179475e-02 
3.485390e-02 
3.602657e-02 
3.544534e-02 
3.378320e-02 
3.157041e-02 
2.858265e-02 
2.427944e-02 
1.878317e-02 
1.302178e-02 
7.698857e-03 
2.702248e-03 
-2.273967e-03 
-6.801507e-03 
-9.850459e-03 
-1.083958e-02 
-1.011558e-02 
-8.290293e-03 
-5.700214e-03 
-2.528896e-03 
8.157730e-04 
3.864724e-03 
6.597564e-03 
9.360995e-03 
1.223659e-02 
1.473490e-02 
1.598915e-02 
1.526515e-02 
1.236916e-02 
7.678463e-03 
1.815095e-03 
-4.680497e-03 
-1.149220e-02 
-1.815095e-02 
-2.391235e-02 
-2.820535e-02 
-3.116253e-02 
-3.329373e-02 
-3.478252e-02 
-3.532297e-02 
-3.485390e-02 
-3.383418e-02 
-3.251875e-02 
-3.048951e-02 
-2.718563e-02 
-2.292322e-02 
-1.874238e-02 
-1.511219e-02 
-1.162476e-02 
-7.821223e-03 
-4.119654e-03 
-1.335828e-03 
3.059149e-04 
1.182871e-03 
1.529574e-03 
1.213462e-03 
2.345347e-04 
-1.040111e-03 
-2.416727e-03 
-4.160442e-03 
-6.363029e-03 
-8.443250e-03 
-9.503755e-03 
-9.208037e-03 
-7.933392e-03 
-6.138692e-03 
-3.966696e-03 
-1.631546e-03 
2.243376e-04 
9.381389e-04 
5.200553e-04 
-3.365064e-04 
-8.565616e-04 
-7.443928e-04 
-1.427603e-04 
6.322241e-04 
1.346025e-03 
1.886475e-03 
2.294361e-03 
2.814417e-03 
3.630190e-03 
4.680497e-03 
5.628833e-03 
6.189677e-03 
6.322241e-03 
6.199875e-03 
6.087706e-03 
6.230466e-03 
6.730127e-03 
7.484717e-03 
8.157730e-03 
8.402462e-03 
7.902801e-03 
6.332438e-03 
3.365064e-03 
-1.009519e-03 
-6.546578e-03 
-1.308296e-02 
-2.052689e-02 
-2.815436e-02 
-3.412990e-02 
-3.656702e-02 
-3.515982e-02 
-3.139706e-02 
-2.675735e-02 
-2.139365e-02 
-1.485727e-02 
-7.688660e-03 
-1.325631e-03 
3.365064e-03 
6.862690e-03 
9.932036e-03 
1.252212e-02 
1.407208e-02 
1.441879e-02 
1.397011e-02 
1.328690e-02 
1.273626e-02 
1.261389e-02 
1.285862e-02 
1.283823e-02 
1.195107e-02 
1.046229e-02 
9.279418e-03 
8.953108e-03 
9.177446e-03 
9.615924e-03 
1.063564e-02 
1.273626e-02 
1.557107e-02 
1.818154e-02 
2.018018e-02 
2.219922e-02 
2.478930e-02 
2.735899e-02 
2.871521e-02 
2.842969e-02 
2.739977e-02 
2.705307e-02 
2.814417e-02 
3.052011e-02 
3.363024e-02 
3.699530e-02 
4.026859e-02 
4.326656e-02 
4.591782e-02 
4.812041e-02 
4.930328e-02 
4.877303e-02 
4.645827e-02 
4.332774e-02 
4.053372e-02 
3.834133e-02 
3.624071e-02 
3.401773e-02 
3.220264e-02 
3.128489e-02 
3.085661e-02 
3.017340e-02 
2.914349e-02 
2.846028e-02 
2.870501e-02 
2.979611e-02 
3.128489e-02 
3.289605e-02 
3.448680e-02 
3.585322e-02 
3.689333e-02 
3.777029e-02 
3.868803e-02 
3.957519e-02 
4.010544e-02 
4.016662e-02 
4.004426e-02 
4.014623e-02 
4.058471e-02 
4.110476e-02 
4.146166e-02 
4.155344e-02 
4.131890e-02 
4.050313e-02 
3.880020e-02 
3.628150e-02 
3.342630e-02 
3.071385e-02 
2.827673e-02 
2.606395e-02 
2.423865e-02 
2.301499e-02 
2.208705e-02 
2.078182e-02 
1.886475e-02 
1.696808e-02 
1.589738e-02 
1.555067e-02 
1.505101e-02 
1.373558e-02 
1.169614e-02 
9.095869e-03 
5.526862e-03 
5.098581e-04 
-5.598242e-03 
-1.159417e-02 
-1.664177e-02 
-2.086339e-02 
-2.460575e-02 
-2.769549e-02 
-2.959216e-02 
-3.013261e-02 
-2.950039e-02 
-2.768530e-02 
-2.443240e-02 
-1.986407e-02 
-1.461253e-02 
-9.187643e-03 
-3.762753e-03 
1.346025e-03 
5.241341e-03 
6.872887e-03 
5.730805e-03 
1.784503e-03 
-4.762075e-03 
-1.327671e-02 
-2.229100e-02 
-3.010202e-02 
-3.567987e-02 
-3.901434e-02 
-4.040116e-02 
-4.001366e-02 
-3.798443e-02 
-3.463976e-02 
-3.034675e-02 
-2.555409e-02 
-2.088379e-02 
-1.675394e-02 
-1.289941e-02 
-8.718574e-03 
-4.405174e-03 
-1.029913e-03 
6.832099e-04 
1.203265e-03 
1.284842e-03 
7.953786e-04 
-8.769559e-04 
-3.467035e-03 
-5.730805e-03 
-6.699536e-03 
-6.556775e-03 
-5.822580e-03 
-4.568329e-03 
-2.457516e-03 
5.914354e-04 
4.191034e-03 
7.709055e-03 
1.019716e-02 
1.075801e-02 
9.136657e-03 
5.934748e-03 
1.866081e-03 
-2.916388e-03 
-8.412659e-03 
-1.389873e-02 
-1.813055e-02 
-2.047590e-02 
-2.134266e-02 
-2.145483e-02 
-2.117951e-02 
-2.070024e-02 
-2.035354e-02 
-2.042492e-02 
-2.073083e-02 
-2.081241e-02 
-2.042492e-02 
-1.950717e-02 
-1.786543e-02 
-1.536712e-02 
-1.244054e-02 
-9.993219e-03 
-8.626799e-03 
-8.208716e-03 
-8.443250e-03 
-9.452769e-03 
-1.152279e-02 
-1.454115e-02 
-1.802858e-02 
-2.163838e-02 
-2.522778e-02 
-2.840929e-02 
-3.041813e-02 
-3.058129e-02 
-2.885797e-02 
-2.588040e-02 
-2.245415e-02 
-1.912988e-02 
-1.604014e-02 
-1.294020e-02 
-9.564938e-03 
-6.016326e-03 
-2.773628e-03 
-2.753234e-04 
1.529574e-03 
2.845008e-03 
3.619993e-03 
3.538415e-03 
2.406530e-03 
4.690695e-04 
-1.774306e-03 
-3.803541e-03 
-5.129173e-03 
-5.384102e-03 
-4.384780e-03 
-2.273967e-03 
5.812382e-04 
3.711767e-03 
6.699536e-03 
9.197840e-03 
1.111491e-02 
1.260369e-02 
1.389873e-02 
1.502042e-02 
1.573422e-02 
1.572402e-02 
1.497963e-02 
1.373558e-02 
1.209383e-02 
9.738290e-03 
6.301846e-03 
2.059827e-03 
-2.029235e-03 
-5.037398e-03 
-6.760718e-03 
-7.515308e-03 
-7.494914e-03 
-6.546578e-03 
-4.731483e-03 
-2.681854e-03 
-1.193068e-03 
-6.016326e-04 
-6.628155e-04 
-1.060505e-03 
-1.855884e-03 
-3.191712e-03 
-4.874243e-03 
-6.250860e-03 
-6.781113e-03 
-6.648550e-03 
-6.668944e-03 
-7.494914e-03 
-9.075474e-03 
-1.079879e-02 
-1.227738e-02 
-1.361321e-02 
-1.494904e-02 
-1.602994e-02 
-1.644802e-02 
-1.607073e-02 
-1.508160e-02 
-1.364380e-02 
-1.178792e-02 
-9.666910e-03 
-7.647872e-03 
-6.077509e-03 
-5.047595e-03 
-4.619314e-03 
-4.904835e-03 
-5.863368e-03 
-7.107422e-03 
-8.086350e-03 
-8.504433e-03 
-8.422856e-03 
-8.055758e-03 
-7.596886e-03 
-7.301168e-03 
-7.474520e-03 
-8.280096e-03 
-9.605727e-03 
-1.118629e-02 
-1.287902e-02 
-1.463293e-02 
-1.629507e-02 
-1.756971e-02 
-1.817134e-02 
-1.799799e-02 
-1.714143e-02 
-1.574442e-02 
-1.399051e-02 
-1.222640e-02 
-1.085998e-02 
-1.012578e-02 
-9.891247e-03 
-9.819867e-03 
-9.911642e-03 
-1.057446e-02 
-1.225699e-02 
-1.484707e-02 
-1.778385e-02 
-2.052689e-02 
-2.283145e-02 
-2.459556e-02 
-2.568665e-02 
-2.604355e-02 
-2.573764e-02 
-2.491167e-02 
-2.366761e-02 
-2.219922e-02 
-2.078182e-02 
-1.953776e-02 
-1.839568e-02 
-1.748813e-02 
-1.717202e-02 
-1.752892e-02 
-1.820193e-02 
-1.880357e-02 
-1.937461e-02 
-2.004762e-02 
-2.055748e-02 
-2.063906e-02 
-2.045551e-02 
-2.029235e-02 
-1.961934e-02 
-1.748813e-02 
-1.377637e-02 
-9.483361e-03 
-5.506468e-03 
-1.723320e-03 
2.151601e-03 
5.577848e-03 
7.811026e-03 
9.034686e-03 
1.016657e-02 
1.157378e-02 
1.274645e-02 
1.342966e-02 
1.409248e-02 
1.504081e-02 
1.562205e-02 
1.489805e-02 
1.272606e-02 
9.738290e-03 
6.587367e-03 
3.670978e-03 
1.509180e-03 
7.647872e-04 
1.723320e-03 
3.946302e-03 
6.770916e-03 
9.758684e-03 
1.272606e-02 
1.545890e-02 
1.767168e-02 
1.926244e-02 
2.029235e-02 
2.075122e-02 
2.050649e-02 
1.957855e-02 
1.831410e-02 
1.697827e-02 
1.533653e-02 
1.282803e-02 
9.279418e-03 
5.261736e-03 
1.458194e-03 
-2.070024e-03 
-5.628833e-03 
-9.177446e-03 
-1.214482e-02 
-1.414346e-02 
-1.537732e-02 
-1.622368e-02 
-1.673354e-02 
-1.695788e-02 
-1.730458e-02 
-1.824272e-02 
-1.978249e-02 
-2.142424e-02 
-2.284164e-02 
-2.399392e-02 
-2.479950e-02 
-2.498305e-02 
-2.438141e-02 
-2.305578e-02 
-2.089399e-02 
-1.771247e-02 
-1.379676e-02 
-1.007480e-02 
-7.341957e-03 
-5.455482e-03 
-3.681176e-03 
-1.621349e-03 
4.384780e-04 
1.906869e-03 
2.447319e-03 
1.927264e-03 
3.670978e-04 
-2.039432e-03 
-4.813061e-03 
-7.413337e-03 
-9.483361e-03 
-1.096195e-02 
-1.186950e-02 
-1.218561e-02 
-1.182871e-02 
-1.060505e-02 
-8.290293e-03 
-4.598920e-03 
7.036042e-04 
7.403140e-03 
1.482667e-02 
2.213804e-02 
2.864383e-02 
3.369142e-02 
3.624071e-02 
3.529238e-02 
3.088720e-02 
2.457516e-02 
1.831410e-02 
1.306256e-02 
8.718574e-03 
5.200553e-03 
2.936783e-03 
2.294361e-03 
2.875600e-03 
4.007485e-03 
5.404496e-03 
7.015648e-03 
8.596208e-03 
9.891247e-03 
1.093136e-02 
1.192048e-02 
1.268527e-02 
1.268527e-02 
1.178792e-02 
1.042150e-02 
8.993897e-03 
7.454126e-03 
5.486073e-03 
3.008163e-03 
2.447319e-04 
-2.528896e-03 
-4.925229e-03 
-6.454804e-03 
-6.923873e-03 
-6.628155e-03 
-5.975537e-03 
-4.945624e-03 
-3.201909e-03 
-8.667588e-04 
1.366420e-03 
2.906191e-03 
3.783147e-03 
4.303202e-03 
4.293005e-03 
3.314078e-03 
1.376617e-03 
-8.361673e-04 
-2.722642e-03 
-4.303202e-03 
-5.873565e-03 
-7.423534e-03 
-8.565616e-03 
-9.085671e-03 
-8.983700e-03 
-8.249504e-03 
-6.740324e-03 
-4.527540e-03 
-2.008841e-03 
3.874922e-04 
2.416727e-03 
3.946302e-03 
4.894638e-03 
5.424890e-03 
5.965340e-03 
6.730127e-03 
7.494914e-03 
7.953786e-03 
8.239307e-03 
8.779757e-03 
9.707698e-03 
1.067643e-02 
1.136984e-02 
1.174713e-02 
1.183891e-02 
1.154319e-02 
1.093136e-02 
1.024815e-02 
9.595530e-03 
8.647193e-03 
7.117619e-03 
5.159764e-03 
3.181515e-03 
1.244054e-03 
-8.871531e-04 
-3.171317e-03 
-5.200553e-03 
-6.679141e-03 
-7.709055e-03 
-8.371870e-03 
-8.422856e-03 
-7.678463e-03 
-6.465001e-03 
-5.322919e-03 
-4.333794e-03 
-3.161120e-03 
-1.682532e-03 
-2.651262e-04 
7.443928e-04 
1.346025e-03 
1.702926e-03 
1.794701e-03 
1.631546e-03 
1.498983e-03 
1.713123e-03 
2.090418e-03 
2.151601e-03 
1.835489e-03 
1.580560e-03 
1.753912e-03 
2.121010e-03 
2.294361e-03 
2.467713e-03 
3.181515e-03 
4.517343e-03 
5.944946e-03 
7.087028e-03 
8.290293e-03 
1.005440e-02 
1.223659e-02 
1.409248e-02 
1.515298e-02 
1.554048e-02 
1.557107e-02 
1.536712e-02 
1.506121e-02 
1.505101e-02 
1.556087e-02 
1.615230e-02 
1.612171e-02 
1.533653e-02 
1.442898e-02 
1.389873e-02 
1.362341e-02 
1.328690e-02 
1.303197e-02 
1.329710e-02 
1.409248e-02 
1.500003e-02 
1.573422e-02 
1.628487e-02 
1.653980e-02 
1.616250e-02 
1.512239e-02 
1.388853e-02 
1.283823e-02 
1.173693e-02 
1.018696e-02 
8.473842e-03 
7.331760e-03 
7.046239e-03 
7.158408e-03 
7.290971e-03 
7.596886e-03 
8.331081e-03 
9.279418e-03 
9.962627e-03 
1.026854e-02 
1.041130e-02 
1.042150e-02 
1.002381e-02 
9.055080e-03 
7.596886e-03 
5.761397e-03 
3.609795e-03 
1.346025e-03 
-7.443928e-04 
-2.559488e-03 
-4.272611e-03 
-5.955143e-03 
-7.454126e-03 
-8.636996e-03 
-9.646515e-03 
-1.079879e-02 
-1.218561e-02 
-1.358262e-02 
-1.454115e-02 
-1.444938e-02 
-1.277704e-02 
-9.534347e-03 
-5.475876e-03 
-1.611152e-03 
1.407208e-03 
3.354866e-03 
4.129851e-03 
3.732161e-03 
2.559488e-03 
1.213462e-03 
1.019716e-04 
-6.934070e-04 
-1.070702e-03 
-8.259701e-04 
3.059149e-05 
1.101294e-03 
1.917066e-03 
2.426925e-03 
2.875600e-03 
3.385458e-03 
3.670978e-03 
3.334472e-03 
2.182193e-03 
4.690695e-04 
-1.213462e-03 
-2.273967e-03 
-2.477910e-03 
-1.896672e-03 
-5.404496e-04 
1.662137e-03 
4.384780e-03 
6.760718e-03 
7.902801e-03 
7.749843e-03 
6.893282e-03 
5.995931e-03 
5.302524e-03 
4.874243e-03 
4.823258e-03 
5.149567e-03 
5.608439e-03 
5.893960e-03 
5.751199e-03 
5.067990e-03 
3.895316e-03 
2.528896e-03 
1.386814e-03 
6.220269e-04 
1.223659e-04 
-6.118297e-05 
3.976893e-04 
1.774306e-03 
3.834133e-03 
6.036720e-03 
8.025167e-03 
9.799473e-03 
1.142082e-02 
1.280764e-02 
1.369479e-02 
1.375597e-02 
1.286882e-02 
1.138003e-02 
1.001361e-02 
9.218235e-03 
8.616602e-03 
7.474520e-03 
5.730805e-03 
4.068668e-03 
2.926586e-03 
1.876278e-03 
2.753234e-04 
-1.651940e-03 
-3.059149e-03 
-3.518021e-03 
-3.538415e-03 
-3.793344e-03 
-4.384780e-03 
-4.955821e-03 
-5.312721e-03 
-5.577848e-03 
-5.873565e-03 
-6.138692e-03 
-6.342635e-03 
-6.597564e-03 
-7.046239e-03 
-7.688660e-03 
-8.412659e-03 
-9.085671e-03 
-9.544544e-03 
-9.534347e-03 
-8.902123e-03 
-7.627477e-03 
-5.904157e-03 
-3.997288e-03 
-2.202587e-03 
-7.138013e-04 
5.098581e-04 
1.641743e-03 
2.743037e-03 
3.660781e-03 
4.109456e-03 
3.925907e-03 
3.099937e-03 
1.804898e-03 
2.855205e-04 
-1.182871e-03 
-2.579882e-03 
-4.129851e-03 
-5.924551e-03 
-7.515308e-03 
-8.280096e-03 
-8.127138e-03 
-7.617280e-03 
-7.056436e-03 
-5.985734e-03 
-3.823936e-03 
-8.769559e-04 
1.927264e-03 
4.017682e-03 
5.628833e-03 
6.964662e-03 
7.525506e-03 
6.709733e-03 
4.731483e-03 
2.518699e-03 
7.138013e-04 
-6.934070e-04 
-1.947658e-03 
-3.008163e-03 
-3.732161e-03 
-4.170639e-03 
-4.415371e-03 
-4.394977e-03 
-4.048273e-03 
-3.354866e-03 
-2.314756e-03 
-8.157730e-04 
1.121688e-03 
3.140726e-03 
4.843652e-03 
6.189677e-03 
7.301168e-03 
8.065955e-03 
8.208716e-03 
7.780435e-03 
7.117619e-03 
6.271255e-03 
4.904835e-03 
2.997966e-03 
1.233857e-03 
3.772950e-04 
3.365064e-04 
3.263092e-04 
-7.138013e-05 
-6.016326e-04 
-8.667588e-04 
-9.075474e-04 
-8.871531e-04 
-7.341957e-04 
-4.792666e-04 
-5.098581e-04 
-1.213462e-03 
-2.335150e-03 
-3.161120e-03 
-3.375261e-03 
-3.426246e-03 
-3.834133e-03 
-4.547934e-03 
-5.231144e-03 
-5.822580e-03 
-6.515987e-03 
-7.331760e-03 
-8.086350e-03 
-8.789954e-03 
-9.585332e-03 
-1.043170e-02 
-1.110471e-02 
-1.155338e-02 
-1.210403e-02 
-1.296059e-02 
-1.386814e-02 
-1.452076e-02 
-1.498983e-02 
-1.556087e-02 
-1.613191e-02 
-1.631546e-02 
-1.587698e-02 
-1.504081e-02 
-1.411287e-02 
-1.313394e-02 
-1.193068e-02 
-1.033992e-02 
-8.422856e-03 
-6.668944e-03 
-5.842974e-03 
-6.363029e-03 
-7.698857e-03 
-8.800151e-03 
-9.330403e-03 
-9.881050e-03 
-1.093136e-02 
-1.180831e-02 
-1.153299e-02 
-1.024815e-02 
-9.208037e-03 
-9.136657e-03 
-9.391586e-03 
-8.942911e-03 
-7.739646e-03 
-6.444606e-03 
-5.271933e-03 
-3.650584e-03 
-1.060505e-03 
2.355544e-03 
5.995931e-03 
9.432375e-03 
1.243034e-02 
1.470431e-02 
1.592797e-02 
1.595856e-02 
1.495924e-02 
1.330730e-02 
1.136984e-02 
9.248826e-03 
6.964662e-03 
4.700892e-03 
2.957177e-03 
2.151601e-03 
2.243376e-03 
2.794022e-03 
3.487429e-03 
4.262414e-03 
5.129173e-03 
6.067311e-03 
7.178802e-03 
8.667588e-03 
1.043170e-02 
1.198167e-02 
1.301158e-02 
1.376617e-02 
1.453096e-02 
1.508160e-02 
1.484707e-02 
1.369479e-02 
1.199186e-02 
1.003401e-02 
7.739646e-03 
5.149567e-03 
2.722642e-03 
9.789276e-04 
-2.039432e-05 
-6.220269e-04 
-1.152279e-03 
-1.733518e-03 
-2.314756e-03 
-2.906191e-03 
-3.609795e-03 
-4.772272e-03 
-6.689338e-03 
-9.218235e-03 
-1.170634e-02 
-1.350104e-02 
-1.452076e-02 
-1.508160e-02 
-1.523456e-02 
-1.470431e-02 
-1.340927e-02 
-1.181851e-02 
-1.054387e-02 
-9.809670e-03 
-9.422178e-03 
-9.075474e-03 
-8.647193e-03 
-8.116941e-03 
-7.505111e-03 
-6.730127e-03 
-5.771594e-03 
-4.792666e-03 
-4.027879e-03 
-3.619993e-03 
-3.487429e-03 
-3.538415e-03 
-3.936105e-03 
-4.823258e-03 
-5.995931e-03 
-6.883084e-03 
-7.219591e-03 
-7.239985e-03 
-7.290971e-03 
-7.321562e-03 
-6.944267e-03 
-5.944946e-03 
-4.445963e-03 
-2.732839e-03 
-1.080899e-03 
2.039432e-04 
8.463645e-04 
8.055758e-04 
2.447319e-04 
-7.036042e-04 
-1.968052e-03 
-3.497627e-03 
-5.118975e-03 
-6.454804e-03 
-7.138013e-03 
-6.964662e-03 
-6.077509e-03 
-4.874243e-03 
-3.762753e-03 
-2.783825e-03 
-1.743715e-03 
-4.384780e-04 
1.080899e-03 
2.630868e-03 
4.109456e-03 
5.455482e-03 
6.566972e-03 
7.403140e-03 
7.994575e-03 
8.402462e-03 
8.473842e-03 
8.025167e-03 
7.066633e-03 
5.934748e-03 
4.955821e-03 
4.119654e-03 
3.171317e-03 
2.121010e-03 
1.295040e-03 
1.070702e-03 
1.478589e-03 
2.273967e-03 
3.293683e-03 
4.517343e-03 
5.965340e-03 
7.403140e-03 
8.524828e-03 
9.157052e-03 
9.371192e-03 
9.299812e-03 
9.055080e-03 
8.698179e-03 
8.259701e-03 
7.831421e-03 
7.505111e-03 
7.352154e-03 
7.382745e-03 
7.566294e-03 
7.882406e-03 
8.239307e-03 
8.484039e-03 
8.484039e-03 
8.167927e-03 
7.617280e-03 
6.985056e-03 
6.434409e-03 
6.026523e-03 
5.751199e-03 
5.394299e-03 
4.639709e-03 
3.334472e-03 
1.590757e-03 
-3.670978e-04 
-2.477910e-03 
-4.925229e-03 
-7.749843e-03 
-1.060505e-02 
-1.293000e-02 
-1.444938e-02 
-1.536712e-02 
-1.602994e-02 
-1.650921e-02 
-1.649901e-02 
-1.573422e-02 
-1.430662e-02 
-1.266488e-02 
-1.120668e-02 
-9.983022e-03 
-8.759362e-03 
-7.413337e-03 
-6.046917e-03 
-4.935426e-03 
-4.201231e-03 
-3.803541e-03 
-3.538415e-03 
-3.150923e-03 
-2.467713e-03 
-1.580560e-03 
-7.749843e-04 
-2.957177e-04 
-1.427603e-04 
-2.345347e-04 
-5.506468e-04 
-1.070702e-03 
-1.397011e-03 
-1.009519e-03 
2.753234e-04 
2.049630e-03 
3.823936e-03 
5.577848e-03 
7.596886e-03 
9.881050e-03 
1.205305e-02 
1.384775e-02 
1.535693e-02 
1.663157e-02 
1.729439e-02 
1.685591e-02 
1.548949e-02 
1.401090e-02 
1.302178e-02 
1.247113e-02 
1.193068e-02 
1.129846e-02 
1.093136e-02 
1.109451e-02 
1.167575e-02 
1.238955e-02 
1.309316e-02 
1.381715e-02 
1.438820e-02 
1.438820e-02 
1.352144e-02 
1.206324e-02 
1.053367e-02 
9.065277e-03 
7.178802e-03 
4.405174e-03 
9.789276e-04 
-2.447319e-03 
-5.628833e-03 
-8.769559e-03 
-1.185930e-02 
-1.423524e-02 
-1.534673e-02 
-1.546909e-02 
-1.539771e-02 
-1.549969e-02 
-1.543850e-02 
-1.479608e-02 
-1.371518e-02 
-1.267507e-02 
-1.186950e-02 
-1.108432e-02 
-1.005440e-02 
-8.677785e-03 
-7.076831e-03 
-5.414693e-03 
-3.946302e-03 
-2.946980e-03 
-2.620671e-03 
-2.845008e-03 
-3.263092e-03 
-3.558810e-03 
-3.701570e-03 
-3.630190e-03 
-3.079543e-03 
-1.815095e-03 
-3.059149e-05 
1.713123e-03 
3.130529e-03 
4.568329e-03 
6.342635e-03 
8.137335e-03 
9.340601e-03 
9.911642e-03 
1.049288e-02 
1.144122e-02 
1.232837e-02 
1.264448e-02 
1.259350e-02 
1.275665e-02 
1.308296e-02 
1.286882e-02 
1.183891e-02 
1.057446e-02 
9.779078e-03 
9.299812e-03 
8.514630e-03 
7.301168e-03 
6.138692e-03 
5.394299e-03 
4.853849e-03 
4.333794e-03 
3.997288e-03 
4.038076e-03 
4.109456e-03 
3.579204e-03 
2.192390e-03 
2.243376e-04 
-1.998644e-03 
-4.394977e-03 
-6.923873e-03 
-9.483361e-03 
-1.193068e-02 
-1.410268e-02 
-1.575462e-02 
-1.669275e-02 
-1.709044e-02 
-1.745754e-02 
-1.819174e-02 
-1.917066e-02 
-2.011900e-02 
-2.099596e-02 
-2.186272e-02 
-2.255612e-02 
-2.286204e-02 
-2.282125e-02 
-2.269888e-02 
-2.245415e-02 
-2.176074e-02 
-2.052689e-02 
-1.919106e-02 
-1.816115e-02 
-1.736577e-02 
-1.652960e-02 
-1.568324e-02 
-1.511219e-02 
-1.480628e-02 
-1.442898e-02 
-1.380696e-02 
-1.314414e-02 
-1.259350e-02 
-1.196127e-02 
-1.094155e-02 
-9.636318e-03 
-8.351476e-03 
-7.148211e-03 
-5.639031e-03 
-3.487429e-03 
-8.055758e-04 
2.049630e-03 
4.864046e-03 
7.535703e-03 
9.860656e-03 
1.157378e-02 
1.259350e-02 
1.311355e-02 
1.315434e-02 
1.235896e-02 
1.044189e-02 
7.760040e-03 
5.149567e-03 
3.242698e-03 
2.171996e-03 
1.876278e-03 
2.416727e-03 
3.772950e-03 
5.608439e-03 
7.454126e-03 
9.044883e-03 
1.036032e-02 
1.116589e-02 
1.095175e-02 
9.442572e-03 
6.883084e-03 
3.936105e-03 
1.080899e-03 
-1.570363e-03 
-4.068668e-03 
-6.383423e-03 
-8.361673e-03 
-9.962627e-03 
-1.131885e-02 
-1.256290e-02 
-1.370499e-02 
-1.454115e-02 
-1.488786e-02 
-1.474510e-02 
-1.429642e-02 
-1.371518e-02 
-1.299118e-02 
-1.194088e-02 
-1.049288e-02 
-8.871531e-03 
-7.454126e-03 
-6.444606e-03 
-5.679819e-03 
-4.782469e-03 
-3.507824e-03 
-1.835489e-03 
0 
1.784503e-03 
3.324275e-03 
4.547934e-03 
5.475876e-03 
6.179480e-03 
6.730127e-03 
7.188999e-03 
7.535703e-03 
7.668266e-03 
7.525506e-03 
7.239985e-03 
7.229788e-03 
7.902801e-03 
9.299812e-03 
1.111491e-02 
1.309316e-02 
1.529574e-02 
1.779405e-02 
2.027196e-02 
2.219922e-02 
2.319854e-02 
2.328012e-02 
2.257652e-02 
2.119990e-02 
1.944599e-02 
1.784503e-02 
1.682532e-02 
1.631546e-02 
1.592797e-02 
1.548949e-02 
1.521417e-02 
1.534673e-02 
1.577501e-02 
1.624408e-02 
1.663157e-02 
1.689670e-02 
1.680492e-02 
1.607073e-02 
1.480628e-02 
1.351124e-02 
1.250172e-02 
1.154319e-02 
1.013598e-02 
8.147533e-03 
5.873565e-03 
3.599598e-03 
1.315434e-03 
-9.483361e-04 
-3.008163e-03 
-4.680497e-03 
-6.026523e-03 
-7.117619e-03 
-7.668266e-03 
-7.178802e-03 
-5.567651e-03 
-3.324275e-03 
-1.203265e-03 
2.549291e-04 
8.973503e-04 
8.361673e-04 
2.855205e-04 
-3.976893e-04 
-1.019716e-03 
-1.651940e-03 
-2.508502e-03 
-3.650584e-03 
-4.894638e-03 
-6.057114e-03 
-7.097225e-03 
-8.004772e-03 
-8.616602e-03 
-8.687982e-03 
-8.116941e-03 
-7.087028e-03 
-5.822580e-03 
-4.435766e-03 
-3.048951e-03 
-1.937461e-03 
-1.417406e-03 
-1.580560e-03 
-2.233179e-03 
-3.150923e-03 
-4.140048e-03 
-4.976215e-03 
-5.261736e-03 
-4.741680e-03 
-3.660781e-03 
-2.590079e-03 
-1.845686e-03 
-1.366420e-03 
-1.060505e-03 
-1.142082e-03 
-1.784503e-03 
-2.600276e-03 
-2.865403e-03 
-2.406530e-03 
-1.672335e-03 
-1.050308e-03 
-3.059149e-04 
1.040111e-03 
2.885797e-03 
4.680497e-03 
5.985734e-03 
6.740324e-03 
6.842296e-03 
6.026523e-03 
4.293005e-03 
2.171996e-03 
4.486751e-04 
-6.118297e-04 
-1.254251e-03 
-1.835489e-03 
-2.386136e-03 
-2.712445e-03 
-2.610474e-03 
-2.059827e-03 
-1.121688e-03 
4.078865e-05 
1.335828e-03 
2.814417e-03 
4.598920e-03 
6.577170e-03 
8.412659e-03 
9.799473e-03 
1.072741e-02 
1.145141e-02 
1.212443e-02 
1.264448e-02 
1.290961e-02 
1.295040e-02 
1.290961e-02 
1.280764e-02 
1.253231e-02 
1.205305e-02 
1.158398e-02 
1.125767e-02 
1.096195e-02 
1.058465e-02 
1.028894e-02 
1.035012e-02 
1.060505e-02 
1.052347e-02 
9.779078e-03 
8.575813e-03 
7.270577e-03 
5.812382e-03 
4.027879e-03 
2.171996e-03 
7.138013e-04 
-2.855205e-04 
-1.274645e-03 
-2.508502e-03 
-3.670978e-03 
-4.456160e-03 
-5.129173e-03 
-6.057114e-03 
-7.188999e-03 
-8.198518e-03 
-9.187643e-03 
-1.051327e-02 
-1.201226e-02 
-1.299118e-02 
-1.315434e-02 
-1.301158e-02 
-1.316454e-02 
-1.355203e-02 
-1.380696e-02 
-1.405169e-02 
-1.461253e-02 
-1.537732e-02 
-1.585659e-02 
-1.596876e-02 
-1.613191e-02 
-1.646842e-02 
-1.648881e-02 
-1.580560e-02 
-1.486746e-02 
-1.439839e-02 
-1.447997e-02 
-1.458194e-02 
-1.430662e-02 
-1.377637e-02 
-1.309316e-02 
-1.206324e-02 
-1.053367e-02 
-8.657391e-03 
-6.791310e-03 
-5.088384e-03 
-3.599598e-03 
-2.355544e-03 
-1.315434e-03 
-3.263092e-04 
8.055758e-04 
2.008841e-03 
3.191712e-03 
4.313400e-03 
5.424890e-03 
6.515987e-03 
7.617280e-03 
8.881728e-03 
1.035012e-02 
1.176753e-02 
1.284842e-02 
1.363361e-02 
1.428622e-02 
1.464312e-02 
1.438820e-02 
1.361321e-02 
1.289941e-02 
1.260369e-02 
1.248133e-02 
1.217541e-02 
1.186950e-02 
1.197147e-02 
1.255271e-02 
1.336848e-02 
1.438820e-02 
1.580560e-02 
1.747794e-02 
1.885455e-02 
1.956835e-02 
1.966013e-02 
1.917066e-02 
1.785523e-02 
1.556087e-02 
1.270566e-02 
9.850459e-03 
7.087028e-03 
4.293005e-03 
1.723320e-03 
-7.138013e-05 
-9.279418e-04 
-1.223659e-03 
-1.274645e-03 
-1.019716e-03 
-4.894638e-04 
-1.427603e-04 
-3.059149e-04 
-7.138013e-04 
-9.687304e-04 
-1.162476e-03 
-1.774306e-03 
-2.814417e-03 
-3.885119e-03 
-4.833455e-03 
-6.026523e-03 
-7.647872e-03 
-9.126460e-03 
-9.779078e-03 
-9.534347e-03 
-8.973503e-03 
-8.453447e-03 
-7.821223e-03 
-6.883084e-03 
-5.741002e-03 
-4.619314e-03 
-3.558810e-03 
-2.569685e-03 
-1.825292e-03 
-1.621349e-03 
-2.029235e-03 
-2.763431e-03 
-3.497627e-03 
-4.170639e-03 
-4.904835e-03 
-5.751199e-03 
-6.526184e-03 
-6.903479e-03 
-6.679141e-03 
-6.026523e-03 
-5.363707e-03 
-4.925229e-03 
-4.507146e-03 
-3.691373e-03 
-2.345347e-03 
-8.973503e-04 
1.223659e-04 
6.526184e-04 
1.111491e-03 
1.723320e-03 
2.212784e-03 
2.110813e-03 
1.427603e-03 
6.322241e-04 
1.325631e-04 
-1.325631e-04 
-4.384780e-04 
-8.565616e-04 
-1.213462e-03 
-1.305237e-03 
-1.091096e-03 
-7.443928e-04 
-5.914354e-04 
-9.993219e-04 
-2.110813e-03 
-3.619993e-03 
-5.017004e-03 
-6.159086e-03 
-7.341957e-03 
-8.871531e-03 
-1.073761e-02 
-1.269547e-02 
-1.455135e-02 
-1.616250e-02 
-1.743715e-02 
-1.837529e-02 
-1.911968e-02 
-1.973151e-02 
-2.002723e-02 
-1.979269e-02 
-1.909928e-02 
-1.826312e-02 
-1.743715e-02 
-1.638684e-02 
-1.485727e-02 
-1.291980e-02 
-1.087017e-02 
-8.973503e-03 
-7.352154e-03 
-6.108100e-03 
-5.180158e-03 
-4.333794e-03 
-3.222303e-03 
-1.866081e-03 
-6.220269e-04 
2.039432e-04 
6.628155e-04 
9.789276e-04 
1.193068e-03 
1.111491e-03 
7.036042e-04 
2.243376e-04 
-1.019716e-05 
8.157730e-05 
4.282808e-04 
1.009519e-03 
1.978249e-03 
3.395655e-03 
5.067990e-03 
6.638353e-03 
7.862012e-03 
8.687982e-03 
9.157052e-03 
9.187643e-03 
8.586011e-03 
7.413337e-03 
6.046917e-03 
4.874243e-03 
3.946302e-03 
3.018360e-03 
1.998644e-03 
1.060505e-03 
3.976893e-04 
-1.631546e-04 
-9.891247e-04 
-2.253573e-03 
-3.752556e-03 
-5.088384e-03 
-5.985734e-03 
-6.434409e-03 
-6.526184e-03 
-6.342635e-03 
-5.883763e-03 
-5.200553e-03 
-4.456160e-03 
-3.905513e-03 
-3.711767e-03 
-3.925907e-03 
-4.496948e-03 
-5.343313e-03 
-6.312043e-03 
-7.168605e-03 
-7.627477e-03 
-7.535703e-03 
-6.974859e-03 
-6.220269e-03 
-5.557453e-03 
-5.006807e-03 
-4.456160e-03 
-3.813739e-03 
-3.201909e-03 
-2.824614e-03 
-2.702248e-03 
-2.630868e-03 
-2.437122e-03 
-2.212784e-03 
-2.070024e-03 
-1.804898e-03 
-9.993219e-04 
5.098581e-04 
2.335150e-03 
3.946302e-03 
5.200553e-03 
6.373226e-03 
7.698857e-03 
9.034686e-03 
1.010539e-02 
1.094155e-02 
1.177772e-02 
1.264448e-02 
1.326651e-02 
1.343986e-02 
1.330730e-02 
1.307276e-02 
1.265468e-02 
1.184910e-02 
1.076820e-02 
9.860656e-03 
9.483361e-03 
9.575135e-03 
9.901444e-03 
1.029913e-02 
1.070702e-02 
1.100274e-02 
1.101294e-02 
1.075801e-02 
1.029913e-02 
9.513952e-03 
8.198518e-03 
6.475198e-03 
4.751878e-03 
3.344669e-03 
2.171996e-03 
9.891247e-04 
-1.937461e-04 
-1.203265e-03 
-2.049630e-03 
-2.967374e-03 
-4.129851e-03 
-5.475876e-03 
-6.801507e-03 
-7.994575e-03 
-9.034686e-03 
-9.850459e-03 
-1.028894e-02 
-1.020736e-02 
-9.636318e-03 
-8.789954e-03 
-7.953786e-03 
-7.270577e-03 
-6.740324e-03 
-6.342635e-03 
-6.108100e-03 
-5.965340e-03 
-5.700214e-03 
-5.108778e-03 
-4.313400e-03 
-3.619993e-03 
-3.120332e-03 
-2.539093e-03 
-1.549969e-03 
-2.753234e-04 
9.279418e-04 
1.937461e-03 
3.059149e-03 
4.517343e-03 
6.128494e-03 
7.454126e-03 
8.341279e-03 
9.055080e-03 
9.830064e-03 
1.053367e-02 
1.092116e-02 
1.096195e-02 
1.077840e-02 
1.043170e-02 
9.789276e-03 
8.861334e-03 
7.912998e-03 
7.250182e-03 
6.954465e-03 
6.954465e-03 
7.209394e-03 
7.739646e-03 
8.555419e-03 
9.534347e-03 
1.052347e-02 
1.130865e-02 
1.169614e-02 
1.168595e-02 
1.148200e-02 
1.117609e-02 
1.065603e-02 
9.748487e-03 
8.535025e-03 
7.168605e-03 
5.659425e-03 
3.936105e-03 
2.192390e-03 
7.749843e-04 
-3.059149e-04 
-1.509180e-03 
-3.079543e-03 
-4.619314e-03 
-5.618636e-03 
-6.118297e-03 
-6.546578e-03 
-7.015648e-03 
-7.107422e-03 
-6.668944e-03 
-6.128494e-03 
-6.006128e-03 
-6.240663e-03 
-6.444606e-03 
-6.536381e-03 
-6.709733e-03 
-7.036042e-03 
-7.311365e-03 
-7.423534e-03 
-7.535703e-03 
-7.627477e-03 
-7.331760e-03 
-6.414015e-03 
-5.261736e-03 
-4.466357e-03 
-4.119654e-03 
-3.701570e-03 
-2.875600e-03 
-1.927264e-03 
-1.254251e-03 
-7.647872e-04 
-8.157730e-05 
8.565616e-04 
1.733518e-03 
2.365742e-03 
2.845008e-03 
3.120332e-03 
2.845008e-03 
1.906869e-03 
8.055758e-04 
1.223659e-04 
-1.121688e-04 
-3.569007e-04 
-8.871531e-04 
-1.529574e-03 
-2.008841e-03 
-2.324953e-03 
-2.600276e-03 
-2.804220e-03 
-2.845008e-03 
-2.681854e-03 
-2.355544e-03 
-1.917066e-03 
-1.397011e-03 
-8.463645e-04 
-2.447319e-04 
4.384780e-04 
1.101294e-03 
1.560166e-03 
1.723320e-03 
1.641743e-03 
1.407208e-03 
1.019716e-03 
5.404496e-04 
2.039432e-04 
1.631546e-04 
2.243376e-04 
5.098581e-05 
-3.874922e-04 
-8.055758e-04 
-1.091096e-03 
-1.509180e-03 
-2.284164e-03 
-3.201909e-03 
-3.783147e-03 
-3.864724e-03 
-3.711767e-03 
-3.609795e-03 
-3.548612e-03 
-3.334472e-03 
-2.946980e-03 
-2.467713e-03 
-1.906869e-03 
-1.162476e-03 
-2.447319e-04 
6.118297e-04 
1.193068e-03 
1.509180e-03 
1.682532e-03 
1.743715e-03 
1.662137e-03 
1.519377e-03 
1.498983e-03 
1.641743e-03 
1.733518e-03 
1.590757e-03 
1.244054e-03 
8.259701e-04 
3.365064e-04 
-3.365064e-04 
-1.203265e-03 
-2.131207e-03 
-2.946980e-03 
-3.640387e-03 
-4.242019e-03 
-4.823258e-03 
-5.404496e-03 
-6.036720e-03 
-6.638353e-03 
-7.076831e-03 
-7.239985e-03 
-7.138013e-03 
-6.852493e-03 
-6.424212e-03 
-5.975537e-03 
-5.690016e-03 
-5.741002e-03 
-6.046917e-03 
-6.352832e-03 
-6.465001e-03 
-6.434409e-03 
-6.434409e-03 
-6.434409e-03 
-6.148889e-03 
-5.435087e-03 
-4.517343e-03 
-3.752556e-03 
-3.293683e-03 
-3.048951e-03 
-2.946980e-03 
-3.008163e-03 
-3.130529e-03 
-3.059149e-03 
-2.732839e-03 
-2.345347e-03 
-1.998644e-03 
-1.447997e-03 
-4.384780e-04 
8.871531e-04 
2.141404e-03 
3.263092e-03 
4.476554e-03 
5.741002e-03 
6.617958e-03 
6.801507e-03 
6.465001e-03 
5.924551e-03 
5.261736e-03 
4.456160e-03 
3.721964e-03 
3.324275e-03 
3.140726e-03 
2.875600e-03 
2.528896e-03 
2.457516e-03 
2.794022e-03 
3.242698e-03 
3.487429e-03 
3.619993e-03 
3.936105e-03 
4.435766e-03 
4.843652e-03 
4.986412e-03 
4.966018e-03 
4.915032e-03 
4.792666e-03 
4.445963e-03 
3.793344e-03 
2.834811e-03 
1.682532e-03 
4.486751e-04 
-7.953786e-04 
-2.070024e-03 
-3.477232e-03 
-4.915032e-03 
-6.148889e-03 
-7.015648e-03 
-7.617280e-03 
-8.188321e-03 
-8.810348e-03 
-9.391586e-03 
-9.830064e-03 
-1.013598e-02 
-1.027874e-02 
-1.023795e-02 
-1.009519e-02 
-1.003401e-02 
-1.011558e-02 
-1.025835e-02 
-1.032973e-02 
-1.036032e-02 
-1.042150e-02 
-1.054387e-02 
-1.064584e-02 
-1.074781e-02 
-1.090077e-02 
-1.105372e-02 
-1.106392e-02 
-1.081919e-02 
-1.026854e-02 
-9.483361e-03 
-8.535025e-03 
-7.505111e-03 
-6.363029e-03 
-4.976215e-03 
-3.365064e-03 
-1.906869e-03 
-9.381389e-04 
-3.772950e-04 
2.141404e-04 
1.040111e-03 
1.825292e-03 
2.294361e-03 
2.600276e-03 
3.079543e-03 
3.762753e-03 
4.456160e-03 
4.986412e-03 
5.414693e-03 
5.802185e-03 
6.291649e-03 
7.025845e-03 
8.025167e-03 
8.912320e-03 
9.157052e-03 
8.626799e-03 
7.658069e-03 
6.628155e-03 
5.659425e-03 
4.874243e-03 
4.507146e-03 
4.547934e-03 
4.558131e-03 
4.180836e-03 
3.681176e-03 
3.640387e-03 
4.221625e-03 
4.966018e-03 
5.506468e-03 
5.995931e-03 
6.760718e-03 
7.831421e-03 
8.922517e-03 
9.850459e-03 
1.070702e-02 
1.150240e-02 
1.209383e-02 
1.233857e-02 
1.232837e-02 
1.227738e-02 
1.229778e-02 
1.228758e-02 
1.216521e-02 
1.199186e-02 
1.185930e-02 
1.180831e-02 
1.180831e-02 
1.191029e-02 
1.214482e-02 
1.243034e-02 
1.262409e-02 
1.269547e-02 
1.266488e-02 
1.252212e-02 
1.222640e-02 
1.192048e-02 
1.188989e-02 
1.228758e-02 
1.291980e-02 
1.351124e-02 
1.405169e-02 
1.468391e-02 
1.532633e-02 
1.571383e-02 
1.575462e-02 
1.565264e-02 
1.554048e-02 
1.533653e-02 
1.497963e-02 
1.456155e-02 
1.418425e-02 
1.382735e-02 
1.345006e-02 
1.319513e-02 
1.313394e-02 
1.309316e-02 
1.288921e-02 
1.260369e-02 
1.239975e-02 
1.211423e-02 
1.138003e-02 
1.006460e-02 
8.504433e-03 
7.025845e-03 
5.598242e-03 
4.089062e-03 
2.692051e-03 
1.743715e-03 
1.325631e-03 
1.142082e-03 
8.871531e-04 
4.690695e-04 
-6.118297e-05 
-6.526184e-04 
-1.264448e-03 
-1.866081e-03 
-2.437122e-03 
-2.997966e-03 
-3.528218e-03 
-3.966696e-03 
-4.180836e-03 
-4.099259e-03 
-3.670978e-03 
-3.048951e-03 
-2.457516e-03 
-2.080221e-03 
-1.876278e-03 
-1.743715e-03 
-1.794701e-03 
-2.141404e-03 
-2.610474e-03 
-2.855205e-03 
-2.783825e-03 
-2.702248e-03 
-2.906191e-03 
-3.263092e-03 
-3.385458e-03 
-3.273289e-03 
-3.222303e-03 
-3.426246e-03 
-3.762753e-03 
-4.027879e-03 
-4.191034e-03 
-4.231822e-03 
-4.007485e-03 
-3.487429e-03 
-3.028557e-03 
-3.079543e-03 
-3.732161e-03 
-4.547934e-03 
-5.047595e-03 
-5.139370e-03 
-5.027201e-03 
-4.833455e-03 
-4.496948e-03 
-4.058471e-03 
-3.599598e-03 
-3.171317e-03 
-2.651262e-03 
-2.008841e-03 
-1.427603e-03 
-1.091096e-03 
-8.871531e-04 
-6.220269e-04 
-3.569007e-04 
-3.569007e-04 
-7.138013e-04 
-1.213462e-03 
-1.621349e-03 
-1.998644e-03 
-2.518699e-03 
-3.161120e-03 
-3.813739e-03 
-4.445963e-03 
-5.037398e-03 
-5.435087e-03 
-5.516665e-03 
-5.465679e-03 
-5.618636e-03 
-5.934748e-03 
-5.965340e-03 
-5.486073e-03 
-4.874243e-03 
-4.711089e-03 
-5.017004e-03 
-5.261736e-03 
-5.118975e-03 
-4.833455e-03 
-4.833455e-03 
-5.088384e-03 
-5.261736e-03 
-5.190356e-03 
-5.098581e-03 
-5.210750e-03 
-5.435087e-03 
-5.567651e-03 
-5.557453e-03 
-5.598242e-03 
-5.741002e-03 
-5.893960e-03 
-6.108100e-03 
-6.587367e-03 
-7.372548e-03 
-8.076152e-03 
-8.239307e-03 
-7.882406e-03 
-7.392943e-03 
-7.036042e-03 
-6.689338e-03 
-6.240663e-03 
-5.853171e-03 
-5.761397e-03 
-5.965340e-03 
-6.312043e-03 
-6.689338e-03 
-7.117619e-03 
-7.566294e-03 
-7.994575e-03 
-8.463645e-03 
-9.024488e-03 
-9.503755e-03 
-9.575135e-03 
-9.218235e-03 
-8.820545e-03 
-8.759362e-03 
-8.963306e-03 
-8.963306e-03 
-8.392264e-03 
-7.443928e-03 
-6.577170e-03 
-6.036720e-03 
-5.730805e-03 
-5.526862e-03 
-5.547256e-03 
-6.036720e-03 
-6.872887e-03 
-7.678463e-03 
-8.269898e-03 
-8.779757e-03 
-9.187643e-03 
-9.004094e-03 
-7.912998e-03 
-6.434409e-03 
-5.455482e-03 
-5.231144e-03 
-5.200553e-03 
-4.802863e-03 
-4.211428e-03 
-3.844330e-03 
-3.762753e-03 
-3.762753e-03 
-3.854527e-03 
-4.242019e-03 
-4.864046e-03 
-5.282130e-03 
-5.169961e-03 
-4.558131e-03 
-3.711767e-03 
-2.875600e-03 
-2.314756e-03 
-2.324953e-03 
-2.977571e-03 
-3.885119e-03 
-4.364385e-03 
-3.997288e-03 
-2.946980e-03 
-1.743715e-03 
-8.055758e-04 
-1.835489e-04 
2.549291e-04 
4.384780e-04 
2.141404e-04 
-3.161120e-04 
-6.730127e-04 
-5.098581e-04 
-2.039432e-05 
3.772950e-04 
6.424212e-04 
1.172674e-03 
2.233179e-03 
3.630190e-03 
4.955821e-03 
6.036720e-03 
6.893282e-03 
7.454126e-03 
7.607083e-03 
7.311365e-03 
6.617958e-03 
5.588045e-03 
4.456160e-03 
3.569007e-03 
3.059149e-03 
2.600276e-03 
1.713123e-03 
3.874922e-04 
-9.687304e-04 
-2.059827e-03 
-2.926586e-03 
-3.518021e-03 
-3.477232e-03 
-2.579882e-03 
-1.182871e-03 
1.427603e-04 
1.244054e-03 
2.365742e-03 
3.548612e-03 
4.527540e-03 
5.139370e-03 
5.435087e-03 
5.343313e-03 
4.343991e-03 
2.070024e-03 
-1.172674e-03 
-4.425568e-03 
-6.923873e-03 
-8.473842e-03 
-9.310009e-03 
-9.687304e-03 
-9.717896e-03 
-9.381389e-03 
-8.626799e-03 
-7.474520e-03 
-6.199875e-03 
-5.271933e-03 
-4.915032e-03 
-4.925229e-03 
-4.823258e-03 
-4.364385e-03 
-3.701570e-03 
-3.069346e-03 
-2.488108e-03 
-1.764109e-03 
-8.769559e-04 
-8.157730e-05 
3.161120e-04 
3.059149e-04 
1.733518e-04 
2.243376e-04 
5.608439e-04 
1.009519e-03 
1.325631e-03 
1.376617e-03 
1.182871e-03 
8.769559e-04 
5.914354e-04 
3.670978e-04 
1.937461e-04 
8.157730e-05 
-2.039432e-05 
-2.345347e-04 
-6.220269e-04 
-1.040111e-03 
-1.142082e-03 
-6.424212e-04 
4.486751e-04 
1.957855e-03 
3.681176e-03 
5.516665e-03 
7.362351e-03 
9.055080e-03 
1.039091e-02 
1.120668e-02 
1.148200e-02 
1.140043e-02 
1.115570e-02 
1.072741e-02 
9.983022e-03 
8.932714e-03 
7.872209e-03 
7.036042e-03 
6.301846e-03 
5.455482e-03 
4.496948e-03 
3.650584e-03 
3.008163e-03 
2.477910e-03 
2.019038e-03 
1.815095e-03 
2.100615e-03 
2.855205e-03 
3.885119e-03 
4.966018e-03 
5.965340e-03 
6.781113e-03 
7.321562e-03 
7.494914e-03 
7.290971e-03 
6.923873e-03 
6.607761e-03 
6.301846e-03 
5.628833e-03 
4.354188e-03 
2.855205e-03 
1.794701e-03 
1.417406e-03 
1.335828e-03 
1.223659e-03 
1.244054e-03 
1.651940e-03 
2.324953e-03 
2.895994e-03 
3.344669e-03 
3.854527e-03 
4.456160e-03 
4.966018e-03 
5.353510e-03 
5.771594e-03 
6.097903e-03 
6.016326e-03 
5.465679e-03 
4.874243e-03 
4.466357e-03 
3.956499e-03 
3.038754e-03 
1.957855e-03 
1.264448e-03 
1.101294e-03 
1.172674e-03 
1.356223e-03 
1.835489e-03 
2.539093e-03 
2.957177e-03 
2.671656e-03 
1.876278e-03 
1.009519e-03 
1.427603e-04 
-9.585332e-04 
-2.273967e-03 
-3.375261e-03 
-3.987090e-03 
-4.333794e-03 
-4.813061e-03 
-5.486073e-03 
-6.036720e-03 
-6.159086e-03 
-5.995931e-03 
-5.965340e-03 
-6.322241e-03 
-6.893282e-03 
-7.352154e-03 
-7.474520e-03 
-7.280774e-03 
-6.811704e-03 
-6.087706e-03 
-5.241341e-03 
-4.568329e-03 
-4.211428e-03 
-3.956499e-03 
-3.456838e-03 
-2.773628e-03 
-2.365742e-03 
-2.447319e-03 
-2.671656e-03 
-2.630868e-03 
-2.396333e-03 
-2.375939e-03 
-2.569685e-03 
-2.396333e-03 
-1.509180e-03 
-3.161120e-04 
4.078865e-04 
5.506468e-04 
8.871531e-04 
2.243376e-03 
4.598920e-03 
7.117619e-03 
9.065277e-03 
1.026854e-02 
1.099254e-02 
1.145141e-02 
1.177772e-02 
1.216521e-02 
1.283823e-02 
1.377637e-02 
1.464312e-02 
1.521417e-02 
1.557107e-02 
1.576481e-02 
1.560166e-02 
1.482667e-02 
1.361321e-02 
1.244054e-02 
1.160437e-02 
1.101294e-02 
1.061525e-02 
1.067643e-02 
1.145141e-02 
1.275665e-02 
1.403130e-02 
1.479608e-02 
1.482667e-02 
1.403130e-02 
1.227738e-02 
9.493558e-03 
5.934748e-03 
2.233179e-03 
-8.463645e-04 
-2.794022e-03 
-3.711767e-03 
-4.272611e-03 
-5.261736e-03 
-7.076831e-03 
-9.442572e-03 
-1.164516e-02 
-1.288921e-02 
-1.274645e-02 
-1.155338e-02 
-1.035012e-02 
-1.011558e-02 
-1.096195e-02 
-1.200206e-02 
-1.221620e-02 
-1.130865e-02 
-9.789276e-03 
-8.443250e-03 
-7.872209e-03 
-8.259701e-03 
-9.360995e-03 
-1.056426e-02 
-1.128826e-02 
-1.133924e-02 
-1.094155e-02 
-1.029913e-02 
-9.360995e-03 
-8.025167e-03 
-6.465001e-03 
-5.078187e-03 
-4.150245e-03 
-3.650584e-03 
-3.487429e-03 
-3.569007e-03 
-3.803541e-03 
-3.936105e-03 
-3.619993e-03 
-2.743037e-03 
-1.488786e-03 
-1.121688e-04 
1.315434e-03 
2.926586e-03 
4.843652e-03 
6.862690e-03 
8.667588e-03 
1.007480e-02 
1.119648e-02 
1.207344e-02 
1.237935e-02 
1.169614e-02 
1.004420e-02 
8.086350e-03 
6.546578e-03 
5.649228e-03 
5.139370e-03 
4.731483e-03 
4.425568e-03 
4.272611e-03 
4.150245e-03 
3.844330e-03 
3.242698e-03 
2.437122e-03 
1.692729e-03 
1.244054e-03 
1.162476e-03 
1.264448e-03 
1.233857e-03 
8.667588e-04 
2.651262e-04 
-3.467035e-04 
-8.361673e-04 
-1.295040e-03 
-1.876278e-03 
-2.763431e-03 
-4.007485e-03 
-5.506468e-03 
-6.985056e-03 
-8.280096e-03 
-9.575135e-03 
-1.113530e-02 
-1.279744e-02 
-1.387834e-02 
-1.389873e-02 
-1.317473e-02 
-1.251192e-02 
-1.234876e-02 
-1.230797e-02 
-1.191029e-02 
-1.128826e-02 
-1.103333e-02 
-1.128826e-02 
-1.149220e-02 
-1.105372e-02 
-1.000342e-02 
-8.800151e-03 
-7.739646e-03 
-6.781113e-03 
-5.842974e-03 
-4.976215e-03 
-4.129851e-03 
-3.018360e-03 
-1.447997e-03 
3.976893e-04 
2.182193e-03 
3.752556e-03 
5.139370e-03 
6.414015e-03 
7.464323e-03 
8.096547e-03 
8.137335e-03 
7.617280e-03 
6.923873e-03 
6.597564e-03 
6.954465e-03 
7.719252e-03 
8.310687e-03 
8.433053e-03 
8.320884e-03 
8.351476e-03 
8.606405e-03 
8.881728e-03 
9.055080e-03 
9.238629e-03 
9.605727e-03 
1.012578e-02 
1.053367e-02 
1.063564e-02 
1.052347e-02 
1.046229e-02 
1.055406e-02 
1.063564e-02 
1.044189e-02 
9.830064e-03 
8.861334e-03 
7.484717e-03 
5.669622e-03 
3.599598e-03 
1.713123e-03 
2.957177e-04 
-8.055758e-04 
-1.866081e-03 
-2.906191e-03 
-3.650584e-03 
-3.997288e-03 
-4.282808e-03 
-4.782469e-03 
-5.394299e-03 
-5.741002e-03 
-5.700214e-03 
-5.506468e-03 
-5.475876e-03 
-5.659425e-03 
-6.057114e-03 
-6.760718e-03 
-7.872209e-03 
-9.218235e-03 
-1.046229e-02 
-1.145141e-02 
-1.228758e-02 
-1.297079e-02 
-1.319513e-02 
-1.261389e-02 
-1.134944e-02 
-1.003401e-02 
-9.146854e-03 
-8.606405e-03 
-7.963984e-03 
-6.934070e-03 
-5.628833e-03 
-4.252217e-03 
-2.845008e-03 
-1.356223e-03 
1.937461e-04 
1.631546e-03 
2.865403e-03 
3.936105e-03 
4.864046e-03 
5.475876e-03 
5.506468e-03 
4.935426e-03 
4.180836e-03 
3.844330e-03 
4.160442e-03 
4.782469e-03 
5.108778e-03 
4.823258e-03 
4.099259e-03 
3.354866e-03 
2.722642e-03 
1.968052e-03 
7.851815e-04 
-8.463645e-04 
-2.488108e-03 
-3.528218e-03 
-3.589401e-03 
-2.681854e-03 
-1.019716e-03 
1.182871e-03 
3.691373e-03 
6.169283e-03 
8.157730e-03 
9.157052e-03 
8.830742e-03 
7.209394e-03 
4.741680e-03 
2.141404e-03 
1.019716e-05 
-1.305237e-03 
-1.611152e-03 
-9.279418e-04 
1.937461e-04 
6.220269e-04 
-6.934070e-04 
-3.762753e-03 
-7.515308e-03 
-1.082939e-02 
-1.338887e-02 
-1.535693e-02 
-1.658059e-02 
-1.642763e-02 
-1.459214e-02 
-1.174713e-02 
-9.218235e-03 
-8.055758e-03 
-8.341279e-03 
-9.299812e-03 
-9.911642e-03 
-9.687304e-03 
-8.891925e-03 
-8.147533e-03 
-7.688660e-03 
-7.280774e-03 
-6.852493e-03 
-6.811704e-03 
-7.576491e-03 
-8.851137e-03 
-9.932036e-03 
-1.066623e-02 
-1.156358e-02 
-1.296059e-02 
-1.419445e-02 
-1.422504e-02 
-1.271586e-02 
-1.026854e-02 
-7.586689e-03 
-4.874243e-03 
-2.161798e-03 
1.835489e-04 
1.570363e-03 
1.784503e-03 
1.182871e-03 
3.670978e-04 
-2.447319e-04 
-5.098581e-04 
-5.608439e-04 
-6.424212e-04 
-7.647872e-04 
-3.874922e-04 
1.223659e-03 
3.987090e-03 
6.628155e-03 
7.627477e-03 
6.668944e-03 
4.843652e-03 
3.222303e-03 
1.784503e-03 
-2.039432e-05 
-2.121010e-03 
-3.854527e-03 
-4.894638e-03 
-5.465679e-03 
-5.435087e-03 
-4.119654e-03 
-1.233857e-03 
2.324953e-03 
5.251538e-03 
7.107422e-03 
8.239307e-03 
8.759362e-03 
8.269898e-03 
6.689338e-03 
4.680497e-03 
2.967374e-03 
1.866081e-03 
1.539771e-03 
2.222981e-03 
3.721964e-03 
5.139370e-03 
5.557453e-03 
4.915032e-03 
3.660781e-03 
1.917066e-03 
-3.772950e-04 
-2.722642e-03 
-4.119654e-03 
-4.160442e-03 
-3.477232e-03 
-2.773628e-03 
-2.008841e-03 
-7.953786e-04 
7.036042e-04 
1.804898e-03 
2.151601e-03 
1.947658e-03 
1.458194e-03 
6.628155e-04 
-3.161120e-04 
-9.483361e-04 
-6.016326e-04 
8.667588e-04 
2.946980e-03 
4.884441e-03 
6.087706e-03 
6.363029e-03 
5.802185e-03 
4.660103e-03 
3.181515e-03 
1.631546e-03 
1.019716e-04 
-1.519377e-03 
-3.293683e-03 
-4.935426e-03 
-5.761397e-03 
-5.292327e-03 
-3.640387e-03 
-1.478589e-03 
4.588723e-04 
1.580560e-03 
1.529574e-03 
4.384780e-04 
-9.993219e-04 
-1.896672e-03 
-1.927264e-03 
-1.376617e-03 
-6.832099e-04 
3.059149e-05 
7.138013e-04 
1.254251e-03 
1.580560e-03 
1.794701e-03 
1.968052e-03 
1.886475e-03 
1.417406e-03 
7.138013e-04 
2.039432e-05 
-6.322241e-04 
-1.244054e-03 
-1.529574e-03 
-1.050308e-03 
1.019716e-04 
1.254251e-03 
1.876278e-03 
2.161798e-03 
2.671656e-03 
3.721964e-03 
5.241341e-03 
7.127816e-03 
9.259023e-03 
1.126786e-02 
1.264448e-02 
1.316454e-02 
1.315434e-02 
1.322572e-02 
1.362341e-02 
1.411287e-02 
1.431682e-02 
1.401090e-02 
1.326651e-02 
1.234876e-02 
1.150240e-02 
1.077840e-02 
9.993219e-03 
9.014291e-03 
8.096547e-03 
7.800829e-03 
8.300490e-03 
9.075474e-03 
9.534347e-03 
9.656713e-03 
9.921839e-03 
1.043170e-02 
1.065603e-02 
1.012578e-02 
9.024488e-03 
7.892603e-03 
6.893282e-03 
5.822580e-03 
4.660103e-03 
3.803541e-03 
3.477232e-03 
3.487429e-03 
3.507824e-03 
3.405852e-03 
3.150923e-03 
2.539093e-03 
1.346025e-03 
-3.670978e-04 
-2.131207e-03 
-3.467035e-03 
-4.262414e-03 
-4.762075e-03 
-5.302524e-03 
-5.985734e-03 
-6.577170e-03 
-6.689338e-03 
-6.159086e-03 
-5.098581e-03 
-3.885119e-03 
-2.824614e-03 
-2.100615e-03 
-1.672335e-03 
-1.346025e-03 
-1.080899e-03 
-1.040111e-03 
-1.386814e-03 
-1.998644e-03 
-2.437122e-03 
-2.437122e-03 
-2.049630e-03 
-1.488786e-03 
-9.279418e-04 
-6.118297e-04 
-7.851815e-04 
-1.488786e-03 
-2.447319e-03 
-3.354866e-03 
-4.180836e-03 
-4.925229e-03 
-5.394299e-03 
-5.384102e-03 
-4.976215e-03 
-4.405174e-03 
-3.681176e-03 
-2.630868e-03 
-1.366420e-03 
-2.753234e-04 
3.569007e-04 
6.730127e-04 
9.483361e-04 
1.284842e-03 
1.764109e-03 
2.498305e-03 
3.405852e-03 
4.068668e-03 
4.211428e-03 
4.048273e-03 
4.058471e-03 
4.354188e-03 
4.537737e-03 
4.303202e-03 
3.742359e-03 
3.212106e-03 
2.946980e-03 
3.069346e-03 
3.569007e-03 
4.293005e-03 
4.955821e-03 
5.353510e-03 
5.496270e-03 
5.373904e-03 
4.904835e-03 
4.272611e-03 
3.966696e-03 
4.343991e-03 
5.129173e-03 
5.822580e-03 
6.383423e-03 
7.199196e-03 
8.280096e-03 
8.993897e-03 
8.749165e-03 
7.770238e-03 
6.760718e-03 
6.118297e-03 
5.791988e-03 
5.812382e-03 
6.291649e-03 
7.087028e-03 
7.668266e-03 
7.749843e-03 
7.586689e-03 
7.443928e-03 
7.148211e-03 
6.373226e-03 
5.241341e-03 
4.150245e-03 
3.242698e-03 
2.386136e-03 
1.672335e-03 
1.529574e-03 
2.131207e-03 
3.069346e-03 
3.803541e-03 
4.262414e-03 
4.619314e-03 
4.802863e-03 
4.496948e-03 
3.569007e-03 
2.263770e-03 
7.851815e-04 
-8.259701e-04 
-2.426925e-03 
-3.589401e-03 
-3.956499e-03 
-3.650584e-03 
-3.171317e-03 
-2.967374e-03 
-3.263092e-03 
-4.058471e-03 
-5.292327e-03 
-6.781113e-03 
-8.259701e-03 
-9.524149e-03 
-1.041130e-02 
-1.081919e-02 
-1.073761e-02 
-1.046229e-02 
-1.030933e-02 
-1.033992e-02 
-1.026854e-02 
-9.881050e-03 
-9.279418e-03 
-8.779757e-03 
-8.565616e-03 
-8.647193e-03 
-8.942911e-03 
-9.360995e-03 
-9.707698e-03 
-9.819867e-03 
-9.758684e-03 
-9.687304e-03 
-9.687304e-03 
-9.799473e-03 
-1.005440e-02 
-1.053367e-02 
-1.103333e-02 
-1.117609e-02 
-1.075801e-02 
-9.911642e-03 
-8.830742e-03 
-7.515308e-03 
-5.985734e-03 
-4.445963e-03 
-3.079543e-03 
-1.866081e-03 
-6.934070e-04 
2.345347e-04 
6.016326e-04 
3.161120e-04 
-3.670978e-04 
-1.162476e-03 
-1.947658e-03 
-2.539093e-03 
-2.681854e-03 
-2.263770e-03 
-1.570363e-03 
-9.687304e-04 
-6.730127e-04 
-6.730127e-04 
-9.483361e-04 
-1.447997e-03 
-2.019038e-03 
-2.396333e-03 
-2.335150e-03 
-1.764109e-03 
-8.361673e-04 
1.427603e-04 
9.075474e-04 
1.458194e-03 
1.957855e-03 
2.477910e-03 
2.845008e-03 
2.936783e-03 
2.936783e-03 
3.191712e-03 
3.803541e-03 
4.537737e-03 
5.098581e-03 
5.322919e-03 
5.180158e-03 
4.690695e-03 
4.068668e-03 
3.579204e-03 
3.344669e-03 
3.201909e-03 
2.977571e-03 
2.671656e-03 
2.437122e-03 
2.345347e-03 
2.335150e-03 
2.335150e-03 
2.447319e-03 
2.865403e-03 
3.803541e-03 
5.251538e-03 
6.913676e-03 
8.412659e-03 
9.554741e-03 
1.035012e-02 
1.085998e-02 
1.108432e-02 
1.098234e-02 
1.064584e-02 
1.017677e-02 
9.626121e-03 
8.993897e-03 
8.443250e-03 
8.137335e-03 
7.984378e-03 
7.607083e-03 
6.730127e-03 
5.577848e-03 
4.609117e-03 
4.007485e-03 
3.436444e-03 
2.447319e-03 
1.080899e-03 
-1.427603e-04 
-8.055758e-04 
-1.040111e-03 
-1.407208e-03 
-2.222981e-03 
-3.263092e-03 
-4.119654e-03 
-4.741680e-03 
-5.435087e-03 
-6.383423e-03 
-7.280774e-03 
-7.678463e-03 
-7.433731e-03 
-6.781113e-03 
-6.006128e-03 
-5.343313e-03 
-4.986412e-03 
-5.139370e-03 
-5.690016e-03 
-6.312043e-03 
-6.811704e-03 
-7.423534e-03 
-8.473842e-03 
-9.830064e-03 
-1.098234e-02 
-1.164516e-02 
-1.205305e-02 
-1.252212e-02 
-1.303197e-02 
-1.335828e-02 
-1.347045e-02 
-1.350104e-02 
-1.343986e-02 
-1.300138e-02 
-1.207344e-02 
-1.079879e-02 
-9.340601e-03 
-7.647872e-03 
-5.710411e-03 
-3.752556e-03 
-2.080221e-03 
-8.157730e-04 
-2.039432e-05 
2.039432e-04 
-1.631546e-04 
-8.667588e-04 
-1.488786e-03 
-1.804898e-03 
-1.845686e-03 
-1.662137e-03 
-1.193068e-03 
-3.772950e-04 
7.036042e-04 
1.845686e-03 
2.834811e-03 
3.405852e-03 
3.446641e-03 
3.201909e-03 
3.140726e-03 
3.426246e-03 
3.670978e-03 
3.528218e-03 
3.110134e-03 
2.824614e-03 
2.753234e-03 
2.651262e-03 
2.488108e-03 
2.559488e-03 
3.038754e-03 
3.599598e-03 
3.823936e-03 
3.701570e-03 
3.497627e-03 
3.181515e-03 
2.508502e-03 
1.427603e-03 
2.651262e-04 
-7.953786e-04 
-1.896672e-03 
-3.150923e-03 
-4.343991e-03 
-5.180158e-03 
-5.802185e-03 
-6.617958e-03 
-7.749843e-03 
-8.789954e-03 
-9.259023e-03 
-9.055080e-03 
-8.422856e-03 
-7.545900e-03 
-6.454804e-03 
-5.180158e-03 
-3.844330e-03 
-2.702248e-03 
-2.019038e-03 
-1.896672e-03 
-2.243376e-03 
-2.692051e-03 
-2.946980e-03 
-2.936783e-03 
-2.814417e-03 
-2.712445e-03 
-2.620671e-03 
-2.467713e-03 
-2.253573e-03 
-2.029235e-03 
-1.794701e-03 
-1.427603e-03 
-8.055758e-04 
1.223659e-04 
1.244054e-03 
2.406530e-03 
3.456838e-03 
4.323597e-03 
4.945624e-03 
5.363707e-03 
5.812382e-03 
6.587367e-03 
7.668266e-03 
8.718574e-03 
9.462966e-03 
9.952430e-03 
1.032973e-02 
1.031953e-02 
9.503755e-03 
7.923195e-03 
6.261058e-03 
5.149567e-03 
4.527540e-03 
4.007485e-03 
3.436444e-03 
3.089740e-03 
3.130529e-03 
3.375261e-03 
3.487429e-03 
3.222303e-03 
2.579882e-03 
1.713123e-03 
8.871531e-04 
2.345347e-04 
-2.447319e-04 
-6.526184e-04 
-1.009519e-03 
-1.233857e-03 
-1.407208e-03 
-1.733518e-03 
-2.355544e-03 
-3.252895e-03 
-4.364385e-03 
-5.690016e-03 
-7.138013e-03 
-8.433053e-03 
-9.350798e-03 
-9.952430e-03 
-1.047249e-02 
-1.102313e-02 
-1.154319e-02 
-1.192048e-02 
-1.214482e-02 
-1.219581e-02 
-1.205305e-02 
-1.180831e-02 
-1.158398e-02 
-1.140043e-02 
-1.115570e-02 
-1.072741e-02 
-1.005440e-02 
-9.116263e-03 
-7.994575e-03 
-6.862690e-03 
-5.965340e-03 
-5.465679e-03 
-5.271933e-03 
-5.169961e-03 
-5.067990e-03 
-4.976215e-03 
-4.884441e-03 
-4.690695e-03 
-4.313400e-03 
-3.834133e-03 
-3.395655e-03 
-3.028557e-03 
-2.651262e-03 
-2.192390e-03 
-1.590757e-03 
-8.157730e-04 
1.631546e-04 
1.305237e-03 
2.559488e-03 
3.864724e-03 
5.210750e-03 
6.546578e-03 
7.749843e-03 
8.830742e-03 
9.881050e-03 
1.093136e-02 
1.179812e-02 
1.226719e-02 
1.223659e-02 
1.179812e-02 
1.094155e-02 
9.758684e-03 
8.545222e-03 
7.790632e-03 
7.627477e-03 
7.678463e-03 
7.433731e-03 
6.821901e-03 
6.138692e-03 
5.608439e-03 
5.108778e-03 
4.445963e-03 
3.640387e-03 
2.987769e-03 
2.773628e-03 
3.028557e-03 
3.558810e-03 
4.007485e-03 
4.170639e-03 
4.150245e-03 
4.252217e-03 
4.558131e-03 
4.721286e-03 
4.272611e-03 
3.140726e-03 
1.764109e-03 
6.220269e-04 
-1.733518e-04 
-8.157730e-04 
-1.468391e-03 
-2.090418e-03 
-2.692051e-03 
-3.344669e-03 
-4.089062e-03 
-4.731483e-03 
-5.108778e-03 
-5.282130e-03 
-5.547256e-03 
-6.026523e-03 
-6.454804e-03 
-6.424212e-03 
-5.832777e-03 
-5.057792e-03 
-4.588723e-03 
-4.558131e-03 
-4.629512e-03 
-4.415371e-03 
-3.946302e-03 
-3.558810e-03 
-3.375261e-03 
-3.048951e-03 
-2.233179e-03 
-1.060505e-03 
5.098581e-05 
8.871531e-04 
1.600954e-03 
2.284164e-03 
2.651262e-03 
2.457516e-03 
1.866081e-03 
1.203265e-03 
6.220269e-04 
1.427603e-04 
-1.223659e-04 
-4.078865e-05 
1.733518e-04 
1.937461e-04 
1.019716e-04 
3.365064e-04 
1.080899e-03 
1.876278e-03 
2.294361e-03 
2.447319e-03 
2.712445e-03 
3.028557e-03 
3.099937e-03 
2.926586e-03 
2.845008e-03 
3.018360e-03 
3.089740e-03 
2.651262e-03 
1.692729e-03 
4.894638e-04 
-7.239985e-04 
-1.825292e-03 
-2.794022e-03 
-3.701570e-03 
-4.588723e-03 
-5.343313e-03 
-5.659425e-03 
-5.424890e-03 
-4.884441e-03 
-4.394977e-03 
-4.048273e-03 
-3.885119e-03 
-3.997288e-03 
-4.435766e-03 
-4.874243e-03 
-4.986412e-03 
-4.823258e-03 
-4.792666e-03 
-5.006807e-03 
-5.088384e-03 
-4.731483e-03 
-4.109456e-03 
-3.538415e-03 
-3.059149e-03 
-2.447319e-03 
-1.723320e-03 
-1.152279e-03 
-8.361673e-04 
-6.322241e-04 
-3.670978e-04 
-1.019716e-05 
4.996609e-04 
1.264448e-03 
2.182193e-03 
2.916388e-03 
3.324275e-03 
3.599598e-03 
3.997288e-03 
4.384780e-03 
4.466357e-03 
4.282808e-03 
4.170639e-03 
4.343991e-03 
4.619314e-03 
4.823258e-03 
5.078187e-03 
5.588045e-03 
6.261058e-03 
6.770916e-03 
7.036042e-03 
7.311365e-03 
7.780435e-03 
8.229110e-03 
8.310687e-03 
7.963984e-03 
7.525506e-03 
7.341957e-03 
7.352154e-03 
7.250182e-03 
6.821901e-03 
6.261058e-03 
5.842974e-03 
5.618636e-03 
5.384102e-03 
4.986412e-03 
4.517343e-03 
4.160442e-03 
3.976893e-03 
3.854527e-03 
3.701570e-03 
3.507824e-03 
3.334472e-03 
3.181515e-03 
2.946980e-03 
2.467713e-03 
1.682532e-03 
7.341957e-04 
-1.325631e-04 
-7.545900e-04 
-1.193068e-03 
-1.509180e-03 
-1.692729e-03 
-1.723320e-03 
-1.702926e-03 
-1.743715e-03 
-1.774306e-03 
-1.672335e-03 
-1.488786e-03 
-1.407208e-03 
-1.447997e-03 
-1.407208e-03 
-1.101294e-03 
-5.914354e-04 
-5.098581e-05 
4.282808e-04 
8.871531e-04 
1.335828e-03 
1.733518e-03 
2.100615e-03 
2.569685e-03 
3.161120e-03 
3.823936e-03 
4.415371e-03 
4.935426e-03 
5.404496e-03 
5.832777e-03 
6.199875e-03 
6.485395e-03 
6.750521e-03 
7.046239e-03 
7.301168e-03 
7.423534e-03 
7.433731e-03 
7.484717e-03 
7.749843e-03 
8.178124e-03 
8.647193e-03 
9.085671e-03 
9.483361e-03 
9.768881e-03 
9.789276e-03 
9.401783e-03 
8.667588e-03 
7.770238e-03 
6.893282e-03 
6.148889e-03 
5.567651e-03 
5.129173e-03 
4.802863e-03 
4.639709e-03 
4.700892e-03 
4.874243e-03 
4.904835e-03 
4.629512e-03 
4.150245e-03 
3.640387e-03 
3.059149e-03 
2.253573e-03 
1.284842e-03 
4.894638e-04 
-2.039432e-05 
-5.302524e-04 
-1.366420e-03 
-2.335150e-03 
-2.967374e-03 
-3.120332e-03 
-3.191712e-03 
-3.528218e-03 
-3.997288e-03 
-4.221625e-03 
-4.129851e-03 
-3.946302e-03 
-3.742359e-03 
-3.303881e-03 
-2.549291e-03 
-1.753912e-03 
-1.346025e-03 
-1.437800e-03 
-1.774306e-03 
-2.059827e-03 
-2.222981e-03 
-2.467713e-03 
-2.855205e-03 
-3.171317e-03 
-3.079543e-03 
-2.549291e-03 
-1.968052e-03 
-1.682532e-03 
-1.539771e-03 
-1.080899e-03 
-2.141404e-04 
6.424212e-04 
1.213462e-03 
1.753912e-03 
2.620671e-03 
3.609795e-03 
4.170639e-03 
4.150245e-03 
3.966696e-03 
4.007485e-03 
4.099259e-03 
3.813739e-03 
3.130529e-03 
2.437122e-03 
2.029235e-03 
1.835489e-03 
1.702926e-03 
1.692729e-03 
1.937461e-03 
2.314756e-03 
2.518699e-03 
2.375939e-03 
2.008841e-03 
1.641743e-03 
1.325631e-03 
9.789276e-04 
5.812382e-04 
2.345347e-04 
-6.118297e-05 
-3.976893e-04 
-8.769559e-04 
-1.407208e-03 
-1.835489e-03 
-2.121010e-03 
-2.386136e-03 
-2.681854e-03 
-2.946980e-03 
-3.161120e-03 
-3.436444e-03 
-3.864724e-03 
-4.323597e-03 
-4.629512e-03 
-4.751878e-03 
-4.884441e-03 
-5.129173e-03 
-5.363707e-03 
-5.455482e-03 
-5.435087e-03 
-5.435087e-03 
-5.394299e-03 
-5.108778e-03 
-4.568329e-03 
-3.956499e-03 
-3.416049e-03 
-2.804220e-03 
-1.896672e-03 
-7.749843e-04 
1.325631e-04 
4.282808e-04 
9.177446e-05 
-5.914354e-04 
-1.274645e-03 
-1.815095e-03 
-2.202587e-03 
-2.590079e-03 
-3.099937e-03 
-3.619993e-03 
-3.783147e-03 
-3.181515e-03 
-1.662137e-03 
6.526184e-04 
3.436444e-03 
6.230466e-03 
8.463645e-03 
9.748487e-03 
1.011558e-02 
9.809670e-03 
8.963306e-03 
7.566294e-03 
5.812382e-03 
4.089062e-03 
2.569685e-03 
1.101294e-03 
-4.078865e-04 
-1.529574e-03 
-1.702926e-03 
-9.585332e-04 
1.019716e-04 
9.075474e-04 
1.478589e-03 
2.080221e-03 
2.743037e-03 
3.201909e-03 
3.273289e-03 
3.038754e-03 
2.692051e-03 
2.253573e-03 
1.590757e-03 
5.608439e-04 
-7.953786e-04 
-2.233179e-03 
-3.528218e-03 
-4.588723e-03 
-5.363707e-03 
-5.690016e-03 
-5.373904e-03 
-4.486751e-03 
-3.497627e-03 
-2.804220e-03 
-2.508502e-03 
-2.426925e-03 
-2.549291e-03 
-2.977571e-03 
-3.721964e-03 
-4.619314e-03 
-5.557453e-03 
-6.597564e-03 
-7.739646e-03 
-8.800151e-03 
-9.585332e-03 
-1.013598e-02 
-1.059485e-02 
-1.101294e-02 
-1.130865e-02 
-1.136984e-02 
-1.117609e-02 
-1.068663e-02 
-9.942233e-03 
-9.167249e-03 
-8.738968e-03 
-8.820545e-03 
-9.167249e-03 
-9.432375e-03 
-9.503755e-03 
-9.493558e-03 
-9.483361e-03 
-9.442572e-03 
-9.411981e-03 
-9.493558e-03 
-9.707698e-03 
-9.860656e-03 
-9.830064e-03 
-9.728093e-03 
-9.830064e-03 
-1.007480e-02 
-1.013598e-02 
-9.819867e-03 
-9.289615e-03 
-8.789954e-03 
-8.188321e-03 
-7.270577e-03 
-6.189677e-03 
-5.486073e-03 
-5.373904e-03 
-5.455482e-03 
-5.231144e-03 
-4.792666e-03 
-4.639709e-03 
-4.925229e-03 
-5.312721e-03 
-5.465679e-03 
-5.414693e-03 
-5.302524e-03 
-5.057792e-03 
-4.588723e-03 
-4.089062e-03 
-3.793344e-03 
-3.619993e-03 
-3.263092e-03 
-2.794022e-03 
-2.498305e-03 
-2.426925e-03 
-2.263770e-03 
-1.886475e-03 
-1.631546e-03 
-1.784503e-03 
-2.080221e-03 
-2.100615e-03 
-1.906869e-03 
-1.927264e-03 
-2.284164e-03 
-2.722642e-03 
-2.997966e-03 
-3.161120e-03 
-3.344669e-03 
-3.518021e-03 
-3.660781e-03 
-3.803541e-03 
-3.874922e-03 
-3.732161e-03 
-3.456838e-03 
-3.416049e-03 
-3.721964e-03 
-4.078865e-03 
-4.150245e-03 
-4.038076e-03 
-3.997288e-03 
-3.997288e-03 
-3.762753e-03 
-3.212106e-03 
-2.539093e-03 
-1.825292e-03 
-1.019716e-03 
-1.835489e-04 
4.282808e-04 
7.545900e-04 
1.060505e-03 
1.509180e-03 
1.968052e-03 
2.263770e-03 
2.437122e-03 
2.600276e-03 
2.651262e-03 
2.498305e-03 
2.273967e-03 
2.202587e-03 
2.324953e-03 
2.610474e-03 
3.191712e-03 
4.150245e-03 
5.200553e-03 
5.863368e-03 
6.087706e-03 
6.373226e-03 
6.995253e-03 
7.637674e-03 
7.902801e-03 
8.045561e-03 
8.586011e-03 
9.473164e-03 
1.005440e-02 
9.932036e-03 
9.422178e-03 
9.004094e-03 
8.728771e-03 
8.341279e-03 
7.872209e-03 
7.535703e-03 
7.372548e-03 
7.199196e-03 
6.974859e-03 
6.832099e-03 
6.740324e-03 
6.465001e-03 
5.955143e-03 
5.455482e-03 
5.169961e-03 
4.955821e-03 
4.609117e-03 
4.129851e-03 
3.558810e-03 
2.804220e-03 
1.794701e-03 
7.749843e-04 
7.138013e-05 
-4.180836e-04 
-1.050308e-03 
-1.947658e-03 
-2.763431e-03 
-3.120332e-03 
-3.028557e-03 
-2.722642e-03 
-2.416727e-03 
-2.243376e-03 
-2.192390e-03 
-2.029235e-03 
-1.590757e-03 
-1.131885e-03 
-1.152279e-03 
-1.702926e-03 
-2.202587e-03 
-2.202587e-03 
-1.998644e-03 
-2.019038e-03 
-2.008841e-03 
-1.417406e-03 
-3.263092e-04 
5.608439e-04 
1.040111e-03 
1.682532e-03 
2.926586e-03 
4.323597e-03 
5.271933e-03 
5.914354e-03 
6.832099e-03 
8.035364e-03 
8.922517e-03 
9.106066e-03 
8.779757e-03 
8.249504e-03 
7.586689e-03 
6.832099e-03 
6.240663e-03 
6.036720e-03 
6.148889e-03 
6.312043e-03 
6.424212e-03 
6.566972e-03 
6.781113e-03 
7.036042e-03 
7.392943e-03 
7.912998e-03 
8.524828e-03 
9.004094e-03 
9.136657e-03 
8.942911e-03 
8.596208e-03 
8.269898e-03 
7.862012e-03 
7.087028e-03 
5.883763e-03 
4.629512e-03 
3.783147e-03 
3.334472e-03 
2.875600e-03 
2.141404e-03 
1.437800e-03 
1.080899e-03 
9.687304e-04 
7.953786e-04 
6.016326e-04 
7.953786e-04 
1.468391e-03 
2.294361e-03 
2.997966e-03 
3.732161e-03 
4.690695e-03 
5.679819e-03 
6.383423e-03 
6.709733e-03 
6.852493e-03 
6.974859e-03 
7.127816e-03 
7.311365e-03 
7.443928e-03 
7.362351e-03 
7.036042e-03 
6.658747e-03 
6.393621e-03 
6.087706e-03 
5.526862e-03 
4.955821e-03 
4.843652e-03 
5.241341e-03 
5.618636e-03 
5.598242e-03 
5.373904e-03 
5.333116e-03 
5.506468e-03 
5.659425e-03 
5.690016e-03 
5.690016e-03 
5.557453e-03 
5.169961e-03 
4.660103e-03 
4.303202e-03 
4.140048e-03 
4.007485e-03 
3.895316e-03 
4.007485e-03 
4.272611e-03 
4.201231e-03 
3.507824e-03 
2.508502e-03 
1.702926e-03 
1.091096e-03 
2.957177e-04 
-8.463645e-04 
-2.049630e-03 
-3.059149e-03 
-4.038076e-03 
-5.159764e-03 
-6.291649e-03 
-7.138013e-03 
-7.698857e-03 
-8.300490e-03 
-9.208037e-03 
-1.023795e-02 
-1.088037e-02 
-1.092116e-02 
-1.067643e-02 
-1.058465e-02 
-1.063564e-02 
-1.043170e-02 
-9.789276e-03 
-9.116263e-03 
-8.902123e-03 
-9.136657e-03 
-9.452769e-03 
-9.646515e-03 
-9.819867e-03 
-1.001361e-02 
-1.007480e-02 
-9.891247e-03 
-9.564938e-03 
-9.116263e-03 
-8.402462e-03 
-7.474520e-03 
-6.658747e-03 
-6.057114e-03 
-5.302524e-03 
-4.129851e-03 
-2.895994e-03 
-2.182193e-03 
-1.855884e-03 
-1.325631e-03 
-4.282808e-04 
3.365064e-04 
6.628155e-04 
9.279418e-04 
1.498983e-03 
2.039432e-03 
1.947658e-03 
1.335828e-03 
9.381389e-04 
1.131885e-03 
1.590757e-03 
1.968052e-03 
2.355544e-03 
2.895994e-03 
3.436444e-03 
3.681176e-03 
3.619993e-03 
3.436444e-03 
3.120332e-03 
2.528896e-03 
1.662137e-03 
6.730127e-04 
-2.753234e-04 
-1.080899e-03 
-1.641743e-03 
-1.957855e-03 
-2.100615e-03 
-2.192390e-03 
-2.284164e-03 
-2.365742e-03 
-2.488108e-03 
-2.641065e-03 
-2.753234e-03 
-2.845008e-03 
-3.069346e-03 
-3.487429e-03 
-3.895316e-03 
-3.976893e-03 
-3.803541e-03 
-3.711767e-03 
-3.864724e-03 
-4.089062e-03 
-4.170639e-03 
-4.160442e-03 
-4.191034e-03 
-4.303202e-03 
-4.394977e-03 
-4.456160e-03 
-4.486751e-03 
-4.476554e-03 
