1 
1.000000e-02 
-2.622595e-04 
-2.192732e-04 
-4.561005e-07 
2.186611e-04 
2.360646e-04 
-1.132533e-05 
-4.345586e-04 
-6.779754e-04 
-4.488405e-04 
-1.543409e-05 
1.286859e-04 
4.059825e-05 
1.957282e-04 
6.303216e-04 
6.186784e-04 
-1.007924e-04 
-7.662319e-04 
-5.615369e-04 
-2.239430e-05 
-1.566248e-04 
-8.101432e-04 
-6.896055e-04 
6.979952e-04 
2.150754e-03 
2.240365e-03 
9.546506e-04 
-6.204273e-04 
-1.547724e-03 
-1.511617e-03 
-6.038991e-04 
6.645721e-04 
1.657190e-03 
2.167921e-03 
2.594816e-03 
2.900314e-03 
2.208384e-03 
4.378424e-04 
-1.000796e-03 
-6.753029e-04 
8.554014e-04 
2.080017e-03 
2.619556e-03 
3.236643e-03 
3.754512e-03 
3.113103e-03 
1.584903e-03 
8.433936e-04 
1.434311e-03 
1.797648e-03 
1.165142e-03 
1.023337e-03 
2.548966e-03 
3.910033e-03 
2.905630e-03 
7.364787e-04 
6.814773e-04 
3.027755e-03 
4.634758e-03 
3.714571e-03 
2.380499e-03 
2.845500e-03 
3.881053e-03 
3.213465e-03 
1.514153e-03 
1.509162e-03 
3.410936e-03 
4.541877e-03 
3.588976e-03 
2.428845e-03 
2.964295e-03 
3.941589e-03 
3.094871e-03 
9.882214e-04 
3.654255e-04 
2.126025e-03 
4.039834e-03 
4.025487e-03 
2.853566e-03 
2.739828e-03 
4.023253e-03 
4.828827e-03 
4.075902e-03 
3.173184e-03 
4.009053e-03 
6.023396e-03 
6.667156e-03 
4.750103e-03 
2.247571e-03 
1.720009e-03 
3.083345e-03 
4.070984e-03 
3.738053e-03 
3.736915e-03 
5.159992e-03 
6.223540e-03 
4.444385e-03 
8.026109e-04 
-7.037948e-04 
1.835631e-03 
5.638559e-03 
6.585840e-03 
4.182515e-03 
1.439061e-03 
8.434736e-04 
1.865418e-03 
2.788808e-03 
2.953337e-03 
2.596653e-03 
1.688207e-03 
9.036157e-05 
-1.468096e-03 
-1.921282e-03 
-1.027589e-03 
3.938966e-04 
1.571595e-03 
2.397164e-03 
3.011235e-03 
3.485366e-03 
3.988049e-03 
4.460352e-03 
4.388870e-03 
3.180089e-03 
1.395504e-03 
4.925779e-04 
1.231930e-03 
2.733070e-03 
3.579062e-03 
3.141257e-03 
1.824717e-03 
4.605892e-04 
8.787648e-05 
1.262696e-03 
3.126302e-03 
3.751301e-03 
2.661736e-03 
1.621264e-03 
2.409396e-03 
4.158749e-03 
4.475001e-03 
2.728895e-03 
1.133071e-03 
1.874091e-03 
4.656820e-03 
7.228475e-03 
7.309559e-03 
4.309014e-03 
-3.801663e-05 
-2.517310e-03 
-1.047262e-03 
3.044064e-03 
6.116167e-03 
6.097589e-03 
3.905827e-03 
1.649393e-03 
3.583107e-04 
4.212062e-04 
2.032167e-03 
4.085498e-03 
4.410275e-03 
2.191036e-03 
-3.007585e-04 
-4.848217e-04 
1.249632e-03 
2.758535e-03 
3.580907e-03 
5.070787e-03 
7.220079e-03 
7.883021e-03 
5.740668e-03 
2.448193e-03 
5.122592e-04 
7.551616e-04 
2.274437e-03 
3.979523e-03 
4.961367e-03 
4.591270e-03 
3.467993e-03 
3.470185e-03 
5.504789e-03 
7.820178e-03 
7.947860e-03 
5.697330e-03 
3.311996e-03 
2.476735e-03 
2.633809e-03 
2.473224e-03 
2.253562e-03 
3.364516e-03 
5.837469e-03 
7.629981e-03 
6.801294e-03 
3.983221e-03 
1.850167e-03 
1.897427e-03 
2.881264e-03 
2.619971e-03 
8.330352e-04 
-5.603839e-04 
5.230727e-04 
4.836187e-03 
1.100835e-02 
1.581758e-02 
1.578116e-02 
1.073156e-02 
5.012222e-03 
3.358163e-03 
5.388153e-03 
6.796380e-03 
5.925540e-03 
6.276837e-03 
1.033623e-02 
1.413024e-02 
1.156493e-02 
3.238510e-03 
-3.373543e-03 
-3.082607e-03 
4.502173e-04 
8.509041e-05 
-5.262822e-03 
-9.358080e-03 
-6.890183e-03 
-3.188030e-04 
3.419378e-03 
1.583317e-03 
-1.638544e-03 
-1.097957e-03 
2.776430e-03 
5.322230e-03 
4.195979e-03 
1.683522e-03 
6.772693e-04 
1.319523e-03 
2.549997e-03 
4.609695e-03 
7.688337e-03 
9.985202e-03 
9.707664e-03 
8.161836e-03 
7.994142e-03 
8.687854e-03 
6.941048e-03 
1.857474e-03 
-2.883246e-03 
-3.257903e-03 
6.195210e-04 
5.733563e-03 
9.976677e-03 
1.291273e-02 
1.385994e-02 
1.181187e-02 
7.263632e-03 
2.267725e-03 
-1.481073e-03 
-4.072085e-03 
-6.366094e-03 
-8.770859e-03 
-1.093716e-02 
-1.198973e-02 
-1.055151e-02 
-6.204082e-03 
-9.936060e-04 
1.382434e-03 
-7.579032e-04 
-4.971064e-03 
-7.362478e-03 
-7.275205e-03 
-7.359481e-03 
-8.819353e-03 
-8.386343e-03 
-2.985148e-03 
4.624936e-03 
7.592935e-03 
3.271103e-03 
-3.511823e-03 
-6.771860e-03 
-6.328722e-03 
-5.918460e-03 
-6.333631e-03 
-4.834471e-03 
-7.827130e-04 
2.095441e-03 
1.015968e-03 
-1.501540e-03 
-9.538075e-04 
3.231813e-03 
7.255206e-03 
8.144316e-03 
6.837042e-03 
6.106649e-03 
6.663514e-03 
6.564471e-03 
3.743730e-03 
-1.068362e-03 
-4.853407e-03 
-5.451504e-03 
-4.117103e-03 
-3.520331e-03 
-4.483568e-03 
-5.402795e-03 
-5.008802e-03 
-3.479925e-03 
-1.016020e-03 
2.507339e-03 
5.697473e-03 
5.856264e-03 
2.567641e-03 
-2.919506e-04 
1.402461e-03 
6.878949e-03 
1.100822e-02 
9.451051e-03 
1.977365e-03 
-7.666831e-03 
-1.387170e-02 
-1.206895e-02 
-2.854310e-03 
7.421992e-03 
1.265469e-02 
1.306386e-02 
1.296341e-02 
1.368944e-02 
1.196838e-02 
5.561779e-03 
-3.201464e-03 
-9.929369e-03 
-1.210541e-02 
-9.767295e-03 
-5.434556e-03 
-3.803127e-03 
-7.888194e-03 
-1.415285e-02 
-1.473173e-02 
-6.910579e-03 
2.936745e-03 
6.981194e-03 
4.492263e-03 
2.408155e-04 
-2.990237e-03 
-6.040841e-03 
-9.254702e-03 
-1.088855e-02 
-9.338234e-03 
-5.074362e-03 
-7.255262e-05 
2.881178e-03 
2.145987e-03 
-2.452543e-04 
6.051876e-04 
6.591276e-03 
1.289824e-02 
1.272371e-02 
4.949185e-03 
-5.195071e-03 
-1.210080e-02 
-1.370412e-02 
-1.104555e-02 
-7.406849e-03 
-7.625224e-03 
-1.431358e-02 
-2.373916e-02 
-2.833547e-02 
-2.397499e-02 
-1.384967e-02 
-5.133755e-03 
-3.511421e-03 
-9.737986e-03 
-1.888167e-02 
-2.313296e-02 
-1.923336e-02 
-1.232198e-02 
-1.040166e-02 
-1.512102e-02 
-2.088326e-02 
-2.163233e-02 
-1.526806e-02 
-2.972581e-03 
1.073435e-02 
1.841336e-02 
1.609866e-02 
9.711285e-03 
8.681313e-03 
1.268326e-02 
1.190462e-02 
1.811888e-03 
-1.048743e-02 
-1.854273e-02 
-2.608655e-02 
-3.700348e-02 
-4.376082e-02 
-3.657659e-02 
-2.055431e-02 
-1.178237e-02 
-1.619113e-02 
-2.274834e-02 
-2.073407e-02 
-1.435295e-02 
-1.392999e-02 
-1.949397e-02 
-2.101996e-02 
-1.298312e-02 
-1.546841e-03 
3.664585e-03 
4.268851e-04 
-5.712826e-03 
-8.769040e-03 
-8.056533e-03 
-6.897530e-03 
-7.472366e-03 
-8.864208e-03 
-9.688864e-03 
-1.096759e-02 
-1.393170e-02 
-1.651472e-02 
-1.478854e-02 
-8.239373e-03 
-4.278630e-04 
5.436267e-03 
9.210675e-03 
1.105913e-02 
9.647185e-03 
4.921759e-03 
-3.378285e-04 
-3.965737e-03 
-7.598308e-03 
-1.348064e-02 
-1.953854e-02 
-2.074124e-02 
-1.536282e-02 
-8.079043e-03 
-6.275707e-03 
-1.275436e-02 
-2.163380e-02 
-2.315228e-02 
-1.464651e-02 
-3.835104e-03 
1.852984e-03 
5.598430e-03 
1.424305e-02 
2.409282e-02 
2.374812e-02 
1.175970e-02 
3.315463e-04 
-3.067222e-03 
-6.529398e-03 
-1.829760e-02 
-2.930791e-02 
-2.387046e-02 
-3.626892e-03 
1.190729e-02 
1.024604e-02 
1.302990e-03 
3.065719e-03 
1.837029e-02 
3.237371e-02 
3.096007e-02 
1.706016e-02 
6.036303e-03 
6.443429e-03 
1.050493e-02 
6.867017e-03 
-1.749986e-03 
-3.179302e-03 
2.625462e-03 
6.344520e-04 
-1.483854e-02 
-2.664259e-02 
-1.888459e-02 
-3.262282e-03 
-3.604435e-03 
-1.989419e-02 
-2.874353e-02 
-1.921567e-02 
-6.735830e-03 
-5.821715e-03 
-9.675836e-03 
-7.747422e-03 
-5.629024e-03 
-1.218023e-02 
-1.996677e-02 
-1.743705e-02 
-1.134570e-02 
-1.771844e-02 
-3.433280e-02 
-4.229439e-02 
-3.562776e-02 
-3.013259e-02 
-3.776785e-02 
-4.925639e-02 
-5.089652e-02 
-4.510359e-02 
-4.266415e-02 
-4.413564e-02 
-4.181539e-02 
-3.458767e-02 
-2.930961e-02 
-2.898330e-02 
-2.866593e-02 
-2.337278e-02 
-1.379669e-02 
-4.578518e-03 
-1.836884e-03 
-1.031349e-02 
-2.790306e-02 
-4.448192e-02 
-5.130246e-02 
-5.017664e-02 
-4.910988e-02 
-5.115270e-02 
-5.324344e-02 
-5.358621e-02 
-5.403964e-02 
-5.594896e-02 
-6.018464e-02 
-6.981998e-02 
-8.559803e-02 
-9.910433e-02 
-9.889240e-02 
-8.523025e-02 
-7.211579e-02 
-6.954115e-02 
-7.189378e-02 
-6.660719e-02 
-4.841453e-02 
-2.399929e-02 
-1.718648e-03 
1.371908e-02 
2.378350e-02 
3.582299e-02 
5.533392e-02 
8.024041e-02 
9.841788e-02 
1.013792e-01 
9.395785e-02 
8.686006e-02 
8.221385e-02 
7.157308e-02 
4.762543e-02 
1.496964e-02 
-1.598591e-02 
-4.064464e-02 
-5.947182e-02 
-7.754639e-02 
-9.992102e-02 
-1.324281e-01 
-1.744776e-01 
-2.140500e-01 
-2.382650e-01 
-2.461510e-01 
-2.499186e-01 
-2.579961e-01 
-2.645389e-01 
-2.590079e-01 
-2.433189e-01 
-2.275845e-01 
-2.151632e-01 
-1.943323e-01 
-1.532365e-01 
-9.702923e-02 
-4.161103e-02 
2.614770e-03 
3.953400e-02 
7.565358e-02 
1.105512e-01 
1.404485e-01 
1.630182e-01 
1.750475e-01 
1.715630e-01 
1.536260e-01 
1.333221e-01 
1.196344e-01 
1.033944e-01 
6.664971e-02 
6.308706e-03 
-6.233358e-02 
-1.242688e-01 
-1.763703e-01 
-2.169489e-01 
-2.385634e-01 
-2.431806e-01 
-2.468271e-01 
-2.612875e-01 
-2.723002e-01 
-2.561604e-01 
-2.125572e-01 
-1.632712e-01 
-1.228902e-01 
-8.157085e-02 
-2.641594e-02 
3.964656e-02 
1.055448e-01 
1.681622e-01 
2.263432e-01 
2.695072e-01 
2.857864e-01 
2.803024e-01 
2.708600e-01 
2.641024e-01 
2.494490e-01 
2.193054e-01 
1.861949e-01 
1.703449e-01 
1.784416e-01 
2.020573e-01 
2.318112e-01 
2.612868e-01 
2.818600e-01 
2.840870e-01 
2.690646e-01 
2.490034e-01 
2.321474e-01 
2.146841e-01 
1.904057e-01 
1.622914e-01 
1.364745e-01 
1.110645e-01 
8.225176e-02 
5.697325e-02 
5.001945e-02 
6.805410e-02 
1.004182e-01 
1.331099e-01 
1.609815e-01 
1.862602e-01 
2.107841e-01 
2.209869e-01 
2.378600e-01 
2.844513e-01 
2.814622e-01 
2.650258e-01 
2.330399e-01 
2.037304e-01 
2.316682e-01 
2.395762e-01 
2.388559e-01 
2.204703e-01 
1.316118e-01 
5.094812e-02 
-5.037213e-02 
-3.794252e-02 
-9.072701e-02 
-9.362968e-02 
-1.909169e-01 
-2.123599e-01 
-3.078467e-01 
-3.043718e-01 
-3.688500e-01 
-3.324070e-01 
-3.088110e-01 
-2.724361e-01 
-2.288442e-01 
-1.441173e-01 
-8.979580e-02 
-1.108695e-02 
-1.182553e-02 
5.076038e-02 
3.188211e-03 
3.275036e-02 
3.730488e-03 
3.089442e-02 
8.683063e-03 
-1.485046e-02 
-1.068465e-01 
-1.528637e-01 
-1.996732e-01 
-1.735968e-01 
-1.741586e-01 
-1.413218e-01 
-1.843335e-01 
-1.972448e-01 
-2.086359e-01 
-2.161717e-01 
-2.127284e-01 
-2.471510e-01 
-2.149164e-01 
-2.580974e-01 
-3.238085e-01 
-3.715560e-01 
-4.039456e-01 
-4.154595e-01 
-4.157445e-01 
-3.275980e-01 
-2.717199e-01 
-2.412146e-01 
-2.318571e-01 
-1.730296e-01 
-1.190829e-01 
-3.024738e-02 
1.028020e-01 
1.892363e-01 
2.329687e-01 
2.573289e-01 
2.413178e-01 
2.996408e-01 
3.745448e-01 
4.804293e-01 
5.281332e-01 
6.803026e-01 
5.105860e-01 
4.653125e-01 
4.047347e-01 
4.608694e-01 
4.680806e-01 
5.412811e-01 
5.374659e-01 
4.217492e-01 
2.333939e-01 
1.991103e-01 
1.159336e-01 
2.151318e-01 
2.540043e-01 
3.373722e-01 
3.437665e-01 
3.750114e-01 
2.870725e-01 
-6.115235e-02 
8.490714e-02 
3.107199e-01 
4.623589e-01 
6.134610e-01 
5.992041e-01 
5.341765e-01 
2.906391e-01 
1.640343e-01 
3.631691e-02 
2.798519e-02 
1.829502e-01 
5.776306e-01 
2.670286e-01 
-1.134581e-02 
3.901754e-02 
-3.424206e-02 
-4.876482e-02 
3.033104e-02 
3.837559e-01 
5.576333e-01 
5.082967e-01 
3.114186e-01 
6.338693e-02 
8.270499e-02 
4.979560e-01 
3.598940e-01 
4.756415e-02 
-1.595580e-01 
-1.561959e-02 
2.078184e-01 
3.573774e-01 
4.316656e-01 
3.179627e-01 
1.246685e-01 
-1.230809e-01 
-2.780205e-02 
-2.965932e-02 
-1.508705e-02 
5.599215e-02 
8.586158e-02 
5.231354e-02 
4.182718e-02 
-2.109754e-02 
-7.418200e-02 
-1.185710e-01 
-1.298324e-01 
-4.081559e-02 
1.576821e-01 
3.209222e-01 
4.279094e-01 
3.786469e-01 
2.823435e-01 
8.358378e-02 
1.598191e-01 
7.292336e-03 
-2.980289e-02 
8.009276e-03 
2.334904e-02 
6.598249e-02 
1.080792e-01 
1.069546e-01 
4.118235e-02 
-8.421931e-02 
-2.550581e-01 
-3.451386e-01 
-4.560803e-01 
-4.720769e-01 
-4.535371e-01 
-3.017536e-01 
-4.063384e-01 
-4.440860e-01 
-8.682043e-02 
-1.966451e-01 
-3.245470e-01 
-1.898213e-01 
-2.973086e-01 
-1.482098e-01 
1.527325e-02 
4.622636e-02 
8.662543e-03 
-1.753289e-01 
-3.433054e-01 
-4.927889e-01 
-5.593449e-01 
-5.456826e-01 
-4.539625e-01 
-3.902047e-01 
-2.920792e-01 
-2.288046e-01 
-2.234212e-01 
-2.746260e-01 
-3.226385e-01 
-3.540959e-01 
-2.942513e-01 
-2.053938e-01 
-1.317394e-01 
-8.554095e-02 
-5.856719e-02 
-7.279879e-02 
-1.011889e-01 
-7.539674e-01 
-7.571230e-01 
-7.281379e-01 
-2.092274e-01 
-6.391653e-01 
-1.813268e-01 
-5.712399e-01 
-6.691438e-02 
-1.489740e-01 
-4.469647e-01 
-2.343111e-02 
-4.650644e-01 
-4.154907e-01 
-9.811807e-04 
-2.972766e-01 
1.861562e-02 
-1.917787e-01 
1.029823e-01 
-1.762270e-01 
2.214399e-01 
-1.244757e-01 
3.307774e-01 
-1.555365e-02 
3.331600e-01 
-5.032104e-03 
3.209331e-01 
-1.723955e-02 
2.245599e-01 
-3.887581e-02 
2.508598e-01 
-1.721237e-02 
7.340761e-02 
1.453560e-01 
3.243073e-01 
1.370565e-01 
2.493030e-01 
8.357914e-02 
8.243620e-02 
3.886981e-02 
1.717526e-02 
7.695600e-03 
4.353247e-02 
7.401072e-02 
3.418847e-02 
7.186783e-02 
6.748119e-02 
8.081915e-02 
7.238134e-02 
-2.139910e-02 
5.405833e-02 
1.319228e-01 
5.896208e-02 
1.224071e-02 
-1.626130e-02 
-1.077866e-01 
-1.428876e-01 
-1.428973e-01 
-6.059956e-02 
-7.400474e-03 
8.630221e-02 
1.548410e-01 
2.041606e-01 
2.858668e-01 
3.408141e-01 
3.883228e-01 
4.586617e-01 
4.674207e-01 
3.476422e-01 
4.605467e-01 
2.545735e-01 
2.003421e-01 
1.044605e-01 
5.444450e-02 
-8.249979e-03 
-5.425086e-02 
-3.920985e-02 
3.882510e-02 
8.932233e-02 
8.981994e-02 
4.219218e-02 
2.000776e-04 
1.354763e-02 
8.186208e-02 
1.548883e-01 
2.040838e-01 
2.117475e-01 
1.930727e-01 
3.430315e-01 
4.314342e-01 
2.443906e-01 
1.317825e-01 
7.877745e-02 
5.809598e-02 
5.034581e-02 
5.325091e-02 
4.996372e-02 
1.656455e-02 
-3.042110e-02 
-5.518474e-02 
-4.716434e-02 
-1.997663e-02 
-2.750601e-03 
-2.982121e-02 
-9.822614e-02 
-1.617824e-01 
-1.741849e-01 
-1.188326e-01 
-2.816761e-02 
3.643401e-02 
3.869175e-02 
-1.598925e-02 
-1.088812e-01 
-2.204571e-01 
-3.396224e-01 
-4.566628e-01 
-5.556850e-01 
-6.157203e-01 
-6.209821e-01 
-6.359108e-01 
-5.386211e-01 
-5.003982e-01 
-4.297250e-01 
-3.874179e-01 
-3.073701e-01 
-1.611431e-01 
-3.089723e-01 
-2.369205e-01 
1.007750e-01 
-1.766419e-01 
-2.658580e-01 
-2.063337e-01 
-1.707540e-01 
-8.759212e-02 
-8.665273e-02 
-9.276968e-02 
-1.497997e-01 
-9.057015e-02 
-3.903159e-02 
6.789900e-02 
1.018262e-01 
1.163535e-01 
1.750464e-01 
2.031062e-01 
4.316445e-02 
1.725493e-01 
1.582587e-01 
3.019224e-01 
1.489697e-01 
-2.727557e-02 
-5.151474e-01 
-1.160631e-01 
-3.495753e-01 
-5.397160e-01 
-3.060890e-01 
-2.899685e-01 
-2.677339e-01 
-2.853050e-01 
-2.195973e-01 
-9.319022e-02 
-1.659333e-02 
-3.105116e-02 
-8.217227e-02 
-1.326797e-01 
-6.802601e-02 
8.439191e-02 
3.112937e-01 
4.656583e-01 
5.891213e-01 
5.240253e-01 
5.840534e-01 
7.517966e-01 
6.131982e-01 
5.474311e-01 
4.387073e-01 
3.341698e-01 
2.369221e-01 
1.366144e-01 
7.790680e-02 
-1.028145e-02 
-2.824225e-02 
-5.400218e-02 
1.048769e-02 
2.599753e-02 
1.220097e-01 
9.323596e-02 
1.855967e-01 
1.575567e-01 
2.936540e-01 
1.600326e-01 
9.110275e-02 
-6.307192e-02 
9.889950e-02 
1.619078e-01 
-7.686733e-02 
-5.963288e-02 
4.435385e-03 
8.072445e-02 
2.318368e-01 
3.782577e-01 
6.351564e-01 
4.866651e-01 
4.832422e-01 
3.834199e-01 
1.955893e-01 
3.518015e-02 
-6.621629e-02 
-1.748051e-01 
-1.620119e-01 
-7.186998e-02 
1.594245e-02 
2.170862e-01 
4.141557e-01 
5.206553e-01 
6.067964e-01 
6.097473e-01 
4.863508e-01 
3.505339e-01 
6.602939e-01 
4.973027e-01 
2.636112e-01 
1.052122e-01 
-1.034826e-01 
-1.090562e-01 
-1.172372e-01 
-7.883972e-02 
-5.862323e-02 
-3.971119e-02 
-1.197403e-01 
-1.578425e-01 
-1.704897e-01 
-1.526197e-01 
-4.018260e-02 
1.262944e-01 
4.608561e-02 
1.320792e-01 
3.844199e-02 
-1.726974e-02 
-1.454420e-02 
3.672284e-02 
3.769351e-02 
6.946232e-02 
2.961942e-02 
1.308959e-02 
9.618734e-02 
2.061385e-02 
3.230393e-02 
-7.471341e-02 
-3.883482e-03 
-8.213359e-02 
-1.348564e-01 
-2.351371e-01 
-2.390175e-01 
-2.768853e-01 
-2.434791e-01 
-2.300181e-01 
-1.624078e-01 
-1.671894e-01 
-1.417635e-01 
-2.154192e-01 
-2.122184e-01 
-2.322910e-01 
-1.670799e-01 
-1.563467e-01 
-1.099477e-01 
-1.431473e-01 
-1.513967e-01 
-1.881867e-01 
-1.797028e-01 
-2.079584e-01 
-2.244619e-01 
-3.019801e-01 
-3.756221e-01 
-4.620819e-01 
-5.034762e-01 
-5.274689e-01 
-4.984901e-01 
-4.642712e-01 
-4.098479e-01 
-3.691588e-01 
-3.316041e-01 
-3.163678e-01 
-2.977735e-01 
-2.851794e-01 
-2.482649e-01 
-1.851667e-01 
-9.419469e-02 
-1.200263e-02 
3.971556e-02 
4.118270e-02 
2.056031e-02 
2.720709e-04 
-1.050706e-02 
-2.951065e-02 
-6.531913e-02 
-1.145707e-01 
-2.045629e-01 
-1.825842e-01 
-1.271796e-01 
-6.977365e-02 
-6.526480e-03 
3.704102e-02 
3.843176e-02 
-7.948450e-03 
-4.373188e-02 
-1.591802e-01 
-1.397491e-02 
2.899334e-01 
1.052879e-01 
1.131201e-01 
6.819190e-02 
2.729574e-02 
1.276227e-02 
3.052751e-02 
5.372960e-02 
8.946737e-02 
1.106477e-01 
1.360241e-01 
1.532259e-01 
1.414630e-01 
1.137614e-01 
1.144364e-01 
1.927628e-01 
2.738822e-01 
3.407522e-01 
3.005374e-01 
3.443345e-01 
2.010037e-01 
2.485636e-01 
1.390242e-01 
2.374882e-01 
1.752407e-01 
2.906403e-01 
1.960136e-01 
2.676291e-01 
1.580559e-01 
3.400844e-02 
-8.155699e-02 
3.003825e-01 
-1.569867e-01 
-2.919883e-01 
-4.234612e-01 
-1.020782e-01 
1.870689e-01 
3.654423e-02 
-2.617659e-01 
-3.347834e-01 
-2.630067e-01 
-2.741456e-01 
-2.325434e-01 
-1.143994e-01 
-5.200380e-02 
6.750445e-02 
1.013089e-01 
1.406080e-01 
1.543321e-01 
1.641174e-01 
1.595466e-01 
1.601199e-01 
1.527328e-01 
1.539397e-01 
1.498874e-01 
1.528694e-01 
1.537954e-01 
1.622385e-01 
1.678238e-01 
1.786712e-01 
1.812290e-01 
1.773644e-01 
3.797907e-01 
2.506770e-01 
-5.912226e-02 
1.618570e-01 
-1.671427e-01 
4.890393e-02 
-6.318156e-02 
-1.727713e-01 
9.933298e-02 
1.750768e-01 
-4.128137e-01 
1.567354e-01 
-4.256983e-01 
1.507317e-01 
-4.161091e-01 
1.873783e-01 
-3.700306e-01 
-4.254582e-01 
-3.096827e-02 
3.461662e-01 
-2.909257e-01 
-1.279464e-01 
4.298087e-01 
-5.388216e-02 
8.689268e-02 
4.040246e-02 
4.135048e-01 
2.257325e-01 
2.139908e-01 
1.963589e-01 
1.484397e-01 
1.539725e-01 
9.369088e-02 
8.221048e-02 
1.375504e-02 
-2.320935e-04 
-7.060761e-02 
-6.411840e-02 
-9.935662e-02 
-5.301211e-02 
-5.622943e-02 
3.106585e-03 
-1.351259e-02 
-4.433191e-02 
-7.224400e-02 
1.464600e-01 
-1.401224e-02 
-2.077344e-01 
-2.212347e-01 
-2.114737e-01 
-2.410624e-01 
-2.225681e-01 
-3.387758e-01 
-3.355787e-01 
-3.111555e-01 
-1.432982e-01 
-4.489289e-01 
-1.452197e-01 
-3.972464e-01 
-8.960906e-02 
-3.373317e-01 
-7.769265e-03 
-2.889807e-01 
2.037497e-02 
-2.075506e-01 
8.161803e-02 
-1.459299e-01 
1.429135e-01 
-1.144744e-01 
1.553916e-01 
-1.282429e-01 
1.328774e-01 
-1.449260e-01 
1.160640e-01 
-1.489814e-01 
-3.153427e-02 
9.970493e-02 
-5.150982e-02 
-4.001430e-02 
-5.267884e-02 
-5.858600e-02 
-8.557436e-02 
-1.044853e-01 
-1.417069e-01 
-2.268041e-01 
-9.342145e-02 
-2.211120e-01 
-2.345014e-01 
-7.309146e-03 
-1.821943e-01 
2.469546e-02 
-1.603173e-01 
1.676143e-02 
-9.672361e-02 
-1.336210e-01 
-1.351565e-01 
-1.624585e-01 
-1.676904e-01 
-2.477815e-01 
-2.616120e-01 
-2.743202e-01 
-1.919008e-01 
-1.168802e-01 
-3.800891e-02 
-1.532081e-02 
-1.762696e-02 
-2.136327e-02 
6.680240e-02 
1.060458e-02 
1.594237e-01 
8.324440e-02 
1.826254e-01 
7.253410e-02 
4.208106e-02 
1.027639e-01 
9.296280e-02 
8.174239e-02 
6.475533e-02 
6.781853e-02 
9.906328e-02 
1.408970e-01 
1.796528e-01 
1.572825e-01 
1.061483e-01 
5.586590e-02 
5.393392e-02 
1.043541e-01 
1.595411e-01 
1.637848e-01 
1.205548e-01 
6.151871e-02 
2.492128e-02 
4.258568e-02 
8.311661e-02 
1.171375e-01 
1.127643e-01 
9.818203e-02 
9.386199e-02 
1.000939e-01 
1.197891e-01 
1.096136e-01 
1.168130e-01 
1.269998e-01 
1.190279e-01 
8.923026e-02 
1.116179e-01 
1.030678e-01 
7.827145e-02 
5.543212e-02 
8.916034e-02 
2.740330e-02 
2.494131e-02 
-4.223059e-02 
-9.827313e-02 
-8.097413e-02 
-9.708832e-02 
-6.906420e-02 
-1.283153e-01 
-2.402983e-02 
-1.065851e-02 
8.551194e-03 
9.069608e-02 
1.090274e-01 
1.840516e-01 
1.481991e-01 
2.191582e-01 
1.256812e-01 
1.503690e-01 
9.623712e-02 
9.790715e-02 
4.247468e-02 
6.073653e-02 
1.970345e-02 
6.493443e-02 
4.226978e-02 
1.027531e-01 
5.593724e-02 
1.166252e-01 
2.269998e-02 
6.800374e-02 
3.492020e-03 
4.238893e-02 
-2.793797e-02 
-4.879736e-03 
-4.221799e-02 
-1.416842e-02 
-5.253545e-02 
9.456091e-03 
-4.446998e-02 
2.992451e-02 
-2.692040e-02 
8.452713e-03 
-5.470362e-02 
-2.259575e-02 
-9.119247e-02 
-4.703232e-02 
-1.165725e-01 
-6.762740e-02 
-1.248595e-01 
-7.777641e-02 
-1.257916e-01 
-5.784682e-02 
-7.419274e-02 
3.194561e-02 
1.601500e-02 
1.228523e-01 
9.608830e-02 
1.669364e-01 
1.271854e-01 
1.662192e-01 
1.052681e-01 
1.513944e-01 
6.416453e-02 
1.063007e-01 
2.110213e-02 
6.022847e-02 
-9.836050e-03 
2.328677e-02 
-3.873474e-02 
-6.444197e-03 
-6.423601e-02 
1.339617e-02 
-4.014090e-02 
6.287024e-02 
2.177373e-02 
8.870687e-02 
1.538705e-02 
7.057494e-02 
-2.191443e-02 
2.709690e-02 
-4.202096e-02 
7.293540e-03 
-5.528146e-02 
-3.061431e-03 
-5.766582e-02 
1.432840e-02 
-2.448459e-02 
6.079881e-02 
1.142434e-03 
9.019375e-02 
2.114942e-02 
8.075654e-02 
2.969803e-02 
8.563206e-02 
2.262007e-02 
8.259095e-02 
6.320023e-03 
7.277398e-02 
1.603353e-02 
1.158361e-01 
5.631862e-02 
1.493605e-01 
6.764208e-02 
1.084265e-01 
1.299890e-02 
6.146811e-02 
-4.639783e-02 
6.677802e-03 
-7.209737e-02 
-1.838017e-02 
-7.856013e-02 
-1.801083e-03 
-4.598427e-02 
4.421280e-02 
1.260601e-02 
1.045136e-01 
4.225314e-02 
1.159472e-01 
1.913275e-02 
9.080007e-02 
-6.665878e-03 
6.443297e-02 
-4.606297e-02 
2.731757e-02 
-8.156492e-02 
-2.443988e-02 
-9.966634e-02 
-4.489568e-02 
-1.001550e-01 
-2.941249e-02 
-8.428333e-02 
-5.349862e-03 
-5.170152e-02 
3.424362e-02 
-3.349730e-02 
5.019897e-02 
-3.706461e-02 
4.023804e-02 
-5.381110e-02 
2.565647e-02 
-6.576091e-02 
2.833820e-02 
-4.781929e-02 
4.315781e-02 
-2.747825e-02 
6.820850e-02 
-1.825926e-02 
6.900581e-02 
-2.710275e-02 
4.284039e-02 
-6.684180e-02 
-1.051557e-02 
-1.212538e-01 
-6.476967e-02 
-1.603325e-01 
-9.268640e-02 
-1.683959e-01 
-7.473393e-02 
-1.364175e-01 
-3.009468e-02 
-8.486671e-02 
2.233638e-02 
-4.802070e-02 
5.158139e-02 
-3.809041e-02 
4.369972e-02 
-5.855400e-02 
2.071655e-02 
-7.768534e-02 
8.535407e-03 
-8.385448e-02 
8.813015e-03 
-7.358459e-02 
2.757882e-02 
-5.587308e-02 
4.624882e-02 
-3.668909e-02 
5.841044e-02 
-3.015179e-02 
5.943607e-02 
-3.881286e-02 
3.891949e-02 
-5.236458e-02 
3.548616e-02 
-6.792916e-02 
1.924937e-02 
-7.681884e-02 
3.645670e-03 
-9.726649e-02 
-2.732814e-03 
-1.001083e-01 
1.063940e-02 
-7.578651e-02 
1.628190e-02 
-8.898222e-02 
-9.794347e-03 
-1.289960e-01 
-4.924410e-02 
-1.277105e-01 
-1.948499e-02 
-9.995039e-02 
2.837130e-02 
-3.713124e-02 
8.386007e-02 
2.249181e-02 
1.404256e-01 
6.373263e-02 
1.650813e-01 
4.491141e-02 
1.177239e-01 
-6.492813e-03 
8.985218e-02 
-3.416858e-02 
6.120160e-02 
-4.710409e-02 
3.070231e-02 
-8.525107e-02 
6.203806e-03 
-7.643359e-02 
4.951988e-02 
-2.476565e-02 
7.960760e-02 
-2.424143e-02 
5.471170e-02 
-5.672504e-02 
3.184412e-02 
-5.989337e-02 
4.067721e-02 
-5.980924e-02 
4.620225e-02 
-5.203876e-02 
5.839195e-02 
1.567720e-02 
3.351955e-02 
-2.383441e-02 
4.664698e-02 
-9.583678e-03 
7.154875e-02 
2.727257e-02 
1.051226e-01 
4.871563e-02 
1.004446e-01 
2.907244e-02 
8.999244e-02 
2.547921e-02 
7.497212e-02 
2.741002e-02 
9.509507e-02 
4.747841e-02 
1.115744e-01 
4.069276e-02 
9.409126e-02 
1.164624e-03 
4.621881e-02 
-4.789229e-02 
-8.637219e-03 
-7.298324e-02 
-3.674710e-02 
-2.602262e-02 
-1.128049e-01 
-5.657698e-03 
-1.089330e-01 
7.597535e-03 
-9.292387e-02 
1.179885e-02 
-8.781164e-02 
1.203853e-02 
-8.909142e-02 
6.282304e-03 
-7.701424e-02 
-2.408973e-02 
-1.154572e-01 
-3.521833e-02 
-1.519222e-01 
-5.114158e-02 
-1.237116e-01 
-2.711890e-02 
-9.122566e-02 
4.355543e-03 
-7.032216e-02 
2.357385e-02 
-5.614260e-02 
3.651966e-02 
-5.917476e-02 
4.453075e-02 
-4.866267e-02 
3.646051e-02 
-5.257698e-02 
3.362946e-02 
-6.169128e-02 
2.192130e-02 
-5.739740e-02 
2.351954e-02 
-3.492457e-02 
4.561389e-02 
-3.525726e-02 
5.680270e-02 
-3.452304e-02 
4.409577e-02 
-5.393466e-02 
1.421409e-02 
-7.525286e-02 
-7.518986e-03 
-9.334454e-02 
-2.272758e-02 
-9.746604e-02 
-3.079477e-03 
-7.306011e-02 
6.840137e-03 
-5.199039e-02 
1.994823e-02 
-3.209919e-02 
6.334896e-02 
-1.797041e-02 
7.310107e-02 
-1.550242e-02 
5.297742e-02 
-2.532077e-02 
5.211047e-02 
-1.723195e-02 
5.934041e-02 
-1.428202e-02 
6.083980e-02 
-1.092825e-02 
6.707071e-02 
-1.958862e-03 
6.756310e-02 
-5.703420e-03 
5.156947e-02 
-4.468321e-02 
1.080103e-02 
-7.708925e-02 
-2.552661e-02 
-9.009588e-02 
-3.543207e-02 
-9.270469e-02 
-2.856605e-02 
-1.030027e-01 
-4.011299e-02 
-1.089222e-01 
-5.144715e-02 
-1.160936e-01 
-4.527904e-02 
-1.038450e-01 
-4.005551e-02 
-1.120222e-01 
-4.580456e-02 
-1.223113e-01 
-5.530102e-02 
-1.097407e-01 
-3.210147e-02 
-6.235825e-02 
1.578250e-02 
-2.326425e-02 
5.291380e-02 
3.799635e-03 
6.663071e-02 
1.491921e-02 
7.856996e-02 
2.493800e-02 
7.670648e-02 
1.933534e-02 
6.638957e-02 
1.335874e-03 
4.515127e-02 
-1.978601e-02 
2.451951e-02 
-3.210977e-02 
1.142005e-02 
-4.430581e-02 
-6.761959e-04 
-6.672021e-02 
-2.814007e-02 
-8.937565e-02 
-4.171963e-02 
-9.120480e-02 
-3.576406e-02 
-7.075111e-02 
-7.643087e-03 
-3.951464e-02 
1.813693e-02 
-1.427239e-02 
4.234926e-02 
7.116214e-03 
4.523539e-02 
9.355654e-04 
4.076156e-02 
3.607540e-03 
5.654423e-02 
2.253664e-02 
8.038604e-02 
4.011170e-02 
7.505736e-02 
2.939531e-02 
6.664648e-02 
3.204477e-02 
8.266308e-02 
5.556640e-02 
9.149399e-02 
5.681961e-02 
9.454009e-02 
5.542507e-02 
8.791436e-02 
5.341765e-02 
7.921078e-02 
3.903967e-02 
6.204379e-02 
8.592155e-03 
3.114504e-02 
-6.902434e-03 
1.401524e-02 
-1.704496e-02 
1.786342e-02 
-2.704719e-03 
3.370207e-02 
1.308729e-02 
4.559405e-02 
2.220392e-02 
5.198018e-02 
2.816007e-02 
5.939691e-02 
4.130722e-02 
6.641845e-02 
3.990195e-02 
6.763918e-02 
4.169696e-02 
6.062408e-02 
3.777182e-02 
5.863298e-02 
3.645019e-02 
5.244772e-02 
2.633261e-02 
3.666253e-02 
7.952381e-03 
1.673231e-02 
-1.043564e-02 
3.293952e-03 
-1.791184e-02 
-4.934004e-03 
-2.055668e-02 
-2.409562e-03 
-1.842568e-02 
-1.343679e-03 
-9.485817e-03 
2.832869e-03 
-1.614968e-02 
-2.453826e-03 
-1.401556e-02 
-1.606794e-02 
-3.270647e-02 
-1.903774e-02 
-2.743404e-02 
8.358109e-03 
1.252626e-02 
7.815870e-03 
-7.203176e-03 
-1.367045e-02 
-1.584682e-02 
-1.946516e-02 
7.924677e-03 
2.066337e-02 
1.362726e-02 
2.377413e-02 
-5.160074e-03 
-2.392088e-03 
-1.632119e-03 
9.249609e-03 
3.650047e-04 
1.364429e-02 
-7.443747e-03 
-9.933466e-03 
-5.502822e-03 
-2.253617e-02 
-1.282070e-02 
-2.568335e-02 
-1.785356e-02 
-2.777625e-02 
-3.685546e-02 
-5.993557e-02 
-7.136302e-02 
-7.928313e-02 
-7.163543e-02 
-7.335043e-02 
-3.888991e-02 
-4.171676e-02 
-3.111368e-02 
-3.953064e-02 
-2.120141e-02 
-3.048390e-02 
-1.650058e-02 
-1.961205e-02 
-2.495865e-02 
-2.719520e-02 
-1.729259e-02 
-3.444481e-02 
-5.770802e-04 
-5.194897e-03 
1.338143e-02 
3.727476e-03 
2.811400e-02 
6.828775e-03 
1.437677e-02 
1.415113e-02 
2.271279e-02 
8.545292e-03 
4.217079e-02 
8.986127e-03 
1.984984e-02 
6.939265e-03 
2.712511e-02 
-1.361974e-02 
1.466958e-02 
-2.292337e-02 
-1.939018e-02 
-4.205624e-02 
-2.741551e-02 
-5.013526e-02 
-2.438306e-02 
-5.085357e-02 
-3.622076e-02 
-6.477199e-02 
-3.073871e-02 
-6.836750e-02 
-2.811124e-02 
-4.921250e-02 
-2.777400e-02 
-4.457719e-02 
-4.986924e-03 
-2.771369e-02 
6.820471e-03 
-1.686186e-02 
8.402961e-03 
-2.306437e-02 
1.682327e-02 
-1.482386e-03 
4.522785e-02 
2.502771e-02 
4.940223e-02 
2.459458e-03 
3.471684e-02 
-1.903801e-03 
4.030343e-02 
2.851863e-02 
7.362991e-02 
3.684315e-02 
6.870491e-02 
2.182483e-02 
5.194192e-02 
9.609329e-03 
4.782101e-02 
5.448567e-03 
4.292135e-02 
2.544193e-03 
3.634341e-02 
1.242208e-03 
4.159597e-02 
-6.169122e-03 
3.032079e-02 
-1.136091e-02 
3.065458e-02 
-3.373509e-03 
5.108099e-02 
1.423204e-02 
5.798708e-02 
1.149635e-02 
5.379547e-02 
1.531736e-02 
7.252030e-02 
3.996472e-02 
9.133489e-02 
4.839012e-02 
8.521550e-02 
2.881221e-02 
7.218849e-02 
2.269399e-02 
6.712831e-02 
1.509437e-02 
5.447774e-02 
-4.384426e-03 
3.468729e-02 
-2.174183e-02 
1.850994e-02 
-3.833417e-02 
4.616141e-03 
-4.910039e-02 
4.333918e-03 
-3.970429e-02 
1.610673e-02 
-3.102638e-02 
2.181823e-02 
-3.328525e-02 
1.852741e-02 
-3.041313e-02 
2.722866e-02 
-2.178163e-02 
3.282583e-02 
-2.218568e-02 
2.985513e-02 
-2.429394e-02 
3.160837e-02 
-2.108577e-02 
3.452120e-02 
-2.619306e-02 
2.052764e-02 
-4.284635e-02 
6.504052e-03 
-5.489804e-02 
-1.648196e-03 
-6.180260e-02 
-8.508195e-03 
-6.845799e-02 
-1.213779e-02 
-7.005844e-02 
-1.231057e-02 
-7.340436e-02 
-2.035317e-02 
-8.410481e-02 
-2.727159e-02 
-8.513734e-02 
-2.076553e-02 
-7.542544e-02 
-1.379169e-02 
-7.373724e-02 
-1.281606e-02 
-7.115276e-02 
-5.442941e-03 
-5.963278e-02 
8.783982e-03 
-4.609968e-02 
2.174243e-02 
-3.320506e-02 
3.764389e-02 
-1.415140e-02 
5.747058e-02 
1.842543e-03 
6.979990e-02 
1.006635e-02 
7.486259e-02 
1.260291e-02 
7.550590e-02 
8.864110e-03 
6.851175e-02 
-4.389266e-04 
5.916886e-02 
-8.994540e-03 
5.139887e-02 
-1.932665e-02 
3.706601e-02 
-3.788871e-02 
1.721751e-02 
-5.449885e-02 
9.409428e-03 
-5.349748e-02 
1.751557e-02 
-4.175432e-02 
3.097091e-02 
-2.698631e-02 
4.894337e-02 
-7.200088e-03 
6.826955e-02 
8.959604e-03 
8.099388e-02 
1.888618e-02 
9.080033e-02 
2.897818e-02 
1.012716e-01 
3.875024e-02 
1.096999e-01 
4.226631e-02 
1.047639e-01 
3.018064e-02 
8.955506e-02 
1.532545e-02 
7.592700e-02 
-5.158520e-03 
6.033445e-02 
-9.039354e-03 
5.432966e-02 
-1.239818e-02 
4.847143e-02 
-3.212774e-02 
2.034064e-02 
-5.730457e-02 
1.012231e-02 
-5.211877e-02 
2.524726e-02 
-4.306036e-02 
2.632970e-02 
-4.831644e-02 
1.421937e-02 
-5.527675e-02 
2.409743e-02 
-3.438067e-02 
4.227256e-02 
-2.111133e-02 
4.800609e-02 
-1.746111e-02 
5.935647e-02 
-1.351724e-03 
7.571477e-02 
1.297160e-02 
8.662907e-02 
2.070190e-02 
9.257157e-02 
2.223429e-02 
8.542077e-02 
9.089085e-03 
6.677127e-02 
-1.600754e-02 
4.343949e-02 
-3.522157e-02 
2.701913e-02 
-4.442878e-02 
1.795390e-02 
-6.430262e-02 
3.838161e-03 
-7.905789e-02 
-2.440143e-02 
-1.005685e-01 
-4.284316e-02 
-1.042459e-01 
-3.153815e-02 
-8.345056e-02 
-2.583322e-03 
-6.262203e-02 
1.747288e-02 
-6.003684e-02 
1.952763e-02 
-3.867233e-02 
3.918127e-02 
-1.600460e-02 
6.496017e-02 
-2.260760e-03 
6.250474e-02 
-1.304723e-02 
4.823652e-02 
-2.165768e-02 
4.329049e-02 
-2.523447e-02 
3.952770e-02 
-2.828971e-02 
3.493743e-02 
-4.095909e-02 
2.608274e-02 
-4.637850e-02 
1.689177e-02 
-4.690802e-02 
2.172193e-02 
-4.426883e-02 
2.191084e-02 
-5.148409e-02 
7.085475e-03 
-7.120496e-02 
-1.297682e-02 
-8.478661e-02 
-1.966733e-02 
-8.823060e-02 
-2.943497e-02 
-1.019768e-01 
-3.832978e-02 
-1.077730e-01 
-3.818639e-02 
-9.601512e-02 
-2.144692e-02 
-7.751121e-02 
-4.041121e-03 
-6.342467e-02 
7.343641e-03 
-5.322108e-02 
1.568031e-02 
-4.507689e-02 
2.219596e-02 
-4.188791e-02 
1.969259e-02 
-4.702939e-02 
1.029619e-02 
-6.437478e-02 
-8.990741e-03 
-8.109531e-02 
-2.230672e-02 
-8.742040e-02 
-2.437888e-02 
-8.754972e-02 
-2.620467e-02 
-9.104520e-02 
-2.979817e-02 
-9.036417e-02 
-2.395697e-02 
-8.054468e-02 
-1.227060e-02 
-6.850344e-02 
-4.486511e-03 
-6.398570e-02 
4.957936e-04 
-5.816560e-02 
5.629296e-03 
-5.271936e-02 
1.024655e-02 
-4.691859e-02 
1.667562e-02 
-3.971610e-02 
2.311437e-02 
-3.390007e-02 
2.836934e-02 
-2.696888e-02 
3.853208e-02 
-1.446502e-02 
4.837733e-02 
-7.954987e-03 
4.967261e-02 
-1.186437e-02 
4.246576e-02 
-1.747208e-02 
3.982397e-02 
-1.667819e-02 
4.054654e-02 
-1.698807e-02 
3.875502e-02 
-1.825782e-02 
3.798393e-02 
-1.706705e-02 
4.110222e-02 
-1.176470e-02 
4.764043e-02 
-2.666609e-03 
5.733925e-02 
7.440271e-03 
6.676628e-02 
1.625985e-02 
7.364385e-02 
2.268472e-02 
7.987691e-02 
2.980396e-02 
8.533728e-02 
3.224685e-02 
8.311552e-02 
2.813357e-02 
7.872110e-02 
2.561283e-02 
7.768354e-02 
2.606111e-02 
7.688233e-02 
2.412865e-02 
7.359496e-02 
2.214172e-02 
7.222770e-02 
2.150599e-02 
7.231910e-02 
2.235765e-02 
7.008287e-02 
1.708714e-02 
6.080761e-02 
6.542479e-03 
4.793296e-02 
-8.461585e-03 
3.174298e-02 
-2.300595e-02 
2.050312e-02 
-2.984951e-02 
1.526038e-02 
-3.478628e-02 
8.479955e-03 
-4.265629e-02 
8.328975e-04 
-4.600834e-02 
2.030741e-03 
-3.921211e-02 
1.137831e-02 
-2.816591e-02 
2.139390e-02 
-1.871927e-02 
2.922166e-02 
-1.318722e-02 
3.106693e-02 
-1.460582e-02 
2.556393e-02 
-2.180174e-02 
1.662727e-02 
-2.951294e-02 
9.992571e-03 
-3.415029e-02 
6.483598e-03 
-3.497128e-02 
8.319131e-03 
-3.011227e-02 
1.349957e-02 
-2.545306e-02 
1.566277e-02 
-2.498555e-02 
1.389189e-02 
-2.789049e-02 
9.260686e-03 
-3.300835e-02 
2.336894e-03 
-4.114161e-02 
-8.716564e-03 
-5.435459e-02 
-2.397468e-02 
-6.895792e-02 
-3.804838e-02 
-8.179550e-02 
-5.059387e-02 
-9.238330e-02 
-5.943984e-02 
-9.821209e-02 
-6.411392e-02 
-1.011799e-01 
-6.526753e-02 
-9.842201e-02 
-5.951883e-02 
-8.912478e-02 
-4.861772e-02 
-7.659225e-02 
-3.558011e-02 
-6.236493e-02 
-2.143756e-02 
-4.821409e-02 
-9.890973e-03 
-4.022249e-02 
-7.224766e-03 
-4.110943e-02 
-1.114162e-02 
-4.537240e-02 
-1.493965e-02 
-4.627421e-02 
-1.257935e-02 
-3.960711e-02 
-3.772718e-03 
-2.937935e-02 
5.243723e-03 
-2.164196e-02 
1.034250e-02 
-1.811507e-02 
1.188962e-02 
-1.752975e-02 
1.039642e-02 
-2.002969e-02 
6.748140e-03 
-2.258254e-02 
5.511068e-03 
-2.107119e-02 
9.244959e-03 
-1.412746e-02 
1.819443e-02 
-3.013605e-03 
2.970019e-02 
9.578271e-03 
4.262229e-02 
2.357785e-02 
5.630018e-02 
3.765990e-02 
7.034760e-02 
5.273823e-02 
8.495629e-02 
6.659040e-02 
9.656697e-02 
7.686646e-02 
1.034032e-01 
8.003692e-02 
1.030284e-01 
7.758492e-02 
9.638586e-02 
6.711032e-02 
8.208889e-02 
5.024482e-02 
6.377694e-02 
3.352691e-02 
5.029248e-02 
2.637663e-02 
4.830839e-02 
2.863310e-02 
5.222741e-02 
3.293523e-02 
5.407511e-02 
2.979655e-02 
4.409928e-02 
1.633994e-02 
2.816989e-02 
4.683864e-03 
2.383496e-02 
8.538482e-03 
3.453375e-02 
2.481928e-02 
5.474692e-02 
4.680360e-02 
7.669523e-02 
6.643938e-02 
9.071129e-02 
7.268856e-02 
8.656165e-02 
6.221126e-02 
7.355265e-02 
5.205827e-02 
6.666526e-02 
5.022112e-02 
6.732648e-02 
5.011329e-02 
6.373382e-02 
4.146132e-02 
4.883599e-02 
2.169143e-02 
2.540119e-02 
-1.224415e-03 
4.680436e-03 
-1.834314e-02 
-1.087238e-02 
-3.202252e-02 
-2.405904e-02 
-4.520650e-02 
-3.701948e-02 
-5.667288e-02 
-4.663720e-02 
-6.327623e-02 
-4.994893e-02 
-6.324884e-02 
-4.801044e-02 
-5.965637e-02 
-4.436663e-02 
-5.543933e-02 
-4.107316e-02 
-5.280492e-02 
-3.927208e-02 
-5.035300e-02 
-3.645918e-02 
-4.629035e-02 
-2.925792e-02 
-3.372510e-02 
-1.222265e-02 
-1.330283e-02 
8.468035e-03 
4.886813e-03 
2.047289e-02 
8.841479e-03 
1.447873e-02 
-5.926026e-03 
-6.637628e-03 
-2.867682e-02 
-2.630429e-02 
-4.109992e-02 
-3.146293e-02 
-4.024088e-02 
-2.739589e-02 
-3.514680e-02 
-2.417373e-02 
-3.506139e-02 
-2.889913e-02 
-4.346076e-02 
-3.867326e-02 
-5.120557e-02 
-4.264695e-02 
-5.003676e-02 
-3.666408e-02 
-3.954670e-02 
-2.314428e-02 
-2.447245e-02 
-8.232095e-03 
-9.596609e-03 
5.988645e-03 
4.105941e-03 
1.910983e-02 
1.745446e-02 
3.245538e-02 
3.072379e-02 
4.448274e-02 
4.056806e-02 
5.101847e-02 
4.364084e-02 
5.077135e-02 
4.172952e-02 
4.808143e-02 
3.893630e-02 
4.482921e-02 
3.562267e-02 
4.095497e-02 
3.069102e-02 
3.306796e-02 
1.790451e-02 
1.422586e-02 
-5.609004e-03 
-1.166250e-02 
-3.101467e-02 
-3.471429e-02 
-4.965549e-02 
-4.713032e-02 
-5.408254e-02 
-4.364972e-02 
-4.384568e-02 
-2.916851e-02 
-2.799368e-02 
-1.521786e-02 
-1.794985e-02 
-9.910610e-03 
-1.654356e-02 
-1.076770e-02 
-1.718427e-02 
-8.710490e-03 
-1.041318e-02 
2.718556e-03 
4.124236e-03 
1.779021e-02 
1.732739e-02 
2.667527e-02 
2.000165e-02 
2.233613e-02 
9.879405e-03 
8.769735e-03 
-4.833103e-03 
-5.962922e-03 
-1.900329e-02 
-1.935656e-02 
-3.176025e-02 
-3.208341e-02 
-4.448644e-02 
-4.392460e-02 
-5.408401e-02 
-5.048352e-02 
-5.782052e-02 
-5.176185e-02 
-5.658418e-02 
-4.833706e-02 
-5.200159e-02 
-4.374660e-02 
-4.798197e-02 
-4.006030e-02 
-4.404122e-02 
-3.522756e-02 
-3.746867e-02 
-2.538227e-02 
-2.312495e-02 
-6.450765e-03 
-9.974210e-04 
1.693417e-02 
2.159844e-02 
3.692920e-02 
3.685619e-02 
4.570726e-02 
3.865991e-02 
4.208313e-02 
3.164023e-02 
3.381266e-02 
2.373307e-02 
2.782011e-02 
2.046074e-02 
2.732563e-02 
2.134168e-02 
2.755532e-02 
1.863326e-02 
2.062902e-02 
7.177997e-03 
5.760188e-03 
-9.653931e-03 
-1.065477e-02 
-2.305442e-02 
-1.830664e-02 
-2.423384e-02 
-1.415923e-02 
-1.738744e-02 
-6.205417e-03 
-9.047100e-03 
2.503076e-03 
-5.092535e-04 
1.119527e-02 
8.865668e-03 
2.195490e-02 
2.030535e-02 
3.329438e-02 
3.075991e-02 
4.310457e-02 
3.949733e-02 
5.032166e-02 
4.456002e-02 
5.374654e-02 
4.640801e-02 
5.419484e-02 
4.525170e-02 
5.220163e-02 
4.255548e-02 
4.848453e-02 
3.611048e-02 
3.848541e-02 
2.242079e-02 
2.216458e-02 
3.765712e-03 
2.498031e-03 
-1.557146e-02 
-1.450308e-02 
-2.894143e-02 
-2.309587e-02 
-3.314050e-02 
-2.346436e-02 
-3.166900e-02 
-2.177944e-02 
-3.126090e-02 
-2.257359e-02 
-3.333115e-02 
-2.464663e-02 
-3.424914e-02 
-2.254069e-02 
-2.814166e-02 
-1.137194e-02 
-1.261868e-02 
7.527820e-03 
7.302725e-03 
2.643038e-02 
2.275428e-02 
3.744499e-02 
2.824888e-02 
3.783320e-02 
2.432952e-02 
3.194667e-02 
1.815354e-02 
2.694447e-02 
1.355433e-02 
2.182791e-02 
6.630326e-03 
1.301393e-02 
-4.651889e-03 
-5.091644e-05 
-1.934395e-02 
-1.510027e-02 
-3.383006e-02 
-2.782063e-02 
-4.511997e-02 
-3.743283e-02 
-5.376100e-02 
-4.478632e-02 
-6.011002e-02 
-4.957435e-02 
-6.299605e-02 
-4.879699e-02 
-5.780888e-02 
-3.850927e-02 
-4.318497e-02 
-2.009645e-02 
-2.275864e-02 
9.975688e-04 
-3.422574e-03 
1.786541e-02 
1.057907e-02 
2.979693e-02 
2.005818e-02 
3.721114e-02 
2.522975e-02 
4.108990e-02 
2.815200e-02 
4.378625e-02 
3.018362e-02 
4.531917e-02 
3.005239e-02 
4.309566e-02 
2.453180e-02 
3.460508e-02 
1.350274e-02 
2.101600e-02 
-4.862178e-03 
2.069250e-03 
-1.733808e-02 
-2.096583e-03 
-1.459453e-02 
2.451893e-03 
-1.239517e-02 
5.984290e-04 
-2.338252e-02 
-1.158749e-02 
-3.134438e-02 
-1.135287e-02 
-2.240387e-02 
4.811349e-04 
-1.116874e-02 
8.438386e-03 
-6.115949e-03 
1.489659e-02 
5.630472e-03 
2.982299e-02 
2.172255e-02 
5.462912e-02 
4.165088e-02 
5.727889e-02 
4.074670e-02 
5.638557e-02 
3.029636e-02 
3.626638e-02 
6.040007e-03 
2.015375e-02 
2.491113e-03 
1.723743e-02 
-5.308307e-03 
1.652294e-02 
-8.794701e-03 
-2.029740e-03 
-2.972866e-02 
-4.342088e-03 
-2.224625e-02 
1.261788e-03 
-9.877535e-03 
1.026514e-02 
-1.330382e-02 
2.512925e-04 
-2.992926e-02 
-2.482506e-02 
-4.781845e-02 
-2.485908e-02 
-3.853022e-02 
2.644898e-03 
-8.512894e-03 
1.683726e-02 
-1.742774e-03 
1.356162e-02 
-1.849143e-02 
-1.812987e-03 
-1.133664e-02 
1.725234e-02 
6.081113e-03 
3.687868e-02 
1.280384e-02 
2.602896e-02 
-2.734212e-03 
1.291926e-02 
-7.226009e-03 
2.258178e-02 
2.062928e-04 
2.144437e-02 
-6.727895e-03 
1.448057e-03 
-3.496793e-02 
-2.058227e-02 
-4.581852e-02 
-2.641710e-02 
-4.520110e-02 
-1.874491e-02 
-4.447804e-02 
-2.339889e-02 
-5.345505e-02 
-3.604796e-02 
-6.170895e-02 
-3.646671e-02 
-5.464374e-02 
-1.957030e-02 
-3.431988e-02 
-8.781975e-03 
-3.254728e-02 
-1.047078e-02 
-3.576800e-02 
-9.601628e-03 
-2.357305e-02 
1.007011e-02 
-6.503133e-03 
2.277498e-02 
-1.191875e-03 
2.416778e-02 
1.919957e-03 
2.880059e-02 
8.550734e-03 
3.777024e-02 
1.434899e-02 
3.823384e-02 
1.179892e-02 
3.211123e-02 
1.395961e-04 
1.982389e-02 
-8.815314e-03 
1.295420e-02 
-1.452704e-02 
7.123515e-03 
-2.518642e-02 
-9.006732e-03 
-4.608879e-02 
-3.079573e-02 
-6.151710e-02 
-3.706933e-02 
-6.154878e-02 
-3.221664e-02 
-5.362019e-02 
-2.474941e-02 
-4.723228e-02 
-1.657526e-02 
-3.674133e-02 
-3.575704e-03 
-2.040121e-02 
1.423443e-02 
-4.598080e-03 
2.677749e-02 
3.816397e-03 
3.371128e-02 
1.188146e-02 
4.238504e-02 
2.051697e-02 
5.160992e-02 
2.860856e-02 
5.590940e-02 
2.886590e-02 
5.267992e-02 
2.206919e-02 
4.424615e-02 
1.408638e-02 
3.736672e-02 
7.488736e-03 
2.856532e-02 
-6.740716e-03 
9.169981e-03 
-2.902599e-02 
-1.242390e-02 
-4.609922e-02 
-2.394107e-02 
-5.412330e-02 
-2.990824e-02 
-5.838456e-02 
-3.335482e-02 
-6.126981e-02 
-3.389401e-02 
-5.802417e-02 
-2.651765e-02 
-4.712663e-02 
-1.320203e-02 
-3.195076e-02 
3.434219e-03 
-1.501838e-02 
2.041468e-02 
2.859174e-03 
3.878649e-02 
2.009497e-02 
5.332396e-02 
3.007847e-02 
5.663977e-02 
2.641450e-02 
4.760886e-02 
1.448063e-02 
3.535932e-02 
3.430149e-03 
2.553211e-02 
-5.597096e-03 
1.628219e-02 
-1.599605e-02 
4.947308e-03 
-2.744129e-02 
-6.361438e-03 
-3.810945e-02 
-1.589851e-02 
-4.621864e-02 
-2.251852e-02 
-5.085403e-02 
-2.522688e-02 
-5.159558e-02 
-2.365118e-02 
-4.727790e-02 
-1.690760e-02 
-3.800594e-02 
-5.363514e-03 
-2.471203e-02 
9.341391e-03 
-9.100814e-03 
2.511745e-02 
8.028992e-03 
4.339881e-02 
2.565464e-02 
5.880038e-02 
3.857761e-02 
6.881857e-02 
4.603170e-02 
7.380415e-02 
4.846927e-02 
7.410441e-02 
4.727132e-02 
7.115087e-02 
4.290774e-02 
6.488122e-02 
3.387414e-02 
5.226935e-02 
1.873732e-02 
3.548160e-02 
1.933228e-03 
2.023895e-02 
-1.041796e-02 
1.127636e-02 
-1.547927e-02 
9.484433e-03 
-1.398926e-02 
1.413149e-02 
-6.164185e-03 
2.418180e-02 
5.518780e-03 
3.601865e-02 
1.673891e-02 
4.610213e-02 
2.677936e-02 
5.678598e-02 
3.864461e-02 
6.960020e-02 
5.215911e-02 
8.265442e-02 
6.445619e-02 
9.231779e-02 
6.998170e-02 
9.367690e-02 
6.873296e-02 
9.067883e-02 
6.459113e-02 
8.374816e-02 
5.378900e-02 
6.889711e-02 
3.604100e-02 
4.866626e-02 
1.441146e-02 
2.534796e-02 
-1.000970e-02 
5.234955e-04 
-3.331890e-02 
-2.101886e-02 
-5.271610e-02 
-3.812129e-02 
-6.663430e-02 
-4.806117e-02 
-7.196770e-02 
-5.045463e-02 
-7.195592e-02 
-4.772140e-02 
-6.558377e-02 
-3.881089e-02 
-5.506991e-02 
-2.834520e-02 
-4.384825e-02 
-1.573310e-02 
-3.050163e-02 
-4.990948e-03 
-2.392380e-02 
-1.822716e-03 
-2.213434e-02 
3.733648e-04 
-1.560684e-02 
1.167802e-02 
-6.900605e-03 
1.719051e-02 
-6.581251e-03 
3.401717e-03 
-2.253084e-02 
-7.822128e-03 
-2.786944e-02 
-6.585184e-03 
-2.550129e-02 
-9.050252e-03 
-3.660137e-02 
-2.673409e-02 
-5.520701e-02 
-4.039974e-02 
-6.060108e-02 
-4.330590e-02 
-6.467907e-02 
-4.756742e-02 
-7.083392e-02 
-5.504778e-02 
-7.193710e-02 
-5.092635e-02 
-6.170790e-02 
-3.392443e-02 
-3.863874e-02 
-7.126021e-03 
-1.213122e-02 
1.443380e-02 
2.334988e-03 
2.320823e-02 
8.725302e-03 
2.854454e-02 
1.696295e-02 
3.904762e-02 
2.503503e-02 
4.253776e-02 
2.382678e-02 
3.599866e-02 
1.772325e-02 
3.386913e-02 
1.983246e-02 
3.601740e-02 
1.802449e-02 
2.892467e-02 
8.762863e-03 
2.089730e-02 
3.109349e-03 
1.653269e-02 
5.874232e-04 
1.390364e-02 
-1.614048e-03 
1.297171e-02 
-2.277441e-03 
9.972615e-03 
-6.744025e-03 
4.444549e-03 
-1.080003e-02 
3.088080e-03 
-8.854319e-03 
6.395664e-03 
-6.141259e-03 
6.643497e-03 
-7.495256e-03 
6.649935e-03 
-2.878862e-03 
1.502763e-02 
8.581095e-03 
2.642180e-02 
1.750930e-02 
3.190008e-02 
2.098912e-02 
3.292805e-02 
1.935725e-02 
2.707632e-02 
9.547205e-03 
1.367906e-02 
-5.968451e-03 
-3.443784e-03 
-2.273152e-02 
-1.867336e-02 
-3.539091e-02 
-2.875146e-02 
-4.147357e-02 
-3.182979e-02 
-4.262392e-02 
-3.345027e-02 
-4.566076e-02 
-3.826705e-02 
-5.064492e-02 
-4.278782e-02 
-5.291254e-02 
-4.224228e-02 
-4.934077e-02 
-3.766383e-02 
-4.496774e-02 
-3.486687e-02 
-4.274496e-02 
-3.231481e-02 
-3.921876e-02 
-2.966934e-02 
-3.784929e-02 
-3.003645e-02 
-3.864792e-02 
-3.057803e-02 
-3.784692e-02 
-2.894538e-02 
-3.511779e-02 
-2.564582e-02 
-3.055770e-02 
-2.003286e-02 
-2.387495e-02 
-1.408940e-02 
-1.946126e-02 
-1.195965e-02 
-1.880453e-02 
-1.247758e-02 
-1.950375e-02 
-1.415278e-02 
-2.235019e-02 
-1.897396e-02 
-2.820235e-02 
-2.486727e-02 
-3.184467e-02 
-2.517001e-02 
-2.774083e-02 
-1.773708e-02 
-1.777185e-02 
-6.572848e-03 
-5.413890e-03 
5.716581e-03 
5.612956e-03 
1.396618e-02 
1.171312e-02 
1.856388e-02 
1.615357e-02 
2.285286e-02 
2.110605e-02 
2.863157e-02 
2.849244e-02 
3.687313e-02 
3.695774e-02 
4.433675e-02 
4.351829e-02 
4.977186e-02 
4.820216e-02 
5.257944e-02 
4.883585e-02 
5.105980e-02 
4.702115e-02 
4.990857e-02 
4.720172e-02 
5.003437e-02 
4.640341e-02 
4.751028e-02 
4.251479e-02 
4.227979e-02 
3.638448e-02 
3.475193e-02 
2.767495e-02 
2.452330e-02 
1.651518e-02 
1.279075e-02 
6.076773e-03 
4.770022e-03 
1.120215e-03 
2.186793e-03 
1.025026e-03 
4.690381e-03 
6.787905e-03 
1.287018e-02 
1.622008e-02 
2.184851e-02 
2.423326e-02 
2.810494e-02 
2.882129e-02 
3.062951e-02 
2.941835e-02 
2.877356e-02 
2.520404e-02 
2.226913e-02 
1.783263e-02 
1.556043e-02 
1.338532e-02 
1.341607e-02 
1.299196e-02 
1.310337e-02 
1.198316e-02 
1.088300e-02 
8.811456e-03 
6.293557e-03 
2.425728e-03 
-2.393500e-03 
-7.456547e-03 
-1.185007e-02 
-1.482658e-02 
-1.705946e-02 
-1.850590e-02 
-2.003427e-02 
-2.055876e-02 
-2.124475e-02 
-2.116849e-02 
-2.210751e-02 
-2.230640e-02 
-2.315554e-02 
-2.232512e-02 
-2.201710e-02 
-1.996648e-02 
-1.835823e-02 
-1.440596e-02 
-1.096066e-02 
-5.946413e-03 
-2.887606e-03 
1.138208e-03 
3.138712e-03 
6.191070e-03 
6.477267e-03 
7.165254e-03 
4.638165e-03 
2.501489e-03 
-2.823738e-03 
-6.980392e-03 
-1.309626e-02 
-1.680980e-02 
-2.197766e-02 
-2.428473e-02 
-2.742461e-02 
-2.691135e-02 
-2.725342e-02 
-2.444967e-02 
-2.292632e-02 
-1.839490e-02 
-1.588246e-02 
-1.169669e-02 
-1.057637e-02 
-7.746224e-03 
-7.382973e-03 
-5.001177e-03 
-5.112436e-03 
-2.705488e-03 
-1.769997e-03 
2.154210e-03 
4.050937e-03 
7.900025e-03 
9.260302e-03 
1.266050e-02 
1.379622e-02 
1.684971e-02 
1.754101e-02 
2.014978e-02 
2.041118e-02 
2.236366e-02 
2.215328e-02 
2.393271e-02 
2.379025e-02 
2.510418e-02 
2.374979e-02 
2.318811e-02 
2.001814e-02 
1.775231e-02 
1.309432e-02 
9.363592e-03 
3.524168e-03 
-1.225149e-03 
-7.367018e-03 
-1.147377e-02 
-1.554966e-02 
-1.696368e-02 
-1.822807e-02 
-1.721137e-02 
-1.574806e-02 
-1.186822e-02 
-7.565984e-03 
-1.895348e-03 
3.007580e-03 
7.723862e-03 
1.086738e-02 
1.326731e-02 
1.457778e-02 
1.551061e-02 
1.569234e-02 
1.495844e-02 
1.357043e-02 
1.158643e-02 
9.996169e-03 
8.230033e-03 
7.370957e-03 
6.257910e-03 
6.395208e-03 
5.851087e-03 
6.123827e-03 
4.775903e-03 
3.987643e-03 
1.249022e-03 
-2.780210e-04 
-3.593367e-03 
-5.341648e-03 
-9.272847e-03 
-1.129735e-02 
-1.541504e-02 
-1.665356e-02 
-1.998595e-02 
-2.063167e-02 
-2.427614e-02 
-2.522480e-02 
-2.944319e-02 
-3.017267e-02 
-3.349770e-02 
-3.191648e-02 
-3.263741e-02 
-2.809735e-02 
-2.640936e-02 
-1.908963e-02 
-1.519039e-02 
-6.455160e-03 
-2.889460e-03 
5.101542e-03 
7.503990e-03 
1.458861e-02 
1.483517e-02 
1.890074e-02 
1.527186e-02 
1.623452e-02 
9.921348e-03 
9.407285e-03 
2.000864e-03 
1.282673e-03 
-6.328529e-03 
-6.558960e-03 
-1.380157e-02 
-1.291562e-02 
-1.917713e-02 
-1.693993e-02 
-2.236944e-02 
-1.902835e-02 
-2.424048e-02 
-2.091560e-02 
-2.697051e-02 
-2.402511e-02 
-3.047868e-02 
-2.716316e-02 
-3.358394e-02 
-2.966975e-02 
-3.549001e-02 
-3.000524e-02 
-3.441260e-02 
-2.711616e-02 
-3.047923e-02 
-2.205260e-02 
-2.486733e-02 
-1.554198e-02 
-1.821413e-02 
-8.564295e-03 
-1.133863e-02 
-9.731375e-04 
-3.304761e-03 
7.649007e-03 
4.911706e-03 
1.557972e-02 
1.167211e-02 
2.079383e-02 
1.389416e-02 
1.993577e-02 
9.595035e-03 
1.329943e-02 
9.070722e-04 
3.731411e-03 
-9.570252e-03 
-6.869030e-03 
-2.028136e-02 
-1.627575e-02 
-2.793167e-02 
-2.125488e-02 
-3.086336e-02 
-2.186021e-02 
-2.958780e-02 
-1.825399e-02 
-2.445243e-02 
-1.160820e-02 
-1.734018e-02 
-4.089716e-03 
-1.037809e-02 
2.770409e-03 
-3.886628e-03 
9.650384e-03 
2.906303e-03 
1.662898e-02 
9.363290e-03 
2.300114e-02 
1.510310e-02 
2.872776e-02 
2.055355e-02 
3.436383e-02 
2.544624e-02 
3.851520e-02 
2.795310e-02 
3.959036e-02 
2.687372e-02 
3.700356e-02 
2.291979e-02 
3.306802e-02 
1.884769e-02 
2.911360e-02 
1.427135e-02 
2.447775e-02 
9.126184e-03 
1.902306e-02 
2.381361e-03 
1.150294e-02 
-5.676874e-03 
4.434838e-03 
-1.148489e-02 
9.690644e-04 
-1.261214e-02 
3.127084e-03 
-7.587398e-03 
1.074798e-02 
9.955761e-04 
2.010395e-02 
1.011578e-02 
2.899007e-02 
1.791489e-02 
3.576299e-02 
2.336095e-02 
4.088889e-02 
2.745019e-02 
4.358830e-02 
2.793832e-02 
4.279759e-02 
2.607012e-02 
4.077418e-02 
2.330576e-02 
3.766074e-02 
1.968072e-02 
3.404541e-02 
1.533012e-02 
2.946241e-02 
1.040735e-02 
2.465643e-02 
4.890362e-03 
1.841728e-02 
-2.902613e-03 
9.559619e-03 
-1.275175e-02 
-1.132253e-05 
-2.143430e-02 
-6.711631e-03 
-2.668710e-02 
-1.044155e-02 
-2.927435e-02 
-1.129224e-02 
-2.889110e-02 
-9.303941e-03 
-2.563090e-02 
-4.352632e-03 
-1.948102e-02 
3.235263e-03 
-1.087386e-02 
1.321691e-02 
-4.631371e-04 
2.345312e-02 
8.613544e-03 
3.159159e-02 
1.508751e-02 
3.606317e-02 
1.657231e-02 
3.476323e-02 
1.249888e-02 
2.879482e-02 
4.805288e-03 
2.034391e-02 
-4.052582e-03 
1.198862e-02 
-1.166981e-02 
5.969049e-03 
-1.625613e-02 
2.790539e-03 
-1.885756e-02 
6.653630e-04 
-2.095149e-02 
-1.165110e-03 
-2.275660e-02 
-2.413425e-03 
-2.336127e-02 
-2.001282e-03 
-2.230291e-02 
-5.691361e-05 
-1.964360e-02 
3.576132e-03 
-1.527054e-02 
9.117822e-03 
-8.434381e-03 
1.757595e-02 
1.094294e-03 
2.778714e-02 
1.123177e-02 
3.745886e-02 
1.959385e-02 
4.414153e-02 
2.421069e-02 
4.691169e-02 
2.507253e-02 
4.615021e-02 
2.272976e-02 
4.256877e-02 
1.783030e-02 
3.632582e-02 
9.933138e-03 
2.677099e-02 
-1.509499e-03 
1.377529e-02 
-1.523803e-02 
5.604739e-04 
-2.720731e-02 
-9.843076e-03 
-3.588860e-02 
-1.610984e-02 
-3.907000e-02 
-1.610271e-02 
-3.673255e-02 
-1.244448e-02 
-3.230241e-02 
-7.405662e-03 
-2.694462e-02 
-2.558976e-03 
-2.356869e-02 
-9.668751e-04 
-2.307457e-02 
-6.116896e-04 
-2.233752e-02 
2.590337e-04 
-2.159966e-02 
7.851278e-04 
-2.088385e-02 
1.867802e-03 
-1.936887e-02 
3.459758e-03 
-1.787857e-02 
4.407400e-03 
-1.762906e-02 
3.579491e-03 
-1.956951e-02 
3.762402e-04 
-2.370282e-02 
-4.841324e-03 
-2.990577e-02 
-1.194682e-02 
-3.691459e-02 
-1.830715e-02 
-4.222733e-02 
-2.314408e-02 
-4.663656e-02 
-2.710179e-02 
-4.929152e-02 
-2.853089e-02 
-4.947843e-02 
-2.800305e-02 
-4.816886e-02 
-2.631480e-02 
-4.555417e-02 
-2.268259e-02 
-4.007104e-02 
-1.540617e-02 
-3.090475e-02 
-5.374229e-03 
-2.041845e-02 
4.249759e-03 
-1.228210e-02 
9.988614e-03 
-8.222089e-03 
1.246526e-02 
-6.240112e-03 
1.413216e-02 
-4.049344e-03 
1.673146e-02 
-4.199375e-04 
2.042003e-02 
3.451655e-03 
2.414108e-02 
7.607899e-03 
2.859124e-02 
1.296247e-02 
3.295184e-02 
1.573751e-02 
3.309447e-02 
1.377587e-02 
2.925356e-02 
9.753893e-03 
2.512518e-02 
6.170822e-03 
2.148787e-02 
2.567801e-03 
1.656939e-02 
-2.363881e-03 
1.158129e-02 
-5.629961e-03 
1.071663e-02 
-3.291343e-03 
1.448320e-02 
1.848751e-03 
2.040827e-02 
8.283638e-03 
2.516133e-02 
1.238714e-02 
2.765184e-02 
1.468747e-02 
3.009905e-02 
1.772787e-02 
3.269417e-02 
1.970560e-02 
3.183307e-02 
1.618834e-02 
2.577730e-02 
9.784875e-03 
1.855633e-02 
4.285281e-03 
1.416414e-02 
7.202585e-04 
1.010157e-02 
-2.554250e-03 
7.017475e-03 
-3.684734e-03 
6.767738e-03 
-2.991097e-03 
6.696980e-03 
-3.904620e-03 
3.208678e-03 
-8.639366e-03 
-3.157952e-03 
-1.530590e-02 
-1.052283e-02 
-2.115095e-02 
-1.585489e-02 
-2.497549e-02 
-1.904143e-02 
-2.652390e-02 
-2.042910e-02 
-2.656649e-02 
-2.013386e-02 
-2.428094e-02 
-1.722260e-02 
-2.025214e-02 
-1.358181e-02 
-1.567887e-02 
-9.808988e-03 
-1.259646e-02 
-9.063464e-03 
-1.249435e-02 
-1.067755e-02 
-1.455848e-02 
-1.491284e-02 
-1.963423e-02 
-2.136087e-02 
-2.526237e-02 
-2.729677e-02 
-3.011665e-02 
-3.220514e-02 
-3.350807e-02 
-3.534542e-02 
-3.504046e-02 
-3.669926e-02 
-3.448973e-02 
-3.561025e-02 
-3.170525e-02 
-3.276053e-02 
-2.678180e-02 
-2.729519e-02 
-2.005540e-02 
-2.166474e-02 
-1.444098e-02 
-1.767456e-02 
-1.067502e-02 
-1.575695e-02 
-8.586014e-03 
-1.423089e-02 
-5.595445e-03 
-1.151418e-02 
-1.456225e-03 
-7.262523e-03 
4.717939e-03 
-9.464998e-04 
1.247865e-02 
6.054342e-03 
1.993340e-02 
1.182013e-02 
2.531484e-02 
1.509002e-02 
2.846625e-02 
1.654144e-02 
2.992802e-02 
1.606732e-02 
2.919899e-02 
1.334652e-02 
2.647949e-02 
9.067596e-03 
2.295457e-02 
5.184966e-03 
2.093670e-02 
3.226559e-03 
2.095693e-02 
3.508352e-03 
2.349568e-02 
6.161670e-03 
2.762035e-02 
9.217153e-03 
3.119178e-02 
1.134441e-02 
3.381254e-02 
1.245883e-02 
3.533024e-02 
1.252467e-02 
3.617159e-02 
1.222032e-02 
3.637311e-02 
1.071436e-02 
3.537126e-02 
8.584445e-03 
3.469013e-02 
7.732121e-03 
3.595506e-02 
9.175535e-03 
3.959614e-02 
1.260002e-02 
4.440950e-02 
1.623503e-02 
4.850306e-02 
1.823347e-02 
5.010052e-02 
1.686425e-02 
4.770678e-02 
1.137824e-02 
4.171152e-02 
3.327241e-03 
3.444217e-02 
-4.958849e-03 
2.738901e-02 
-1.308822e-02 
2.045713e-02 
-2.075544e-02 
1.440843e-02 
-2.755828e-02 
9.110439e-03 
-3.309635e-02 
6.475610e-03 
-3.470609e-02 
7.737576e-03 
-3.352695e-02 
1.070604e-02 
-3.145306e-02 
1.377110e-02 
-2.984120e-02 
1.638934e-02 
-2.849341e-02 
1.831327e-02 
-2.904248e-02 
1.787472e-02 
-3.060343e-02 
1.828603e-02 
-3.096679e-02 
1.887833e-02 
-3.208537e-02 
1.855321e-02 
-3.385666e-02 
1.789989e-02 
-3.548046e-02 
1.787099e-02 
-3.676322e-02 
1.732256e-02 
-3.852508e-02 
1.775066e-02 
-3.827673e-02 
1.925752e-02 
-3.913095e-02 
1.807970e-02 
-4.266965e-02 
1.527085e-02 
-4.688024e-02 
1.245454e-02 
-5.064156e-02 
1.025477e-02 
-5.333647e-02 
1.031688e-02 
-5.285941e-02 
1.326614e-02 
-5.072575e-02 
1.655461e-02 
-4.877584e-02 
1.992208e-02 
-4.654868e-02 
2.389270e-02 
-4.289871e-02 
2.939813e-02 
-3.912292e-02 
3.328822e-02 
-3.765390e-02 
3.542324e-02 
-3.718734e-02 
3.625353e-02 
-3.899800e-02 
3.484634e-02 
-4.184326e-02 
3.383170e-02 
-4.314491e-02 
3.478457e-02 
-4.305263e-02 
3.613230e-02 
-4.328296e-02 
3.680193e-02 
-4.431366e-02 
3.664643e-02 
-4.625205e-02 
3.578034e-02 
-4.837636e-02 
3.519640e-02 
-4.968225e-02 
3.612760e-02 
-4.944662e-02 
3.747544e-02 
-5.002826e-02 
3.802584e-02 
-5.017122e-02 
4.008372e-02 
-4.915241e-02 
4.212529e-02 
-4.849591e-02 
4.442456e-02 
-4.730713e-02 
4.672466e-02 
-4.670616e-02 
4.813826e-02 
-4.747888e-02 
4.743932e-02 
-5.043360e-02 
4.577970e-02 
-5.296729e-02 
4.468345e-02 
-5.555088e-02 
4.347740e-02 
-5.754539e-02 
4.344021e-02 
-5.863035e-02 
4.382195e-02 
-5.916547e-02 
4.471199e-02 
-5.995341e-02 
4.531276e-02 
-5.941750e-02 
4.909170e-02 
-5.567096e-02 
5.411704e-02 
-5.259329e-02 
5.837592e-02 
-4.935601e-02 
6.269347e-02 
-4.714567e-02 
6.521191e-02 
-4.692239e-02 
6.584895e-02 
-4.820166e-02 
6.569319e-02 
-4.922132e-02 
6.655981e-02 
-4.948905e-02 
6.738725e-02 
-5.019164e-02 
6.782779e-02 
-5.083723e-02 
6.897172e-02 
-5.064919e-02 
7.028409e-02 
-5.084415e-02 
7.163189e-02 
-5.001553e-02 
7.411148e-02 
-4.956527e-02 
7.454855e-02 
-5.100105e-02 
7.442078e-02 
-5.251619e-02 
7.362309e-02 
-5.480265e-02 
7.302982e-02 
-5.607228e-02 
7.304660e-02 
-5.719956e-02 
7.414365e-02 
-5.589759e-02 
7.729750e-02 
-5.430399e-02 
7.977139e-02 
-5.295113e-02 
8.244986e-02 
-5.170926e-02 
8.467527e-02 
-5.056615e-02 
8.697265e-02 
-5.019296e-02 
8.744041e-02 
-5.161722e-02 
8.691072e-02 
-5.345314e-02 
8.651969e-02 
-5.405761e-02 
8.823116e-02 
-5.295168e-02 
9.057185e-02 
-5.155388e-02 
9.352338e-02 
-4.973011e-02 
9.575392e-02 
-4.959190e-02 
9.644031e-02 
-5.061262e-02 
9.546343e-02 
-5.385430e-02 
9.270321e-02 
-5.783351e-02 
8.991114e-02 
-6.169743e-02 
8.715326e-02 
-6.535031e-02 
8.510610e-02 
-6.761796e-02 
8.483085e-02 
-6.856056e-02 
8.453332e-02 
-7.025623e-02 
8.468738e-02 
-6.941561e-02 
8.797347e-02 
-6.715086e-02 
9.009173e-02 
-6.730995e-02 
9.031096e-02 
-6.818275e-02 
9.054830e-02 
-6.895468e-02 
9.044548e-02 
-7.046072e-02 
8.958512e-02 
-7.263330e-02 
8.800338e-02 
-7.538300e-02 
8.630155e-02 
-7.784034e-02 
8.486630e-02 
-8.012160e-02 
8.385779e-02 
-8.160797e-02 
8.327029e-02 
-8.319020e-02 
8.323087e-02 
-8.318200e-02 
8.424469e-02 
-8.395835e-02 
8.361280e-02 
-8.523133e-02 
8.335957e-02 
-8.747568e-02 
8.034567e-02 
-9.146816e-02 
7.853995e-02 
-9.288998e-02 
7.820667e-02 
-9.380496e-02 
7.894640e-02 
-9.307961e-02 
8.042718e-02 
-9.261958e-02 
8.212500e-02 
-9.102954e-02 
8.402300e-02 
-9.135197e-02 
8.321464e-02 
-9.305891e-02 
8.260848e-02 
-9.436104e-02 
8.166081e-02 
-9.613454e-02 
8.081122e-02 
-9.747142e-02 
8.005863e-02 
-9.907583e-02 
7.899556e-02 
-1.007984e-01 
7.788274e-02 
-1.024656e-01 
7.725786e-02 
-1.029466e-01 
7.806779e-02 
-1.024170e-01 
7.913464e-02 
-1.019590e-01 
8.022681e-02 
-1.012292e-01 
8.165296e-02 
-1.005107e-01 
8.241529e-02 
-1.010918e-01 
8.129943e-02 
-1.036861e-01 
7.880531e-02 
-1.064299e-01 
7.695945e-02 
-1.082543e-01 
7.640143e-02 
-1.081014e-01 
7.818238e-02 
-1.056071e-01 
8.227380e-02 
-1.008365e-01 
8.798078e-02 
-9.592985e-02 
9.226762e-02 
-9.314203e-02 
9.421253e-02 
-9.301418e-02 
9.317493e-02 
-9.553448e-02 
9.040568e-02 
-9.847703e-02 
8.832998e-02 
-1.003678e-01 
8.661203e-02 
-1.030315e-01 
8.394872e-02 
-1.051115e-01 
8.346275e-02 
-1.052456e-01 
8.288672e-02 
-1.071932e-01 
8.043314e-02 
-1.097451e-01 
7.862535e-02 
-1.110777e-01 
7.810888e-02 
-1.111837e-01 
7.840107e-02 
-1.111083e-01 
7.808300e-02 
-1.124960e-01 
7.598143e-02 
-1.146960e-01 
7.449294e-02 
-1.158195e-01 
7.300294e-02 
-1.179788e-01 
7.128749e-02 
-1.182993e-01 
7.204240e-02 
-1.174611e-01 
7.299600e-02 
-1.154254e-01 
7.633365e-02 
-1.118085e-01 
7.877821e-02 
-1.106793e-01 
7.915990e-02 
-1.104210e-01 
7.894817e-02 
-1.109810e-01 
7.779468e-02 
-1.129140e-01 
7.451934e-02 
-1.165956e-01 
7.122202e-02 
-1.185185e-01 
6.982536e-02 
-1.200806e-01 
6.760962e-02 
-1.213965e-01 
6.769602e-02 
-1.198398e-01 
6.905901e-02 
-1.188128e-01 
6.965565e-02 
-1.170567e-01 
7.230332e-02 
-1.133949e-01 
7.584385e-02 
-1.095692e-01 
7.912285e-02 
-1.060347e-01 
8.249799e-02 
-1.021440e-01 
8.550169e-02 
-9.976367e-02 
8.701125e-02 
-9.704479e-02 
9.014627e-02 
-9.400294e-02 
9.148085e-02 
-9.240166e-02 
9.358075e-02 
-8.930414e-02 
9.569657e-02 
-8.658990e-02 
9.880561e-02 
-8.329622e-02 
9.900430e-02 
-8.476069e-02 
9.740107e-02 
-8.452616e-02 
9.628339e-02 
-8.684197e-02 
9.384588e-02 
-8.600062e-02 
9.509869e-02 
-8.560555e-02 
9.440962e-02 
-8.276242e-02 
9.966359e-02 
-7.663085e-02 
1.038764e-01 
-7.101137e-02 
1.106979e-01 
-6.346542e-02 
1.155869e-01 
-5.856742e-02 
1.209789e-01 
-5.165103e-02 
1.257939e-01 
-4.753891e-02 
1.289128e-01 
-4.339635e-02 
1.313465e-01 
-4.132033e-02 
1.317043e-01 
-4.153966e-02 
1.280465e-01 
-4.636758e-02 
1.220117e-01 
-5.127683e-02 
1.153013e-01 
-5.829961e-02 
1.076166e-01 
-6.321967e-02 
1.027468e-01 
-6.727783e-02 
9.770146e-02 
-7.072133e-02 
9.350170e-02 
-7.411345e-02 
8.922419e-02 
-7.659922e-02 
8.593149e-02 
-7.975683e-02 
8.077543e-02 
-8.325070e-02 
7.725861e-02 
-8.541306e-02 
7.376751e-02 
-8.690461e-02 
7.293248e-02 
-8.505367e-02 
7.433996e-02 
-8.171001e-02 
7.788660e-02 
-7.597046e-02 
8.183241e-02 
-7.216759e-02 
8.367156e-02 
-6.902724e-02 
8.531321e-02 
-6.721645e-02 
8.423787e-02 
-6.815472e-02 
8.152493e-02 
-6.994229e-02 
7.791338e-02 
-7.259756e-02 
7.336436e-02 
-7.649382e-02 
6.752792e-02 
-8.118262e-02 
6.143809e-02 
-8.600822e-02 
5.461810e-02 
-9.177399e-02 
4.819516e-02 
-9.502437e-02 
4.536464e-02 
-9.459563e-02 
4.609144e-02 
-9.093347e-02 
4.883235e-02 
-8.708812e-02 
5.030884e-02 
-8.476679e-02 
5.054202e-02 
-8.356220e-02 
5.009842e-02 
-8.176709e-02 
5.117460e-02 
-7.862493e-02 
5.286677e-02 
-7.528905e-02 
5.439435e-02 
-7.251336e-02 
5.547473e-02 
-6.897598e-02 
5.860851e-02 
-6.379013e-02 
6.087078e-02 
-6.228209e-02 
5.826462e-02 
-6.473546e-02 
5.371599e-02 
-6.682642e-02 
5.116532e-02 
-6.661560e-02 
4.964307e-02 
-6.782665e-02 
4.434005e-02 
-7.309874e-02 
3.757966e-02 
-7.570860e-02 
3.590477e-02 
-7.459110e-02 
3.414997e-02 
-7.560415e-02 
3.191090e-02 
-7.406719e-02 
3.344687e-02 
-6.918460e-02 
3.813837e-02 
-6.071152e-02 
4.579518e-02 
-5.172068e-02 
5.143742e-02 
-4.549122e-02 
5.453430e-02 
-4.186737e-02 
5.514155e-02 
-3.956902e-02 
5.578073e-02 
-3.691415e-02 
5.606267e-02 
-3.482991e-02 
5.644039e-02 
-3.239163e-02 
5.652050e-02 
-3.033040e-02 
5.731641e-02 
-2.668715e-02 
5.895429e-02 
-2.419066e-02 
5.764879e-02 
-2.467671e-02 
5.485399e-02 
-2.481678e-02 
5.344455e-02 
-2.412028e-02 
5.110718e-02 
-2.528027e-02 
4.796738e-02 
-2.544269e-02 
4.653454e-02 
-2.431319e-02 
4.589269e-02 
-2.227900e-02 
4.606951e-02 
-2.048544e-02 
4.474179e-02 
-2.022105e-02 
4.296243e-02 
-1.925570e-02 
4.234095e-02 
-1.762700e-02 
4.129268e-02 
-1.706902e-02 
3.961249e-02 
-1.577500e-02 
3.963437e-02 
-1.346482e-02 
3.884676e-02 
-1.298424e-02 
3.666122e-02 
-1.302152e-02 
3.421415e-02 
-1.372088e-02 
3.053882e-02 
-1.586342e-02 
2.558685e-02 
-1.857989e-02 
2.133273e-02 
-1.956724e-02 
1.860580e-02 
-1.973347e-02 
1.669177e-02 
-1.845129e-02 
1.646924e-02 
-1.620025e-02 
1.617571e-02 
-1.420900e-02 
1.612922e-02 
-1.179491e-02 
1.623815e-02 
-9.168367e-03 
1.701254e-02 
-5.352360e-03 
1.913705e-02 
-7.719189e-04 
2.069817e-02 
2.060076e-03 
2.050384e-02 
4.420593e-03 
2.098222e-02 
6.839264e-03 
1.969250e-02 
6.827873e-03 
1.697374e-02 
6.427097e-03 
1.405807e-02 
5.808235e-03 
1.111462e-02 
5.457085e-03 
8.638152e-03 
5.757414e-03 
7.171005e-03 
6.969251e-03 
5.577026e-03 
7.371121e-03 
3.841761e-03 
8.621799e-03 
3.150625e-03 
1.082523e-02 
3.062596e-03 
1.221119e-02 
3.366399e-04 
1.123994e-02 
-1.360224e-03 
1.447287e-02 
2.334242e-05 
1.685751e-02 
-9.488459e-04 
1.876362e-02 
-7.647730e-04 
2.182299e-02 
8.604643e-04 
2.718228e-02 
3.343369e-03 
2.924154e-02 
5.326964e-04 
2.943447e-02 
8.571503e-07 
3.066006e-02 
-3.735772e-03 
2.829557e-02 
-7.230173e-03 
2.851506e-02 
-1.002626e-02 
2.691323e-02 
-1.417421e-02 
2.553560e-02 
-1.818267e-02 
2.436985e-02 
-1.987902e-02 
2.679102e-02 
-2.013933e-02 
2.804212e-02 
-2.044089e-02 
3.282183e-02 
-1.666230e-02 
3.743165e-02 
-1.714948e-02 
3.833604e-02 
-1.753679e-02 
4.219680e-02 
-1.539279e-02 
4.527223e-02 
-1.771345e-02 
4.314717e-02 
-2.208231e-02 
4.293611e-02 
-2.401939e-02 
4.199473e-02 
-2.876377e-02 
4.026198e-02 
-3.139655e-02 
4.023957e-02 
-3.466261e-02 
3.922603e-02 
-3.721541e-02 
3.947162e-02 
-4.014020e-02 
3.796622e-02 
-4.433404e-02 
3.606227e-02 
-4.917509e-02 
3.287754e-02 
-5.504450e-02 
2.921736e-02 
-6.113686e-02 
2.595477e-02 
-6.560984e-02 
2.494704e-02 
-6.859426e-02 
2.440431e-02 
-7.078564e-02 
2.598919e-02 
-6.998578e-02 
3.030301e-02 
-6.735651e-02 
3.512556e-02 
-6.574674e-02 
3.811550e-02 
-6.539810e-02 
4.050307e-02 
-6.642788e-02 
4.018634e-02 
-6.990715e-02 
3.902692e-02 
-7.355065e-02 
3.652739e-02 
-7.970083e-02 
3.214595e-02 
-8.580143e-02 
2.945951e-02 
-8.911019e-02 
3.002612e-02 
-9.020021e-02 
3.030305e-02 
-9.365930e-02 
2.837348e-02 
-9.693547e-02 
2.940035e-02 
-9.604935e-02 
3.283266e-02 
-9.713461e-02 
3.060746e-02 
-1.023229e-01 
3.098017e-02 
-9.935828e-02 
3.776563e-02 
-9.742291e-02 
3.773660e-02 
-1.017955e-01 
3.658561e-02 
-1.010315e-01 
4.531108e-02 
-8.937073e-02 
6.011116e-02 
-8.053042e-02 
6.553088e-02 
-8.018202e-02 
6.831171e-02 
-7.829114e-02 
7.202662e-02 
-7.834068e-02 
7.220608e-02 
-8.141425e-02 
7.083258e-02 
-8.414043e-02 
7.150387e-02 
-8.442017e-02 
7.362210e-02 
-8.398397e-02 
7.701066e-02 
-8.112162e-02 
8.289295e-02 
-7.726770e-02 
8.790587e-02 
-7.500999e-02 
9.190777e-02 
-7.226308e-02 
9.789446e-02 
-6.737260e-02 
1.041452e-01 
-6.476920e-02 
1.067695e-01 
-6.487788e-02 
1.091738e-01 
-6.263608e-02 
1.150747e-01 
-5.807042e-02 
1.202191e-01 
-5.661323e-02 
1.233085e-01 
-5.357834e-02 
1.299413e-01 
-4.838942e-02 
1.361993e-01 
-4.434305e-02 
1.423098e-01 
-4.010552e-02 
1.472185e-01 
-3.810719e-02 
1.498375e-01 
-3.925572e-02 
1.470135e-01 
-4.791849e-02 
1.364430e-01 
-6.075422e-02 
1.267151e-01 
-7.142175e-02 
1.187500e-01 
-7.928638e-02 
1.140239e-01 
-8.146509e-02 
1.171933e-01 
-8.142859e-02 
1.168393e-01 
-8.477355e-02 
1.150491e-01 
-8.533839e-02 
1.179684e-01 
-8.514142e-02 
1.167972e-01 
-8.904578e-02 
1.150504e-01 
-9.016096e-02 
1.172974e-01 
-9.021523e-02 
1.168749e-01 
-9.229063e-02 
1.159849e-01 
-9.530392e-02 
1.143884e-01 
-9.947045e-02 
1.110269e-01 
-1.034519e-01 
1.093201e-01 
-1.056913e-01 
1.089208e-01 
-1.078221e-01 
1.064562e-01 
-1.130621e-01 
1.021094e-01 
-1.182215e-01 
9.971622e-02 
-1.213579e-01 
9.586107e-02 
-1.288906e-01 
8.761742e-02 
-1.398608e-01 
7.782207e-02 
-1.495112e-01 
7.173200e-02 
-1.537264e-01 
7.117726e-02 
-1.542282e-01 
7.237233e-02 
-1.529720e-01 
7.634145e-02 
-1.487405e-01 
8.226924e-02 
-1.448060e-01 
8.603101e-02 
-1.426537e-01 
8.810025e-02 
-1.437341e-01 
8.614695e-02 
-1.471556e-01 
8.549518e-02 
-1.458533e-01 
8.954165e-02 
-1.429492e-01 
9.185439e-02 
-1.434699e-01 
9.072366e-02 
-1.459187e-01 
8.942788e-02 
-1.475888e-01 
8.978493e-02 
-1.469980e-01 
9.108242e-02 
-1.475572e-01 
9.033957e-02 
-1.488780e-01 
9.140939e-02 
-1.469526e-01 
9.491799e-02 
-1.436360e-01 
9.946377e-02 
-1.401087e-01 
1.026325e-01 
-1.384230e-01 
1.051475e-01 
-1.354721e-01 
1.097984e-01 
-1.310867e-01 
1.155298e-01 
-1.242287e-01 
1.247437e-01 
-1.144877e-01 
1.357258e-01 
-1.035748e-01 
1.473301e-01 
-9.332252e-02 
1.559564e-01 
-8.800927e-02 
1.588417e-01 
-8.887174e-02 
1.549691e-01 
-9.572403e-02 
1.477402e-01 
-1.026376e-01 
1.428459e-01 
-1.063238e-01 
1.406910e-01 
-1.081266e-01 
1.398248e-01 
-1.085631e-01 
1.403713e-01 
-1.086654e-01 
1.391165e-01 
-1.112527e-01 
1.375060e-01 
-1.112961e-01 
1.387062e-01 
-1.109815e-01 
1.382951e-01 
-1.107392e-01 
1.413778e-01 
-1.059081e-01 
1.452243e-01 
-1.062244e-01 
1.406312e-01 
-1.127944e-01 
1.355816e-01 
-1.150443e-01 
1.352824e-01 
-1.156440e-01 
1.335838e-01 
-1.170557e-01 
1.348136e-01 
-1.130277e-01 
1.387789e-01 
-1.126576e-01 
1.347146e-01 
-1.181894e-01 
1.314650e-01 
-1.173422e-01 
1.347197e-01 
-1.148628e-01 
1.331949e-01 
-1.212278e-01 
1.225605e-01 
-1.340910e-01 
1.085766e-01 
-1.479092e-01 
9.569625e-02 
-1.575815e-01 
9.081203e-02 
-1.563223e-01 
9.647581e-02 
-1.487222e-01 
1.023542e-01 
-1.454510e-01 
1.026920e-01 
-1.465876e-01 
9.955735e-02 
-1.511433e-01 
9.362405e-02 
-1.560321e-01 
9.068962e-02 
-1.554920e-01 
9.378186e-02 
-1.493524e-01 
1.011359e-01 
-1.419156e-01 
1.051925e-01 
-1.416507e-01 
1.015113e-01 
-1.455610e-01 
9.863661e-02 
-1.457674e-01 
9.926801e-02 
-1.441297e-01 
1.005283e-01 
-1.415039e-01 
1.036771e-01 
-1.367797e-01 
1.083648e-01 
-1.311957e-01 
1.132539e-01 
-1.262655e-01 
1.157548e-01 
-1.255601e-01 
1.132856e-01 
-1.287292e-01 
1.095986e-01 
-1.301020e-01 
1.089808e-01 
-1.292772e-01 
1.088374e-01 
-1.286310e-01 
1.098700e-01 
-1.241611e-01 
1.169619e-01 
-1.128284e-01 
1.294095e-01 
-1.002309e-01 
1.376606e-01 
-9.535688e-02 
1.380467e-01 
-9.666466e-02 
1.335673e-01 
-1.014034e-01 
1.289947e-01 
-1.013804e-01 
1.320140e-01 
-9.510904e-02 
1.376857e-01 
-8.864358e-02 
1.423821e-01 
-8.474025e-02 
1.418599e-01 
-8.764101e-02 
1.362515e-01 
-9.136821e-02 
1.332741e-01 
-9.169370e-02 
1.321269e-01 
-9.164737e-02 
1.320441e-01 
-8.869644e-02 
1.347437e-01 
-8.607457e-02 
1.329354e-01 
-8.969237e-02 
1.269554e-01 
-9.371685e-02 
1.227826e-01 
-9.585610e-02 
1.196795e-01 
-9.725903e-02 
1.175338e-01 
-9.767643e-02 
1.156349e-01 
-9.841591e-02 
1.139622e-01 
-9.729545e-02 
1.156951e-01 
-9.241340e-02 
1.198108e-01 
-8.769304e-02 
1.205172e-01 
-8.936360e-02 
1.137369e-01 
-9.673948e-02 
1.043791e-01 
-1.045178e-01 
9.512749e-02 
-1.113156e-01 
8.963841e-02 
-1.112682e-01 
9.115294e-02 
-1.073933e-01 
9.255930e-02 
-1.059893e-01 
9.051731e-02 
-1.082483e-01 
8.522951e-02 
-1.123921e-01 
7.972310e-02 
-1.157925e-01 
7.522067e-02 
-1.175148e-01 
7.337506e-02 
-1.161092e-01 
7.445608e-02 
-1.119940e-01 
7.804730e-02 
-1.059152e-01 
8.209528e-02 
-1.012248e-01 
8.388231e-02 
-9.851127e-02 
8.404074e-02 
-9.714979e-02 
8.367964e-02 
-9.461332e-02 
8.610905e-02 
-8.911527e-02 
8.958122e-02 
-8.498869e-02 
9.069920e-02 
-8.223429e-02 
9.231784e-02 
-7.776508e-02 
9.492469e-02 
-7.455661e-02 
9.408637e-02 
-7.543194e-02 
9.017307e-02 
-7.768296e-02 
8.607857e-02 
-7.922205e-02 
8.403625e-02 
-7.688794e-02 
8.707634e-02 
-6.965256e-02 
9.331467e-02 
-6.166278e-02 
9.792684e-02 
-5.733838e-02 
9.705790e-02 
-5.945045e-02 
9.049167e-02 
-6.454734e-02 
8.456997e-02 
-6.629447e-02 
8.271087e-02 
-6.408205e-02 
8.511135e-02 
-5.734020e-02 
9.084089e-02 
-5.020447e-02 
9.354508e-02 
-4.831537e-02 
9.049557e-02 
-5.113515e-02 
8.490607e-02 
-5.402381e-02 
8.050437e-02 
-5.578301e-02 
7.717445e-02 
-5.588730e-02 
7.566030e-02 
-5.519732e-02 
7.343162e-02 
-5.597916e-02 
6.986892e-02 
-5.772111e-02 
6.558484e-02 
-5.959268e-02 
6.183023e-02 
-6.111913e-02 
5.733882e-02 
-6.404496e-02 
5.198058e-02 
-6.662191e-02 
4.777887e-02 
-6.797269e-02 
4.472173e-02 
-6.735467e-02 
4.536975e-02 
-6.150269e-02 
5.089532e-02 
-5.390812e-02 
5.354263e-02 
-5.217064e-02 
5.046362e-02 
-5.432483e-02 
4.533735e-02 
-5.690873e-02 
4.123030e-02 
-5.735170e-02 
3.964804e-02 
-5.525231e-02 
4.079623e-02 
-5.086918e-02 
4.161028e-02 
-5.075566e-02 
3.585736e-02 
-5.634592e-02 
2.722845e-02 
-6.198890e-02 
2.018131e-02 
-6.529221e-02 
1.582794e-02 
-6.590713e-02 
1.408480e-02 
-6.376868e-02 
1.468661e-02 
-6.073525e-02 
1.440954e-02 
-5.958575e-02 
1.227056e-02 
-5.966531e-02 
9.858659e-03 
-5.852937e-02 
1.040402e-02 
-5.342358e-02 
1.465509e-02 
-4.540387e-02 
2.118269e-02 
-3.609799e-02 
2.691670e-02 
-2.992521e-02 
2.880493e-02 
-2.567176e-02 
3.168991e-02 
-1.959600e-02 
3.407299e-02 
-1.724152e-02 
3.134383e-02 
-1.905537e-02 
2.626532e-02 
-2.204388e-02 
2.026722e-02 
-2.559933e-02 
1.487315e-02 
-2.683723e-02 
1.336433e-02 
-2.354296e-02 
1.525772e-02 
-1.967561e-02 
1.441529e-02 
-2.083616e-02 
8.491789e-03 
-2.472905e-02 
3.173865e-03 
-2.530577e-02 
2.477565e-03 
-2.106224e-02 
6.438983e-03 
-1.288837e-02 
1.237351e-02 
-5.214036e-03 
1.640420e-02 
7.240839e-04 
1.943456e-02 
5.857899e-03 
2.133875e-02 
9.894189e-03 
2.259707e-02 
1.344803e-02 
2.325464e-02 
1.646394e-02 
2.354996e-02 
1.893841e-02 
2.278759e-02 
2.002411e-02 
2.058169e-02 
1.947354e-02 
1.651837e-02 
1.741374e-02 
1.172147e-02 
1.486497e-02 
5.760732e-03 
1.070698e-02 
-9.333075e-04 
7.235761e-03 
-6.189310e-03 
5.420262e-03 
-9.142295e-03 
7.018998e-03 
-8.139319e-03 
1.201068e-02 
-4.570389e-03 
1.881181e-02 
-7.375068e-04 
2.335171e-02 
-9.587097e-04 
2.450788e-02 
-2.693366e-03 
2.483056e-02 
-5.538662e-03 
2.469399e-02 
-6.646474e-03 
2.823644e-02 
-4.294895e-03 
3.314948e-02 
-2.906559e-03 
3.496752e-02 
-6.588652e-03 
3.106976e-02 
-1.433543e-02 
2.585215e-02 
-2.165242e-02 
2.127687e-02 
-2.842192e-02 
1.775719e-02 
-3.339039e-02 
1.593407e-02 
-3.767167e-02 
1.367382e-02 
-4.317629e-02 
1.000098e-02 
-4.940271e-02 
6.870140e-03 
-5.384367e-02 
6.287732e-03 
-5.565902e-02 
7.778939e-03 
-5.579989e-02 
1.115634e-02 
-5.347102e-02 
1.715770e-02 
-4.933100e-02 
2.371789e-02 
-4.511227e-02 
3.085211e-02 
-3.989097e-02 
3.822699e-02 
-3.645889e-02 
4.146027e-02 
-3.848741e-02 
3.961963e-02 
-4.376946e-02 
3.663083e-02 
-4.873284e-02 
3.473435e-02 
-5.170230e-02 
3.585517e-02 
-5.154537e-02 
3.884036e-02 
-5.105026e-02 
4.150963e-02 
-5.106420e-02 
4.244115e-02 
-5.487586e-02 
3.894353e-02 
-6.081174e-02 
3.681520e-02 
-6.332291e-02 
3.820685e-02 
-6.263973e-02 
4.296090e-02 
-5.861072e-02 
4.981123e-02 
-5.453607e-02 
5.518693e-02 
-5.207588e-02 
5.974451e-02 
-4.953813e-02 
6.477995e-02 
-4.649171e-02 
7.031380e-02 
-4.271927e-02 
7.688361e-02 
-3.771399e-02 
8.443272e-02 
-3.235930e-02 
9.136050e-02 
-2.884608e-02 
9.533973e-02 
-2.875436e-02 
9.617742e-02 
-3.093496e-02 
9.537635e-02 
-3.466972e-02 
9.305198e-02 
-3.941635e-02 
9.029390e-02 
-4.447872e-02 
8.684014e-02 
-5.033630e-02 
8.361958e-02 
-5.399780e-02 
8.384730e-02 
-5.443527e-02 
8.602842e-02 
-5.448978e-02 
8.687584e-02 
-5.762723e-02 
8.345004e-02 
-6.447330e-02 
7.865388e-02 
-6.997685e-02 
7.693765e-02 
-7.145650e-02 
7.974434e-02 
-6.865215e-02 
8.520614e-02 
-6.548759e-02 
8.958815e-02 
-6.350806e-02 
9.285896e-02 
-6.308641e-02 
9.410742e-02 
-6.426083e-02 
9.459442e-02 
-6.608892e-02 
9.360911e-02 
-6.968666e-02 
9.154905e-02 
-7.383352e-02 
8.833181e-02 
-8.010697e-02 
8.259741e-02 
-8.848528e-02 
7.544008e-02 
-9.766860e-02 
6.819053e-02 
-1.059216e-01 
6.249577e-02 
-1.124773e-01 
5.876825e-02 
-1.160888e-01 
5.912543e-02 
-1.149735e-01 
6.397278e-02 
-1.101790e-01 
7.130695e-02 
-1.043607e-01 
7.811550e-02 
-1.000464e-01 
8.309363e-02 
-9.772744e-02 
8.572140e-02 
-9.780040e-02 
8.641387e-02 
-9.900254e-02 
8.659703e-02 
-1.001911e-01 
8.758169e-02 
-9.951362e-02 
9.096329e-02 
-9.674180e-02 
9.545546e-02 
-9.412989e-02 
9.829690e-02 
-9.462796e-02 
9.703151e-02 
-9.883831e-02 
9.364811e-02 
-1.034615e-01 
9.068071e-02 
-1.074648e-01 
8.853149e-02 
-1.100223e-01 
8.846021e-02 
-1.103238e-01 
9.017414e-02 
-1.095634e-01 
9.228081e-02 
-1.084839e-01 
9.528089e-02 
-1.056668e-01 
1.003081e-01 
-1.012111e-01 
1.062634e-01 
-9.625845e-02 
1.124298e-01 
-9.143963e-02 
1.181111e-01 
-8.716807e-02 
1.229992e-01 
-8.440063e-02 
1.254565e-01 
-8.444630e-02 
1.252789e-01 
-8.909087e-02 
1.133716e-01 
