1 
2.000000e-02 
4.687000e-03 
1.423000e-03 
6.225000e-03 
2.933000e-03 
5.640000e-04 
2.273000e-03 
8.675000e-03 
8.562000e-03 
-2.685000e-03 
-5.609000e-03 
3.125000e-03 
7.296000e-03 
4.568000e-03 
-2.853000e-03 
-8.110000e-04 
4.271000e-03 
-2.818000e-03 
-1.716000e-03 
-6.571000e-03 
-3.238000e-03 
2.456000e-03 
3.334000e-03 
4.632000e-03 
-2.982000e-03 
1.155400e-02 
1.337800e-02 
-7.298000e-03 
-4.908000e-03 
2.894000e-03 
-3.261000e-03 
-2.338000e-03 
-1.125000e-03 
7.455000e-03 
6.129000e-03 
-3.130000e-04 
-4.396000e-03 
-1.591800e-02 
3.875000e-03 
1.271300e-02 
3.880000e-04 
1.537000e-03 
3.016000e-03 
5.562000e-03 
6.090000e-04 
-1.670000e-03 
-4.839000e-03 
-4.238000e-03 
-8.799000e-03 
-8.084000e-03 
-3.598000e-03 
1.294200e-02 
9.840000e-03 
-7.681000e-03 
-2.563000e-03 
-9.024000e-03 
-6.494000e-03 
9.370000e-03 
1.344400e-02 
-1.743000e-03 
-4.810000e-04 
9.943000e-03 
1.702000e-03 
7.177000e-03 
8.734000e-03 
3.410000e-03 
-9.513000e-03 
-8.163000e-03 
-2.290900e-02 
-1.627100e-02 
6.096000e-03 
9.040000e-04 
1.907000e-02 
-5.278000e-03 
-2.320600e-02 
1.329100e-02 
4.556000e-03 
-1.090100e-02 
-8.452000e-03 
-1.113900e-02 
1.115200e-02 
1.869900e-02 
1.781000e-02 
-1.900900e-02 
-2.529000e-02 
2.640000e-04 
-2.530000e-03 
8.259000e-03 
-3.397000e-03 
-3.980000e-04 
-7.908000e-03 
-3.829000e-03 
1.273000e-03 
-3.343000e-03 
2.032000e-02 
1.226800e-02 
1.032000e-02 
-1.793500e-02 
-4.600200e-02 
1.056600e-02 
4.764600e-02 
2.815400e-02 
5.900000e-03 
-7.171000e-03 
-2.910700e-02 
-3.868300e-02 
-8.186000e-03 
3.311800e-02 
9.741000e-03 
-3.541800e-02 
7.495000e-03 
2.609000e-02 
-6.523000e-03 
-1.861300e-02 
-1.844500e-02 
-2.213600e-02 
-1.802000e-03 
1.291900e-02 
7.543000e-03 
3.713000e-03 
-3.593000e-02 
-4.299000e-02 
-1.883000e-03 
3.117300e-02 
2.669200e-02 
-3.198700e-02 
-3.026600e-02 
5.749000e-03 
-3.778000e-03 
2.660000e-04 
-7.204000e-03 
1.965300e-02 
2.959900e-02 
1.774000e-02 
6.005000e-03 
-2.036400e-02 
1.413500e-02 
1.935800e-02 
1.650700e-02 
-1.822900e-02 
-5.077400e-02 
-1.335000e-03 
4.155000e-03 
-3.565900e-02 
-2.080300e-02 
2.566000e-03 
2.450000e-03 
6.232000e-03 
2.232700e-02 
-1.503100e-02 
-3.813900e-02 
2.145000e-03 
2.988900e-02 
1.634300e-02 
-2.592100e-02 
-3.977800e-02 
1.029800e-02 
4.228700e-02 
1.970000e-03 
3.113000e-03 
-1.959400e-02 
-4.467000e-02 
6.729000e-03 
8.368000e-03 
-5.366000e-03 
-7.475000e-03 
4.324000e-03 
3.908200e-02 
1.888100e-02 
1.717700e-02 
-3.471900e-02 
-2.410700e-02 
1.933100e-02 
-9.952000e-03 
-1.298800e-02 
-2.216100e-02 
-2.843800e-02 
-1.509500e-02 
3.681400e-02 
3.574000e-03 
-3.851600e-02 
-2.704800e-02 
-1.304000e-02 
9.726000e-03 
1.386400e-02 
1.639000e-02 
1.994900e-02 
1.088200e-02 
1.214500e-02 
-2.606000e-03 
-1.762400e-02 
-2.766000e-03 
1.485000e-02 
1.759900e-02 
3.330000e-03 
-1.352000e-02 
-4.829000e-03 
-7.303000e-03 
-3.467000e-03 
1.628900e-02 
2.444200e-02 
-1.141000e-03 
-3.703000e-03 
3.516000e-03 
1.315800e-02 
-1.073400e-02 
-1.703000e-02 
2.793600e-02 
3.424700e-02 
-1.083900e-02 
-4.091300e-02 
-2.070700e-02 
1.353600e-02 
1.307500e-02 
3.202000e-03 
2.030000e-04 
-2.955300e-02 
-2.627000e-03 
3.778700e-02 
3.148500e-02 
1.671900e-02 
3.151600e-02 
1.360200e-02 
-7.793000e-03 
-2.163600e-02 
-2.076500e-02 
9.414000e-03 
6.379000e-03 
3.138000e-02 
3.221600e-02 
-9.016000e-03 
-1.518300e-02 
-1.024000e-03 
1.501500e-02 
5.906000e-03 
-4.464000e-03 
-1.220300e-02 
-7.855000e-03 
-8.920000e-04 
-7.097000e-03 
1.557600e-02 
2.956400e-02 
3.454900e-02 
2.384300e-02 
1.703200e-02 
8.385000e-03 
-9.235000e-03 
-1.896400e-02 
6.883000e-03 
2.460300e-02 
3.501000e-02 
4.447800e-02 
3.191200e-02 
1.078300e-02 
-9.367000e-03 
-3.437600e-02 
-1.345600e-02 
2.842100e-02 
2.867100e-02 
2.857000e-03 
2.089800e-02 
3.122400e-02 
-1.370500e-02 
-2.789300e-02 
-7.394000e-03 
-1.330900e-02 
-2.203600e-02 
-1.103000e-02 
1.392800e-02 
2.854400e-02 
3.366400e-02 
2.738900e-02 
2.216000e-03 
-4.262400e-02 
-7.822700e-02 
-7.023500e-02 
-2.418000e-02 
3.887600e-02 
2.027200e-02 
7.070000e-03 
1.311300e-02 
2.269600e-02 
1.086900e-02 
-9.440400e-02 
-1.337820e-01 
-3.995500e-02 
4.177600e-02 
7.782900e-02 
7.557100e-02 
-6.962000e-02 
-2.125690e-01 
-2.435330e-01 
-1.738650e-01 
-1.304840e-01 
-1.201590e-01 
-6.211000e-02 
-1.883800e-02 
1.850500e-02 
1.485080e-01 
1.689850e-01 
7.629000e-02 
2.659300e-02 
-1.710500e-02 
3.875400e-02 
1.181670e-01 
2.120980e-01 
2.626440e-01 
1.693440e-01 
2.996100e-02 
-4.203100e-02 
-9.469300e-02 
-2.939310e-01 
-3.768770e-01 
-3.521620e-01 
-3.068350e-01 
-1.104860e-01 
-2.915800e-02 
-1.293000e-02 
5.495300e-02 
1.456930e-01 
2.480350e-01 
2.755560e-01 
2.730370e-01 
2.655950e-01 
1.664740e-01 
-3.129800e-02 
-2.177070e-01 
-3.474720e-01 
-3.160580e-01 
-5.237800e-02 
1.809120e-01 
1.752380e-01 
1.415420e-01 
3.921900e-02 
-6.873500e-02 
5.776300e-02 
1.124040e-01 
7.210800e-02 
8.123600e-02 
1.270290e-01 
1.007990e-01 
1.520880e-01 
1.701380e-01 
1.449480e-01 
7.581400e-02 
-7.582800e-02 
-2.208950e-01 
-3.215590e-01 
-2.363790e-01 
-6.636500e-02 
7.534000e-02 
3.559100e-02 
4.163600e-02 
9.520200e-02 
-8.972000e-03 
3.670100e-02 
7.513100e-02 
8.879000e-03 
-5.190100e-02 
1.072580e-01 
1.349570e-01 
1.847000e-03 
7.006000e-03 
-8.401300e-02 
-1.308420e-01 
-9.584000e-02 
-7.459600e-02 
2.851800e-02 
5.404900e-02 
3.807600e-02 
3.608200e-02 
-1.219800e-02 
3.994800e-02 
-7.705000e-03 
-4.278000e-02 
1.445600e-02 
1.228600e-02 
2.236800e-02 
3.233300e-02 
3.767000e-02 
2.136200e-02 
3.393300e-02 
1.225840e-01 
1.342490e-01 
6.003900e-02 
4.517800e-02 
-2.590500e-02 
-1.067390e-01 
-7.425100e-02 
4.647500e-02 
6.694000e-02 
2.337500e-02 
8.849100e-02 
6.216800e-02 
-3.666800e-02 
-2.083000e-03 
-1.969300e-02 
-1.179540e-01 
-1.057020e-01 
-2.239500e-02 
1.747700e-02 
4.561900e-02 
6.403600e-02 
-2.192000e-02 
-1.113980e-01 
-5.763100e-02 
-3.795900e-02 
-2.664700e-02 
8.014000e-03 
-2.823600e-02 
2.993000e-02 
8.872100e-02 
7.598700e-02 
-3.736300e-02 
-1.195810e-01 
-9.780100e-02 
-8.543000e-02 
-7.921100e-02 
-6.395600e-02 
2.817800e-02 
4.237600e-02 
-4.521800e-02 
-7.225700e-02 
5.240200e-02 
1.255400e-01 
-1.049100e-02 
-4.580600e-02 
1.210000e-03 
5.333000e-03 
1.736600e-02 
-4.339700e-02 
-6.827100e-02 
-2.159500e-02 
-4.465700e-02 
-1.112120e-01 
-1.177130e-01 
-8.699900e-02 
1.646710e-01 
2.324780e-01 
2.360900e-02 
-6.356200e-02 
-8.471900e-02 
-5.058600e-02 
6.573400e-02 
7.273100e-02 
6.531700e-02 
2.062550e-01 
2.066430e-01 
5.774500e-02 
-1.002910e-01 
-1.203780e-01 
-9.788000e-03 
1.612920e-01 
3.159900e-02 
-2.396720e-01 
-1.000940e-01 
-5.570900e-02 
-3.523200e-02 
-4.952000e-03 
1.361180e-01 
2.709240e-01 
2.360060e-01 
2.489540e-01 
1.747300e-01 
9.851600e-02 
4.886000e-03 
-2.074100e-02 
-1.741200e-02 
-4.865900e-02 
-1.035880e-01 
-2.283060e-01 
-2.681840e-01 
-2.206630e-01 
7.626200e-02 
1.885100e-01 
1.486690e-01 
2.818810e-01 
2.914610e-01 
6.627100e-02 
-2.011650e-01 
-2.055760e-01 
3.151300e-02 
-6.531300e-02 
-1.632270e-01 
1.224760e-01 
5.053200e-02 
1.103600e-01 
-4.050000e-03 
-2.484930e-01 
-1.163800e-02 
-1.829590e-01 
-2.292140e-01 
1.093950e-01 
1.838880e-01 
1.646850e-01 
1.050030e-01 
-1.837330e-01 
-2.998750e-01 
-1.140930e-01 
2.897900e-02 
2.619510e-01 
9.719300e-02 
-3.750660e-01 
-2.752740e-01 
-6.273100e-02 
-1.430230e-01 
-1.756480e-01 
-1.827200e-02 
-6.987000e-03 
3.665400e-02 
1.301190e-01 
1.251520e-01 
1.171250e-01 
2.305600e-02 
-1.891410e-01 
-1.822960e-01 
2.117570e-01 
9.881300e-02 
-1.747540e-01 
-6.139300e-02 
-1.196380e-01 
4.238300e-02 
-3.788100e-02 
-1.363870e-01 
8.972500e-02 
1.072140e-01 
-2.860000e-02 
-1.601470e-01 
-2.188570e-01 
-2.981760e-01 
-2.499750e-01 
-5.718300e-02 
6.626100e-02 
7.365900e-02 
-7.589100e-02 
-1.720270e-01 
-3.844000e-02 
-3.652900e-02 
-1.200830e-01 
6.356400e-02 
1.309190e-01 
1.008200e-02 
-1.214720e-01 
-1.442200e-01 
6.662100e-02 
2.649780e-01 
4.423120e-01 
4.170750e-01 
9.135100e-02 
-1.090270e-01 
-1.863670e-01 
-2.902400e-01 
-1.626580e-01 
2.239490e-01 
3.090170e-01 
2.368140e-01 
3.675870e-01 
2.487300e-01 
-1.344410e-01 
-2.396040e-01 
-2.659590e-01 
-2.518110e-01 
6.802300e-02 
1.455970e-01 
-2.738300e-02 
5.408400e-02 
-5.932700e-02 
-2.797910e-01 
-3.593260e-01 
-3.053110e-01 
-2.548050e-01 
-2.394940e-01 
7.062300e-02 
2.261010e-01 
9.813000e-03 
1.045850e-01 
2.422180e-01 
6.027200e-02 
-2.110900e-02 
1.543990e-01 
1.459880e-01 
1.726900e-02 
1.869160e-01 
1.939020e-01 
9.535000e-02 
1.302750e-01 
1.147470e-01 
1.536880e-01 
1.007720e-01 
7.235600e-02 
9.047900e-02 
7.794900e-02 
9.333000e-02 
8.844000e-02 
6.564600e-02 
6.734900e-02 
1.250530e-01 
7.180600e-02 
4.395700e-02 
-4.320000e-04 
-8.052900e-02 
-9.260800e-02 
-6.486100e-02 
-6.190500e-02 
-1.094610e-01 
-1.843800e-01 
-1.900530e-01 
-2.089020e-01 
-1.008910e-01 
1.530810e-01 
2.095380e-01 
1.920870e-01 
4.466200e-02 
-1.622830e-01 
-2.455970e-01 
-8.930800e-02 
7.636900e-02 
1.506290e-01 
1.475090e-01 
1.548820e-01 
1.335400e-01 
7.252100e-02 
5.602600e-02 
6.088300e-02 
1.427390e-01 
6.380100e-02 
-4.944000e-02 
-1.270270e-01 
-1.395070e-01 
-9.865000e-03 
2.403900e-02 
-6.405600e-02 
-8.578100e-02 
-6.693600e-02 
-3.487400e-02 
1.214790e-01 
9.579300e-02 
-1.382160e-01 
-1.997450e-01 
-1.776000e-01 
-2.325610e-01 
-2.063670e-01 
-6.524000e-02 
7.449800e-02 
1.053460e-01 
6.038700e-02 
1.396140e-01 
1.665220e-01 
1.332830e-01 
1.523170e-01 
1.564100e-02 
-9.320400e-02 
-2.698800e-02 
-1.102660e-01 
-1.419920e-01 
-2.953100e-02 
-5.106700e-02 
-9.049000e-03 
1.833300e-02 
-2.868300e-02 
-2.915200e-02 
-1.108990e-01 
-1.435410e-01 
-9.134400e-02 
-7.708900e-02 
4.194300e-02 
1.157340e-01 
7.421500e-02 
7.684400e-02 
-5.701000e-03 
-1.418570e-01 
-1.351110e-01 
-8.625500e-02 
-1.172000e-01 
4.480900e-02 
2.531550e-01 
2.454010e-01 
1.950710e-01 
3.129020e-01 
1.250690e-01 
-2.604180e-01 
-6.386600e-02 
4.212700e-02 
-4.601600e-02 
4.339000e-02 
-6.444600e-02 
-1.353410e-01 
5.776000e-03 
4.801100e-02 
8.678900e-02 
1.558450e-01 
-1.603700e-02 
-1.029220e-01 
-2.455000e-03 
1.054600e-02 
-3.520200e-02 
-7.029800e-02 
-1.162940e-01 
-5.135500e-02 
-2.577200e-02 
-4.498300e-02 
5.818700e-02 
8.760500e-02 
9.735700e-02 
1.042100e-01 
-3.740000e-04 
-3.161700e-02 
2.553600e-02 
1.729000e-02 
8.260800e-02 
1.988350e-01 
6.956300e-02 
-2.398700e-02 
-2.332500e-02 
-7.901200e-02 
-8.622300e-02 
-3.262700e-02 
1.882000e-02 
2.896400e-02 
2.490500e-02 
2.450700e-02 
1.943200e-02 
7.010900e-02 
9.259300e-02 
6.843100e-02 
6.926600e-02 
2.978200e-02 
-9.843000e-03 
-2.694000e-02 
-5.329400e-02 
-7.829800e-02 
-6.127900e-02 
3.672000e-03 
3.971500e-02 
1.871900e-02 
-6.672700e-02 
-1.573770e-01 
-2.205890e-01 
-2.340300e-01 
-1.554560e-01 
7.082000e-03 
2.078400e-01 
2.381450e-01 
1.750500e-01 
2.252730e-01 
1.733080e-01 
-5.327300e-02 
-9.884900e-02 
-2.154300e-02 
-7.806000e-02 
-5.072800e-02 
2.235700e-02 
2.914400e-02 
5.452000e-03 
-4.461900e-02 
-1.680700e-02 
4.645400e-02 
8.748200e-02 
2.187800e-02 
-1.572940e-01 
-3.792000e-03 
6.465300e-02 
-1.778930e-01 
-7.945700e-02 
2.430300e-02 
-8.155500e-02 
-8.184600e-02 
-1.117400e-02 
-1.111860e-01 
-1.448720e-01 
-1.238870e-01 
-1.195270e-01 
7.038400e-02 
1.138460e-01 
1.852100e-02 
-3.687700e-02 
-3.815300e-02 
9.374000e-03 
6.637500e-02 
9.728200e-02 
6.002500e-02 
-1.904800e-02 
-6.693300e-02 
-2.902700e-02 
5.692600e-02 
6.280600e-02 
5.053700e-02 
-8.537000e-03 
-5.289800e-02 
-1.341100e-02 
-2.389400e-02 
-5.504800e-02 
-6.241800e-02 
-2.875800e-02 
-3.488000e-03 
-2.895800e-02 
-3.605200e-02 
2.168000e-03 
1.902200e-02 
7.477000e-03 
8.158000e-03 
8.281000e-03 
2.908200e-02 
3.041700e-02 
2.842000e-03 
-3.599000e-03 
-7.279000e-03 
-2.002600e-02 
-7.951000e-03 
-9.975000e-03 
-2.756100e-02 
7.620000e-04 
-6.378000e-03 
-4.294500e-02 
-2.605000e-02 
-1.504300e-02 
-2.351000e-02 
-3.438000e-03 
6.682000e-03 
1.652000e-03 
3.756000e-03 
-1.679100e-02 
-4.235400e-02 
-3.501500e-02 
-1.804700e-02 
-2.163600e-02 
1.314700e-02 
2.468600e-02 
2.765800e-02 
4.375400e-02 
9.688000e-03 
2.731500e-02 
3.956700e-02 
1.294700e-02 
-1.456700e-02 
-1.928700e-02 
3.030100e-02 
7.967600e-02 
8.720900e-02 
8.051200e-02 
6.485100e-02 
-1.150400e-02 
-5.204400e-02 
-4.889100e-02 
-3.338400e-02 
-2.019500e-02 
-4.666300e-02 
-4.565500e-02 
-4.972300e-02 
-5.355500e-02 
-2.560500e-02 
9.917000e-03 
1.902600e-02 
2.913300e-02 
1.891700e-02 
6.393000e-03 
-3.304000e-03 
-1.757800e-02 
1.280900e-02 
1.294100e-02 
-1.139100e-02 
-9.242000e-03 
-2.461200e-02 
-1.501100e-02 
-3.300000e-05 
2.044000e-03 
3.149500e-02 
2.949300e-02 
2.355000e-03 
2.559600e-02 
3.324700e-02 
1.951000e-02 
5.054900e-02 
6.091400e-02 
2.330300e-02 
-2.067800e-02 
-3.767700e-02 
-2.024200e-02 
-1.369000e-02 
-2.435800e-02 
-1.296800e-02 
2.128400e-02 
4.256700e-02 
1.341500e-02 
-3.318800e-02 
-4.186300e-02 
-1.593200e-02 
7.201000e-03 
-2.232000e-03 
-3.123500e-02 
-2.999500e-02 
-6.490000e-03 
1.249400e-02 
-9.982000e-03 
-2.613400e-02 
-2.714000e-03 
2.433000e-03 
-8.522000e-03 
-5.053000e-03 
1.228700e-02 
1.081000e-02 
3.152000e-03 
3.186700e-02 
5.575100e-02 
6.034200e-02 
5.337500e-02 
5.585600e-02 
3.617400e-02 
8.626000e-03 
2.094400e-02 
3.827400e-02 
3.993400e-02 
1.169000e-02 
-3.985000e-03 
1.230300e-02 
2.976000e-02 
3.539200e-02 
1.924000e-02 
9.604000e-03 
2.589600e-02 
1.186100e-02 
-4.572000e-03 
1.355500e-02 
2.810600e-02 
1.362900e-02 
-2.413800e-02 
-3.646900e-02 
-3.808500e-02 
-5.206900e-02 
-4.787800e-02 
-3.317500e-02 
-1.384500e-02 
2.232800e-02 
3.163900e-02 
3.160900e-02 
2.151000e-02 
8.261000e-03 
-7.339000e-03 
-2.197800e-02 
-4.362000e-02 
-5.234900e-02 
-3.472700e-02 
-4.386200e-02 
-2.284000e-02 
-1.250200e-02 
-3.655300e-02 
-5.702700e-02 
-5.364100e-02 
-1.368300e-02 
2.919100e-02 
2.358900e-02 
-9.088000e-03 
-4.935000e-03 
-1.224700e-02 
1.711000e-03 
2.344800e-02 
1.234200e-02 
8.910000e-03 
-9.863000e-03 
-3.236700e-02 
-3.047400e-02 
-2.153200e-02 
1.740000e-03 
1.294400e-02 
1.404000e-02 
3.460100e-02 
5.773400e-02 
5.198800e-02 
3.065600e-02 
1.231100e-02 
-1.173000e-02 
-1.901700e-02 
-1.381200e-02 
-1.586500e-02 
-2.358000e-03 
-9.153000e-03 
-7.417000e-03 
7.952000e-03 
1.119600e-02 
1.220200e-02 
-1.124600e-02 
9.620000e-03 
5.273800e-02 
2.252900e-02 
-3.567900e-02 
-2.650800e-02 
2.733000e-02 
3.407200e-02 
3.882000e-03 
-1.581000e-02 
-1.504400e-02 
-1.275100e-02 
3.026700e-02 
3.709400e-02 
1.001300e-02 
2.766500e-02 
1.003000e-02 
-7.651000e-03 
5.462000e-03 
-7.016000e-03 
-1.432700e-02 
5.711000e-03 
2.060100e-02 
3.789700e-02 
2.749400e-02 
-1.249400e-02 
-2.974300e-02 
-4.930300e-02 
-5.101300e-02 
-1.800600e-02 
1.186800e-02 
6.755000e-03 
-3.916900e-02 
-6.037500e-02 
-4.642300e-02 
-5.129400e-02 
-3.081900e-02 
5.317000e-03 
-7.185000e-03 
-2.139100e-02 
-1.404000e-03 
-8.004000e-03 
-3.468900e-02 
-9.268000e-03 
3.687000e-03 
-2.530000e-02 
-3.472300e-02 
-1.819000e-02 
-4.980000e-04 
-1.215800e-02 
-2.880400e-02 
2.446000e-03 
1.169900e-02 
-3.207000e-03 
8.863000e-03 
2.359000e-03 
2.803000e-03 
1.683800e-02 
3.326500e-02 
2.126500e-02 
2.606000e-03 
3.623000e-02 
5.462600e-02 
4.454000e-02 
1.845000e-02 
1.824100e-02 
2.628500e-02 
1.099000e-03 
3.749000e-03 
3.489200e-02 
2.543900e-02 
2.750000e-03 
7.812000e-03 
4.190000e-03 
-4.657000e-03 
-8.191000e-03 
-4.624000e-03 
2.274700e-02 
5.139300e-02 
4.475700e-02 
1.373900e-02 
4.960000e-03 
2.486500e-02 
1.682700e-02 
-1.627600e-02 
-1.269300e-02 
1.748300e-02 
1.496200e-02 
-1.786700e-02 
-1.842600e-02 
3.370000e-04 
-8.587000e-03 
3.298000e-03 
2.303200e-02 
1.058400e-02 
1.999000e-03 
1.350800e-02 
8.940000e-03 
-2.048000e-03 
1.531400e-02 
1.149000e-02 
-2.003500e-02 
-2.570800e-02 
-1.040800e-02 
-3.275000e-03 
-8.652000e-03 
-2.431400e-02 
-3.086500e-02 
-6.362000e-03 
3.967200e-02 
4.804300e-02 
2.590000e-04 
-1.594300e-02 
-1.553300e-02 
1.265000e-03 
5.172900e-02 
3.981100e-02 
9.777000e-03 
-1.227800e-02 
-3.056400e-02 
-3.664200e-02 
-4.830300e-02 
-1.504000e-03 
4.085200e-02 
2.490500e-02 
-5.889000e-03 
-4.438400e-02 
-3.116200e-02 
-3.102500e-02 
-4.255800e-02 
-1.262400e-02 
-1.168200e-02 
-1.232000e-02 
-1.013000e-02 
6.440000e-04 
-6.113000e-03 
-1.279400e-02 
9.450000e-03 
-6.350000e-03 
-1.202800e-02 
3.736000e-03 
2.547000e-03 
-4.354000e-03 
-1.178000e-02 
-6.795000e-03 
1.822000e-03 
-1.456100e-02 
-1.616500e-02 
2.616800e-02 
4.268200e-02 
1.241300e-02 
-3.094300e-02 
-3.243800e-02 
7.301000e-03 
1.788500e-02 
2.749400e-02 
2.256500e-02 
-5.846000e-03 
-1.305500e-02 
-1.693400e-02 
-1.229700e-02 
-2.047000e-03 
1.702600e-02 
3.335800e-02 
2.103000e-02 
9.819000e-03 
-5.367000e-03 
-1.186500e-02 
-5.344000e-03 
-8.961000e-03 
-1.037100e-02 
-3.508000e-03 
3.131400e-02 
5.132500e-02 
2.905300e-02 
-8.199000e-03 
-2.824500e-02 
-1.625900e-02 
-3.232000e-03 
9.731000e-03 
9.762000e-03 
-1.175800e-02 
-1.090600e-02 
-2.518000e-03 
2.494000e-03 
-1.076000e-03 
-2.101700e-02 
-5.969000e-03 
1.678400e-02 
2.732000e-02 
1.659500e-02 
-2.795000e-03 
-1.928400e-02 
-1.623900e-02 
2.116000e-03 
-7.803000e-03 
-5.668000e-03 
2.136800e-02 
1.864900e-02 
-3.754000e-03 
-4.245000e-03 
-1.316000e-02 
-1.472400e-02 
1.455000e-02 
4.154300e-02 
2.871500e-02 
-1.361700e-02 
-6.241600e-02 
-7.569300e-02 
-2.893200e-02 
2.964000e-03 
-6.564000e-03 
1.175000e-03 
2.879800e-02 
2.063800e-02 
-9.208000e-03 
-9.600000e-03 
-1.434400e-02 
-3.209500e-02 
-5.910500e-02 
-6.708500e-02 
-3.097000e-02 
1.232200e-02 
4.192000e-02 
3.569700e-02 
-3.990000e-03 
-1.391000e-02 
2.180100e-02 
2.803000e-02 
-1.337000e-02 
-1.709600e-02 
2.319100e-02 
2.194800e-02 
-7.188000e-03 
-1.460500e-02 
-6.918000e-03 
4.567000e-03 
1.476600e-02 
2.681200e-02 
2.013300e-02 
1.550000e-03 
-7.940000e-03 
-3.368600e-02 
-4.358900e-02 
-1.600700e-02 
1.796000e-02 
3.907300e-02 
2.471500e-02 
-1.487500e-02 
4.920000e-04 
3.729600e-02 
2.384400e-02 
2.814900e-02 
3.631300e-02 
1.363500e-02 
6.943000e-03 
1.182100e-02 
2.441100e-02 
1.613500e-02 
-1.835400e-02 
-7.578000e-03 
1.104500e-02 
-1.798300e-02 
-9.982000e-03 
2.924100e-02 
2.554200e-02 
1.598900e-02 
4.203900e-02 
2.709700e-02 
-4.616900e-02 
-4.772200e-02 
7.332000e-03 
3.986000e-02 
2.097000e-02 
-1.758100e-02 
1.009400e-02 
-9.960000e-03 
-6.985400e-02 
-5.730800e-02 
-2.397400e-02 
-1.028100e-02 
-1.439600e-02 
-3.278600e-02 
-2.016900e-02 
2.027700e-02 
1.959700e-02 
2.373400e-02 
1.726200e-02 
-1.951900e-02 
-1.000100e-02 
-6.208000e-03 
-3.207900e-02 
-5.264700e-02 
-4.345900e-02 
5.952000e-03 
3.486700e-02 
2.700400e-02 
3.018400e-02 
2.258500e-02 
1.307800e-02 
2.038500e-02 
-1.097900e-02 
-1.323400e-02 
3.580400e-02 
2.350500e-02 
-1.474500e-02 
1.259000e-02 
-8.491000e-03 
-5.257500e-02 
-4.842500e-02 
-1.510000e-04 
5.518300e-02 
-8.661000e-03 
-6.071600e-02 
-4.279200e-02 
1.803200e-02 
7.251500e-02 
5.159600e-02 
6.825000e-03 
9.877000e-03 
1.484300e-02 
-1.411700e-02 
-1.397300e-02 
-5.553000e-03 
-2.160400e-02 
-2.629700e-02 
3.683000e-03 
-7.835000e-03 
-3.353000e-02 
-5.250000e-04 
4.591000e-02 
6.070000e-02 
-8.688000e-03 
-5.239700e-02 
-1.308500e-02 
2.970300e-02 
4.407500e-02 
-1.097000e-03 
-3.737400e-02 
-2.484700e-02 
-1.342200e-02 
1.839400e-02 
3.901600e-02 
5.824000e-02 
5.138300e-02 
-1.409600e-02 
-2.739500e-02 
8.700000e-03 
2.020000e-03 
-7.917000e-03 
2.329500e-02 
3.914700e-02 
6.790000e-03 
-2.216400e-02 
-3.300000e-02 
-3.075700e-02 
-4.053000e-03 
-5.247000e-03 
-3.706800e-02 
-3.012800e-02 
-9.081000e-03 
-5.888000e-03 
2.068100e-02 
1.469100e-02 
-2.746600e-02 
-9.515000e-03 
3.042200e-02 
1.038600e-02 
1.985000e-03 
3.727100e-02 
4.165300e-02 
-4.087000e-03 
-2.085200e-02 
1.467200e-02 
2.423600e-02 
-1.460900e-02 
-5.722200e-02 
-3.097100e-02 
1.505600e-02 
2.532000e-03 
7.820000e-03 
2.130400e-02 
2.817500e-02 
1.976900e-02 
-2.175500e-02 
-1.798000e-02 
2.265400e-02 
4.939000e-03 
-5.964600e-02 
-6.194400e-02 
-6.659000e-03 
2.020000e-04 
-9.439000e-03 
-6.536000e-03 
-6.950000e-04 
3.936000e-02 
5.055600e-02 
1.499800e-02 
-2.945500e-02 
-1.969300e-02 
1.192800e-02 
6.291000e-03 
7.055000e-03 
1.542100e-02 
8.610000e-04 
-1.573000e-02 
-1.112400e-02 
-1.934500e-02 
5.321000e-03 
5.105500e-02 
7.452800e-02 
3.015700e-02 
-2.210600e-02 
-3.543600e-02 
-1.404300e-02 
6.486000e-03 
-1.923800e-02 
-2.181300e-02 
-3.525600e-02 
-5.101100e-02 
3.803000e-03 
3.553000e-02 
8.213000e-03 
4.191000e-03 
1.670000e-03 
-5.044200e-02 
-5.857800e-02 
-2.519800e-02 
-1.104100e-02 
1.037400e-02 
1.303400e-02 
-9.926000e-03 
-3.412300e-02 
-2.139600e-02 
4.243200e-02 
6.605000e-02 
3.867700e-02 
2.525200e-02 
1.013600e-02 
-2.430600e-02 
-1.055200e-02 
3.408400e-02 
1.171000e-02 
-1.170400e-02 
1.194000e-03 
1.184300e-02 
4.183200e-02 
2.426900e-02 
-4.124000e-03 
1.399600e-02 
2.994100e-02 
2.455900e-02 
4.544000e-03 
-1.332700e-02 
1.752700e-02 
1.547100e-02 
-1.811500e-02 
-4.805200e-02 
-3.384700e-02 
1.230700e-02 
2.364100e-02 
1.371400e-02 
-4.270000e-02 
-5.338900e-02 
-4.573400e-02 
-5.594800e-02 
-5.035300e-02 
-4.061200e-02 
-3.823900e-02 
-6.537200e-02 
-4.446300e-02 
-1.830000e-04 
8.069000e-03 
-4.160000e-03 
-2.181400e-02 
-1.119100e-02 
-4.316000e-03 
-9.703000e-03 
-5.582000e-03 
-1.587000e-03 
-2.954000e-03 
-1.744700e-02 
-1.575200e-02 
-6.414000e-03 
5.775000e-03 
2.636100e-02 
4.570500e-02 
4.146400e-02 
4.334000e-03 
-3.645400e-02 
-4.870300e-02 
-4.364700e-02 
-2.078500e-02 
3.471100e-02 
6.775400e-02 
3.958100e-02 
1.802700e-02 
4.785900e-02 
3.413200e-02 
-5.029000e-03 
-2.274600e-02 
-1.991300e-02 
1.794200e-02 
3.362800e-02 
3.333900e-02 
5.810400e-02 
4.826400e-02 
-1.560200e-02 
-2.964100e-02 
2.427200e-02 
3.942200e-02 
1.816600e-02 
8.628000e-03 
-1.167300e-02 
-5.361200e-02 
-3.218600e-02 
1.953800e-02 
6.857000e-03 
-4.398900e-02 
-3.666100e-02 
3.004600e-02 
1.949100e-02 
-1.925000e-02 
-1.956700e-02 
-1.271400e-02 
2.335000e-03 
-1.391000e-02 
-3.335900e-02 
-1.694900e-02 
1.600400e-02 
2.595800e-02 
1.194800e-02 
-1.531500e-02 
-9.192000e-03 
2.226500e-02 
5.444900e-02 
3.568400e-02 
-6.135300e-02 
-8.404900e-02 
-2.706400e-02 
-1.182000e-02 
2.259000e-03 
5.162500e-02 
4.354200e-02 
-1.941300e-02 
-4.206500e-02 
-3.231900e-02 
-2.756300e-02 
1.631500e-02 
5.666700e-02 
6.962900e-02 
5.020800e-02 
-1.130200e-02 
-1.813300e-02 
8.972000e-03 
-1.492400e-02 
-1.112900e-02 
3.347700e-02 
2.726400e-02 
-6.307000e-03 
-1.215600e-02 
4.282000e-03 
-7.862000e-03 
-3.473600e-02 
-2.439200e-02 
-2.260300e-02 
-4.626400e-02 
-3.299600e-02 
-5.396000e-03 
2.152000e-03 
1.165300e-02 
-5.550000e-04 
-2.046900e-02 
-2.511200e-02 
-1.104400e-02 
1.012800e-02 
2.608500e-02 
2.991200e-02 
3.254600e-02 
5.764700e-02 
6.896800e-02 
6.513500e-02 
7.248300e-02 
6.973000e-02 
6.241600e-02 
6.504000e-02 
5.984500e-02 
5.458400e-02 
6.274800e-02 
4.699600e-02 
-4.281000e-03 
-1.002400e-02 
3.019200e-02 
4.569300e-02 
5.522500e-02 
5.359700e-02 
3.437400e-02 
1.743500e-02 
-1.144400e-02 
-3.618100e-02 
-6.044500e-02 
-3.966800e-02 
3.842000e-02 
6.134900e-02 
2.973000e-03 
-3.619100e-02 
9.560000e-04 
5.577000e-03 
-1.224100e-02 
-6.764000e-03 
-5.575500e-02 
-8.217500e-02 
-6.395700e-02 
-5.243500e-02 
-5.998000e-02 
-9.886700e-02 
-1.204540e-01 
-1.042930e-01 
-8.602700e-02 
-9.635900e-02 
-1.078870e-01 
-1.046940e-01 
-7.309700e-02 
2.634100e-02 
1.214630e-01 
1.223310e-01 
5.468000e-02 
1.117100e-02 
-3.526000e-03 
-2.708000e-03 
3.980200e-02 
3.061200e-02 
1.934800e-02 
6.134800e-02 
6.812600e-02 
9.854900e-02 
1.078970e-01 
7.646800e-02 
4.972800e-02 
9.272000e-03 
-2.364400e-02 
-3.349100e-02 
-4.160100e-02 
-2.324400e-02 
3.097000e-03 
1.802300e-02 
6.155300e-02 
3.308800e-02 
-4.950700e-02 
-5.180500e-02 
-1.888000e-02 
1.684000e-02 
8.030900e-02 
1.090790e-01 
6.366100e-02 
-1.415100e-02 
-2.517700e-02 
2.573200e-02 
4.070600e-02 
6.490000e-03 
-9.210000e-04 
3.167300e-02 
2.957400e-02 
1.787600e-02 
1.324000e-03 
-4.971100e-02 
-1.015990e-01 
-1.026310e-01 
-6.267300e-02 
1.013300e-02 
1.060130e-01 
6.322900e-02 
-1.414300e-02 
1.377300e-02 
5.539000e-03 
-4.978000e-02 
-4.149400e-02 
-3.530200e-02 
-6.048200e-02 
-5.022900e-02 
-2.162900e-02 
1.776300e-02 
1.702000e-02 
-1.285600e-02 
-2.697800e-02 
4.714000e-03 
2.833800e-02 
2.785800e-02 
-1.945400e-02 
-7.047100e-02 
2.928000e-03 
6.861200e-02 
1.045920e-01 
1.034680e-01 
2.286400e-02 
-5.496100e-02 
-6.600000e-02 
-7.081500e-02 
-6.718000e-02 
-3.659500e-02 
-6.550000e-04 
8.736500e-02 
8.777500e-02 
-1.091200e-02 
-4.832000e-02 
9.590000e-04 
1.623300e-02 
-2.063000e-02 
-4.491900e-02 
-5.764000e-02 
-3.758800e-02 
-3.088900e-02 
-2.837800e-02 
1.878000e-03 
2.183000e-03 
-2.155700e-02 
-2.435400e-02 
-1.790200e-02 
-1.770700e-02 
-1.432000e-03 
1.803500e-02 
2.289200e-02 
2.757700e-02 
5.373400e-02 
8.526100e-02 
1.225350e-01 
1.032510e-01 
2.810500e-02 
2.163100e-02 
1.474800e-02 
-4.675700e-02 
-9.152600e-02 
-1.267580e-01 
-1.685810e-01 
-2.036620e-01 
-1.986540e-01 
-1.355820e-01 
-5.738200e-02 
1.472400e-02 
1.158160e-01 
1.304870e-01 
7.175600e-02 
9.323400e-02 
1.013460e-01 
1.282210e-01 
8.647600e-02 
-4.237700e-02 
-1.046800e-01 
-1.209250e-01 
-1.130640e-01 
-1.024600e-01 
-6.269000e-02 
-4.799000e-03 
2.974000e-02 
2.908700e-02 
2.721500e-02 
7.928800e-02 
8.823200e-02 
1.483300e-02 
-1.855800e-02 
-2.454500e-02 
-5.370600e-02 
-3.699200e-02 
-4.308200e-02 
-8.739300e-02 
-8.889600e-02 
-6.251700e-02 
-6.780700e-02 
-5.668300e-02 
1.063900e-02 
1.792300e-02 
-1.520000e-04 
3.028200e-02 
3.592000e-02 
1.045700e-02 
-1.502000e-03 
1.774000e-03 
1.474500e-02 
1.382200e-02 
1.181100e-02 
1.689100e-02 
-2.372000e-03 
-1.451100e-02 
-8.913000e-03 
-6.942000e-03 
-1.247100e-02 
-5.048500e-02 
-8.404900e-02 
-7.401300e-02 
-1.675100e-02 
5.255000e-03 
2.665200e-02 
7.711300e-02 
5.518700e-02 
1.052500e-02 
1.387200e-02 
2.439300e-02 
-3.308000e-03 
-1.005000e-03 
2.316100e-02 
2.119100e-02 
-1.573000e-02 
-4.334400e-02 
-2.509300e-02 
4.668000e-03 
-4.860000e-03 
-1.078900e-02 
3.898100e-02 
3.386800e-02 
-2.451600e-02 
-3.075400e-02 
-2.283700e-02 
-2.806600e-02 
-1.742400e-02 
-2.434300e-02 
-2.340800e-02 
-5.451000e-03 
2.215900e-02 
4.419700e-02 
2.787800e-02 
2.347000e-03 
-4.520000e-04 
2.308200e-02 
1.852200e-02 
-2.515300e-02 
-6.990000e-03 
3.574200e-02 
1.708800e-02 
-1.397800e-02 
-1.073500e-02 
2.912700e-02 
5.669300e-02 
5.051600e-02 
2.554300e-02 
6.095000e-03 
-6.916000e-03 
-1.143900e-02 
1.569200e-02 
4.326900e-02 
2.450500e-02 
-1.375600e-02 
-4.287600e-02 
-5.764400e-02 
-1.531600e-02 
-1.370000e-02 
-3.460200e-02 
2.576000e-03 
1.193300e-02 
1.130300e-02 
1.648400e-02 
1.288100e-02 
3.832000e-03 
1.105100e-02 
5.557800e-02 
6.147800e-02 
2.648300e-02 
2.525000e-03 
-2.070400e-02 
-3.639000e-03 
1.965400e-02 
-1.124000e-03 
-2.549400e-02 
-1.266200e-02 
1.509900e-02 
-2.930000e-03 
-1.495500e-02 
9.380000e-04 
2.087200e-02 
1.830900e-02 
1.832000e-03 
2.541500e-02 
3.303000e-02 
-2.385000e-03 
-9.793000e-03 
1.423500e-02 
2.733000e-02 
3.449100e-02 
5.192700e-02 
6.446800e-02 
3.660100e-02 
-1.460400e-02 
-3.623900e-02 
-1.254900e-02 
-3.593000e-03 
-1.919000e-02 
1.482900e-02 
5.544200e-02 
5.468200e-02 
3.771100e-02 
1.649400e-02 
-1.192000e-03 
-2.733000e-02 
-3.998400e-02 
-2.031800e-02 
-1.776200e-02 
-3.081600e-02 
-3.173100e-02 
-1.424000e-02 
-8.622000e-03 
-2.159700e-02 
-1.642000e-02 
1.063200e-02 
1.488000e-02 
1.029500e-02 
5.538800e-02 
6.606200e-02 
3.894400e-02 
3.537400e-02 
4.938200e-02 
4.044700e-02 
1.543100e-02 
1.585000e-02 
2.699500e-02 
3.356100e-02 
4.497000e-03 
-3.569400e-02 
-4.872900e-02 
-1.116000e-02 
1.164300e-02 
2.579900e-02 
7.379900e-02 
7.996700e-02 
4.153700e-02 
1.717600e-02 
1.122900e-02 
-2.504700e-02 
-2.091100e-02 
8.860000e-03 
2.828000e-03 
3.814700e-02 
4.447500e-02 
-4.647000e-03 
-2.834100e-02 
-4.100000e-05 
2.542000e-02 
-1.170000e-04 
-3.504700e-02 
-2.125800e-02 
4.135400e-02 
4.206700e-02 
1.074200e-02 
-1.931000e-03 
-5.220000e-04 
2.448400e-02 
1.510000e-04 
-3.633900e-02 
-3.808300e-02 
-1.757200e-02 
-1.575100e-02 
-3.060200e-02 
-4.960000e-03 
3.250000e-03 
-1.790600e-02 
-3.844300e-02 
-4.421200e-02 
-3.761800e-02 
-4.465200e-02 
-5.771500e-02 
-4.853300e-02 
-1.656700e-02 
4.844000e-03 
3.417800e-02 
3.804800e-02 
-4.395000e-03 
-4.944200e-02 
-4.946300e-02 
-1.016400e-02 
1.600700e-02 
5.213500e-02 
8.433500e-02 
6.394500e-02 
1.388700e-02 
-1.934600e-02 
-9.105000e-03 
3.901000e-03 
-2.384400e-02 
-2.775100e-02 
-1.492000e-03 
-2.608800e-02 
-4.565800e-02 
-1.937300e-02 
1.961400e-02 
3.750700e-02 
1.723200e-02 
1.005800e-02 
3.261200e-02 
2.310600e-02 
-3.638000e-02 
-4.004800e-02 
-3.776000e-03 
4.010000e-03 
2.612100e-02 
2.928600e-02 
-1.062000e-02 
-3.240100e-02 
-8.983000e-03 
2.049100e-02 
3.711600e-02 
4.457100e-02 
3.812500e-02 
1.232200e-02 
-2.642000e-03 
1.417000e-02 
2.287000e-02 
4.638000e-03 
-3.452000e-03 
-5.141000e-03 
-4.087300e-02 
-7.300500e-02 
-6.967700e-02 
-5.597700e-02 
-5.742000e-02 
-5.734000e-02 
-6.365900e-02 
-5.671700e-02 
-3.123200e-02 
-2.508100e-02 
-3.355900e-02 
-2.727500e-02 
1.725700e-02 
3.426400e-02 
2.351100e-02 
2.359300e-02 
3.274200e-02 
5.309200e-02 
3.592600e-02 
7.580000e-03 
1.840000e-04 
-1.400000e-02 
-8.454000e-03 
-4.768000e-03 
-3.003700e-02 
-4.105400e-02 
-3.346300e-02 
-8.844000e-03 
1.730800e-02 
2.117400e-02 
6.326000e-03 
-1.697600e-02 
-2.859800e-02 
-1.386100e-02 
8.827000e-03 
2.300100e-02 
2.807300e-02 
3.946100e-02 
3.375700e-02 
-1.094200e-02 
-1.508800e-02 
1.834500e-02 
2.767700e-02 
8.071000e-03 
-1.788000e-03 
1.001200e-02 
2.229500e-02 
1.875200e-02 
-1.274800e-02 
-3.019000e-02 
-2.090000e-04 
4.020600e-02 
2.125800e-02 
-6.170000e-03 
-2.176700e-02 
-1.806700e-02 
-7.575000e-03 
-3.694500e-02 
-2.426800e-02 
1.425900e-02 
8.590000e-03 
-2.975200e-02 
-4.820600e-02 
-4.058300e-02 
-1.423900e-02 
-1.273900e-02 
-2.723000e-03 
3.401800e-02 
7.330000e-03 
-1.963700e-02 
-5.168000e-03 
-1.401200e-02 
-2.552400e-02 
-7.262000e-03 
9.590000e-04 
-5.689000e-03 
-1.294800e-02 
-1.911700e-02 
-5.327800e-02 
-4.731900e-02 
-2.751000e-03 
-7.760000e-04 
-1.812200e-02 
-3.569800e-02 
-5.020900e-02 
-3.476500e-02 
-1.315900e-02 
1.673500e-02 
2.409300e-02 
9.722000e-03 
1.985000e-02 
-9.720000e-03 
-5.959700e-02 
-4.595600e-02 
1.998300e-02 
5.625800e-02 
4.508600e-02 
3.308700e-02 
2.945000e-02 
1.296200e-02 
-1.477300e-02 
-3.146200e-02 
1.449900e-02 
3.242500e-02 
1.135700e-02 
1.854500e-02 
2.278000e-02 
2.112000e-02 
3.383000e-03 
1.081400e-02 
1.422800e-02 
-2.605800e-02 
-3.655200e-02 
9.341000e-03 
3.337000e-02 
8.672000e-03 
-2.005300e-02 
-1.489200e-02 
2.263000e-03 
-1.533100e-02 
-1.585600e-02 
1.473400e-02 
2.006800e-02 
1.711000e-03 
5.570000e-03 
2.303400e-02 
1.700000e-02 
-2.112000e-03 
1.289200e-02 
1.644000e-03 
-3.885800e-02 
-2.659800e-02 
-7.863000e-03 
-1.461200e-02 
-1.690600e-02 
1.726800e-02 
1.984500e-02 
-1.262600e-02 
-9.164000e-03 
-2.016900e-02 
-2.811300e-02 
-2.559000e-02 
-2.801500e-02 
9.687000e-03 
4.945100e-02 
7.002600e-02 
7.522100e-02 
5.737300e-02 
2.760900e-02 
2.059000e-03 
-1.399000e-03 
2.840200e-02 
4.241700e-02 
1.259700e-02 
-1.160600e-02 
-6.108000e-03 
2.658000e-03 
-1.605000e-03 
3.833000e-03 
-9.743000e-03 
-2.512500e-02 
-6.032000e-03 
9.890000e-03 
1.000400e-02 
-1.505600e-02 
-4.250000e-02 
-2.100500e-02 
-1.316500e-02 
-2.159900e-02 
2.003000e-03 
5.400000e-03 
3.984000e-03 
1.957700e-02 
3.380500e-02 
4.264900e-02 
2.757500e-02 
-3.142900e-02 
-4.556000e-02 
3.948000e-03 
3.372700e-02 
5.063500e-02 
8.169300e-02 
6.599100e-02 
-2.671200e-02 
-6.781500e-02 
-3.626600e-02 
-7.736000e-03 
-1.281400e-02 
-4.478500e-02 
-3.584200e-02 
-1.003100e-02 
-6.622000e-03 
-3.726200e-02 
-4.239400e-02 
2.671000e-03 
2.166000e-03 
-2.591300e-02 
-1.746400e-02 
-1.979000e-03 
-1.398100e-02 
-8.987000e-03 
2.569200e-02 
1.791200e-02 
-7.779000e-03 
1.520000e-03 
1.398400e-02 
7.090000e-03 
5.379000e-03 
2.634200e-02 
-1.073100e-02 
-5.312200e-02 
-2.247200e-02 
1.744100e-02 
-9.790000e-04 
-3.171000e-02 
-1.170000e-02 
1.371900e-02 
2.636900e-02 
3.707100e-02 
4.928300e-02 
4.606400e-02 
4.807000e-03 
-1.833900e-02 
7.142000e-03 
1.641100e-02 
-3.921000e-03 
-5.936000e-03 
-5.092000e-03 
-1.785600e-02 
4.247000e-03 
4.759400e-02 
4.259400e-02 
-1.140900e-02 
-3.644400e-02 
-8.685000e-03 
-3.951000e-03 
-2.168800e-02 
3.005000e-03 
4.161000e-02 
4.829900e-02 
3.203600e-02 
3.512500e-02 
3.188700e-02 
-1.362300e-02 
-4.240300e-02 
-3.949200e-02 
-2.301400e-02 
9.652000e-03 
1.320400e-02 
9.112000e-03 
-7.752000e-03 
-1.836300e-02 
-8.174000e-03 
-8.931000e-03 
1.241400e-02 
2.869700e-02 
1.433200e-02 
-8.706000e-03 
-1.678800e-02 
-1.450200e-02 
-1.980500e-02 
-1.404100e-02 
1.042000e-02 
5.508000e-03 
-3.550900e-02 
-2.173700e-02 
1.463100e-02 
1.437900e-02 
9.888000e-03 
6.464000e-03 
1.895000e-02 
3.213200e-02 
3.527000e-02 
3.338900e-02 
4.819600e-02 
4.345500e-02 
-9.771000e-03 
-3.170800e-02 
1.368300e-02 
3.827900e-02 
2.275800e-02 
2.830000e-02 
1.364900e-02 
-3.471800e-02 
-3.534000e-02 
-4.570000e-03 
-1.449100e-02 
-1.903600e-02 
1.067600e-02 
1.556600e-02 
-5.790000e-04 
6.895000e-03 
2.717700e-02 
3.585500e-02 
3.114100e-02 
-2.033000e-03 
-2.989000e-02 
4.266000e-03 
3.877700e-02 
3.977400e-02 
1.108800e-02 
-3.567600e-02 
-2.519700e-02 
1.492000e-02 
7.137000e-03 
1.540900e-02 
3.129300e-02 
-8.015000e-03 
-2.537200e-02 
1.259700e-02 
1.087100e-02 
-1.097000e-02 
-1.731900e-02 
-1.617800e-02 
