1 
1.000000e-02 
2.400000e-05 
1.500000e-05 
2.800000e-05 
1.800000e-05 
3.000000e-05 
1.400000e-05 
1.500000e-05 
3.000000e-06 
1.300000e-05 
1.300000e-05 
4.800000e-05 
4.600000e-05 
4.300000e-05 
1.300000e-05 
2.300000e-05 
-1.600000e-05 
-2.700000e-05 
-3.300000e-05 
-3.000000e-05 
-4.600000e-05 
-9.500000e-05 
-1.460000e-04 
-1.410000e-04 
-9.500000e-05 
4.600000e-05 
3.400000e-05 
1.090000e-04 
1.710000e-04 
1.630000e-04 
1.680000e-04 
9.200000e-05 
-7.000000e-06 
2.500000e-05 
1.670000e-04 
2.150000e-04 
2.550000e-04 
4.370000e-04 
2.870000e-04 
-1.000000e-05 
-3.140000e-04 
-5.330000e-04 
-6.050000e-04 
-4.250000e-04 
-9.800000e-05 
4.510000e-04 
6.950000e-04 
9.720000e-04 
1.340000e-03 
1.173000e-03 
7.130000e-04 
2.970000e-04 
8.600000e-05 
-7.310000e-04 
-1.861000e-03 
-2.868000e-03 
-3.655000e-03 
-3.842000e-03 
-3.694000e-03 
-2.734000e-03 
-1.629000e-03 
-1.109000e-03 
-4.910000e-04 
-1.510000e-04 
6.140000e-04 
1.280000e-03 
2.177000e-03 
3.572000e-03 
5.373000e-03 
6.394000e-03 
6.313000e-03 
5.660000e-03 
4.271000e-03 
1.572000e-03 
-1.477000e-03 
-2.832000e-03 
-2.877000e-03 
-2.991000e-03 
-2.740000e-03 
-2.192000e-03 
-2.220000e-03 
-3.338000e-03 
-4.132000e-03 
-4.486000e-03 
-4.725000e-03 
-4.061000e-03 
-2.949000e-03 
-4.320000e-04 
2.093000e-03 
4.060000e-03 
6.414000e-03 
7.720000e-03 
8.084000e-03 
8.310000e-03 
7.127000e-03 
4.013000e-03 
-1.314000e-03 
-7.047000e-03 
-7.981000e-03 
-5.171000e-03 
-2.465000e-03 
4.990000e-04 
3.220000e-04 
-2.644000e-03 
-5.058000e-03 
-6.406000e-03 
-6.054000e-03 
-5.272000e-03 
-4.046000e-03 
-2.666000e-03 
-2.738000e-03 
-3.743000e-03 
-3.836000e-03 
-3.795000e-03 
-3.016000e-03 
-2.022000e-03 
1.920000e-03 
7.431000e-03 
1.256700e-02 
1.847600e-02 
1.987400e-02 
1.863400e-02 
1.845900e-02 
1.784400e-02 
1.482100e-02 
1.153700e-02 
5.784000e-03 
-1.044000e-03 
-7.559000e-03 
-1.188800e-02 
-1.366800e-02 
-1.425600e-02 
-1.430000e-02 
-1.401500e-02 
-1.510500e-02 
-1.478200e-02 
-1.561100e-02 
-1.625100e-02 
-1.497300e-02 
-1.158800e-02 
-2.139000e-03 
1.101300e-02 
1.845000e-02 
1.868100e-02 
1.529600e-02 
1.175400e-02 
7.350000e-03 
4.175000e-03 
-1.333000e-03 
-5.776000e-03 
-8.632000e-03 
-8.778000e-03 
-7.497000e-03 
-5.987000e-03 
-2.702000e-03 
7.630000e-04 
9.470000e-04 
2.990000e-03 
7.659000e-03 
1.092600e-02 
1.306200e-02 
1.397900e-02 
1.145200e-02 
5.665000e-03 
1.487000e-03 
-2.409000e-03 
-6.822000e-03 
-8.696000e-03 
-9.581000e-03 
-7.457000e-03 
-4.633000e-03 
-1.064000e-03 
2.978000e-03 
5.000000e-03 
6.378000e-03 
7.069000e-03 
4.357000e-03 
7.000000e-04 
-2.556000e-03 
-4.654000e-03 
-5.759000e-03 
-5.748000e-03 
-6.595000e-03 
-9.210000e-03 
-9.936000e-03 
-9.334000e-03 
-8.171000e-03 
-5.977000e-03 
-6.842000e-03 
-6.431000e-03 
-4.846000e-03 
-3.560000e-04 
5.526000e-03 
1.194300e-02 
1.566200e-02 
1.656800e-02 
1.509500e-02 
1.188600e-02 
9.749000e-03 
7.926000e-03 
5.755000e-03 
3.719000e-03 
2.320000e-04 
-4.948000e-03 
-8.277000e-03 
-8.568000e-03 
-8.266000e-03 
-2.253000e-03 
-1.074000e-03 
-2.318000e-03 
-1.755000e-03 
-1.605000e-03 
-1.590000e-03 
-1.828000e-03 
-2.642000e-03 
-3.914000e-03 
-5.337000e-03 
-7.678000e-03 
-5.655000e-03 
-1.658000e-03 
-4.326000e-03 
-8.267000e-03 
-1.166700e-02 
-1.450400e-02 
-1.332700e-02 
-1.078700e-02 
-7.558000e-03 
-3.801000e-03 
-1.121000e-03 
5.510000e-04 
1.026000e-03 
9.930000e-04 
1.036000e-03 
1.823000e-03 
3.466000e-03 
6.149000e-03 
9.790000e-03 
1.530000e-02 
2.021500e-02 
2.230000e-02 
2.268200e-02 
2.079200e-02 
1.596400e-02 
8.819000e-03 
4.073000e-03 
-8.830000e-04 
-6.188000e-03 
-9.397000e-03 
-1.144700e-02 
-1.370600e-02 
-1.360700e-02 
-1.326200e-02 
-1.143000e-02 
-1.076800e-02 
-1.313500e-02 
-1.652000e-02 
-1.667500e-02 
-1.228700e-02 
-9.557000e-03 
-2.860000e-03 
2.940000e-03 
4.120000e-03 
5.414000e-03 
3.204000e-03 
-3.910000e-04 
-4.372000e-03 
-1.028500e-02 
-1.366200e-02 
-1.349600e-02 
-1.062600e-02 
-6.171000e-03 
-1.980000e-03 
5.530000e-04 
-1.307000e-03 
-6.417000e-03 
-1.193400e-02 
-1.632800e-02 
-1.779400e-02 
-1.860000e-02 
-1.606100e-02 
-1.354000e-02 
-1.156800e-02 
-7.404000e-03 
4.440000e-04 
1.287300e-02 
2.603500e-02 
4.432600e-02 
6.129800e-02 
6.401400e-02 
6.524900e-02 
6.672200e-02 
6.677300e-02 
6.713100e-02 
6.815300e-02 
6.901500e-02 
7.192500e-02 
7.321900e-02 
7.357000e-02 
7.321700e-02 
7.055400e-02 
6.641900e-02 
5.734100e-02 
2.292000e-02 
-4.490000e-03 
-8.436000e-03 
-1.137000e-02 
-9.716000e-03 
-5.131000e-03 
1.436700e-02 
6.739900e-02 
1.010710e-01 
9.814100e-02 
9.678600e-02 
9.508100e-02 
8.807700e-02 
7.088900e-02 
3.501900e-02 
2.610000e-04 
-3.336600e-02 
-5.716500e-02 
-6.430300e-02 
-7.016800e-02 
-7.830700e-02 
-9.149300e-02 
-1.162220e-01 
-1.425800e-01 
-1.518890e-01 
-1.487920e-01 
-1.488060e-01 
-1.466820e-01 
-1.413040e-01 
-1.342290e-01 
-1.199840e-01 
-7.679700e-02 
6.301000e-03 
9.289300e-02 
1.290370e-01 
1.547270e-01 
1.795360e-01 
1.515050e-01 
7.578900e-02 
1.036600e-02 
-5.000100e-02 
-9.414100e-02 
-1.071590e-01 
-1.094020e-01 
-1.039490e-01 
-9.276000e-02 
-9.037600e-02 
-8.790300e-02 
-7.178200e-02 
-9.646000e-03 
5.470400e-02 
9.965600e-02 
1.213870e-01 
1.065290e-01 
7.277800e-02 
7.094000e-03 
-6.897400e-02 
-1.392850e-01 
-1.502970e-01 
-1.245080e-01 
-1.398320e-01 
-1.546950e-01 
-1.398270e-01 
-1.285340e-01 
-1.295740e-01 
-1.367860e-01 
-1.477940e-01 
-1.534750e-01 
-1.540250e-01 
-1.496370e-01 
-1.415630e-01 
-1.256220e-01 
-7.885200e-02 
-3.312100e-02 
9.534000e-03 
5.235300e-02 
9.571300e-02 
1.124570e-01 
1.081280e-01 
1.061040e-01 
9.688100e-02 
8.149400e-02 
6.539200e-02 
5.603600e-02 
5.429400e-02 
5.626100e-02 
6.519200e-02 
7.834300e-02 
9.054000e-02 
9.965100e-02 
1.073450e-01 
1.101070e-01 
1.087370e-01 
1.054010e-01 
1.003820e-01 
9.419000e-02 
8.751900e-02 
8.358000e-02 
6.839400e-02 
3.033500e-02 
-7.530000e-03 
-4.675200e-02 
-5.358400e-02 
-3.631400e-02 
-3.341900e-02 
-3.409900e-02 
-2.318300e-02 
-8.278000e-03 
9.701000e-03 
4.131800e-02 
5.588200e-02 
3.338300e-02 
9.050000e-04 
-2.724400e-02 
-5.475100e-02 
-7.355200e-02 
-8.044000e-02 
-8.367600e-02 
-8.534500e-02 
-8.435000e-02 
-8.198800e-02 
-7.797000e-02 
-7.071800e-02 
-5.428800e-02 
-4.095300e-02 
-3.024300e-02 
-1.924100e-02 
-1.200400e-02 
-7.987000e-03 
-5.034000e-03 
-9.360000e-04 
4.339000e-03 
1.278700e-02 
2.444500e-02 
4.560200e-02 
7.056000e-02 
9.092700e-02 
1.042650e-01 
1.147220e-01 
1.254130e-01 
1.317830e-01 
1.350220e-01 
1.349580e-01 
1.327680e-01 
1.275520e-01 
1.200090e-01 
1.117200e-01 
9.507900e-02 
5.902300e-02 
2.382000e-02 
1.150500e-02 
3.848000e-03 
-2.507200e-02 
-4.432400e-02 
-7.251200e-02 
-1.194300e-01 
-1.473320e-01 
-1.473060e-01 
-1.415770e-01 
-1.361650e-01 
-1.117280e-01 
-6.496400e-02 
-2.222200e-02 
1.540800e-02 
5.596000e-02 
8.274700e-02 
9.612800e-02 
1.059180e-01 
1.081230e-01 
1.172770e-01 
1.493000e-01 
1.592860e-01 
1.438220e-01 
1.201690e-01 
9.272100e-02 
7.751500e-02 
7.830000e-02 
7.930100e-02 
7.142700e-02 
6.304300e-02 
5.931700e-02 
5.349000e-02 
4.874800e-02 
4.700100e-02 
4.518800e-02 
4.407300e-02 
4.397500e-02 
4.420200e-02 
4.400700e-02 
4.392500e-02 
4.176100e-02 
4.058800e-02 
2.067000e-02 
-1.515700e-02 
-2.602600e-02 
-2.570500e-02 
-3.862100e-02 
-5.387500e-02 
-6.186500e-02 
-7.699600e-02 
-9.556500e-02 
-1.048610e-01 
-1.123640e-01 
-9.909200e-02 
-9.669700e-02 
-1.117760e-01 
-1.214820e-01 
-1.362540e-01 
-1.542010e-01 
-1.663870e-01 
-1.673240e-01 
-1.629080e-01 
-1.587250e-01 
-1.510740e-01 
-1.369560e-01 
-1.115960e-01 
-9.159700e-02 
-8.063300e-02 
-7.495300e-02 
-7.558900e-02 
-7.651000e-02 
-7.435800e-02 
-6.638400e-02 
-6.246100e-02 
-5.837300e-02 
-5.256100e-02 
-4.583800e-02 
-3.920700e-02 
-3.365600e-02 
-2.490300e-02 
-1.512800e-02 
-6.723000e-03 
1.798000e-03 
1.176400e-02 
2.786200e-02 
4.981500e-02 
6.432300e-02 
6.750200e-02 
6.629600e-02 
6.259200e-02 
6.386400e-02 
7.256900e-02 
7.947200e-02 
8.328000e-02 
8.581600e-02 
8.736600e-02 
9.074100e-02 
9.529300e-02 
1.041380e-01 
1.128780e-01 
1.175970e-01 
1.201110e-01 
1.212450e-01 
1.196610e-01 
1.164820e-01 
1.117950e-01 
1.052140e-01 
9.655500e-02 
7.460300e-02 
3.724700e-02 
5.658000e-03 
-2.796600e-02 
-4.641000e-02 
-3.616500e-02 
-3.483300e-02 
-4.406600e-02 
-4.407100e-02 
-3.699400e-02 
-2.730600e-02 
-1.795200e-02 
-1.058000e-03 
8.211000e-03 
7.533000e-03 
2.691000e-03 
-8.704000e-03 
-2.678600e-02 
-3.706900e-02 
-3.939100e-02 
-4.203300e-02 
-5.123500e-02 
-5.705700e-02 
-6.855600e-02 
-7.886700e-02 
-7.734700e-02 
-6.943200e-02 
-5.543600e-02 
-4.266600e-02 
-1.479600e-02 
2.137600e-02 
3.288400e-02 
3.626700e-02 
3.720300e-02 
3.255700e-02 
1.506800e-02 
2.770000e-04 
-1.917400e-02 
-4.304300e-02 
-5.471000e-02 
-6.220400e-02 
-7.562500e-02 
-8.153600e-02 
-7.901400e-02 
-7.089900e-02 
-7.002800e-02 
-7.321000e-02 
-7.095800e-02 
-4.824300e-02 
-2.354200e-02 
-1.647900e-02 
-1.285900e-02 
-6.236000e-03 
-5.147000e-03 
-7.379000e-03 
-1.592600e-02 
-2.501100e-02 
-5.344400e-02 
-7.020300e-02 
-7.417200e-02 
-8.270900e-02 
-8.584900e-02 
-8.472600e-02 
-8.134900e-02 
-7.845700e-02 
-6.749500e-02 
-5.584400e-02 
-4.491400e-02 
-3.824400e-02 
-1.740000e-02 
1.205000e-03 
1.424000e-02 
3.140200e-02 
5.316700e-02 
7.474800e-02 
9.742900e-02 
1.207310e-01 
1.545970e-01 
1.901870e-01 
2.249840e-01 
2.427310e-01 
2.381670e-01 
2.446950e-01 
2.428990e-01 
2.333790e-01 
2.356000e-01 
2.221230e-01 
1.921700e-01 
1.638620e-01 
1.458450e-01 
1.160790e-01 
8.047500e-02 
6.220500e-02 
5.175800e-02 
1.523500e-02 
2.130000e-04 
-1.783000e-03 
-7.037000e-03 
-3.797000e-03 
8.170000e-04 
5.328000e-03 
5.931000e-03 
4.800000e-03 
-1.135000e-03 
-1.022800e-02 
-3.288600e-02 
-6.006100e-02 
-8.993800e-02 
-1.220710e-01 
-1.368180e-01 
-1.496750e-01 
-1.737050e-01 
-1.817970e-01 
-1.745420e-01 
-1.672350e-01 
-1.608380e-01 
-1.551740e-01 
-1.512020e-01 
-1.475200e-01 
-1.471040e-01 
-1.482930e-01 
-1.493040e-01 
-1.475300e-01 
-1.443000e-01 
-1.364680e-01 
-1.280150e-01 
-1.193640e-01 
-1.115430e-01 
-8.897500e-02 
-4.406800e-02 
-1.584000e-02 
-3.272000e-03 
1.191700e-02 
2.578300e-02 
3.766000e-02 
5.132300e-02 
7.004800e-02 
8.716500e-02 
9.785200e-02 
1.012060e-01 
9.960000e-02 
9.824100e-02 
7.312200e-02 
2.883100e-02 
-3.320000e-04 
4.348000e-03 
1.018600e-02 
3.209700e-02 
7.334500e-02 
8.754900e-02 
8.905700e-02 
9.409000e-02 
1.009780e-01 
9.991800e-02 
9.725300e-02 
9.443300e-02 
9.097100e-02 
8.376200e-02 
7.924500e-02 
7.896000e-02 
8.388900e-02 
8.924900e-02 
9.693300e-02 
1.000100e-01 
9.786300e-02 
9.471100e-02 
7.036000e-02 
2.993900e-02 
-3.925000e-03 
-3.916400e-02 
-7.336100e-02 
-1.030170e-01 
-1.130690e-01 
-1.250650e-01 
-1.318060e-01 
-1.444740e-01 
-1.543450e-01 
-1.620220e-01 
-1.605480e-01 
-1.535390e-01 
-9.202700e-02 
1.099000e-03 
8.537300e-02 
9.838000e-02 
8.876400e-02 
9.835700e-02 
1.013400e-01 
1.002410e-01 
1.011100e-01 
1.015400e-01 
9.849200e-02 
9.194900e-02 
8.729700e-02 
6.179400e-02 
4.578900e-02 
4.248900e-02 
3.519200e-02 
2.760400e-02 
7.040000e-03 
-1.228000e-02 
-1.485100e-02 
-1.369600e-02 
-1.033600e-02 
-4.271000e-03 
3.478000e-03 
6.454000e-03 
5.243000e-03 
1.003000e-03 
-7.119000e-03 
-1.862100e-02 
-3.203400e-02 
-4.546000e-02 
-5.802000e-02 
-6.991900e-02 
-7.505800e-02 
-8.560200e-02 
-1.022110e-01 
-1.026960e-01 
-9.952500e-02 
-9.876100e-02 
-9.590500e-02 
-9.519300e-02 
-9.395500e-02 
-9.214000e-02 
-8.907800e-02 
-9.129900e-02 
-9.458200e-02 
-1.002730e-01 
-9.856800e-02 
-1.001040e-01 
-9.935800e-02 
-9.562700e-02 
-8.878800e-02 
-8.499700e-02 
-6.573900e-02 
-4.067300e-02 
4.202400e-02 
9.541100e-02 
1.124830e-01 
1.420390e-01 
1.827500e-01 
2.226540e-01 
2.343140e-01 
2.357120e-01 
2.637350e-01 
2.854250e-01 
2.888230e-01 
2.841750e-01 
2.496260e-01 
2.027810e-01 
1.956160e-01 
1.938210e-01 
1.804510e-01 
1.725780e-01 
1.643530e-01 
1.571510e-01 
1.492400e-01 
1.516180e-01 
1.362130e-01 
1.051730e-01 
7.523900e-02 
5.469000e-02 
3.408000e-02 
5.544000e-03 
-2.376400e-02 
-4.542800e-02 
-6.112700e-02 
-7.673100e-02 
-9.346800e-02 
-1.020790e-01 
-1.213950e-01 
-1.447930e-01 
-1.523860e-01 
-1.514520e-01 
-1.505470e-01 
-1.444840e-01 
-1.364670e-01 
-1.307210e-01 
-1.280730e-01 
-1.246930e-01 
-1.229900e-01 
-1.224810e-01 
-1.236700e-01 
-1.240560e-01 
-1.246620e-01 
-1.244120e-01 
-1.263010e-01 
-1.278600e-01 
-1.310080e-01 
-1.367030e-01 
-1.541390e-01 
-1.739790e-01 
-1.903160e-01 
-1.970750e-01 
-1.980770e-01 
-2.007290e-01 
-2.028790e-01 
-2.012630e-01 
-1.966570e-01 
-1.934120e-01 
-1.911900e-01 
-1.901420e-01 
-1.906140e-01 
-1.937200e-01 
-1.948530e-01 
-1.893520e-01 
-1.835500e-01 
-1.765860e-01 
-1.640810e-01 
-1.445840e-01 
-1.270310e-01 
-1.102800e-01 
-9.722000e-02 
-8.636700e-02 
-7.526000e-02 
-6.242100e-02 
-4.727100e-02 
-3.492900e-02 
-2.161700e-02 
-8.263000e-03 
1.970000e-03 
9.007000e-03 
1.240400e-02 
1.952300e-02 
2.994200e-02 
3.983300e-02 
4.971700e-02 
6.274800e-02 
7.014700e-02 
7.797300e-02 
8.773800e-02 
9.718400e-02 
1.050620e-01 
1.109240e-01 
1.150900e-01 
1.185890e-01 
1.215140e-01 
1.236270e-01 
1.237160e-01 
1.206900e-01 
1.155570e-01 
1.092550e-01 
9.984000e-02 
9.187600e-02 
8.520700e-02 
8.074700e-02 
7.640300e-02 
7.679900e-02 
7.970300e-02 
8.581200e-02 
9.281400e-02 
1.016550e-01 
1.102050e-01 
1.191960e-01 
1.309380e-01 
1.654290e-01 
1.764060e-01 
1.762800e-01 
1.790300e-01 
1.786230e-01 
1.808020e-01 
2.133940e-01 
2.493140e-01 
2.206490e-01 
1.392390e-01 
1.167240e-01 
1.811470e-01 
1.877390e-01 
1.394980e-01 
1.257160e-01 
1.188520e-01 
1.115470e-01 
1.087240e-01 
1.087130e-01 
1.088480e-01 
1.162890e-01 
1.039060e-01 
8.420300e-02 
7.908100e-02 
7.362600e-02 
6.775100e-02 
6.353300e-02 
5.846300e-02 
5.090300e-02 
4.081300e-02 
2.971900e-02 
1.037200e-02 
-7.873000e-03 
-2.436700e-02 
-3.955500e-02 
-5.039800e-02 
-5.902800e-02 
-7.713200e-02 
-9.533900e-02 
-1.187620e-01 
-1.422730e-01 
-1.523140e-01 
-1.572710e-01 
-1.609410e-01 
-1.640130e-01 
-1.660820e-01 
-1.677440e-01 
-1.656340e-01 
-1.626190e-01 
-1.615940e-01 
-1.585240e-01 
-1.540740e-01 
-1.504440e-01 
-1.466200e-01 
-1.426950e-01 
-1.367560e-01 
-1.316850e-01 
-1.241300e-01 
-1.132990e-01 
-1.041470e-01 
-9.227000e-02 
-7.935800e-02 
-6.940500e-02 
-5.795000e-02 
-4.646200e-02 
-4.463600e-02 
-4.866900e-02 
-4.967100e-02 
-4.259100e-02 
-3.361100e-02 
-2.646400e-02 
-1.848300e-02 
-1.116000e-02 
-3.116000e-03 
1.013100e-02 
2.103600e-02 
3.121500e-02 
4.186100e-02 
5.115600e-02 
5.987800e-02 
6.804800e-02 
7.749300e-02 
9.274500e-02 
1.009670e-01 
1.000140e-01 
1.016870e-01 
1.058300e-01 
1.425960e-01 
1.443020e-01 
1.320420e-01 
1.457190e-01 
1.418610e-01 
1.292350e-01 
1.266080e-01 
1.284020e-01 
1.225880e-01 
1.149370e-01 
1.038910e-01 
8.963300e-02 
6.933800e-02 
5.299000e-02 
4.243400e-02 
3.502000e-02 
2.886900e-02 
2.359000e-02 
1.685800e-02 
7.132000e-03 
-6.582000e-03 
-3.057000e-02 
-5.955400e-02 
-6.990300e-02 
-8.322200e-02 
-9.103100e-02 
-9.109300e-02 
-8.908200e-02 
-8.682800e-02 
-8.295000e-02 
-7.929400e-02 
-7.419800e-02 
-6.979400e-02 
-6.780300e-02 
-6.654100e-02 
-6.568400e-02 
-6.553100e-02 
-6.634800e-02 
-6.548800e-02 
-6.569900e-02 
-6.498500e-02 
-6.271000e-02 
-6.136300e-02 
-6.151400e-02 
-6.315300e-02 
-5.781500e-02 
-4.881800e-02 
-3.254300e-02 
-2.019300e-02 
-1.402000e-02 
3.226000e-03 
2.324200e-02 
3.297100e-02 
4.358600e-02 
5.788900e-02 
7.084600e-02 
8.170200e-02 
9.533700e-02 
1.112750e-01 
1.406140e-01 
1.591430e-01 
1.633000e-01 
1.656770e-01 
1.629930e-01 
1.550190e-01 
1.347910e-01 
8.355900e-02 
5.994400e-02 
3.123300e-02 
-4.555000e-03 
-1.340700e-02 
-8.269000e-03 
-3.128000e-03 
-6.248000e-03 
-1.974700e-02 
-2.675200e-02 
-3.028400e-02 
-3.525400e-02 
-3.787100e-02 
-3.903300e-02 
-4.010100e-02 
-4.504800e-02 
-5.266200e-02 
-6.580200e-02 
-7.894100e-02 
-9.063500e-02 
-9.548100e-02 
-9.391500e-02 
-9.044700e-02 
-8.588200e-02 
-8.006200e-02 
-7.447600e-02 
-6.798000e-02 
-6.043400e-02 
-5.173000e-02 
-4.598000e-02 
-4.349500e-02 
-4.155100e-02 
-3.910600e-02 
-3.588600e-02 
-3.067600e-02 
-2.295600e-02 
-1.387200e-02 
-7.020000e-04 
2.065000e-02 
3.236200e-02 
3.489500e-02 
3.667000e-02 
3.889000e-02 
3.862100e-02 
4.020300e-02 
4.152700e-02 
4.219100e-02 
4.263500e-02 
4.291200e-02 
3.987900e-02 
3.712900e-02 
3.424000e-02 
3.253900e-02 
3.293200e-02 
3.524600e-02 
3.952700e-02 
4.621000e-02 
5.343300e-02 
5.856600e-02 
6.141700e-02 
6.244800e-02 
5.940800e-02 
5.417300e-02 
4.999800e-02 
4.421600e-02 
4.008400e-02 
3.903100e-02 
3.850100e-02 
3.929500e-02 
4.138100e-02 
4.260800e-02 
4.015000e-02 
3.568500e-02 
2.604200e-02 
8.633000e-03 
-1.582100e-02 
-3.103800e-02 
-3.863400e-02 
-4.534200e-02 
-5.085900e-02 
-5.427300e-02 
-5.941100e-02 
-6.313100e-02 
-6.599400e-02 
-6.876100e-02 
-6.945600e-02 
-6.807400e-02 
-6.673500e-02 
-6.526400e-02 
-6.472800e-02 
-6.403800e-02 
-6.498700e-02 
-6.710800e-02 
-6.845700e-02 
-6.913600e-02 
-7.181800e-02 
-7.562100e-02 
-7.960600e-02 
-8.240900e-02 
-8.588600e-02 
-8.846200e-02 
-8.796900e-02 
-8.567200e-02 
-8.557400e-02 
-8.432100e-02 
-8.141000e-02 
-8.067900e-02 
-8.192700e-02 
-8.307200e-02 
-8.376600e-02 
-8.485400e-02 
-8.461600e-02 
-8.236700e-02 
-7.777600e-02 
-7.394600e-02 
-6.870200e-02 
-5.991400e-02 
-5.199600e-02 
-4.586800e-02 
-3.871100e-02 
-3.127900e-02 
-2.438100e-02 
-1.801900e-02 
-8.987000e-03 
1.475000e-03 
1.247500e-02 
2.144200e-02 
3.066400e-02 
4.060100e-02 
4.748800e-02 
5.658400e-02 
6.676800e-02 
7.501900e-02 
8.201200e-02 
8.840700e-02 
9.310800e-02 
9.741200e-02 
1.036430e-01 
1.126020e-01 
1.215410e-01 
1.282800e-01 
1.314830e-01 
1.312910e-01 
1.301300e-01 
1.272950e-01 
1.221460e-01 
1.166640e-01 
1.117830e-01 
1.060770e-01 
1.013870e-01 
9.710100e-02 
9.359800e-02 
8.991300e-02 
8.480300e-02 
7.673900e-02 
6.492600e-02 
5.643700e-02 
5.196400e-02 
4.927300e-02 
4.770600e-02 
4.477000e-02 
4.061100e-02 
3.648600e-02 
3.170200e-02 
2.728300e-02 
2.389900e-02 
1.950900e-02 
1.494800e-02 
9.564000e-03 
3.115000e-03 
-4.016000e-03 
-1.073800e-02 
-1.609000e-02 
-2.234300e-02 
-2.944600e-02 
-3.638400e-02 
-4.155600e-02 
-4.540600e-02 
-4.988900e-02 
-5.322500e-02 
-5.511300e-02 
-5.698900e-02 
-5.958200e-02 
-6.024100e-02 
-6.052500e-02 
-6.146200e-02 
-6.290300e-02 
-6.450900e-02 
-6.817400e-02 
-7.109900e-02 
-7.462100e-02 
-7.822200e-02 
-8.158000e-02 
-8.219200e-02 
-8.141100e-02 
-8.312000e-02 
-8.163700e-02 
-7.936800e-02 
-7.717100e-02 
-7.390000e-02 
-6.774000e-02 
-5.793000e-02 
-3.408300e-02 
-2.238500e-02 
-1.880900e-02 
-1.343600e-02 
-1.182300e-02 
-9.262000e-03 
-7.730000e-03 
-5.377000e-03 
-1.405000e-03 
2.980000e-03 
9.397000e-03 
1.629400e-02 
2.328000e-02 
3.080800e-02 
3.802400e-02 
4.402800e-02 
4.692100e-02 
4.774600e-02 
4.876900e-02 
4.743200e-02 
4.321900e-02 
4.115500e-02 
3.618200e-02 
2.973600e-02 
2.376500e-02 
1.868300e-02 
1.573400e-02 
1.376300e-02 
1.427400e-02 
1.549600e-02 
1.501600e-02 
1.454400e-02 
1.235600e-02 
9.747000e-03 
9.045000e-03 
7.826000e-03 
7.283000e-03 
7.199000e-03 
6.922000e-03 
6.987000e-03 
8.603000e-03 
1.246800e-02 
1.625900e-02 
1.916700e-02 
2.231400e-02 
2.456500e-02 
2.525200e-02 
2.692200e-02 
2.897300e-02 
3.155300e-02 
3.396900e-02 
3.512000e-02 
3.556700e-02 
3.710600e-02 
3.792400e-02 
3.860800e-02 
4.001100e-02 
4.020700e-02 
4.072800e-02 
4.055000e-02 
3.928300e-02 
3.801000e-02 
3.600500e-02 
3.055000e-02 
2.508600e-02 
1.893700e-02 
1.180500e-02 
4.175000e-03 
-1.864000e-03 
-6.490000e-03 
-9.421000e-03 
-1.015300e-02 
-1.044900e-02 
-1.217900e-02 
-1.338600e-02 
-1.401200e-02 
-1.588500e-02 
-1.904700e-02 
-2.349700e-02 
-2.679700e-02 
-2.985800e-02 
-3.288000e-02 
-3.447700e-02 
-3.418000e-02 
-3.340400e-02 
-3.228800e-02 
-2.984400e-02 
-2.770900e-02 
-2.560300e-02 
-2.502700e-02 
-2.443200e-02 
-2.562900e-02 
-2.775800e-02 
-3.010100e-02 
-3.341800e-02 
-3.747900e-02 
-4.000100e-02 
-4.472100e-02 
-4.873600e-02 
-5.347300e-02 
-5.730200e-02 
-6.066100e-02 
-6.554000e-02 
-6.774300e-02 
-6.934600e-02 
-7.003800e-02 
-6.827000e-02 
-6.539700e-02 
-6.062300e-02 
-5.373600e-02 
-4.499500e-02 
-3.506000e-02 
-2.624900e-02 
-2.065300e-02 
-1.689100e-02 
-1.354400e-02 
-1.016500e-02 
-7.759000e-03 
-5.835000e-03 
-4.681000e-03 
-4.505000e-03 
-3.573000e-03 
-1.586000e-03 
-2.930000e-04 
-2.140000e-04 
1.146000e-03 
2.256000e-03 
3.362000e-03 
3.549000e-03 
3.751000e-03 
5.173000e-03 
6.907000e-03 
6.987000e-03 
6.983000e-03 
7.128000e-03 
7.019000e-03 
4.959000e-03 
3.379000e-03 
1.880000e-03 
1.838000e-03 
2.248000e-03 
2.358000e-03 
4.532000e-03 
7.501000e-03 
1.011900e-02 
1.438500e-02 
1.830700e-02 
1.844600e-02 
1.812100e-02 
1.679500e-02 
1.398600e-02 
1.118500e-02 
1.037200e-02 
1.008500e-02 
8.776000e-03 
9.500000e-03 
1.042300e-02 
1.032600e-02 
1.158600e-02 
1.394900e-02 
1.586000e-02 
1.559800e-02 
1.764800e-02 
1.981300e-02 
2.092500e-02 
2.298900e-02 
2.692600e-02 
3.151400e-02 
3.604100e-02 
4.163700e-02 
4.526100e-02 
4.708300e-02 
4.959100e-02 
4.936500e-02 
4.765600e-02 
4.543800e-02 
4.198500e-02 
3.833000e-02 
3.446100e-02 
3.029200e-02 
2.711000e-02 
2.627800e-02 
2.730100e-02 
2.828500e-02 
3.068600e-02 
3.443100e-02 
3.731600e-02 
3.967200e-02 
4.198500e-02 
4.432800e-02 
4.544400e-02 
4.452800e-02 
4.147700e-02 
3.674400e-02 
2.968500e-02 
2.192300e-02 
1.197000e-02 
7.420000e-04 
-8.809000e-03 
-1.820500e-02 
-2.848800e-02 
-3.750100e-02 
-4.201300e-02 
-4.630000e-02 
-4.975800e-02 
-5.118800e-02 
-5.154100e-02 
-5.017200e-02 
-4.776500e-02 
-4.408900e-02 
-3.707200e-02 
-2.702600e-02 
-1.793000e-02 
-1.083800e-02 
-5.239000e-03 
-1.629000e-03 
-3.390000e-04 
-1.980000e-04 
-1.710000e-04 
-2.410000e-04 
-1.739000e-03 
-3.130000e-03 
-3.018000e-03 
-2.876000e-03 
-1.988000e-03 
-1.383000e-03 
-1.409000e-03 
-2.427000e-03 
-4.310000e-03 
-5.984000e-03 
-9.410000e-03 
-1.100900e-02 
-1.086200e-02 
-1.045300e-02 
-9.792000e-03 
-6.696000e-03 
-3.946000e-03 
6.430000e-04 
5.406000e-03 
9.566000e-03 
1.258700e-02 
1.609000e-02 
1.875500e-02 
2.057400e-02 
2.048700e-02 
1.844700e-02 
1.450500e-02 
1.175100e-02 
8.576000e-03 
4.963000e-03 
2.937000e-03 
1.189000e-03 
2.980000e-04 
1.339000e-03 
2.269000e-03 
4.830000e-03 
8.421000e-03 
1.144100e-02 
1.451100e-02 
1.628200e-02 
1.718400e-02 
1.634800e-02 
1.410000e-02 
1.188000e-02 
8.726000e-03 
3.486000e-03 
-5.710000e-04 
-4.502000e-03 
-9.749000e-03 
-1.380800e-02 
-1.566100e-02 
-1.703700e-02 
-1.920900e-02 
-2.216300e-02 
-2.510900e-02 
-2.687000e-02 
-3.016500e-02 
-3.568300e-02 
-4.010900e-02 
-4.314100e-02 
-4.555500e-02 
-4.644700e-02 
-4.484800e-02 
-4.259800e-02 
-3.989200e-02 
-3.424600e-02 
-2.894300e-02 
-2.319300e-02 
-1.645700e-02 
-1.179800e-02 
-4.451000e-03 
5.240000e-04 
3.857000e-03 
6.709000e-03 
6.907000e-03 
6.949000e-03 
6.654000e-03 
4.678000e-03 
1.696000e-03 
3.320000e-04 
1.185000e-03 
3.104000e-03 
6.723000e-03 
1.051900e-02 
1.290900e-02 
1.658700e-02 
1.885400e-02 
2.173700e-02 
2.268800e-02 
2.482700e-02 
2.794200e-02 
3.137300e-02 
3.397000e-02 
3.462400e-02 
3.331100e-02 
3.094200e-02 
2.681400e-02 
2.317100e-02 
2.028200e-02 
1.692700e-02 
1.449700e-02 
1.383700e-02 
1.351500e-02 
1.287900e-02 
1.246800e-02 
9.969000e-03 
6.754000e-03 
1.937000e-03 
-3.622000e-03 
-7.687000e-03 
-1.203500e-02 
-1.594000e-02 
-1.915300e-02 
-2.098600e-02 
-2.060400e-02 
-2.004000e-02 
-2.068700e-02 
-1.917500e-02 
-1.715400e-02 
-1.552800e-02 
-1.333000e-02 
-1.197000e-02 
-9.936000e-03 
-7.699000e-03 
-4.024000e-03 
-1.106000e-03 
2.286000e-03 
5.565000e-03 
8.254000e-03 
1.096600e-02 
1.160000e-02 
1.209600e-02 
1.370600e-02 
1.691400e-02 
1.979000e-02 
2.071600e-02 
2.149900e-02 
2.149100e-02 
1.918800e-02 
1.864200e-02 
1.692200e-02 
1.499300e-02 
1.379800e-02 
1.255000e-02 
1.112000e-02 
1.026900e-02 
9.333000e-03 
6.995000e-03 
4.917000e-03 
3.267000e-03 
9.780000e-04 
-1.518000e-03 
-3.184000e-03 
-5.012000e-03 
-6.745000e-03 
-9.277000e-03 
-1.292200e-02 
-1.705500e-02 
-2.164500e-02 
-2.727100e-02 
-3.098600e-02 
-3.323300e-02 
-3.460800e-02 
-3.318700e-02 
-2.971500e-02 
-2.632700e-02 
-2.144500e-02 
-1.568200e-02 
-9.909000e-03 
-3.662000e-03 
7.310000e-04 
5.151000e-03 
7.711000e-03 
1.141000e-02 
1.529300e-02 
1.818600e-02 
2.119200e-02 
2.420400e-02 
2.580600e-02 
2.566700e-02 
2.632100e-02 
2.724700e-02 
2.641400e-02 
2.643100e-02 
2.550800e-02 
2.404000e-02 
2.313600e-02 
2.134800e-02 
2.064200e-02 
2.007700e-02 
2.047800e-02 
2.058400e-02 
2.091500e-02 
2.037500e-02 
1.955300e-02 
1.895400e-02 
1.844700e-02 
1.695100e-02 
1.429600e-02 
1.263900e-02 
1.148700e-02 
7.528000e-03 
2.604000e-03 
-2.024000e-03 
-7.256000e-03 
-1.409400e-02 
-1.881600e-02 
-2.183100e-02 
-2.651600e-02 
-2.895900e-02 
-3.098700e-02 
-3.163100e-02 
-3.084300e-02 
-3.024600e-02 
-2.865300e-02 
-2.518600e-02 
-2.299800e-02 
-1.979200e-02 
-1.715900e-02 
-1.508200e-02 
-1.366300e-02 
-1.437400e-02 
-1.683800e-02 
-1.914900e-02 
-2.272700e-02 
-2.749900e-02 
-3.199800e-02 
-3.459600e-02 
-3.690200e-02 
-3.658800e-02 
-3.552500e-02 
-3.474500e-02 
-3.376100e-02 
-3.059700e-02 
-2.711800e-02 
-2.391100e-02 
-2.060100e-02 
-1.641300e-02 
-1.247200e-02 
-1.146500e-02 
-1.125900e-02 
-1.063500e-02 
-1.017800e-02 
-9.861000e-03 
-9.178000e-03 
-6.491000e-03 
-3.105000e-03 
1.225000e-03 
4.988000e-03 
8.218000e-03 
1.184300e-02 
1.439900e-02 
1.449200e-02 
1.403200e-02 
1.306500e-02 
9.760000e-03 
6.194000e-03 
2.901000e-03 
2.009000e-03 
2.390000e-04 
-4.270000e-04 
8.130000e-04 
3.250000e-03 
5.759000e-03 
8.259000e-03 
9.861000e-03 
1.134500e-02 
1.171800e-02 
1.145100e-02 
1.075700e-02 
9.503000e-03 
9.327000e-03 
9.127000e-03 
7.925000e-03 
6.931000e-03 
5.906000e-03 
5.645000e-03 
3.802000e-03 
1.940000e-04 
-6.530000e-04 
-1.413000e-03 
-8.670000e-04 
8.690000e-04 
3.687000e-03 
7.241000e-03 
9.787000e-03 
1.044300e-02 
1.112800e-02 
1.107400e-02 
1.076500e-02 
1.057000e-02 
1.032300e-02 
1.013200e-02 
9.902000e-03 
9.696000e-03 
9.416000e-03 
9.085000e-03 
9.854000e-03 
1.169200e-02 
1.146500e-02 
1.201500e-02 
1.341400e-02 
1.402900e-02 
1.563700e-02 
1.637600e-02 
1.571200e-02 
1.453900e-02 
1.298400e-02 
1.048600e-02 
6.963000e-03 
3.844000e-03 
1.999000e-03 
-6.970000e-04 
-2.021000e-03 
-2.784000e-03 
-2.610000e-03 
-6.680000e-04 
2.900000e-05 
8.610000e-04 
1.222000e-03 
1.252000e-03 
-1.850000e-04 
-1.973000e-03 
-1.795000e-03 
-1.490000e-03 
-9.500000e-05 
3.714000e-03 
8.007000e-03 
1.195500e-02 
1.584000e-02 
1.856400e-02 
2.032500e-02 
2.200700e-02 
2.244900e-02 
2.249400e-02 
2.188900e-02 
1.981800e-02 
1.706400e-02 
1.330000e-02 
9.392000e-03 
4.639000e-03 
-8.220000e-04 
-4.820000e-03 
-8.076000e-03 
-1.157500e-02 
-1.565300e-02 
-2.057400e-02 
-2.422800e-02 
-2.661500e-02 
-2.862700e-02 
-3.002400e-02 
-3.031200e-02 
-2.930400e-02 
-2.777700e-02 
-2.560100e-02 
-2.095300e-02 
-1.604000e-02 
-1.237900e-02 
-8.716000e-03 
-3.959000e-03 
-1.035000e-03 
1.078000e-03 
1.126000e-03 
2.033000e-03 
2.920000e-03 
3.856000e-03 
3.991000e-03 
4.220000e-03 
5.143000e-03 
5.033000e-03 
4.772000e-03 
4.739000e-03 
4.461000e-03 
4.390000e-03 
4.190000e-03 
5.054000e-03 
5.870000e-03 
7.592000e-03 
8.347000e-03 
1.002700e-02 
1.345000e-02 
1.644100e-02 
1.945600e-02 
2.332200e-02 
2.638000e-02 
2.955400e-02 
3.321300e-02 
3.562800e-02 
3.805500e-02 
4.017300e-02 
4.081000e-02 
4.141800e-02 
3.965300e-02 
3.562500e-02 
3.148100e-02 
2.453600e-02 
1.803700e-02 
1.294800e-02 
8.930000e-03 
4.819000e-03 
9.150000e-04 
-2.459000e-03 
-5.055000e-03 
-7.969000e-03 
-9.834000e-03 
-1.263600e-02 
-1.612300e-02 
-1.952600e-02 
-2.200300e-02 
-2.429900e-02 
-2.646300e-02 
-2.852300e-02 
-2.945900e-02 
-3.078900e-02 
-3.138500e-02 
-3.140200e-02 
-3.078000e-02 
-2.897800e-02 
-2.807600e-02 
-2.765100e-02 
-2.698700e-02 
-2.721500e-02 
-2.751300e-02 
-2.822400e-02 
-3.056300e-02 
-3.227200e-02 
-3.476400e-02 
-3.743400e-02 
-3.877500e-02 
-3.856700e-02 
-3.952100e-02 
-3.694800e-02 
-3.222800e-02 
-2.627600e-02 
-1.768700e-02 
-1.027900e-02 
-4.591000e-03 
-2.430000e-04 
1.795000e-03 
2.537000e-03 
1.486000e-03 
-5.310000e-04 
-2.881000e-03 
-3.111000e-03 
-4.131000e-03 
-5.929000e-03 
-3.455000e-03 
-2.054000e-03 
-4.760000e-04 
1.819000e-03 
3.459000e-03 
6.811000e-03 
9.075000e-03 
1.046900e-02 
1.149200e-02 
1.257300e-02 
1.409000e-02 
1.373700e-02 
1.349000e-02 
1.432500e-02 
1.429200e-02 
1.366500e-02 
1.347000e-02 
1.212400e-02 
1.117200e-02 
1.103300e-02 
1.071500e-02 
1.032000e-02 
1.006200e-02 
9.622000e-03 
8.285000e-03 
7.235000e-03 
6.250000e-03 
5.843000e-03 
4.767000e-03 
3.001000e-03 
4.904000e-03 
5.452000e-03 
5.473000e-03 
7.045000e-03 
7.533000e-03 
7.601000e-03 
8.785000e-03 
7.144000e-03 
4.842000e-03 
3.312000e-03 
2.072000e-03 
4.580000e-04 
-8.440000e-04 
-2.769000e-03 
-3.896000e-03 
-5.310000e-03 
-5.955000e-03 
-5.577000e-03 
-5.711000e-03 
-5.531000e-03 
-7.177000e-03 
-8.524000e-03 
-8.535000e-03 
-1.042600e-02 
-1.100900e-02 
-1.030200e-02 
-1.018100e-02 
-7.943000e-03 
-6.717000e-03 
-6.993000e-03 
-6.204000e-03 
-4.180000e-03 
-3.251000e-03 
-3.363000e-03 
-1.790000e-03 
-4.930000e-04 
9.680000e-04 
2.570000e-03 
4.537000e-03 
5.362000e-03 
5.704000e-03 
7.738000e-03 
7.863000e-03 
6.468000e-03 
5.649000e-03 
5.359000e-03 
4.550000e-03 
5.128000e-03 
5.235000e-03 
4.804000e-03 
4.570000e-03 
3.047000e-03 
1.241000e-03 
-1.316000e-03 
-3.122000e-03 
-5.021000e-03 
-6.133000e-03 
-7.738000e-03 
-9.947000e-03 
-1.051200e-02 
-1.200700e-02 
-1.374200e-02 
-1.586400e-02 
-1.682900e-02 
-1.890300e-02 
-2.041300e-02 
-2.043100e-02 
-2.110100e-02 
-2.225700e-02 
-2.166500e-02 
-2.107800e-02 
-1.966400e-02 
-1.943200e-02 
-1.949200e-02 
-1.906100e-02 
-2.010400e-02 
-2.072900e-02 
-1.997200e-02 
-2.131000e-02 
-2.185100e-02 
-2.077100e-02 
-2.023800e-02 
-1.957300e-02 
-1.990000e-02 
-2.091100e-02 
-2.070900e-02 
-2.010500e-02 
-2.068100e-02 
-1.985500e-02 
-1.993200e-02 
-1.802100e-02 
-1.601700e-02 
-1.372700e-02 
-1.079800e-02 
-8.882000e-03 
-4.056000e-03 
6.660000e-04 
5.166000e-03 
9.361000e-03 
1.411800e-02 
1.954300e-02 
2.231800e-02 
2.458500e-02 
2.686800e-02 
2.873900e-02 
2.957100e-02 
3.085600e-02 
3.052800e-02 
2.972900e-02 
2.933100e-02 
2.868700e-02 
2.803900e-02 
2.740600e-02 
2.692300e-02 
2.630500e-02 
2.580100e-02 
2.508200e-02 
2.464100e-02 
2.400500e-02 
2.517100e-02 
2.608300e-02 
2.551500e-02 
2.690600e-02 
2.809900e-02 
2.908400e-02 
2.942800e-02 
3.016000e-02 
3.130500e-02 
3.236900e-02 
3.398500e-02 
3.343000e-02 
3.232200e-02 
3.152500e-02 
3.077100e-02 
2.980900e-02 
2.945300e-02 
2.903400e-02 
2.729200e-02 
2.639200e-02 
2.461800e-02 
2.222700e-02 
2.050600e-02 
1.795500e-02 
1.555100e-02 
1.345900e-02 
1.078700e-02 
6.838000e-03 
4.231000e-03 
8.680000e-04 
-2.254000e-03 
-4.922000e-03 
-8.408000e-03 
-1.057700e-02 
-1.233300e-02 
-1.548000e-02 
-1.892100e-02 
-2.103100e-02 
-2.331500e-02 
-2.494200e-02 
-2.529900e-02 
-2.679300e-02 
-2.656400e-02 
-2.573700e-02 
-2.528200e-02 
-2.321300e-02 
-1.983300e-02 
-1.686900e-02 
-1.343500e-02 
-8.907000e-03 
-5.595000e-03 
-3.940000e-03 
-2.415000e-03 
-2.576000e-03 
-3.694000e-03 
-4.382000e-03 
-6.087000e-03 
-7.931000e-03 
-1.030300e-02 
-1.050000e-02 
-1.009500e-02 
-9.249000e-03 
-7.285000e-03 
-6.644000e-03 
-6.398000e-03 
-5.068000e-03 
-4.861000e-03 
-4.012000e-03 
-3.028000e-03 
-1.862000e-03 
-4.790000e-04 
6.420000e-04 
3.162000e-03 
5.012000e-03 
5.451000e-03 
7.466000e-03 
9.748000e-03 
1.046400e-02 
1.023700e-02 
9.887000e-03 
9.734000e-03 
9.336000e-03 
9.200000e-03 
7.872000e-03 
5.550000e-03 
5.141000e-03 
5.229000e-03 
4.986000e-03 
6.290000e-03 
7.829000e-03 
8.517000e-03 
8.411000e-03 
8.861000e-03 
9.006000e-03 
8.943000e-03 
7.289000e-03 
5.216000e-03 
3.289000e-03 
6.200000e-04 
-2.257000e-03 
-4.897000e-03 
-6.968000e-03 
-8.501000e-03 
-1.090300e-02 
-1.235100e-02 
-1.267900e-02 
-1.398600e-02 
-1.503400e-02 
-1.530200e-02 
-1.580400e-02 
-1.546300e-02 
-1.493900e-02 
-1.345400e-02 
-1.312700e-02 
-1.144900e-02 
-9.429000e-03 
-9.494000e-03 
-8.800000e-03 
-6.338000e-03 
-5.657000e-03 
-6.033000e-03 
-3.999000e-03 
-2.452000e-03 
-2.837000e-03 
-1.951000e-03 
2.510000e-04 
1.825000e-03 
3.190000e-03 
3.348000e-03 
5.279000e-03 
5.753000e-03 
3.392000e-03 
2.480000e-03 
7.570000e-04 
-9.060000e-04 
-3.157000e-03 
-5.460000e-03 
-6.175000e-03 
-7.604000e-03 
-9.129000e-03 
-9.922000e-03 
-1.001800e-02 
-1.067900e-02 
-1.241700e-02 
-1.310500e-02 
-1.337700e-02 
-1.419000e-02 
-1.437700e-02 
-1.381100e-02 
-1.399600e-02 
-1.457700e-02 
-1.428300e-02 
-1.596300e-02 
-1.656800e-02 
-1.605100e-02 
-1.741500e-02 
-1.791700e-02 
-1.729300e-02 
-1.650800e-02 
-1.438300e-02 
-1.087700e-02 
-8.939000e-03 
-6.251000e-03 
-3.440000e-03 
-1.709000e-03 
-1.388000e-03 
-6.950000e-04 
5.030000e-04 
7.220000e-04 
2.665000e-03 
5.344000e-03 
6.184000e-03 
6.889000e-03 
8.339000e-03 
1.114100e-02 
1.226600e-02 
1.392100e-02 
1.516500e-02 
1.738600e-02 
1.894500e-02 
2.107500e-02 
2.397200e-02 
2.552800e-02 
2.598700e-02 
2.626300e-02 
2.653300e-02 
2.596300e-02 
2.510400e-02 
2.465100e-02 
2.345400e-02 
2.136000e-02 
1.887600e-02 
1.767900e-02 
1.511300e-02 
1.313800e-02 
9.895000e-03 
5.123000e-03 
6.550000e-04 
-2.755000e-03 
-6.454000e-03 
-1.088900e-02 
-1.448400e-02 
-1.589400e-02 
-1.661100e-02 
-1.805500e-02 
-1.954700e-02 
-2.007500e-02 
-2.105800e-02 
-2.232000e-02 
-2.272600e-02 
-2.363800e-02 
-2.367800e-02 
-2.404800e-02 
-2.350500e-02 
-2.272900e-02 
-2.106300e-02 
-1.967900e-02 
-1.775100e-02 
-1.538300e-02 
-1.225200e-02 
-8.347000e-03 
-4.901000e-03 
-2.768000e-03 
-4.150000e-04 
2.553000e-03 
5.150000e-03 
6.383000e-03 
6.574000e-03 
8.796000e-03 
9.125000e-03 
8.710000e-03 
8.703000e-03 
8.608000e-03 
8.781000e-03 
9.598000e-03 
1.029200e-02 
1.092400e-02 
1.182200e-02 
1.302500e-02 
1.381300e-02 
1.555600e-02 
1.615800e-02 
1.735700e-02 
1.775900e-02 
1.855200e-02 
1.960900e-02 
1.910300e-02 
1.855200e-02 
1.718300e-02 
1.590800e-02 
1.466800e-02 
1.336500e-02 
1.221000e-02 
1.168100e-02 
1.158100e-02 
1.073300e-02 
9.697000e-03 
7.752000e-03 
5.940000e-03 
3.748000e-03 
2.243000e-03 
-2.060000e-04 
-2.393000e-03 
-3.429000e-03 
-4.101000e-03 
-5.901000e-03 
-6.416000e-03 
-7.311000e-03 
-7.330000e-03 
-7.910000e-03 
-7.684000e-03 
-6.776000e-03 
-6.658000e-03 
-6.643000e-03 
-6.358000e-03 
-6.277000e-03 
-5.110000e-03 
-4.200000e-03 
-3.084000e-03 
-2.890000e-03 
-2.208000e-03 
-1.216000e-03 
-8.100000e-05 
1.403000e-03 
2.523000e-03 
4.221000e-03 
5.964000e-03 
7.263000e-03 
9.162000e-03 
9.802000e-03 
1.007600e-02 
1.197400e-02 
1.199000e-02 
1.133800e-02 
1.104900e-02 
9.590000e-03 
8.544000e-03 
7.473000e-03 
7.133000e-03 
6.893000e-03 
6.516000e-03 
6.389000e-03 
5.654000e-03 
4.463000e-03 
3.387000e-03 
2.516000e-03 
2.505000e-03 
2.303000e-03 
2.627000e-03 
4.108000e-03 
4.985000e-03 
4.685000e-03 
6.678000e-03 
7.270000e-03 
6.743000e-03 
5.762000e-03 
4.796000e-03 
4.627000e-03 
4.508000e-03 
4.108000e-03 
4.554000e-03 
5.256000e-03 
5.069000e-03 
4.676000e-03 
4.432000e-03 
2.446000e-03 
1.308000e-03 
-4.890000e-04 
-3.122000e-03 
-5.953000e-03 
-8.224000e-03 
-1.154900e-02 
-1.350100e-02 
-1.480500e-02 
-1.602900e-02 
-1.578800e-02 
-1.704000e-02 
-1.760500e-02 
-1.610300e-02 
-1.567200e-02 
-1.456200e-02 
-1.360200e-02 
-1.349500e-02 
-1.256200e-02 
-1.130500e-02 
-1.117600e-02 
-1.106800e-02 
-1.045600e-02 
-9.057000e-03 
-8.714000e-03 
-7.905000e-03 
-6.789000e-03 
-6.778000e-03 
-6.565000e-03 
-6.854000e-03 
-7.717000e-03 
-7.636000e-03 
-7.300000e-03 
-7.236000e-03 
-6.703000e-03 
-4.973000e-03 
-3.799000e-03 
-3.894000e-03 
-3.713000e-03 
-3.559000e-03 
-3.415000e-03 
-3.461000e-03 
-3.254000e-03 
-3.118000e-03 
-9.800000e-04 
3.820000e-04 
1.301000e-03 
3.346000e-03 
4.193000e-03 
4.941000e-03 
5.450000e-03 
4.905000e-03 
3.753000e-03 
2.972000e-03 
2.028000e-03 
1.931000e-03 
6.970000e-04 
2.110000e-04 
3.220000e-04 
1.024000e-03 
1.817000e-03 
1.652000e-03 
1.768000e-03 
3.365000e-03 
4.472000e-03 
5.031000e-03 
6.574000e-03 
6.975000e-03 
6.901000e-03 
7.874000e-03 
7.849000e-03 
7.449000e-03 
7.272000e-03 
7.100000e-03 
6.914000e-03 
6.250000e-03 
5.014000e-03 
4.011000e-03 
2.091000e-03 
1.346000e-03 
-5.400000e-05 
-1.437000e-03 
-2.315000e-03 
-3.033000e-03 
-2.976000e-03 
-2.874000e-03 
-2.977000e-03 
-2.850000e-03 
-3.621000e-03 
-4.371000e-03 
-5.204000e-03 
-5.881000e-03 
-6.797000e-03 
-6.863000e-03 
-6.555000e-03 
-6.499000e-03 
-6.387000e-03 
-5.945000e-03 
-4.735000e-03 
-4.475000e-03 
-4.474000e-03 
-3.255000e-03 
-2.446000e-03 
-1.109000e-03 
2.420000e-04 
9.470000e-04 
2.605000e-03 
3.221000e-03 
4.025000e-03 
4.790000e-03 
5.575000e-03 
4.716000e-03 
2.615000e-03 
2.259000e-03 
1.570000e-03 
-6.080000e-04 
-1.663000e-03 
-2.213000e-03 
-2.365000e-03 
-2.308000e-03 
-1.946000e-03 
-7.290000e-04 
-7.840000e-04 
-8.310000e-04 
-6.500000e-04 
6.040000e-04 
7.180000e-04 
1.230000e-03 
2.024000e-03 
2.025000e-03 
1.970000e-03 
3.308000e-03 
2.697000e-03 
1.462000e-03 
-3.900000e-04 
-1.858000e-03 
-3.725000e-03 
-4.746000e-03 
-6.214000e-03 
-7.167000e-03 
-6.830000e-03 
-6.662000e-03 
-6.665000e-03 
-5.862000e-03 
-5.501000e-03 
-6.262000e-03 
-6.180000e-03 
-6.961000e-03 
-7.226000e-03 
-6.819000e-03 
-7.599000e-03 
-8.117000e-03 
-7.750000e-03 
-7.522000e-03 
-7.453000e-03 
-6.392000e-03 
-4.401000e-03 
-2.571000e-03 
-5.500000e-04 
1.874000e-03 
2.741000e-03 
4.309000e-03 
5.065000e-03 
4.438000e-03 
3.425000e-03 
2.589000e-03 
1.747000e-03 
1.652000e-03 
1.640000e-03 
1.188000e-03 
8.900000e-05 
-2.400000e-05 
2.110000e-04 
1.085000e-03 
1.609000e-03 
1.774000e-03 
3.517000e-03 
4.453000e-03 
4.167000e-03 
4.070000e-03 
4.084000e-03 
4.039000e-03 
3.864000e-03 
4.594000e-03 
5.296000e-03 
6.050000e-03 
7.100000e-03 
8.910000e-03 
9.610000e-03 
1.079000e-02 
1.049500e-02 
1.045600e-02 
1.138700e-02 
1.176300e-02 
1.155300e-02 
1.100100e-02 
1.100100e-02 
1.014700e-02 
8.464000e-03 
6.135000e-03 
5.320000e-03 
3.090000e-03 
1.026000e-03 
-1.280000e-04 
-2.171000e-03 
-4.187000e-03 
-3.910000e-03 
-4.778000e-03 
-4.055000e-03 
-3.720000e-03 
-3.058000e-03 
-1.257000e-03 
4.570000e-04 
6.960000e-04 
5.450000e-04 
5.560000e-04 
6.120000e-04 
4.700000e-04 
4.990000e-04 
-1.000000e-05 
-1.530000e-03 
-3.449000e-03 
-4.024000e-03 
-5.007000e-03 
-5.665000e-03 
-7.052000e-03 
-8.067000e-03 
-8.711000e-03 
-9.257000e-03 
-1.009200e-02 
-1.038500e-02 
-1.001100e-02 
-9.783000e-03 
-9.591000e-03 
-1.017300e-02 
-1.172900e-02 
-1.188100e-02 
-1.106200e-02 
-9.742000e-03 
-9.388000e-03 
-9.289000e-03 
-7.918000e-03 
-5.987000e-03 
-5.519000e-03 
-5.152000e-03 
-3.236000e-03 
-2.111000e-03 
-1.291000e-03 
-5.460000e-04 
-5.970000e-04 
-5.110000e-04 
-5.300000e-04 
3.110000e-04 
1.178000e-03 
1.108000e-03 
1.250000e-03 
2.771000e-03 
4.431000e-03 
6.046000e-03 
6.737000e-03 
6.626000e-03 
7.183000e-03 
7.028000e-03 
6.709000e-03 
6.205000e-03 
4.357000e-03 
3.281000e-03 
3.315000e-03 
2.091000e-03 
1.452000e-03 
1.084000e-03 
1.233000e-03 
2.982000e-03 
2.839000e-03 
2.598000e-03 
2.637000e-03 
2.563000e-03 
3.561000e-03 
5.387000e-03 
5.093000e-03 
5.952000e-03 
6.639000e-03 
7.425000e-03 
7.868000e-03 
9.352000e-03 
9.949000e-03 
1.035700e-02 
9.473000e-03 
8.724000e-03 
8.684000e-03 
8.358000e-03 
7.109000e-03 
4.959000e-03 
3.435000e-03 
2.675000e-03 
1.026000e-03 
-9.760000e-04 
-1.713000e-03 
-1.943000e-03 
-4.215000e-03 
-4.737000e-03 
-5.623000e-03 
-7.652000e-03 
-7.428000e-03 
-8.386000e-03 
-9.832000e-03 
-9.827000e-03 
-9.322000e-03 
-9.282000e-03 
-8.022000e-03 
-7.245000e-03 
-6.944000e-03 
-4.749000e-03 
-2.397000e-03 
-1.739000e-03 
-6.200000e-05 
5.220000e-04 
6.200000e-04 
2.149000e-03 
3.318000e-03 
2.195000e-03 
1.449000e-03 
1.311000e-03 
3.240000e-04 
-2.370000e-04 
1.240000e-04 
-1.778000e-03 
-3.132000e-03 
-3.843000e-03 
-4.488000e-03 
-5.382000e-03 
-5.211000e-03 
-5.916000e-03 
-6.125000e-03 
-4.879000e-03 
-3.933000e-03 
-3.072000e-03 
-1.960000e-03 
-1.400000e-04 
1.241000e-03 
1.679000e-03 
3.123000e-03 
4.754000e-03 
5.322000e-03 
6.340000e-03 
8.282000e-03 
7.924000e-03 
8.176000e-03 
8.119000e-03 
7.553000e-03 
6.417000e-03 
5.356000e-03 
4.556000e-03 
2.763000e-03 
1.281000e-03 
9.810000e-04 
-9.360000e-04 
-1.972000e-03 
-3.160000e-03 
-3.908000e-03 
-3.588000e-03 
-3.323000e-03 
-2.380000e-03 
-1.666000e-03 
-8.290000e-04 
-8.560000e-04 
-1.018000e-03 
-1.855000e-03 
-2.410000e-03 
-3.011000e-03 
-2.873000e-03 
-1.998000e-03 
-1.228000e-03 
-5.280000e-04 
7.920000e-04 
2.091000e-03 
2.878000e-03 
4.127000e-03 
5.088000e-03 
5.373000e-03 
5.440000e-03 
3.859000e-03 
3.078000e-03 
2.134000e-03 
4.680000e-04 
-3.910000e-04 
-9.880000e-04 
-2.240000e-03 
-2.728000e-03 
-2.154000e-03 
-1.436000e-03 
-6.790000e-04 
-1.770000e-04 
1.280000e-03 
2.201000e-03 
2.640000e-03 
3.132000e-03 
3.623000e-03 
3.480000e-03 
3.181000e-03 
2.956000e-03 
2.002000e-03 
1.883000e-03 
7.090000e-04 
-5.470000e-04 
-4.770000e-04 
-1.161000e-03 
-1.401000e-03 
-1.697000e-03 
-2.298000e-03 
-2.127000e-03 
-2.076000e-03 
-1.944000e-03 
-2.709000e-03 
-3.262000e-03 
-2.555000e-03 
-2.375000e-03 
-1.616000e-03 
-1.698000e-03 
-1.861000e-03 
-2.143000e-03 
-2.927000e-03 
-2.644000e-03 
-2.509000e-03 
-2.339000e-03 
-2.275000e-03 
-1.625000e-03 
-1.047000e-03 
2.650000e-04 
1.593000e-03 
2.040000e-03 
2.690000e-03 
3.989000e-03 
4.724000e-03 
5.280000e-03 
6.131000e-03 
6.988000e-03 
7.033000e-03 
6.980000e-03 
6.669000e-03 
6.213000e-03 
5.852000e-03 
5.434000e-03 
5.085000e-03 
4.689000e-03 
4.347000e-03 
3.961000e-03 
3.666000e-03 
3.263000e-03 
3.459000e-03 
3.917000e-03 
3.095000e-03 
2.001000e-03 
1.503000e-03 
9.000000e-04 
2.200000e-05 
-1.154000e-03 
-1.922000e-03 
-2.589000e-03 
-3.294000e-03 
-3.878000e-03 
-4.428000e-03 
-4.581000e-03 
-4.388000e-03 
-4.272000e-03 
-4.136000e-03 
-3.987000e-03 
-3.591000e-03 
-2.929000e-03 
-2.342000e-03 
-2.074000e-03 
-1.413000e-03 
-1.002000e-03 
-3.770000e-04 
-1.700000e-04 
-9.400000e-05 
-7.600000e-05 
-5.250000e-04 
-7.760000e-04 
-1.419000e-03 
-2.298000e-03 
-3.009000e-03 
-3.143000e-03 
-3.660000e-03 
-4.157000e-03 
-4.225000e-03 
-4.308000e-03 
-4.378000e-03 
-4.404000e-03 
-4.388000e-03 
-4.225000e-03 
-3.875000e-03 
-3.730000e-03 
-3.673000e-03 
-3.327000e-03 
-3.141000e-03 
-3.103000e-03 
-2.600000e-03 
-2.146000e-03 
-1.720000e-03 
-1.281000e-03 
-9.650000e-04 
-5.570000e-04 
-1.690000e-04 
1.670000e-04 
4.500000e-04 
7.530000e-04 
1.040000e-03 
1.075000e-03 
1.264000e-03 
1.498000e-03 
1.569000e-03 
1.581000e-03 
1.704000e-03 
1.785000e-03 
1.693000e-03 
1.689000e-03 
1.647000e-03 
1.579000e-03 
1.554000e-03 
1.428000e-03 
1.311000e-03 
1.249000e-03 
1.189000e-03 
1.091000e-03 
1.023000e-03 
9.690000e-04 
8.890000e-04 
8.460000e-04 
7.850000e-04 
7.130000e-04 
6.530000e-04 
6.050000e-04 
5.750000e-04 
5.480000e-04 
5.190000e-04 
5.040000e-04 
4.920000e-04 
4.620000e-04 
4.480000e-04 
4.260000e-04 
3.910000e-04 
3.620000e-04 
3.330000e-04 
3.060000e-04 
2.780000e-04 
2.580000e-04 
2.410000e-04 
2.160000e-04 
1.960000e-04 
1.840000e-04 
1.610000e-04 
1.410000e-04 
1.210000e-04 
9.900000e-05 
7.700000e-05 
6.000000e-05 
4.000000e-05 
2.300000e-05 
7.000000e-06 
-7.000000e-06 
-2.000000e-05 
-3.200000e-05 
-4.300000e-05 
-5.100000e-05 
-6.000000e-05 
-6.700000e-05 
-7.200000e-05 
-7.700000e-05 
-8.200000e-05 
-8.500000e-05 
-8.700000e-05 
-8.900000e-05 
-9.100000e-05 
-9.100000e-05 
-9.100000e-05 
-9.100000e-05 
-8.900000e-05 
-8.800000e-05 
-8.600000e-05 
-8.300000e-05 
-8.000000e-05 
-7.600000e-05 
-7.300000e-05 
-6.800000e-05 
-6.400000e-05 
-5.900000e-05 
-5.400000e-05 
-4.900000e-05 
-4.300000e-05 
