    -3.070    -1.800     -.570      .410      .960     1.170     1.040      .420
     -.520    -1.080     -.560      .710     1.540     1.100     -.090     -.880
     -.720      .110     1.160     2.100     2.420     1.670      .290     -.610
     -.600     -.460     -.830    -1.120     -.530      .600     1.300     1.480
     1.770     1.940     1.000    -1.020    -2.470    -2.010     -.360      .830
      .990      .780      .810     1.110     1.520     1.620      .720    -1.210
    -2.810    -2.560     -.690     1.120     1.990     2.600     3.400     3.410
     1.810     -.180     -.590      .710     1.780     1.200     -.340    -1.240
     -.920      .030      .960     1.690     2.190     2.390     2.320     1.960
     1.040     -.550    -2.160    -2.630    -1.400      .790     2.660     3.680
     4.130     4.050     2.830      .340    -1.980    -2.280     -.620      .760
      .180    -1.280    -1.350      .490     2.540     3.220     2.470      .960
     -.830    -2.070    -1.750     -.230      .610     -.080     -.530     1.110
     3.520     3.570      .710    -2.210    -2.840    -1.920    -1.010      .310
     2.910     5.220     4.630     1.580     -.390      .620     2.290     1.450
    -1.470    -3.540    -3.570    -3.040    -2.890    -1.810     1.200     4.490
     5.410     3.620     1.060     -.890    -2.540    -3.990    -3.960    -1.510
     1.920     3.660     2.900     1.510     1.600     3.080     4.130     3.430
     1.240    -1.290    -3.240    -3.970    -3.030     -.430     3.030     6.030
     7.580     7.610     6.540     4.510     1.410    -2.140    -4.400    -3.790
     -.730     2.550     4.400     5.020     5.100     4.130     1.300    -2.270
    -3.830    -2.230      .510     1.630     1.000      .860     2.530     4.700
     5.250     3.870     1.930      .290    -1.610    -4.400    -7.130    -7.700
    -4.850      .560     6.260    10.070    11.070     9.540     6.350     2.380
    -1.740    -5.330    -7.490    -7.320    -4.500      .350     5.790     9.760
    10.390     7.440     3.110      .340     -.270    -1.150    -3.990    -6.480
    -4.630     1.800     8.300    11.030    10.780     9.920     7.600     1.350
    -7.270   -12.520   -11.250    -6.560    -2.690      .580     5.240     8.920
     6.830     -.160    -4.480    -1.720     2.470      .040    -7.310    -9.300
    -1.340     7.970     7.550    -1.470    -7.210    -2.710     5.710     7.890
     3.070     -.970      .420     3.460     3.220     1.140     2.220     7.310
    11.800    11.630     7.710     3.600     1.020     -.940    -2.790    -2.630
     1.600     8.200    11.870     9.540     5.040     4.760     8.500     8.600
      .860    -7.820    -7.730     -.090     4.460     1.610     -.440     5.360
    12.060     7.590    -6.530   -15.110    -9.380     1.310     2.830    -4.890
    -9.500    -4.280     3.620     4.310    -2.040    -7.510    -7.860    -6.010
    -4.750    -1.910     4.690    10.960     9.940     1.410    -6.400    -6.540
    -1.630      .870     -.200     1.480     9.060    15.800    13.020     2.060
    -6.510    -5.390     2.150     8.560    11.170    11.740    10.160     3.960
    -5.500   -11.130    -7.360     2.570     9.540     8.400     2.930      .470
     3.150     5.800     2.450    -5.690   -10.130    -4.520     6.280     9.870
     1.110    -9.750    -8.460     4.730    14.240     8.730    -4.350    -8.950
    -1.060     8.210     9.130     5.090     4.640     8.400     9.750     5.840
     1.550     2.150     6.310     8.380     5.070    -1.850    -7.780    -8.870
    -4.540     2.010     6.060     4.920     -.350    -6.190    -9.190    -8.140
    -4.700    -2.000    -1.370    -1.000      .700     1.100    -3.920   -12.570
   -16.280    -9.130     4.030    12.290    10.970     5.380     2.310     1.850
      .100    -2.910    -2.420     3.470     9.160     7.360    -1.170    -6.870
    -2.090     9.130    14.790     8.660    -2.730    -8.270    -4.880     1.210
     4.400     6.120     9.500    11.760     6.830    -4.810   -13.770   -11.820
    -2.180     4.050     1.730    -2.110     1.460     9.460     9.300    -4.040
   -18.610   -18.360    -2.860    12.410    15.310     9.450     4.680     2.750
     -.740    -4.960    -3.900     2.450     5.880     1.810    -3.870    -4.180
    -1.350    -1.770    -5.160    -5.930    -3.330    -2.890    -7.630   -14.460
   -19.800   -22.670   -21.020   -11.880     1.570     9.640     7.630     2.130
      .220    -1.830   -10.890   -22.100   -23.050   -12.930    -6.430   -13.830
   -26.350   -28.290   -17.330    -4.280     3.240     7.280    10.420     9.530
     1.590   -10.640   -22.150   -30.010   -31.040   -20.890    -1.050    16.720
    19.960     9.170    -3.380    -8.500    -8.230    -8.510    -9.990   -10.010
    -9.330   -11.410   -16.480   -21.110   -23.490   -25.470   -28.620   -31.520
   -31.750   -28.380   -22.070   -15.600   -13.810   -18.760   -23.440   -15.710
     7.300    32.140    41.990    34.730    22.140    12.620     2.190   -14.520
   -32.090   -39.510   -34.810   -27.830   -28.240   -35.320   -41.190   -41.170
   -38.600   -39.960   -46.610   -52.240   -49.500   -39.260   -31.230   -33.950
   -45.250   -54.930   -56.060   -50.870   -45.610   -42.500   -38.180   -28.640
   -14.100      .620     9.960    12.120     9.470     4.110    -5.760   -22.750
   -44.060   -61.230   -66.770   -59.160   -41.430   -18.210     4.730    22.150
    33.790    44.460    56.460    64.430    61.730    50.130    37.720    27.760
    16.010     1.270    -7.740    -1.330    17.950    36.420    43.010    37.250
    24.020     6.200   -14.020   -30.840   -37.680   -34.390   -27.100   -19.740
    -9.990     2.990    11.200     5.360   -10.280   -19.050   -13.190    -8.290
   -26.950   -68.450  -104.340  -108.690   -85.970   -62.070   -52.950   -52.000
   -47.780   -42.620   -46.790   -60.560   -71.570   -70.290   -61.250   -56.110
   -59.130   -63.060   -58.860   -46.960   -37.920   -41.740   -56.080   -65.610
   -54.830   -22.840    14.860    39.360    42.970    31.660    15.230    -2.610
   -24.260   -50.130   -72.870   -81.580   -72.010   -50.550   -26.690    -3.500
    21.520    47.550    68.040    79.240    86.040    94.290   100.300    95.060
    78.810    65.220    67.830    86.400   109.350   125.950   132.260   129.010
   119.910   112.000   112.190   121.590   135.440   149.170   161.550   171.780
   177.330   176.720   171.670   164.270   154.140   140.360   124.590   110.530
   101.430    99.260   104.310   114.130   124.940   135.470   146.920   157.840
   163.220   161.720   159.030   158.160   150.570   126.150    91.230    66.660
    64.540    75.140    81.860    81.610    82.540    87.110    87.680    78.120
    61.050    41.960    23.350     7.450    -1.520    -2.480    -1.810    -8.320
   -25.440   -50.570   -79.820  -109.730  -135.740  -152.870  -159.330  -157.740
  -151.910  -143.490  -132.760  -122.130  -117.100  -121.210  -129.960  -132.830
  -124.310  -110.700  -101.830   -97.520   -88.170   -69.010   -46.320   -26.110
    -4.340    23.780    49.810    57.500    42.000    14.740   -12.470   -39.450
   -69.540   -97.240  -111.650  -109.060   -95.500   -78.220   -60.300   -42.800
   -26.210    -9.490     7.080    16.960    10.770   -12.320   -40.900   -62.220
   -73.750   -80.590   -84.910   -83.260   -73.640   -59.330   -44.430   -29.650
   -15.030    -3.490     1.950     2.920     3.980     6.020     4.620    -3.530
   -14.790   -21.200   -18.150    -8.030     3.150    11.170    15.730    18.830
    22.650    28.340    36.260    46.830    60.460    75.270    84.830    80.220
    57.350    23.220    -6.720   -19.760   -15.590    -4.500     3.770     8.330
    14.290    23.500    30.830    30.130    21.950    14.070    15.260    29.630
    55.100    84.170   105.910   110.820    97.060    71.740    44.870    22.770
     7.890     2.560     9.030    25.820    47.350    68.310    86.090    98.220
   101.220    95.240    87.500    86.670    93.620   100.650    99.990    90.100
    73.760    54.340    36.050    23.610    17.190     9.140    -9.690   -39.940
   -72.250   -95.340  -102.630   -92.370   -67.220   -36.830   -16.170   -15.410
   -31.120   -50.540   -64.450   -73.320   -81.880   -92.040  -102.570  -112.380
  -121.250  -128.980  -136.200  -144.880  -155.620  -164.930  -167.280  -159.190
  -139.580  -107.540   -63.760   -15.070    26.390    51.700    61.730    63.790
    63.640    63.550    65.870    73.250    83.960    90.840    88.050    77.730
    67.890    64.930    70.010    81.200    96.080   111.750   124.970   132.810
   131.110   112.010    67.430    -1.260   -78.200  -141.460  -177.850  -188.430
  -181.250  -162.640  -136.720  -109.060   -86.700   -74.390   -72.960   -80.790
   -94.870  -110.620  -122.720  -127.860  -126.280  -121.270  -117.570  -119.220
  -126.520  -134.620  -137.110  -132.210  -123.900  -116.480  -109.750  -100.810
   -88.100   -70.860   -46.120   -10.790    32.170    73.360   105.100   128.230
   148.240   166.670   179.860   186.260   190.600   198.240   207.160   209.020
   198.580   180.040   162.980   152.630   145.200   132.240   108.940    77.930
    46.220    19.580      .100   -12.460   -18.720   -19.390   -15.450    -7.270
     5.810    23.810    43.880    60.890    70.250    69.760    59.190    40.210
    17.720     -.410    -7.460    -2.550     9.130    20.440    25.970    23.180
    12.970      .340    -7.070    -4.160     7.430    20.520    27.790    25.580
    13.650    -6.400   -31.560   -57.580   -80.990  -100.690  -116.610  -126.650
  -126.530  -114.100   -93.430   -73.170   -60.030   -53.910   -49.970   -45.080
   -41.430   -43.540   -52.720   -65.680   -78.580   -91.080  -105.020  -120.310
  -133.830  -142.870  -148.340  -153.150  -158.310  -161.630  -160.040  -151.930
  -137.610  -119.450  -101.890   -89.550   -83.690   -81.050   -77.530   -72.250
   -67.090   -62.890   -58.070   -51.210   -43.490   -37.700   -35.810   -38.250
   -44.330   -52.050   -58.020   -58.860   -53.460   -43.450   -31.570   -19.650
    -8.160     3.180    14.590    25.870    36.640    46.580    55.350    62.110
    65.850    66.520    65.850    66.340    69.310    73.540    75.980    74.220
    68.870    63.280    59.420    54.200    41.730    21.130      .840    -7.820
    -1.880    10.220    17.840    18.470    17.850    21.470    28.410    33.120
    30.880    21.060     6.970    -6.240   -14.140   -15.220   -10.910    -3.450
     5.640    15.330    24.660    33.560    43.560    56.010    69.920    82.600
    92.780   101.310   108.140   110.450   105.630    95.420    84.820    76.610
    68.930    59.380    49.850    45.720    50.690    63.860    80.970    97.020
   107.940   111.870   109.830   104.240    96.240    85.400    72.240    59.780
    51.460    48.330    48.930    50.660    49.970    42.220    24.010    -3.490
   -34.400   -61.590   -80.370   -89.210   -88.620   -79.840   -64.270   -43.840
   -22.070    -3.520     9.450    19.490    31.920    48.190    63.240    70.340
    67.580    58.420    47.280    37.110    30.690    30.710    36.730    43.890
    46.610    43.280    35.930    26.160    13.300    -3.390   -22.420   -40.770
   -55.670   -65.210   -68.700   -68.060   -67.720   -70.820   -75.090   -74.720
   -67.550   -58.740   -55.220   -57.510   -59.540   -56.680   -51.530   -49.970
   -53.700   -58.690   -60.200   -56.670   -48.920   -38.360   -27.540   -20.350
   -19.320   -22.930   -27.080   -29.280   -30.030   -30.280   -29.520   -27.120
   -24.150   -22.390   -21.780   -20.320   -16.440   -10.730    -5.270    -1.840
    -1.110    -2.560    -4.780    -6.590    -8.800   -14.460   -26.110   -42.030
   -55.280   -57.520   -44.520   -18.990    11.100    37.180    54.320    62.740
    65.910    66.740    64.850    57.210    41.660    19.930    -2.680   -20.660
   -31.360   -35.370   -34.620   -30.410   -23.030   -12.600     -.270    11.240
    18.300    18.550    12.780     4.430    -3.280    -9.600   -15.280   -19.670
   -19.560   -11.040     7.230    32.360    58.150    77.520    84.970    77.750
    56.020    23.000   -14.430   -46.290   -63.320   -62.320   -48.100   -29.500
   -13.370    -2.170     4.050     5.510     3.050    -1.070    -4.350    -6.180
    -8.010   -11.460   -16.780   -22.840   -27.970   -30.470   -29.210   -24.550
   -18.670   -14.200   -12.200   -11.280    -8.840    -3.180     5.430    15.160
    23.650    28.370    27.020    18.700     5.340    -8.500   -18.110   -21.020
   -17.410    -9.210      .350     7.020     7.720     3.080    -3.130    -7.960
   -11.740   -15.570   -17.710   -14.850    -7.060      .560     2.760     -.110
    -2.420     1.150    10.990    22.910    31.820    34.910    32.330    25.720
    16.350     5.430    -3.860    -6.050     2.750    20.140    38.200    49.730
    53.010    50.020    41.770    27.640     8.930    -9.320   -21.430   -25.120
   -22.180   -15.860    -8.690    -2.080     3.260     6.890     8.380     7.270
     3.670    -1.450    -6.880   -11.800   -15.400   -16.170   -12.780    -5.650
     3.080    11.640    19.530    25.860    27.790    22.780    12.620     3.730
     2.070     8.070    17.150    24.540    28.690    30.260    29.590    26.610
    22.600    20.670    23.500    31.190    41.290    50.870    58.230    63.130
    66.180    68.470    71.040    74.150    76.770    77.040    73.700    67.040
    58.500    49.780    42.510    38.300    38.170    41.710    47.030    51.930
    54.960    55.510    53.580    49.950    46.020    42.630    38.870    32.900
    23.840    12.400     -.220   -12.740   -22.910   -27.460   -24.930   -18.070
   -12.210   -10.730   -12.700   -14.990   -15.420   -13.560    -9.670    -4.640
     -.500      .330    -2.740    -7.520   -10.550    -9.500    -4.620     1.520
     5.280     4.070    -1.550    -7.900   -10.800    -8.930    -4.550    -1.050
      .120     -.160     -.880    -2.850    -7.850   -16.020   -24.710   -30.550
   -32.280   -31.290   -29.700   -28.380   -27.050   -25.580   -24.530   -24.690
   -26.140   -27.920   -28.560   -26.960   -22.800   -16.160    -7.140     3.460
    13.520    20.520    23.660    24.320    23.680    20.580    13.160     2.430
    -7.110   -11.380   -10.660    -8.760    -8.720   -10.080   -10.640    -9.800
    -9.510   -12.120   -17.790   -24.450   -29.830   -33.310   -35.640   -37.280
   -37.550   -35.540   -31.600   -27.560   -25.430   -25.830   -27.780   -29.710
   -30.620   -30.540   -30.300   -30.770   -32.180   -33.610   -33.120   -29.060
   -21.590   -13.120    -6.820    -4.360    -4.840    -5.770    -5.020    -2.000
     2.200     5.590     6.450     4.530     1.540      .270     2.750     8.960
    16.870    23.820    28.040    29.340    28.370    25.110    18.550     8.230
    -3.700   -12.700   -14.840    -9.890    -1.410     6.140    10.270    10.730
     8.140     3.240    -2.730    -7.960   -11.020   -11.670   -10.500    -7.860
    -3.710     1.150     4.460     3.750    -1.160    -7.470   -11.250   -10.510
    -6.210     -.970     2.940     4.300     3.030      .410     -.890     1.450
     7.030    12.580    14.860    13.740    11.840    11.460    12.620    13.950
    14.430    13.870    12.310    10.110     8.230     7.790     9.060    11.000
    11.840     9.780     3.570    -6.580   -18.240   -27.850   -33.370   -35.820
   -37.660   -39.760   -40.500   -37.900   -31.990   -25.040   -19.800   -17.920
   -19.540   -23.640   -28.630   -33.250   -37.240   -41.240   -45.750   -50.250
   -53.340   -53.660   -50.360   -42.630   -29.530   -11.020    10.510    30.450
    44.450    51.140    52.430    51.250    49.490    47.820    46.350    44.430
    40.170    31.400    18.190     4.170    -5.360    -6.910     -.790     9.820
    20.930    29.660    34.960    37.480    38.310    37.780    35.630    32.240
    29.060    27.310    26.790    26.460    26.110    26.480    27.880    29.360
    29.860    29.430    28.840    28.290    27.100    24.550    20.350    14.320
     6.210    -3.840   -14.880   -25.320   -33.650   -39.120   -42.030   -43.510
   -44.510   -44.880   -43.550   -39.810   -34.040   -27.080   -19.290   -10.840
    -2.830     2.640     3.940     1.390    -2.920    -6.710    -8.760    -9.090
    -8.180    -6.240    -3.220      .730     4.830     7.940     9.120     8.040
     5.120     1.400    -1.970    -4.420    -6.260    -8.130   -10.180   -12.190
   -14.560   -18.530   -25.010   -33.230   -41.090   -46.630   -49.110   -48.780
   -46.220   -42.060   -36.870   -30.910   -24.010   -16.340    -9.200    -4.840
    -5.120   -10.060   -17.790   -25.970   -33.190   -39.120   -43.580   -46.100
   -46.230   -44.120   -40.100   -34.190   -26.300   -17.010    -7.850     -.640
     3.390     4.050     2.060    -1.570    -6.230   -11.900   -18.320   -23.990
   -26.660   -25.180   -20.360   -13.910    -6.920      .120     6.500    11.260
    14.090    15.290    14.970    12.890     9.490     6.470     5.510     6.760
     9.100    11.610    14.340    17.640    21.300    24.580    26.680    27.130
    26.070    24.430    23.580    24.310    25.930    26.470    23.820    17.030
     6.750    -4.870   -15.190   -22.300   -25.880   -27.110   -27.460   -27.640
   -27.470   -26.650   -25.250   -23.370   -20.730   -16.900   -12.280    -8.180
    -5.770    -5.020    -4.970    -5.040    -5.450    -6.430    -7.490    -7.810
    -6.970    -4.980    -1.800     2.530     7.080     9.960     9.380     4.880
    -2.300   -10.120   -16.800   -21.460   -24.060   -25.020   -24.670   -23.050
   -20.110   -16.060   -11.500    -7.290    -4.370    -3.400    -4.400    -6.460
    -8.090    -8.160    -6.860    -5.420    -4.620    -3.720    -1.170     3.370
     8.220    11.290    12.240    12.470    13.170    14.010    13.990    12.810
    10.820     8.240     5.130     2.070     -.030     -.810     -.640      .500
     3.310     8.120    13.860    18.640    21.430    22.360    21.980    20.680
    18.980    17.860    18.090    19.550    21.380    22.720    23.180    22.830
    22.050    21.470    21.820    23.540    26.320    29.110    30.630    30.100
    27.450    23.060    17.430    11.360     5.900     1.680    -1.760    -5.430
    -9.480   -12.680   -13.570   -11.750    -7.810    -2.450     3.520     8.380
     9.810     6.580     -.160    -7.650   -13.540   -17.080   -18.900   -20.040
   -21.220   -22.350   -22.650   -21.250   -18.020   -13.530    -8.290    -2.410
     3.970    10.260    15.700    19.730    21.620    20.270    15.180     7.790
     1.300    -1.790    -1.730     -.880    -1.080    -2.140    -2.670    -1.900
     -.330     1.190     2.390     3.690     5.460     7.310     8.230     7.620
     6.230     5.660     6.910     9.610    12.780    16.120    19.730    23.110
    25.100    25.050    23.450    20.990    17.570    12.930     7.960     4.670
     4.240     5.780     7.030     6.080     2.200    -4.410   -12.850   -21.400
   -27.930   -31.060   -31.010   -29.250   -27.120   -24.860   -21.900   -17.890
   -13.560   -10.520   -10.320   -13.200   -17.790   -21.810   -23.570   -23.090
   -21.670   -20.520   -19.650   -18.280   -16.110   -13.700   -11.710   -10.000
    -7.860    -4.890    -1.270     2.560     6.090     8.740     9.990     9.740
     8.320     6.180     3.660     1.090    -1.250    -3.320    -5.130    -6.200
    -5.610    -3.060      .530     3.800     6.110     7.480     7.570     5.790
     2.380    -1.120    -3.320    -4.460    -5.860    -8.080   -10.120   -10.580
    -9.110    -6.520    -3.900    -1.770      .030     1.890     3.930     5.680
     6.480     6.180     5.320     4.530     3.850     2.950     2.150     2.580
     5.140     9.290    13.440    16.330    17.900    18.610    18.530    17.450
    15.710    14.080    12.820    11.450     9.690     8.160     7.450     6.980
     5.490     2.710     -.050    -1.460    -1.490     -.940      .170     2.810
     7.490    13.080    17.530    19.680    19.970    19.370    18.010    15.090
    10.130     3.960    -1.590    -4.920    -5.460    -3.710     -.760     2.300
     4.950     7.400     9.920    12.160    13.230    12.750    11.380    10.050
     9.180     8.820     9.430    11.740    15.790    20.650    25.240    29.050
    31.890    33.440    33.610    33.120    33.110    33.980    35.050    35.420
    34.820    33.490    31.660    29.450    27.290    25.920    25.770    26.640
    28.090    30.190    33.440    37.860    42.370    45.530    46.690    46.380
    45.450    44.350    43.280    42.630    42.720    43.190    43.120    41.770
    38.940    34.800    29.870    25.120    21.590    19.410    17.830    16.350
    15.400    15.570    16.460    16.940    16.280    14.530    11.720     7.540
     2.030    -4.020    -9.700   -14.750   -19.090   -22.150   -23.230   -22.500
   -20.940   -19.270   -17.500   -15.530   -13.870   -13.060   -12.930   -12.890
   -12.940   -13.680   -15.160   -16.350   -16.020   -14.100   -11.640    -9.490
    -7.630    -5.710    -3.910    -2.830    -2.760    -3.440    -4.590    -6.200
    -8.440   -11.270   -14.380   -17.220   -19.270   -20.400   -21.130   -21.980
   -22.560   -21.600   -18.450   -14.250   -11.010    -9.600    -8.940    -7.550
    -5.210    -2.890    -1.230      .170     1.970     4.050     5.450     5.360
     3.800     1.530     -.770    -3.010    -5.380    -7.710    -9.290    -9.560
    -8.900    -8.360    -8.670    -9.710   -10.990   -12.300   -13.700   -15.220
   -16.760   -18.190   -19.180   -19.070   -17.430   -14.750   -12.340   -11.210
   -11.470   -12.730   -14.760   -17.270   -19.450   -20.310   -19.630   -18.130
   -16.580   -14.970   -12.930   -10.350    -7.500    -4.600    -1.790      .440
     1.340      .640     -.980    -2.490    -3.380    -3.900    -4.560    -5.650
    -7.080    -8.580    -9.830   -10.570   -10.690   -10.210    -9.150    -7.670
    -6.210    -5.470    -5.790    -6.710    -7.020    -5.710    -2.920      .110
     2.040     2.470     1.990     1.390      .910      .510      .540     1.750
     4.400     7.700    10.240    11.170    10.800     9.890     8.670     6.700
     3.700      .250    -2.710    -4.920    -7.000    -9.360   -11.490   -12.450
   -12.090   -11.160   -10.220    -9.030    -7.200    -5.060    -3.370    -2.380
    -1.640     -.890     -.450     -.670    -1.400    -2.410    -4.100    -6.910
   -10.330   -12.970   -13.960   -13.780   -13.540   -13.540   -13.310   -12.740
   -12.600   -13.560   -15.180   -16.340   -16.500   -16.090   -15.620   -14.800
   -13.010   -10.290    -7.700    -6.480    -7.080    -9.020   -11.450   -13.630
   -15.130   -15.830   -15.940   -15.910   -16.240   -17.230   -18.790   -20.460
   -21.690   -22.280   -22.490   -22.760   -23.250   -23.810   -24.170   -24.140
   -23.530   -22.230   -20.230   -17.750   -15.160   -12.950   -11.680   -11.710
   -12.800   -14.030   -14.330   -13.390   -11.810   -10.520    -9.920    -9.750
    -9.560    -9.100    -8.210    -6.580    -3.990     -.820     1.880     3.240
     3.470     3.800     5.240     7.740    10.570    13.280    16.050    18.990
    21.610    23.230    23.590    22.990    21.750    20.000    17.980    16.170
    14.800    13.390    11.100     7.660     3.840      .840     -.830    -1.750
    -2.880    -4.680    -6.850    -9.000   -11.160   -13.450   -15.490   -16.480
   -16.150   -15.260   -14.700   -14.240   -12.820   -10.110    -7.360    -6.080
    -6.380    -7.160    -7.730    -8.440    -9.550   -10.380   -10.110    -8.990
    -8.040    -7.730    -7.570    -7.010    -6.110    -5.210    -4.460    -4.040
    -4.180    -4.680    -4.590    -2.940      .190     3.610     6.090     7.230
     7.370     7.070     6.900     7.240     8.070     8.920     9.160     8.400
     6.640     4.210     1.580     -.960    -3.480    -6.270    -9.070   -10.890
   -10.670    -8.390    -5.330    -3.070    -2.270    -2.360    -2.210    -1.090
     1.030     3.600     6.060     8.180    10.200    12.260    14.010    14.800
    14.470    13.820    13.890    14.790    15.580    15.150    13.340    10.840
     8.540     6.960     6.130     5.620     4.770     3.310     1.660      .400
     -.610    -1.950    -3.490    -4.080    -2.680      .280     3.280     5.190
     5.880     5.680     4.700     3.100     1.460      .360     -.400    -1.700
    -4.090    -6.950    -8.860    -8.830    -7.120    -4.850    -3.080    -2.100
    -1.690    -1.580    -1.790    -2.580    -4.060    -6.000    -7.850    -9.150
    -9.810    -9.910    -9.410    -8.180    -6.440    -4.870    -3.960    -3.430
    -2.630    -1.520     -.860    -1.500    -3.480    -5.990    -7.960    -8.610
    -7.660    -5.280    -1.830     2.410     7.100    11.430    14.340    15.360
    15.020    14.330    13.670    12.820    11.670    10.700    10.550    11.280
    12.380    13.230    13.460    13.130    12.760    12.880    13.540    14.070
    13.710    12.360    10.670     9.210     7.990     6.760     5.630     5.100
     5.440     6.300     7.150     7.890     8.760     9.700    10.180     9.890
     9.330     9.280     9.980    11.030    12.220    13.820    15.850    17.630
    18.290    17.820    16.930    16.030    14.820    12.980    10.860     9.290
     8.680     8.790     9.190     9.750    10.610    11.780    12.860    13.130
    12.140    10.300     8.530     7.540     7.190     7.070     7.110     7.570
     8.270     8.450     7.600     6.310     5.780     6.430     7.280     6.860
     4.660     1.580     -.860    -1.740    -1.130      .250     1.520     2.090
     1.940     1.830     2.700     4.680     6.750     7.720     7.490     6.940
     6.760     6.500     5.220     2.600     -.820    -4.310    -7.540   -10.370
   -12.450   -13.360   -13.030   -11.930   -10.690    -9.580    -8.420    -6.870
    -4.770    -2.270      .310     2.540     4.040     4.710     4.950     5.400
     6.400     7.490     7.720     6.390     3.610      .320    -2.280    -3.420
    -3.070    -1.730     -.030     1.400     1.970     1.270     -.410    -2.050
    -2.660    -2.290    -1.800    -1.870    -2.280    -2.490    -2.410    -2.360
    -2.300    -1.620      .200     2.940     5.760     7.770     8.530     8.070
     6.880     5.600     4.800     4.550     4.560     4.470     4.180     3.770
     3.270     2.550     1.580      .590     -.130     -.470     -.580     -.670
     -.840    -1.130    -1.500    -1.820    -1.980    -2.220    -2.900    -3.850
    -4.230    -3.370    -1.800     -.910    -1.460    -2.790    -3.810    -4.350
    -4.990    -5.710    -5.510    -3.640     -.780     1.600     2.690     2.700
     1.880     -.090    -3.350    -7.020    -9.720   -10.820   -10.840   -10.540
    -9.980    -8.780    -6.840    -4.530    -2.280     -.270     1.320     2.190
     2.070     1.020     -.590    -2.260    -3.480    -3.890    -3.550    -2.900
    -2.440    -2.100    -1.350      .270     2.610     4.980     6.680     7.380
     7.310     7.010     7.000     7.450     8.080     8.540     8.760     8.890
     9.000     8.900     8.440     7.760     7.090     6.430     5.470     4.020
     2.470     1.580     1.840     3.050     4.450     5.300     5.390     5.000
     4.480     3.890     3.040     1.920      .900      .460      .650      .920
      .610     -.420    -1.600    -2.240    -2.150    -1.760    -1.580    -1.740
    -2.060    -2.360    -2.610    -2.830    -2.990    -3.040    -2.890    -2.420
    -1.760    -1.470    -2.280    -4.390    -7.220    -9.920   -12.090   -13.810
   -14.960   -14.970   -13.530   -11.290    -9.560    -9.160    -9.700   -10.300
   -10.570   -10.820   -11.370   -12.030   -12.410   -12.490   -12.560   -12.710
   -12.700   -12.340   -11.740   -11.180   -10.780   -10.560   -10.470   -10.320
    -9.710    -8.500    -7.040    -5.900    -5.170    -4.290    -2.740     -.600
     1.520     3.120     4.110     4.660     4.910     4.740     3.710     1.390
    -1.940    -5.090    -6.700    -6.380    -4.950    -3.470    -2.360    -1.480
     -.950    -1.320    -2.880    -5.090    -6.860    -7.470    -6.960    -5.720
    -3.940    -1.690      .650     2.330     2.810     2.410     2.060     2.510
     3.820     5.550     7.260     8.800    10.220    11.530    12.490    12.690
    11.830    10.200     8.510     7.200     6.000     4.230     1.590    -1.580
    -4.710    -7.410    -9.440   -10.690   -11.200   -11.220   -10.950   -10.330
    -9.350    -8.330    -7.660    -7.400    -7.340    -7.490    -8.110    -9.090
    -9.620    -8.950    -7.320    -5.830    -5.300    -5.490    -5.660    -5.400
    -4.810    -4.090    -3.240    -2.440    -2.180    -2.870    -4.250    -5.470
    -5.770    -5.160    -4.170    -3.220    -2.250    -1.130     -.100      .450
      .520      .590      .910     1.160      .880      .060     -.890    -1.610
    -2.090    -2.430    -2.620    -2.660    -2.650    -2.690    -2.720    -2.520
    -1.880     -.570     1.540     4.310     7.160     9.390    10.550    10.620
     9.810     8.450     7.010     6.050     5.920     6.390     6.810     6.680
     6.060     5.330     4.820     4.690     5.090     6.070     7.270     8.070
     8.140     7.870     7.900     8.370     8.830     8.780     8.190     7.370
     6.660     6.430     7.010     8.280     9.490     9.760     9.080     8.410
     8.540     9.180     9.310     8.440     7.040     5.910     5.390     5.250
     5.080     4.570     3.600     2.300      .850     -.750    -2.600    -4.530
    -6.100    -7.130    -7.960    -8.890    -9.430    -8.860    -7.490    -6.630
    -7.100    -8.050    -8.010    -6.750    -5.330    -4.490    -3.670    -1.940
      .520     2.600     3.740     4.550     6.100     8.720    11.750    14.180
    15.350    15.280    14.460    13.420    12.370    11.310    10.300     9.590
     9.340     9.360     9.130     8.220     6.620     4.670     2.760     1.120
     -.210    -1.150    -1.550    -1.330     -.720     -.180     -.060     -.210
     -.190      .240      .760      .760      .060     -.950    -1.760    -2.310
    -2.940    -3.770    -4.580    -5.230    -6.070    -7.560    -9.500   -11.060
   -11.640   -11.550   -11.640   -12.350   -13.290   -13.780   -13.560   -12.900
   -12.120   -11.290   -10.380    -9.480    -8.610    -7.430    -5.600    -3.360
    -1.590     -.960    -1.130    -1.200     -.810     -.410     -.560    -1.190
    -1.800    -1.950    -1.390     -.030     1.840     3.450     4.130     4.060
     3.870     3.660     2.900     1.380     -.120     -.700     -.420     -.140
     -.300     -.560     -.530     -.540    -1.280    -2.870    -4.570    -5.510
    -5.380    -4.450    -3.110    -1.660     -.330      .550      .720      .280
     -.330     -.760     -.990    -1.120    -1.130     -.950     -.840    -1.200
    -1.870    -2.100    -1.310      .110     1.110     1.110      .440     -.330
    -1.140    -2.180    -3.360    -4.160    -4.420    -4.620    -5.460    -7.070
    -8.840    -9.960   -10.080    -9.400    -8.420    -7.570    -7.070    -7.010
    -7.400    -8.120    -8.850    -9.150    -8.730    -7.680    -6.290    -4.890
    -3.700    -2.760    -1.920     -.930      .280     1.340     1.790     1.690
     1.600     1.960     2.500     2.600     2.050     1.260      .740      .550
      .190     -.860    -2.760    -5.060    -7.000    -7.990    -7.990    -7.430
    -6.740    -5.930    -4.740    -3.060    -1.070      .880     2.650     4.320
     5.990     7.540     8.700     9.260     9.230     8.720     7.880     6.920
     6.170     5.840     5.770     5.470     4.640     3.390     1.990      .590
     -.620    -1.270    -1.070     -.360      .030     -.270     -.770     -.750
     -.200      .290      .430      .600     1.210     2.070     2.810     3.560
     4.890     6.910     8.930    10.230    10.750    10.710     9.940     8.040
     5.300     2.850     1.670     1.610     1.780     1.610     1.320     1.400
     2.000     2.950     3.980     4.860     5.360     5.430     5.160     4.590
     3.710     2.690     1.910     1.650     1.840     2.310     3.170     4.470
     5.690     6.040     5.300     4.260     3.690     3.500     3.050     2.310
     2.200     3.380     5.280     6.540     6.510     5.910     5.800     6.340
     6.760     6.530     6.120     6.420     7.500     8.400     8.150     6.910
     5.780     5.660     6.260     6.410     5.270     3.120     1.040     -.310
    -1.310    -2.610    -4.100    -4.850    -4.260    -2.820    -1.540     -.840
     -.400     -.050     -.290    -1.660    -3.940    -6.330    -8.270    -9.790
   -11.020   -11.770   -11.810   -11.200   -10.150    -8.570    -6.240    -3.460
    -1.140     -.050      .040      .030      .460     1.110     1.530     1.730
     2.070     2.680     3.380     4.030     4.680     5.110     4.750     3.260
     1.090     -.820    -1.810    -1.910    -1.330     -.320      .750     1.230
      .890      .310      .530     1.970     4.090     5.990     7.300     8.220
     9.060     9.790    10.180    10.060     9.440     8.530     7.600     6.810
     6.150     5.540     5.010     4.590     4.110     3.200     1.740      .060
    -1.510    -3.120    -5.050    -6.990    -8.030    -7.670    -6.510    -5.640
    -5.380    -5.080    -4.160    -3.030    -2.580    -3.130    -4.260    -5.380
    -6.290    -6.900    -7.030    -6.630    -6.110    -6.020    -6.490    -7.240
    -8.040    -8.890    -9.710   -10.150    -9.960    -9.400    -8.930    -8.630
    -8.130    -7.290    -6.440    -5.980    -5.830    -5.600    -4.960    -3.870
    -2.340     -.600      .870     1.630     1.780     1.890     2.260     2.560
     2.480     2.300     2.570     3.380     4.430     5.650     7.270     9.130
    10.470    10.630     9.740     8.560     7.760     7.670     8.430     9.940
    11.660    12.860    13.200    12.950    12.510    12.080    11.760    11.790
    12.250    12.900    13.310    13.340    13.020    12.340    11.170     9.720
     8.480     7.740     7.330     6.980     6.640     6.400     6.070     5.430
     4.720     4.440     4.640     4.750     4.360     3.870     4.000     4.720
     5.100     4.360     2.640      .590    -1.480    -3.760    -6.350    -8.800
   -10.400   -10.890   -10.630   -10.270   -10.170   -10.260   -10.310   -10.130
    -9.780    -9.410    -9.330    -9.820   -10.810   -11.690   -11.690   -10.710
    -9.410    -8.520    -8.070    -7.540    -6.620    -5.530    -4.490    -3.460
    -2.310    -1.210     -.360      .300      .840     1.040      .610     -.230
     -.820     -.880     -.860    -1.250    -1.910    -2.320    -2.380    -2.460
    -2.660    -2.510    -1.600     -.170     1.230     2.430     3.560     4.390
     4.280     2.930      .850    -1.120    -2.750    -4.510    -6.640    -8.720
   -10.140   -10.980   -11.960   -13.430   -14.880   -15.530   -15.350   -15.010
   -14.960   -14.950   -14.550   -13.840   -13.150   -12.390   -11.140    -9.310
    -7.360    -5.730    -4.300    -2.730    -1.030      .480     1.590     2.480
     3.360     4.210     4.740     4.640     3.820     2.660     1.760     1.420
     1.390     1.300     1.330     1.920     3.000     3.880     4.120     4.140
     4.490     5.090     5.340     5.120     4.930     4.990     4.800     3.670
     1.660     -.600    -2.670    -4.580    -6.420    -7.900    -8.580    -8.370
    -7.590    -6.780    -6.390    -6.600    -7.150    -7.510    -7.310    -6.550
    -5.480    -4.280    -2.960    -1.620     -.510      .300     1.100     2.220
     3.620     4.860     5.530     5.560     5.120     4.440     3.750     3.330
     3.410     3.940     4.550     4.960     5.210     5.530     6.000     6.360
     6.290     5.730     4.840     3.830     2.890     2.360     2.620     3.600
     4.560     4.650     3.720     2.410     1.350      .500     -.490    -1.550
    -2.100    -1.820    -1.100     -.560     -.440     -.530     -.560     -.490
     -.480     -.730    -1.340    -2.210    -3.020    -3.500    -3.580    -3.290
    -2.520    -1.250      .150     1.140     1.660     2.190     3.010     3.750
     3.840     3.280     2.540     1.830      .850     -.560    -1.890    -2.370
    -1.830     -.880     -.240     -.120     -.290     -.630    -1.120    -1.530
    -1.210      .310     2.690     4.930     6.280     6.930     7.470     8.050
     8.140     7.320     5.770     4.070     2.600     1.450      .730      .610
     1.100     1.970     2.900     3.600     3.940     3.860     3.440     2.740
     1.890     1.100      .750      .990     1.450     1.530     1.040      .430
      .270      .630     1.220     1.870     2.660     3.430     3.700     3.230
     2.400     1.900     1.930     2.040     1.840     1.520     1.650     2.360
     3.210     3.700     3.810     3.780     3.590     2.990     1.970      .990
      .540      .510      .340     -.360    -1.490    -2.600    -3.370    -3.770
    -3.950    -4.080    -4.260    -4.350    -4.160    -3.660    -3.100    -2.750
    -2.650    -2.560    -2.170    -1.250      .170     1.660     2.500     2.150
      .750    -1.050    -2.780    -4.380    -5.930    -7.330    -8.420    -9.330
   -10.200   -10.850   -10.850   -10.220    -9.640    -9.820   -10.670   -11.500
   -11.750   -11.450   -10.850    -9.860    -8.120    -5.580    -2.830     -.640
      .720     1.600     2.430     3.250     3.810     3.990     4.060     4.270
     4.520     4.510     4.130     3.620     3.130     2.550     1.640      .470
     -.540    -1.010     -.950     -.660     -.460     -.460     -.730    -1.390
    -2.500    -3.770    -4.630    -4.700    -4.120    -3.370    -2.740    -2.090
    -1.330     -.860    -1.230    -2.480    -3.910    -4.770    -4.970    -4.980
    -5.100    -5.090    -4.620    -3.800    -3.160    -2.930    -2.760    -2.220
    -1.440    -1.040    -1.430    -2.290    -2.950    -3.070    -2.900    -2.860
    -3.200    -3.850    -4.570    -5.020    -4.860    -4.130    -3.230    -2.610
    -2.310    -2.050    -1.680    -1.320     -.990     -.470      .370     1.270
     1.920     2.370     2.910     3.620     4.230     4.470     4.360     4.070
     3.680     3.290     3.000     2.720     2.120     1.110      .180      .060
      .820     1.720     1.940     1.320      .350     -.480     -.880     -.720
      .060     1.280     2.500     3.410     4.000     4.490     5.100     5.930
     6.960     8.060     8.930     9.290     9.110     8.500     7.470     5.880
     3.790     1.580     -.240    -1.490    -2.300    -2.750    -2.590    -1.570
      .160     1.940     3.110     3.350     2.790     1.740      .500     -.580
    -1.190    -1.170     -.730     -.350     -.390     -.940    -1.900    -3.080
    -4.150    -4.720    -4.650    -4.310    -4.260    -4.670    -5.290    -5.930
    -6.670    -7.470    -7.970    -7.850    -7.270    -6.700    -6.280    -5.800
    -5.150    -4.520    -4.010    -3.250    -1.910     -.220     1.160     1.860
     2.050     2.060     1.980     1.790     1.640     1.800     2.300     2.930
     3.410     3.640     3.650     3.520     3.340     3.210     3.190     3.260
     3.460     3.850     4.490     5.260     6.050     6.800     7.590     8.440
     9.210     9.830    10.500    11.580    13.100    14.590    15.580    16.030
    16.240    16.280    15.970    15.320    14.850    14.940    15.270    15.140
    14.390    13.580    13.230    13.180    12.980    12.580    12.250    12.110
    11.820    11.080     9.940     8.580     7.190     5.920     5.020     4.610
     4.550     4.640     4.830     5.140     5.440     5.610     5.660     5.730
     5.760     5.660     5.610     5.950     6.580     6.900     6.480     5.660
     5.080     4.870     4.600     4.030     3.500     3.360     3.370     2.880
     1.710      .460     -.150     -.140     -.100     -.410     -.750     -.620
     -.170     -.080     -.790    -1.980    -3.040    -3.750    -4.250    -4.570
    -4.520    -4.080    -3.570    -3.220    -2.930    -2.500    -2.020    -1.760
    -1.860    -2.240    -2.820    -3.540    -4.200    -4.620    -4.850    -5.120
    -5.450    -5.600    -5.420    -5.060    -4.660    -4.140    -3.470    -2.780
    -2.190    -1.530     -.620      .210      .370     -.290    -1.200    -1.770
    -1.980    -2.090    -2.130    -1.820    -1.020     -.040      .650      .820
      .540      .010     -.650    -1.400    -2.110    -2.400    -1.970    -1.010
     -.170      .050     -.230     -.620    -1.040    -1.780    -2.820    -3.660
    -3.950    -3.960    -4.210    -4.820    -5.510    -6.140    -6.820    -7.430
    -7.510    -6.760    -5.500    -4.450    -4.060    -4.180    -4.370    -4.350
    -4.270    -4.510    -5.260    -6.260    -7.030    -7.290    -7.090    -6.530
    -5.660    -4.610    -3.690    -3.150    -3.090    -3.520    -4.550    -6.120
    -7.740    -8.740    -8.860    -8.480    -8.120    -7.910    -7.560    -6.820
    -5.780    -4.860    -4.380    -4.330    -4.440    -4.570    -4.830    -5.290
    -5.680    -5.580    -5.070    -4.720    -4.950    -5.560    -6.030    -6.380
    -7.060    -8.210    -9.350    -9.910    -9.930    -9.900    -9.970    -9.790
    -9.240    -8.860    -9.340   -10.640   -11.840   -12.120   -11.560   -10.870
   -10.470   -10.140    -9.580    -8.830    -8.030    -6.950    -5.140    -2.700
     -.580      .040    -1.220    -3.420    -4.910    -4.680    -3.240    -2.000
    -1.740    -1.780     -.920      .910     2.340     2.040      .130    -1.980
    -2.910    -2.160     -.040     2.800     5.630     7.620     8.180     7.210
     5.340     3.720     3.330     4.400     6.190     7.790     8.770     9.290
     9.410     8.890     7.600     6.000     4.760     4.010     3.380     2.660
     2.380     3.230     5.110     6.830     7.130     5.820     3.850     2.430
     2.060     2.520     3.290     3.910     4.130     3.960     3.650     3.290
     2.570     1.130     -.790    -2.380    -3.020    -2.770    -1.950     -.610
     1.160     2.570     2.420      .350    -2.480    -4.350    -4.550    -3.890
    -3.560    -3.900    -4.270    -3.950    -2.980    -2.110    -1.980    -2.560
    -3.150    -3.040    -2.100     -.920     -.320     -.630    -1.420    -2.010
    -2.120    -1.910    -1.580    -1.150     -.730     -.550     -.710     -.760
     -.110     1.380     3.170     4.530     5.020     4.770     4.260     4.080
     4.410     4.940     5.180     5.140     5.390     6.300     7.520     8.270
     8.120     7.360     6.520     5.900     5.420     5.010     4.740     4.740
     4.980     5.320     5.600     5.600     5.000     3.670     2.050      .960
      .860     1.260     1.280      .640     -.010     -.180     -.330    -1.170
    -2.360    -2.530     -.840     1.890     3.840     3.870     2.350      .610
     -.300     -.090      .930     2.280     3.470     4.140     4.070     3.340
     2.450     2.030     2.340     3.010     3.430     3.200     2.320      .980
     -.540    -1.880    -2.630    -2.660    -2.160    -1.460     -.770     -.220
      .220      .500      .290     -.870    -2.860    -4.490    -4.480    -2.970
    -1.630    -1.870    -3.330    -4.590    -4.990    -4.900    -4.580    -3.570
    -1.700      .130      .660     -.310    -1.820    -2.700    -2.460    -1.410
     -.250      .540     1.120     2.140     3.790     5.260     5.600     4.950
     4.430     4.810     5.820     6.900     8.000     9.210    10.040     9.680
     8.020     6.030     5.060     5.790     7.780     9.670     9.960     8.220
     5.630     4.310     5.530     8.570    11.520    12.950    12.860    12.000
    10.810     9.260     7.660     6.990     7.970     9.830    10.490     8.440
     4.370      .580    -1.270    -1.370     -.720      .290     1.810     3.040
     2.060    -2.330    -8.610   -13.250   -13.660   -10.650    -7.560    -6.840
    -7.870    -8.290    -7.250    -6.410    -7.420    -9.210    -8.860    -5.190
     -.440     2.100     1.480     -.440    -1.640    -1.970    -2.300    -2.670
    -2.020     -.030     1.820     1.550     -.970    -3.460    -3.500    -1.070
     1.530     2.060      .390    -1.850    -3.250    -3.750    -4.070    -4.620
    -5.080    -4.880    -3.960    -2.850    -2.060    -1.510    -1.030    -1.050
    -2.410    -5.030    -7.390    -8.100    -7.460    -6.930    -7.150    -7.400
    -7.170    -6.990    -7.180    -6.700    -4.360     -.830     1.760     2.170
     1.150     -.020     -.970    -1.820    -2.060     -.890     1.410     3.470
     4.230     3.850     2.970     1.860      .650     -.140     -.080      .220
     -.430    -2.310    -4.150    -4.650    -4.000    -3.420    -3.400    -3.130
    -1.770      .220     1.570     1.540      .670      .090      .380     1.160
     1.550     1.270     1.040     1.620     2.690     2.980     1.940      .520
      .020      .470      .910      .940     1.160     1.910     2.550     2.330
     1.600     1.290     1.620     1.940     1.720     1.280     1.240     1.640
     2.010     2.020     1.850     1.950     2.480     3.110     3.160     2.270
      .880     -.180     -.580     -.880    -1.510    -1.920    -1.130      .750
     2.200     2.010      .770      .010      .290      .640      .190     -.690
    -1.120    -1.030    -1.120    -1.710    -2.310    -2.280    -1.560     -.630
     -.180     -.820    -2.640    -4.770    -5.890    -5.480    -4.340    -3.700
    -4.030    -4.870    -5.540    -5.620    -4.840    -3.260    -1.480     -.490
     -.830    -2.000    -2.840    -2.520    -1.390     -.560     -.730    -1.320
    -1.150      .130     1.570     2.130     1.810     1.160      .020    -2.350
    -5.720    -8.090    -7.340    -3.450     1.340     4.610     5.720     5.680
     5.440     4.630     2.170    -1.990    -5.830    -6.370    -2.270     4.270
     8.490     6.670     -.470    -8.030   -10.900    -7.970    -2.260     2.710
     6.030     8.410     9.000     5.180    -3.870   -14.360   -20.290   -18.890
   -13.150    -8.400    -7.170    -7.680    -6.980    -4.690    -3.110    -4.430
    -8.360   -12.600   -14.880   -14.360   -11.780    -8.760    -6.900    -6.680
    -7.150    -6.970    -5.960    -5.130    -5.260    -5.860    -5.940    -5.430
    -5.290    -6.460    -8.670   -10.280    -9.380    -5.730    -1.720     -.450
    -2.340    -4.580    -4.740    -4.050    -5.320    -8.280    -9.210    -5.770
     -.270     2.980     2.390     -.330    -2.980    -4.310    -3.470     -.270
     3.430     4.690     2.880      .760     1.240     3.810     5.690     5.630
     5.060     5.660     7.260     8.540     8.650     7.540     5.430     2.970
     1.440     1.860     3.960     6.470     8.310     9.330     9.840    10.050
    10.070     9.930     9.560     8.740     7.440     5.720     3.580     1.050
    -1.140    -1.570      .730     5.090     9.410    11.680    10.910     7.130
     1.220    -4.560    -6.790    -3.110     5.070    12.520    14.080     9.120
     1.890    -2.380    -1.760     1.630     4.230     3.960     1.220    -2.080
    -4.360    -5.600    -6.980    -8.880    -9.790    -7.690    -2.820     1.770
     3.040      .910    -1.940    -3.090    -2.470    -1.750    -2.280    -3.740
    -4.630    -3.690    -1.250     1.140     2.440     3.390     5.280     7.800
     9.000     7.780     5.680     5.290     7.200     9.550    10.420     9.710
     8.550     7.700     7.170     6.970     7.290     7.950     8.480     8.770
     9.270    10.050    10.400     9.740     8.690     8.530     9.330     9.520
     7.690     4.560     2.420     2.510     3.770     4.360     3.760     2.790
     2.030     1.200      .240      .080     1.680     4.560     6.820     6.910
     5.010     2.640     1.270     1.190     1.700     1.990     1.800     1.460
     1.320     1.420     1.530     1.380      .800     -.190    -1.270    -1.840
    -1.570     -.650      .430     1.550     3.060     4.990     6.390     5.850
     2.860    -1.380    -4.620    -5.040    -2.430     1.740     5.080     5.670
     3.180     -.920    -4.470    -6.190    -6.370    -6.080    -5.950    -5.930
    -5.920    -6.080    -6.360    -6.340    -5.730    -4.810    -4.080    -3.600
    -3.150    -2.890    -3.340    -4.440    -5.170    -4.510    -2.510     -.110
     1.870     3.220     3.930     3.880     3.100     2.010     1.070      .590
      .900     2.280     4.460     6.350     6.890     6.120     5.120     4.850
     5.350     6.090     6.740     7.400     8.170     8.830     9.070     8.780
     8.170     7.530     6.950     6.250     5.270     4.340     4.120     4.900
     6.210     7.140     7.120     6.250     5.120     4.370     4.320     4.580
     4.200     2.690      .780     -.140      .450     1.650     2.220     1.910
     1.350      .980      .680      .420      .610     1.580     2.950     3.920
     3.900     2.780      .820    -1.320    -2.770    -3.050    -2.570    -2.250
    -2.520    -2.790    -2.230     -.780      .770     1.600     1.460      .570
     -.650    -1.720    -2.220    -2.220    -2.320    -3.030    -4.110    -4.840
    -5.040    -5.300    -6.290    -7.760    -8.940    -9.390    -9.430    -9.570
   -10.040   -10.790   -11.750   -12.710   -13.270   -13.120   -12.510   -12.080
   -12.140   -12.250   -11.530    -9.610    -7.180    -5.340    -4.450    -3.950
    -3.310    -2.920    -3.510    -4.880    -5.820    -5.470    -4.300    -3.410
    -3.310    -3.730    -4.370    -5.120    -5.770    -5.960    -5.600    -4.840
    -3.640    -1.900     -.080      .780      .210     -.950    -1.400     -.810
      .140      .870     1.540     2.530     3.660     4.340     4.300     3.860
     3.520     3.450     3.490     3.510     3.680     4.250     5.200     6.150
     6.620     6.440     5.870     5.360     5.230     5.570     6.190     6.910
     7.800     9.130    10.850    12.150    11.940     9.870     6.760     4.080
     2.770     2.820     3.550     4.210     4.330     3.920     3.280     2.730
     2.260     1.650      .730     -.450    -1.770    -3.160    -4.520    -5.670
    -6.430    -6.780    -6.830    -6.610    -6.190    -5.780    -5.670    -5.960
    -6.320    -6.350    -5.980    -5.590    -5.540    -5.900    -6.440    -6.980
    -7.480    -7.940    -8.200    -8.060    -7.470    -6.650    -6.000    -5.880
    -6.360    -7.160    -7.810    -7.910    -7.480    -6.890    -6.590    -6.720
    -6.990    -6.900    -6.270    -5.450    -4.890    -4.710    -4.580    -4.210
    -3.650    -3.040    -2.280    -1.010      .830     2.750     4.060     4.420
     3.850     2.530      .760     -.840    -1.460     -.730      .870     2.470
     3.620     4.340     4.620     4.220     3.160     1.970     1.080      .260
     -.970    -2.360    -2.990    -2.330     -.980      .010      .260      .040
     -.430    -1.260    -2.410    -3.260    -3.230    -2.330    -1.100     -.090
      .360      .020    -1.050    -2.290    -2.960    -2.870    -2.710    -3.200
    -4.290    -5.140    -5.000    -3.910    -2.470    -1.320     -.760     -.780
    -1.110    -1.260     -.830      .130     1.120     1.610     1.650     1.660
     1.950     2.410     2.890     3.600     4.840     6.460     7.690     7.830
     6.850     5.400     4.240     3.760     3.930     4.520     5.250     5.920
     6.290     6.130     5.360     4.320     3.570     3.410     3.640     3.960
     4.390     4.990     5.500     5.500     5.050     4.700     4.650     4.420
     3.520     2.250     1.510     1.620     1.930     1.490     -.030    -2.120
    -4.120    -5.550    -6.180    -5.770    -4.340    -2.530    -1.480    -2.140
    -4.450    -7.470   -10.230   -12.340   -13.650   -13.820   -12.640   -10.710
    -9.190    -8.760    -8.970    -9.030    -8.730    -8.360    -7.860    -6.830
    -5.260    -3.840    -3.280    -3.510    -3.850    -3.840    -3.500    -3.100
    -2.910    -3.130    -3.810    -4.720    -5.330    -5.300    -4.750    -4.120
    -3.710    -3.590    -3.700    -3.830    -3.560    -2.490     -.680     1.150
     2.330     2.830     3.200     3.770     4.300     4.410     4.250     4.360
     5.020     5.840     6.250     6.160     5.950     5.870     5.790     5.420
     4.830     4.530     4.980     6.100     7.280     7.900     7.860     7.650
     7.760     8.130     8.190     7.500     6.250     5.010     4.160     3.650
     3.330     3.260     3.420     3.560     3.290     2.450     1.170     -.310
    -1.730    -2.710    -3.010    -2.870    -2.860    -3.140    -3.200    -2.630
    -1.830    -1.600    -1.990    -2.170    -1.570     -.640     -.050      .370
     1.200     2.170     2.110      .520    -1.450    -2.260    -1.730    -1.040
    -1.050    -1.430    -1.470    -1.190    -1.040    -1.080    -1.040     -.910
     -.980    -1.240    -1.270     -.900     -.510     -.380     -.250      .180
      .610      .400     -.460    -1.330    -1.650    -1.430     -.920     -.380
     -.230    -1.000    -2.690    -4.430    -5.390    -5.610    -5.690    -5.700
    -5.170    -4.020    -2.970    -2.640    -2.740    -2.540    -1.900    -1.290
    -1.050     -.970     -.830     -.780    -1.050    -1.580    -2.070    -2.380
    -2.560    -2.700    -2.840    -2.930    -2.790    -2.270    -1.440     -.550
      .240      .990     1.630     1.910     1.720     1.440     1.510     1.760
     1.540      .570     -.650    -1.440    -1.730    -1.830    -1.780    -1.280
     -.320      .580     1.050     1.460     2.530     4.410     6.330     7.300
     7.020     6.050     5.220     4.970     5.170     5.520     5.900     6.380
     6.920     7.210     7.000     6.430     5.980     5.920     6.000     5.760
     5.210     4.860     5.050     5.510     5.690     5.410     4.960     4.550
     4.160     3.820     3.720     3.810     3.660     2.970     2.060     1.560
     1.700     2.180     2.640     3.050     3.550     4.170     4.840     5.360
     5.570     5.560     5.750     6.430     7.270     7.570     7.230     6.940
     7.240     7.770     7.840     7.460     7.320     7.750     8.240     8.160
     7.420     6.340     5.230     4.430     4.290     4.810     5.370     5.290
     4.670     4.120     3.800     3.240     2.160     1.070      .630      .680
      .390     -.550    -1.610    -2.130    -2.120    -2.080    -2.260    -2.450
    -2.480    -2.440    -2.530    -2.680    -2.690    -2.480    -2.130    -1.740
    -1.330     -.920     -.500     -.100      .230      .380      .350      .230
      .150      .120      .060     -.050     -.120     -.040      .180      .490
      .820     1.120     1.410     1.710     2.050     2.350     2.430     2.230
     1.870     1.510     1.180      .860      .510      .170     -.160     -.510
     -.840    -1.070    -1.130    -1.090    -1.050    -1.050    -1.040    -1.000
     -.970     -.970     -.980     -.890     -.610     -.160      .380      .930
     1.420     1.760     1.880     1.780     1.620     1.530     1.490     1.390
     1.240     1.130     1.110     1.030      .770      .340     -.180     -.780
    -1.450    -2.060    -2.530    -3.060    -3.940    -5.090    -5.950    -6.040
    -5.460    -4.690    -4.080    -3.680    -3.460    -3.450    -3.630    -3.830
    -3.930    -3.990    -4.140    -4.330    -4.410    -4.270    -3.960    -3.590
    -3.210    -2.850    -2.480    -2.100    -1.740    -1.410    -1.000     -.270
      .940     2.460     3.920     5.080     5.940     6.590     7.130     7.660
     8.300     8.980     9.310     8.860     7.700     6.360     5.440     5.060
     4.990     4.940     4.830     4.730     4.660     4.590     4.500     4.390
     4.290     4.180     4.060     3.920     3.800     3.700     3.590     3.370
     2.980     2.460     1.890     1.350      .840      .310     -.240     -.780
    -1.310    -1.850    -2.400    -2.950    -3.500    -4.040    -4.580    -5.130
    -5.690    -6.230    -6.690    -7.040    -7.300    -7.550    -7.830    -8.120
    -8.380    -8.630    -8.910    -9.200    -9.440    -9.630    -9.810   -10.000
   -10.190   -10.340   -10.510   -10.750   -10.900   -10.720   -10.120    -9.300
    -8.520    -7.820    -7.060    -6.240    -5.550    -5.220    -5.210    -5.330
    -5.430    -5.490    -5.570    -5.670    -5.750    -5.830    -5.920    -5.990
    -6.040    -6.080    -6.130    -6.180    -6.220    -6.260    -6.310    -6.350
    -6.390    -6.450    -6.570    -6.750    -6.940    -7.120    -7.310    -7.490
    -7.670    -7.860    -8.050    -8.220    -8.320    -8.350    -8.360    -8.380
    -8.410    -8.420    -8.440    -8.480    -8.480    -8.340    -8.060    -7.700
    -7.350    -7.030    -6.700    -6.350    -6.010    -5.670    -5.340    -5.020
    -4.720    -4.440    -4.160    -3.870    -3.580    -3.290    -3.020    -2.730
    -2.420    -2.060    -1.670    -1.260     -.860     -.470     -.070      .330
      .730     1.130     1.520     1.920     2.320     2.720     3.110     3.510
     3.920     4.320     4.700     5.100     5.510     5.910     6.260     6.550
     6.820     7.080     7.340     7.600     7.880     8.160     8.370     8.440
     8.380     8.280     8.200     8.120     8.040     7.950     7.860     7.770
     7.680     7.610     7.520     7.350     7.060     6.670     6.260     5.860
     5.500     5.110     4.700     4.290     3.970     3.800     3.760     3.770
     3.770     3.750     3.740     3.730     3.730     3.720     3.690     3.630
     3.530     3.400     3.280     3.170     3.050     2.930     2.810     2.700
     2.580     2.470     2.360     2.270     2.180     2.090     1.990     1.900
     1.810     1.720     1.630     1.550     1.480     1.400     1.320     1.240
     1.170     1.100     1.010      .930      .870      .810      .750      .700
      .670      .620      .550      .500      .470      .430      .350      .280
      .370      .690     1.180     1.730     2.240     2.740     3.240     3.760
     4.290     4.760     5.110     5.330     5.540     5.800     6.010     6.050