1 
1.000000e-02 
-2.668113e-04 
-2.412965e-04 
-2.866335e-05 
2.462155e-04 
3.627635e-04 
1.831609e-04 
-2.294099e-04 
-5.324598e-04 
-4.454337e-04 
-1.713020e-04 
-1.053374e-04 
-1.384562e-04 
2.094484e-04 
9.016739e-04 
1.026665e-03 
1.634237e-04 
-9.008640e-04 
-1.126146e-03 
-7.373788e-04 
-5.985730e-04 
-7.404023e-04 
-2.425329e-04 
1.109472e-03 
2.117031e-03 
1.660521e-03 
1.268811e-04 
-1.234515e-03 
-1.652201e-03 
-1.133902e-03 
-4.169699e-05 
1.047085e-03 
1.664568e-03 
1.877441e-03 
2.281933e-03 
2.854135e-03 
2.542239e-03 
1.034594e-03 
-3.796617e-04 
-2.492770e-04 
9.926191e-04 
2.015891e-03 
2.560391e-03 
3.347119e-03 
4.043598e-03 
3.454580e-03 
1.833592e-03 
9.515283e-04 
1.450845e-03 
1.761948e-03 
1.045461e-03 
7.723313e-04 
2.199813e-03 
3.600787e-03 
2.777586e-03 
7.917689e-04 
7.572907e-04 
2.911151e-03 
4.208886e-03 
3.053076e-03 
1.733614e-03 
2.490104e-03 
3.925970e-03 
3.519567e-03 
1.793679e-03 
1.525244e-03 
3.121635e-03 
4.090917e-03 
3.207533e-03 
2.346104e-03 
3.315582e-03 
4.660153e-03 
3.874995e-03 
1.425506e-03 
2.447831e-04 
1.640732e-03 
3.689071e-03 
4.221549e-03 
3.596400e-03 
3.658209e-03 
4.709950e-03 
5.130700e-03 
4.085912e-03 
3.010484e-03 
3.686825e-03 
5.549536e-03 
6.219850e-03 
4.668704e-03 
2.752753e-03 
2.586322e-03 
3.634469e-03 
3.628168e-03 
2.213680e-03 
1.862049e-03 
4.066181e-03 
6.612631e-03 
5.977592e-03 
2.251735e-03 
-5.789244e-04 
3.362062e-04 
3.410202e-03 
5.051091e-03 
4.243837e-03 
2.888996e-03 
2.628927e-03 
2.899609e-03 
2.660989e-03 
2.084830e-03 
1.837897e-03 
1.687000e-03 
8.536465e-04 
-5.190184e-04 
-1.423276e-03 
-1.091812e-03 
2.803474e-04 
2.009575e-03 
3.388355e-03 
3.828342e-03 
3.299845e-03 
2.689909e-03 
2.884546e-03 
3.707233e-03 
3.964291e-03 
3.128687e-03 
1.927819e-03 
1.329669e-03 
1.452994e-03 
1.889971e-03 
2.224807e-03 
2.142382e-03 
1.490644e-03 
9.133350e-04 
1.382639e-03 
2.713021e-03 
3.219969e-03 
2.142757e-03 
9.440157e-04 
1.549986e-03 
3.547646e-03 
4.717605e-03 
3.949815e-03 
2.611284e-03 
2.434225e-03 
3.604009e-03 
5.068817e-03 
5.580857e-03 
4.513081e-03 
2.346823e-03 
6.566698e-04 
7.533706e-04 
2.103955e-03 
2.961822e-03 
2.903750e-03 
3.014628e-03 
3.898653e-03 
4.435505e-03 
3.720784e-03 
2.413790e-03 
1.304199e-03 
2.408917e-04 
-8.086639e-04 
-4.959347e-04 
1.845880e-03 
4.264298e-03 
4.401158e-03 
2.929736e-03 
2.776323e-03 
4.849229e-03 
6.765775e-03 
6.181005e-03 
3.788745e-03 
1.852650e-03 
1.638698e-03 
2.781181e-03 
4.286844e-03 
4.957417e-03 
4.019921e-03 
2.450144e-03 
2.741273e-03 
5.931602e-03 
9.542279e-03 
1.000384e-02 
6.640050e-03 
2.384211e-03 
3.099894e-04 
7.910843e-04 
2.185651e-03 
3.446147e-03 
4.817433e-03 
6.310487e-03 
6.913116e-03 
5.751709e-03 
3.571874e-03 
2.168897e-03 
2.103878e-03 
2.158415e-03 
1.213339e-03 
7.552748e-05 
5.886627e-04 
3.409404e-03 
7.636866e-03 
1.155554e-02 
1.346603e-02 
1.221401e-02 
8.842800e-03 
6.609968e-03 
7.523059e-03 
8.940581e-03 
6.686862e-03 
1.728006e-03 
7.190135e-04 
7.289621e-03 
1.557044e-02 
1.597509e-02 
6.839831e-03 
-3.536903e-03 
-6.789311e-03 
-3.739702e-03 
-1.352980e-03 
-3.194273e-03 
-5.934504e-03 
-5.148706e-03 
-1.553907e-03 
6.803106e-04 
2.263998e-04 
1.419484e-04 
2.855463e-03 
5.966275e-03 
5.364445e-03 
1.420228e-03 
-1.034198e-03 
9.500931e-04 
4.922657e-03 
6.861111e-03 
6.331379e-03 
5.684451e-03 
6.094956e-03 
6.956920e-03 
8.199142e-03 
1.006470e-02 
1.075397e-02 
7.571567e-03 
1.126697e-03 
-3.988169e-03 
-4.011556e-03 
1.178371e-04 
4.974959e-03 
8.841548e-03 
1.200281e-02 
1.402673e-02 
1.328734e-02 
9.183477e-03 
3.106481e-03 
-2.777575e-03 
-7.113828e-03 
-9.363133e-03 
-9.722699e-03 
-9.139882e-03 
-8.663456e-03 
-8.026816e-03 
-6.268253e-03 
-3.672052e-03 
-2.270079e-03 
-3.281193e-03 
-5.120883e-03 
-5.338462e-03 
-4.406604e-03 
-5.272694e-03 
-8.586529e-03 
-1.002095e-02 
-5.466185e-03 
2.818978e-03 
7.681640e-03 
5.500766e-03 
-5.210759e-05 
-3.717138e-03 
-5.166079e-03 
-7.130792e-03 
-9.083890e-03 
-7.434912e-03 
-1.687920e-03 
3.403705e-03 
3.802165e-03 
1.269035e-03 
3.641847e-04 
2.378235e-03 
4.517201e-03 
4.725041e-03 
4.408908e-03 
6.066235e-03 
9.346182e-03 
1.088178e-02 
7.601995e-03 
3.284512e-04 
-6.648961e-03 
-9.357281e-03 
-7.744927e-03 
-4.552793e-03 
-2.162558e-03 
-1.153754e-03 
-1.642374e-03 
-3.351661e-03 
-4.375088e-03 
-2.260458e-03 
2.472810e-03 
5.905797e-03 
5.225932e-03 
2.516935e-03 
1.978593e-03 
4.588348e-03 
7.232608e-03 
6.419755e-03 
1.232235e-03 
-6.017105e-03 
-1.082971e-02 
-8.984079e-03 
-9.144654e-04 
7.384374e-03 
1.043199e-02 
9.489797e-03 
9.937686e-03 
1.328249e-02 
1.491761e-02 
1.033499e-02 
2.725512e-04 
-1.035706e-02 
-1.648106e-02 
-1.530204e-02 
-8.366966e-03 
-2.053723e-03 
-2.487938e-03 
-8.415453e-03 
-1.191699e-02 
-8.181929e-03 
-1.083919e-03 
2.882411e-03 
2.703844e-03 
1.836878e-03 
1.541292e-03 
-2.584831e-04 
-4.592292e-03 
-9.527899e-03 
-1.214458e-02 
-1.079346e-02 
-5.617915e-03 
8.355305e-04 
5.012126e-03 
5.723269e-03 
5.367105e-03 
6.042805e-03 
6.181818e-03 
3.274854e-03 
-1.618224e-03 
-5.077792e-03 
-6.144298e-03 
-6.776948e-03 
-8.411868e-03 
-1.098441e-02 
-1.497007e-02 
-2.081363e-02 
-2.599540e-02 
-2.611923e-02 
-1.965056e-02 
-1.019957e-02 
-3.457226e-03 
-3.239633e-03 
-9.441872e-03 
-1.760481e-02 
-2.101672e-02 
-1.712763e-02 
-1.085887e-02 
-9.342459e-03 
-1.352510e-02 
-1.800922e-02 
-1.789140e-02 
-1.238739e-02 
-2.978099e-03 
7.210576e-03 
1.321823e-02 
1.281897e-02 
1.112305e-02 
1.412587e-02 
1.777378e-02 
1.146465e-02 
-5.878630e-03 
-2.169712e-02 
-2.644989e-02 
-2.594743e-02 
-2.994263e-02 
-3.594269e-02 
-3.436986e-02 
-2.567089e-02 
-2.028927e-02 
-2.193719e-02 
-2.217005e-02 
-1.519454e-02 
-8.511631e-03 
-1.187946e-02 
-2.187725e-02 
-2.515128e-02 
-1.542169e-02 
-7.739917e-04 
6.549844e-03 
3.200227e-03 
-4.349510e-03 
-8.458262e-03 
-7.799794e-03 
-6.474784e-03 
-7.596252e-03 
-9.882316e-03 
-1.042617e-02 
-9.368033e-03 
-9.225901e-03 
-1.070796e-02 
-1.157160e-02 
-9.923984e-03 
-5.704599e-03 
6.309277e-04 
8.320804e-03 
1.405198e-02 
1.321532e-02 
5.435230e-03 
-3.853373e-03 
-9.334156e-03 
-1.160867e-02 
-1.453645e-02 
-1.859038e-02 
-1.995782e-02 
-1.597344e-02 
-9.398473e-03 
-6.706613e-03 
-1.166114e-02 
-2.017341e-02 
-2.318207e-02 
-1.672591e-02 
-6.278317e-03 
1.821689e-03 
9.447135e-03 
2.056178e-02 
2.934774e-02 
2.491937e-02 
8.738712e-03 
-3.962987e-03 
-5.018025e-03 
-4.664942e-03 
-1.428582e-02 
-2.635957e-02 
-2.407048e-02 
-6.531115e-03 
8.397597e-03 
7.839487e-03 
9.700554e-05 
2.106471e-03 
1.718438e-02 
3.186309e-02 
3.275930e-02 
2.184047e-02 
1.219926e-02 
1.053540e-02 
9.495607e-03 
8.113173e-04 
-8.919805e-03 
-5.898550e-03 
7.524763e-03 
1.114766e-02 
-5.011025e-03 
-2.393526e-02 
-2.542032e-02 
-1.538972e-02 
-1.442988e-02 
-2.389498e-02 
-2.521741e-02 
-1.239706e-02 
-2.820493e-03 
-9.042596e-03 
-1.984393e-02 
-2.050812e-02 
-1.505012e-02 
-1.408743e-02 
-1.413747e-02 
-7.438076e-03 
-2.187176e-03 
-1.284404e-02 
-3.385775e-02 
-4.348154e-02 
-3.501126e-02 
-2.566329e-02 
-2.959923e-02 
-3.900578e-02 
-4.036093e-02 
-3.560271e-02 
-3.534936e-02 
-4.049388e-02 
-4.327493e-02 
-4.109130e-02 
-3.819238e-02 
-3.585548e-02 
-3.045004e-02 
-2.134729e-02 
-1.375210e-02 
-1.314865e-02 
-2.132844e-02 
-3.605532e-02 
-5.057482e-02 
-5.611456e-02 
-5.068173e-02 
-4.362483e-02 
-4.594486e-02 
-5.703948e-02 
-6.621520e-02 
-6.556056e-02 
-5.659275e-02 
-4.597901e-02 
-4.134189e-02 
-4.905796e-02 
-6.804186e-02 
-8.535389e-02 
-8.643108e-02 
-7.200600e-02 
-5.797537e-02 
-5.581032e-02 
-5.902358e-02 
-5.284864e-02 
-3.307463e-02 
-8.622345e-03 
8.258036e-03 
1.325354e-02 
1.276485e-02 
1.900071e-02 
4.087175e-02 
7.193601e-02 
9.382487e-02 
9.280792e-02 
7.444231e-02 
5.662690e-02 
4.929727e-02 
4.591401e-02 
3.520747e-02 
1.334218e-02 
-1.570119e-02 
-4.561926e-02 
-7.162933e-02 
-9.002333e-02 
-1.041837e-01 
-1.236589e-01 
-1.543144e-01 
-1.892296e-01 
-2.144681e-01 
-2.258479e-01 
-2.321088e-01 
-2.411855e-01 
-2.487790e-01 
-2.461483e-01 
-2.335515e-01 
-2.203514e-01 
-2.092051e-01 
-1.905779e-01 
-1.555127e-01 
-1.086777e-01 
-6.364813e-02 
-2.525425e-02 
1.289468e-02 
5.569114e-02 
9.752889e-02 
1.295770e-01 
1.491575e-01 
1.573638e-01 
1.543871e-01 
1.438509e-01 
1.352280e-01 
1.318186e-01 
1.204776e-01 
8.349238e-02 
2.123801e-02 
-4.707421e-02 
-1.058605e-01 
-1.542481e-01 
-1.931930e-01 
-2.178991e-01 
-2.291958e-01 
-2.420914e-01 
-2.647639e-01 
-2.807121e-01 
-2.656941e-01 
-2.202541e-01 
-1.701010e-01 
-1.315599e-01 
-9.487707e-02 
-4.378796e-02 
2.165200e-02 
9.112103e-02 
1.591625e-01 
2.223132e-01 
2.691391e-01 
2.890888e-01 
2.885332e-01 
2.845917e-01 
2.819752e-01 
2.679597e-01 
2.356474e-01 
1.999579e-01 
1.833079e-01 
1.916165e-01 
2.132488e-01 
2.353381e-01 
2.521526e-01 
2.598903e-01 
2.559963e-01 
2.449454e-01 
2.351925e-01 
2.263520e-01 
2.067463e-01 
1.707529e-01 
1.305323e-01 
1.041654e-01 
9.543627e-02 
9.355668e-02 
9.096134e-02 
9.145960e-02 
1.007733e-01 
1.197758e-01 
1.472138e-01 
1.833033e-01 
2.242843e-01 
2.589028e-01 
2.752407e-01 
2.775750e-01 
2.577677e-01 
2.652296e-01 
2.724893e-01 
2.857708e-01 
2.622130e-01 
1.958458e-01 
1.435463e-01 
1.052272e-01 
8.622323e-02 
6.872032e-02 
2.679401e-02 
-1.272122e-02 
-8.429329e-02 
-1.203805e-01 
-1.845223e-01 
-2.126781e-01 
-2.555394e-01 
-2.453794e-01 
-2.679022e-01 
-2.552135e-01 
-2.644703e-01 
-2.461789e-01 
-2.010788e-01 
-1.559069e-01 
-1.093132e-01 
-5.224568e-02 
-1.278126e-02 
2.834417e-02 
1.588268e-02 
2.624315e-02 
-1.652514e-02 
-4.857093e-02 
-8.998075e-02 
-1.079576e-01 
-1.305100e-01 
-1.579566e-01 
-1.944668e-01 
-1.983363e-01 
-1.912273e-01 
-1.868538e-01 
-2.004994e-01 
-1.871255e-01 
-1.695621e-01 
-1.410612e-01 
-1.523431e-01 
-1.879869e-01 
-2.174655e-01 
-2.798917e-01 
-3.084913e-01 
-3.356835e-01 
-3.577341e-01 
-3.776829e-01 
-3.793122e-01 
-3.713165e-01 
-3.921959e-01 
-3.544691e-01 
-2.580742e-01 
-1.341882e-01 
-3.394467e-02 
8.861549e-04 
5.120201e-02 
8.117019e-02 
1.405741e-01 
2.216749e-01 
2.931154e-01 
3.815412e-01 
4.193489e-01 
4.255469e-01 
4.043266e-01 
4.116892e-01 
3.140856e-01 
4.417301e-01 
4.940329e-01 
5.383650e-01 
4.988702e-01 
4.726697e-01 
4.158974e-01 
3.986309e-01 
3.898974e-01 
4.167022e-01 
3.656963e-01 
3.588251e-01 
2.827752e-01 
2.702119e-01 
2.455371e-01 
2.453277e-01 
1.958155e-01 
1.762479e-01 
1.466495e-01 
2.004379e-01 
2.079767e-01 
2.203570e-01 
1.911786e-01 
2.191091e-01 
2.458484e-01 
3.768234e-01 
4.098765e-01 
4.335857e-01 
4.015450e-01 
3.379195e-01 
2.987689e-01 
3.140018e-01 
9.303713e-02 
2.066150e-01 
5.182866e-02 
7.722424e-02 
4.940195e-02 
5.378326e-02 
1.499906e-01 
2.583907e-01 
3.048584e-01 
2.492354e-01 
8.356923e-02 
-1.055792e-02 
-1.604759e-01 
-2.422994e-01 
-2.655699e-01 
-1.730655e-01 
-1.056270e-01 
-2.737058e-02 
2.942818e-02 
1.021331e-01 
1.278490e-01 
1.188218e-01 
9.110908e-03 
-7.158527e-02 
-1.323136e-01 
-1.762522e-01 
-1.558663e-01 
-7.337164e-02 
-2.697196e-03 
6.777842e-02 
8.901580e-02 
8.084047e-02 
5.988342e-02 
2.966677e-02 
1.003738e-02 
6.781431e-02 
1.599679e-01 
2.754894e-01 
3.133171e-01 
2.330012e-01 
1.755422e-01 
4.425904e-02 
-4.126454e-02 
-1.596451e-02 
1.519383e-02 
-5.646526e-03 
-7.739768e-02 
-1.668097e-01 
-2.315398e-01 
-2.561202e-01 
-2.021547e-01 
-1.591054e-01 
-1.003888e-01 
-1.010618e-01 
-1.160178e-01 
-1.459548e-01 
-2.184310e-01 
-3.050452e-01 
-3.007211e-01 
-3.037317e-01 
-3.286866e-01 
-2.010656e-01 
-2.548432e-01 
-2.593274e-01 
-2.914106e-01 
-3.064562e-01 
-3.494079e-01 
-3.772070e-01 
-4.343710e-01 
-4.430412e-01 
-3.868069e-01 
-2.905242e-01 
-2.267975e-01 
-1.861582e-01 
-1.988340e-01 
-2.127420e-01 
-2.212800e-01 
-2.276581e-01 
-2.324399e-01 
-1.989888e-01 
-1.633873e-01 
-1.364749e-01 
-1.425066e-01 
-1.878526e-01 
-2.631516e-01 
-3.434608e-01 
-4.361898e-01 
-5.289978e-01 
-5.926680e-01 
-6.130003e-01 
-4.991447e-01 
-5.599740e-01 
-3.688599e-01 
-4.227868e-01 
-2.486298e-01 
-1.840603e-01 
-2.904711e-01 
-9.913204e-02 
-2.217797e-01 
-1.673971e-01 
-5.636329e-02 
-1.468330e-01 
1.374818e-02 
-1.237298e-01 
4.921357e-02 
-3.660975e-02 
9.688736e-02 
5.914431e-02 
1.568741e-01 
1.112943e-01 
2.266686e-01 
1.243323e-01 
1.862354e-01 
3.998825e-02 
1.409955e-01 
-8.136626e-03 
1.205424e-01 
3.056985e-02 
7.985687e-02 
1.412951e-01 
1.940134e-01 
1.695795e-01 
1.708041e-01 
7.389271e-02 
1.255358e-01 
-1.037917e-02 
8.570998e-02 
-2.341688e-02 
9.810937e-03 
6.775936e-02 
1.254319e-01 
1.392399e-01 
1.688244e-01 
1.777982e-01 
1.807080e-01 
1.111070e-01 
1.025434e-01 
8.924393e-02 
4.742680e-02 
2.045334e-02 
-1.749684e-02 
-1.881461e-02 
-3.230298e-02 
-2.996245e-02 
-2.953665e-02 
2.962381e-02 
2.813936e-02 
1.070540e-01 
2.056902e-01 
3.018616e-01 
3.729505e-01 
4.342286e-01 
4.722488e-01 
4.720788e-01 
4.597997e-01 
4.646978e-01 
3.817411e-01 
2.672105e-01 
1.752389e-01 
7.071766e-02 
-1.946644e-03 
-3.904936e-02 
-5.222900e-02 
-6.170575e-02 
-5.244315e-02 
-2.858840e-02 
1.747897e-02 
6.629971e-02 
8.417015e-02 
6.211462e-02 
3.631166e-02 
4.198834e-02 
9.336777e-02 
1.644865e-01 
2.553624e-01 
2.879968e-01 
2.118918e-01 
1.664711e-01 
1.368387e-01 
1.049481e-01 
7.226820e-02 
3.645072e-02 
3.848173e-03 
-8.519440e-03 
-2.800889e-03 
-1.171679e-03 
-1.918772e-02 
-5.155121e-02 
-7.506454e-02 
-6.855277e-02 
-4.166220e-02 
-2.368713e-02 
-2.835356e-02 
-4.920831e-02 
-6.793626e-02 
-6.837951e-02 
-5.384810e-02 
-4.841449e-02 
-7.895936e-02 
-1.600086e-01 
-2.790668e-01 
-4.033642e-01 
-5.079217e-01 
-5.870742e-01 
-6.488573e-01 
-6.405642e-01 
-6.350962e-01 
-5.524790e-01 
-4.656867e-01 
-3.636242e-01 
-2.632262e-01 
-2.551599e-01 
-2.182186e-01 
-1.623127e-01 
-2.537585e-01 
-1.740839e-01 
-1.472415e-01 
-1.976897e-01 
-2.153077e-01 
-2.301130e-01 
-1.839803e-01 
-1.408541e-01 
-7.856265e-02 
-6.984412e-02 
-3.344164e-02 
-1.590368e-02 
2.890940e-02 
6.879885e-02 
7.126654e-02 
1.074554e-01 
2.691836e-01 
2.527164e-01 
2.702038e-01 
1.452664e-01 
1.141196e-01 
3.057358e-02 
-3.805112e-02 
-1.754559e-01 
-2.939494e-01 
-3.546445e-01 
-3.931465e-01 
-3.195351e-01 
-2.343304e-01 
-1.458172e-01 
-1.395043e-01 
-1.948897e-01 
-2.416196e-01 
-2.311362e-01 
-1.800575e-01 
-9.212773e-02 
-1.255430e-02 
8.317359e-02 
1.916571e-01 
3.598643e-01 
5.190897e-01 
5.111075e-01 
5.580596e-01 
7.695021e-01 
5.670166e-01 
4.910685e-01 
4.034851e-01 
3.067665e-01 
2.321186e-01 
1.937759e-01 
1.542680e-01 
1.526996e-01 
1.294617e-01 
1.265209e-01 
9.235183e-02 
1.128880e-01 
9.948835e-02 
1.614272e-01 
1.500766e-01 
1.777432e-01 
2.320647e-01 
8.217336e-02 
1.181871e-01 
5.618715e-02 
8.991058e-02 
1.439541e-01 
-9.623277e-03 
-9.713040e-03 
1.655152e-03 
4.410476e-02 
7.750399e-02 
1.198513e-01 
1.580693e-01 
3.757051e-01 
3.906240e-01 
3.940883e-01 
3.047333e-01 
1.503294e-01 
-1.575333e-02 
-9.936792e-02 
-1.400465e-01 
-1.144099e-01 
-1.341678e-03 
1.034005e-01 
2.259330e-01 
3.755849e-01 
4.798084e-01 
5.438981e-01 
5.780518e-01 
5.305928e-01 
4.232147e-01 
3.773577e-01 
3.288687e-01 
2.285198e-01 
1.713354e-01 
4.419127e-02 
-2.377516e-02 
-5.336407e-02 
-1.808764e-02 
1.286387e-02 
1.246410e-02 
-6.757476e-03 
7.832283e-03 
6.711217e-02 
9.813242e-02 
1.003777e-01 
2.193464e-02 
5.893300e-02 
5.616518e-02 
2.466757e-02 
-3.140443e-02 
-9.297638e-02 
-1.003728e-01 
-1.004849e-01 
-4.670571e-02 
-1.410542e-03 
-2.149942e-02 
3.145207e-02 
1.153503e-02 
2.391884e-02 
-7.047131e-02 
-9.702913e-02 
-1.321501e-01 
-1.482591e-01 
-1.858775e-01 
-1.832168e-01 
-1.821093e-01 
-1.434962e-01 
-1.286281e-01 
-8.814639e-02 
-8.480109e-02 
-5.311793e-02 
-8.113845e-02 
-1.056228e-01 
-1.745222e-01 
-2.034307e-01 
-2.388259e-01 
-2.219356e-01 
-2.176899e-01 
-2.078912e-01 
-2.431708e-01 
-2.841149e-01 
-3.532002e-01 
-3.994921e-01 
-4.436443e-01 
-4.630819e-01 
-4.778117e-01 
-4.648809e-01 
-4.434151e-01 
-4.002011e-01 
-3.652254e-01 
-3.375160e-01 
-3.228182e-01 
-2.973409e-01 
-2.646268e-01 
-2.206132e-01 
-1.854755e-01 
-1.567420e-01 
-1.318330e-01 
-1.012683e-01 
-7.433276e-02 
-5.185460e-02 
-4.057013e-02 
-3.895656e-02 
-5.178478e-02 
-7.889537e-02 
-1.148904e-01 
-1.413405e-01 
-1.179561e-01 
-1.106719e-01 
-1.006002e-01 
-7.443303e-02 
-4.567635e-02 
-1.478238e-04 
6.855649e-02 
1.455958e-01 
1.800847e-01 
1.327316e-01 
1.182984e-01 
3.672737e-02 
-3.219479e-03 
-9.689437e-03 
1.111962e-02 
3.029289e-02 
4.403559e-02 
4.696005e-02 
4.203012e-02 
2.147337e-02 
1.114679e-02 
1.643702e-02 
4.740351e-02 
1.066916e-01 
1.800084e-01 
2.439773e-01 
2.766501e-01 
3.098265e-01 
3.119788e-01 
2.942494e-01 
3.323828e-01 
2.952686e-01 
3.067986e-01 
2.482337e-01 
2.468559e-01 
1.851911e-01 
1.938640e-01 
1.551192e-01 
1.812351e-01 
1.363309e-01 
8.574294e-02 
1.717689e-02 
1.718434e-01 
-6.573599e-02 
-1.508066e-01 
-2.439072e-01 
-1.259707e-01 
-1.112400e-03 
-9.830420e-02 
-2.544778e-01 
-3.014732e-01 
-2.462546e-01 
-2.294493e-01 
-1.877085e-01 
-8.284764e-02 
-1.447468e-02 
8.019724e-02 
1.267239e-01 
1.608813e-01 
1.764385e-01 
1.681470e-01 
1.508115e-01 
1.242999e-01 
1.055542e-01 
9.322533e-02 
9.856288e-02 
1.136319e-01 
1.373213e-01 
1.568433e-01 
1.720962e-01 
1.763327e-01 
1.757888e-01 
1.677336e-01 
1.579144e-01 
1.385145e-01 
9.010438e-02 
5.962591e-02 
1.901432e-03 
-2.625909e-02 
-7.520796e-02 
-1.152540e-01 
-9.974642e-02 
-7.863827e-02 
-2.183356e-01 
-6.195882e-02 
-2.040538e-01 
-5.368830e-02 
-2.097095e-01 
-6.303197e-02 
-2.038288e-01 
-2.061323e-01 
-5.002436e-02 
1.508468e-01 
-4.228026e-02 
2.742516e-02 
3.024934e-01 
1.099054e-01 
1.319897e-01 
9.828027e-02 
4.039262e-01 
2.427381e-01 
2.354118e-01 
2.170141e-01 
1.864512e-01 
1.401250e-01 
1.004341e-01 
4.458577e-02 
-6.896348e-03 
-6.142722e-02 
-8.781499e-02 
-1.077872e-01 
-1.032175e-01 
-9.849619e-02 
-7.658971e-02 
-5.498036e-02 
-2.319952e-02 
-4.510875e-03 
-9.980662e-03 
4.289831e-02 
-2.025222e-02 
-1.102397e-01 
-1.407610e-01 
-1.853973e-01 
-2.016025e-01 
-2.121997e-01 
-3.016086e-01 
-2.842405e-01 
-2.632136e-01 
-1.688928e-01 
-3.111640e-01 
-1.371172e-01 
-2.954490e-01 
-1.132638e-01 
-2.587855e-01 
-8.493120e-02 
-2.029088e-01 
-1.783791e-02 
-1.518239e-01 
4.727190e-02 
-9.530208e-02 
8.207626e-02 
-5.900872e-02 
9.877197e-02 
-5.177811e-02 
8.330181e-02 
-8.038727e-02 
4.828942e-02 
-1.143189e-01 
-4.099036e-02 
4.961338e-03 
-6.360532e-02 
-8.337185e-02 
-9.576037e-02 
-1.191433e-01 
-1.367224e-01 
-1.598200e-01 
-1.674543e-01 
-1.980735e-01 
-1.278526e-01 
-1.760633e-01 
-1.626627e-01 
-7.912786e-02 
-1.284962e-01 
-4.659336e-02 
-1.127840e-01 
-5.190184e-02 
-9.780573e-02 
-1.151255e-01 
-1.563846e-01 
-1.816746e-01 
-2.101046e-01 
-1.821210e-01 
-1.689482e-01 
-1.349895e-01 
-1.347097e-01 
-1.161502e-01 
-9.611114e-02 
-4.913835e-02 
3.528224e-03 
5.125098e-02 
1.770437e-01 
-2.628383e-02 
1.846227e-01 
-2.039731e-02 
2.064820e-01 
9.531458e-03 
-2.585878e-02 
1.301407e-01 
1.239905e-01 
1.171037e-01 
1.129182e-01 
1.004505e-01 
8.108789e-02 
6.260600e-02 
4.871023e-02 
6.639956e-02 
9.600634e-02 
1.214869e-01 
1.182828e-01 
8.397171e-02 
4.377615e-02 
2.911812e-02 
4.292166e-02 
7.122356e-02 
9.763755e-02 
1.041805e-01 
1.042301e-01 
1.019920e-01 
2.448955e-02 
5.581680e-02 
1.607485e-01 
8.338950e-02 
8.189028e-02 
6.742797e-02 
1.159513e-01 
5.480546e-02 
1.543517e-01 
2.004867e-01 
1.669144e-01 
1.762318e-01 
1.195013e-01 
7.841229e-02 
1.743763e-01 
-6.421487e-05 
9.941092e-02 
-8.185873e-02 
-1.352294e-01 
-8.779400e-02 
9.257330e-03 
-3.089218e-02 
-1.601335e-01 
4.268164e-03 
2.773463e-02 
-5.428780e-02 
1.006523e-01 
1.752864e-02 
1.655034e-01 
8.526477e-02 
1.951876e-01 
1.001864e-01 
1.960190e-01 
5.220836e-02 
1.469478e-01 
3.926453e-03 
1.063889e-01 
-1.755782e-02 
1.016450e-01 
-6.800443e-03 
1.179055e-01 
1.942538e-02 
1.277829e-01 
3.049622e-02 
1.227680e-01 
-1.225817e-02 
6.913818e-02 
-6.666667e-02 
3.192117e-02 
-1.038137e-01 
1.422084e-02 
-1.028952e-01 
1.092045e-02 
-8.964207e-02 
1.715715e-02 
-8.960648e-02 
3.005131e-02 
-8.136223e-02 
3.385593e-02 
-8.293904e-02 
1.459482e-02 
-1.094678e-01 
-1.269991e-02 
-1.334054e-01 
-1.776380e-02 
-1.183389e-01 
1.731367e-02 
-6.885770e-02 
7.061821e-02 
-3.634420e-03 
1.341151e-01 
5.356321e-02 
1.857413e-01 
7.797478e-02 
1.945850e-01 
6.658248e-02 
1.541014e-01 
2.441000e-02 
1.055225e-01 
-2.586659e-02 
6.278087e-02 
-6.845678e-02 
3.297528e-02 
-8.932689e-02 
3.129843e-02 
-6.997511e-02 
4.955025e-02 
-3.537102e-02 
7.986719e-02 
-1.316010e-02 
1.079637e-01 
8.084657e-03 
1.051212e-01 
-1.284345e-02 
6.797041e-02 
-6.914298e-02 
1.795620e-02 
-1.037087e-01 
9.556328e-03 
-8.610038e-02 
4.022251e-02 
-5.086160e-02 
7.042025e-02 
-1.519261e-02 
8.995470e-02 
-1.019488e-02 
9.347966e-02 
-2.250307e-02 
8.861153e-02 
-7.927016e-03 
1.123391e-01 
3.093962e-02 
1.526343e-01 
6.450622e-02 
1.667178e-01 
7.050540e-02 
1.559605e-01 
4.584871e-02 
1.334221e-01 
1.222847e-02 
8.302680e-02 
-3.663650e-02 
3.252599e-02 
-9.219828e-02 
1.093970e-03 
-1.016649e-01 
5.792181e-03 
-8.508298e-02 
2.758612e-02 
-6.248591e-02 
4.947628e-02 
-3.041953e-02 
7.870096e-02 
1.588064e-03 
9.026773e-02 
-8.105580e-03 
6.302578e-02 
-3.677897e-02 
2.791200e-02 
-7.714983e-02 
-4.325436e-03 
-1.145098e-01 
-1.717800e-02 
-1.115499e-01 
-1.397890e-03 
-7.848322e-02 
3.968764e-02 
-3.505372e-02 
7.214226e-02 
-9.537516e-03 
7.409709e-02 
-1.835457e-02 
5.189089e-02 
-4.490909e-02 
2.371431e-02 
-6.475282e-02 
1.076392e-02 
-6.791482e-02 
2.329835e-02 
-4.928136e-02 
3.897255e-02 
-3.224896e-02 
4.519706e-02 
-3.931408e-02 
2.589414e-02 
-6.973060e-02 
-1.170611e-02 
-1.116176e-01 
-5.043723e-02 
-1.445405e-01 
-6.861384e-02 
-1.449552e-01 
-5.401394e-02 
-1.116628e-01 
-1.311178e-02 
-7.028672e-02 
2.148813e-02 
-3.843022e-02 
3.743469e-02 
-3.745919e-02 
2.033158e-02 
-6.447700e-02 
-9.352365e-03 
-8.832802e-02 
-2.687722e-02 
-9.568233e-02 
-2.321445e-02 
-7.999288e-02 
4.361340e-04 
-4.751687e-02 
3.337376e-02 
-1.687102e-02 
5.906511e-02 
3.360253e-04 
6.400825e-02 
-3.638253e-03 
4.951100e-02 
-3.086121e-02 
1.491388e-02 
-5.409826e-02 
-2.210607e-03 
-6.785828e-02 
-6.212491e-03 
-5.890723e-02 
3.360579e-03 
-4.759343e-02 
-1.790652e-03 
-7.048729e-02 
-2.730881e-02 
-9.098845e-02 
-4.067099e-02 
-8.978407e-02 
-3.049257e-02 
-8.332442e-02 
-1.989452e-02 
-5.259733e-02 
1.356237e-02 
-1.777936e-02 
5.176240e-02 
1.679483e-02 
8.134260e-02 
3.910662e-02 
8.592146e-02 
4.065348e-02 
7.960053e-02 
2.251442e-02 
3.915990e-02 
-1.851962e-02 
5.459991e-03 
-4.389894e-02 
7.339578e-03 
-2.023243e-02 
3.602466e-02 
2.252937e-03 
4.528969e-02 
6.324120e-03 
5.005111e-02 
1.352590e-02 
5.589695e-02 
1.378981e-02 
4.323953e-02 
-1.226319e-02 
8.676107e-03 
-3.838579e-02 
-1.378922e-02 
-4.920075e-02 
-1.426608e-02 
-2.552819e-02 
-8.963609e-03 
2.054913e-02 
1.737737e-02 
4.604288e-02 
3.443247e-02 
5.103591e-02 
3.207449e-02 
4.455997e-02 
2.951132e-02 
4.609574e-02 
2.902993e-02 
5.121371e-02 
4.819115e-02 
6.536081e-02 
5.253949e-02 
6.606783e-02 
4.594096e-02 
5.951377e-02 
3.104705e-02 
4.475271e-02 
1.274140e-02 
2.355191e-02 
-5.166623e-03 
-6.009310e-03 
-2.505791e-02 
-3.453956e-02 
-1.352024e-02 
-4.451565e-02 
-5.613806e-03 
-3.909123e-02 
-3.707901e-03 
-3.639572e-02 
-7.819820e-03 
-4.473518e-02 
-2.125008e-02 
-6.183895e-02 
-5.590655e-02 
-8.146045e-02 
-7.096029e-02 
-1.037545e-01 
-6.772842e-02 
-9.868813e-02 
-7.513103e-02 
-9.475088e-02 
-6.755455e-02 
-8.352924e-02 
-4.885772e-02 
-6.299966e-02 
-2.679819e-02 
-4.359040e-02 
-5.131829e-03 
-3.558864e-02 
-3.184747e-03 
-2.557745e-02 
2.781812e-03 
-2.273517e-02 
8.927408e-03 
-1.173354e-02 
1.558891e-02 
-9.920107e-04 
1.445272e-02 
-5.733025e-03 
1.711321e-02 
-1.622820e-02 
3.694570e-03 
-3.032232e-02 
-1.305957e-02 
-4.536837e-02 
-3.108269e-02 
-5.804388e-02 
-3.964824e-02 
-5.774702e-02 
-3.123302e-02 
-4.682052e-02 
-8.828052e-03 
-7.913879e-03 
2.451402e-02 
2.341663e-02 
4.210146e-02 
1.738192e-02 
4.173048e-02 
1.057791e-02 
3.169100e-02 
9.943931e-03 
2.656634e-02 
5.116258e-03 
2.237601e-02 
5.042139e-03 
2.665303e-02 
9.504102e-03 
2.926752e-02 
8.772413e-03 
2.085469e-02 
-3.702764e-03 
1.570135e-03 
-2.124341e-02 
-7.932674e-03 
-3.335612e-02 
-2.420692e-02 
-4.320971e-02 
-4.195319e-02 
-5.930752e-02 
-5.893767e-02 
-7.568804e-02 
-5.968316e-02 
-7.149408e-02 
-5.796905e-02 
-6.728433e-02 
-5.741078e-02 
-7.725633e-02 
-7.689949e-02 
-9.744595e-02 
-8.928518e-02 
-1.045588e-01 
-8.505653e-02 
-8.994310e-02 
-6.958133e-02 
-6.474990e-02 
-4.356350e-02 
-2.897494e-02 
8.887308e-04 
1.518065e-02 
4.262852e-02 
5.199463e-02 
6.644169e-02 
6.214220e-02 
6.446755e-02 
5.412933e-02 
4.753450e-02 
3.421508e-02 
2.996454e-02 
1.810942e-02 
1.197867e-02 
-1.215501e-03 
-1.228256e-02 
-2.484583e-02 
-3.821743e-02 
-5.233883e-02 
-5.964395e-02 
-6.572639e-02 
-6.731604e-02 
-6.720623e-02 
-6.348574e-02 
-5.500021e-02 
-5.024876e-02 
-3.787332e-02 
-2.870565e-02 
-9.612505e-03 
-6.752702e-04 
1.594106e-02 
2.249851e-02 
4.576304e-02 
5.231345e-02 
6.924136e-02 
6.496058e-02 
6.942592e-02 
5.887839e-02 
5.839671e-02 
4.908657e-02 
6.024345e-02 
5.330444e-02 
6.390694e-02 
5.102499e-02 
5.571354e-02 
4.121135e-02 
5.796472e-02 
5.081819e-02 
6.890809e-02 
6.054191e-02 
7.343528e-02 
5.164310e-02 
5.937885e-02 
3.439342e-02 
3.927700e-02 
1.915473e-02 
2.799323e-02 
5.503531e-03 
2.298301e-02 
3.793509e-03 
2.232492e-02 
6.265929e-03 
3.227510e-02 
1.908611e-02 
4.536687e-02 
2.833607e-02 
5.260262e-02 
3.365426e-02 
5.588014e-02 
3.024727e-02 
5.276722e-02 
3.031555e-02 
5.377337e-02 
3.285451e-02 
6.129028e-02 
3.598780e-02 
6.147638e-02 
3.349599e-02 
5.864310e-02 
2.667954e-02 
4.937424e-02 
1.512839e-02 
3.842553e-02 
2.861911e-03 
2.359034e-02 
-1.432606e-02 
1.150159e-02 
-2.361306e-02 
5.396233e-03 
-2.611764e-02 
6.687558e-03 
-2.746739e-02 
8.789378e-03 
-2.035622e-02 
1.331264e-02 
-2.288124e-02 
1.808556e-02 
-1.707699e-02 
1.423232e-02 
-2.762288e-02 
-8.863777e-03 
-5.801240e-02 
-1.655263e-02 
-5.391931e-02 
-7.776193e-03 
-4.726249e-02 
4.548878e-03 
-4.461124e-02 
3.134980e-03 
-2.719585e-02 
1.843654e-02 
-7.088464e-03 
3.630695e-02 
-1.136527e-02 
2.390174e-02 
-2.237469e-02 
7.351942e-03 
-3.410210e-02 
8.473412e-03 
-4.177827e-02 
1.218610e-02 
-4.037540e-02 
1.041030e-02 
-4.431443e-02 
5.536947e-04 
-5.048509e-02 
-4.000696e-04 
-4.745084e-02 
-1.412231e-04 
-5.326727e-02 
-4.304545e-03 
-6.661780e-02 
-1.009609e-02 
-5.514405e-02 
4.558769e-03 
-4.886765e-02 
7.144310e-03 
-4.820582e-02 
8.484318e-04 
-4.797793e-02 
-7.619366e-04 
-5.282195e-02 
1.045591e-02 
-4.990465e-02 
9.349656e-03 
-4.168307e-02 
1.968425e-02 
-3.768852e-02 
2.588402e-02 
-2.471798e-02 
2.766324e-02 
-2.417251e-02 
3.598365e-02 
-2.944028e-02 
4.152274e-02 
-1.213982e-02 
4.594586e-02 
-1.761576e-02 
4.892521e-02 
-2.662057e-02 
3.215069e-02 
-3.402415e-02 
1.564786e-02 
-5.504971e-02 
-8.143561e-04 
-7.157380e-02 
-9.873123e-03 
-7.292030e-02 
-1.179005e-02 
-8.794207e-02 
-2.083563e-02 
-9.461898e-02 
-2.775105e-02 
-8.563874e-02 
-1.744177e-02 
-7.984814e-02 
-8.564104e-04 
-5.316248e-02 
3.019296e-02 
-1.826788e-02 
6.528922e-02 
3.845107e-03 
7.447250e-02 
1.913629e-03 
6.579090e-02 
-2.431070e-04 
7.664465e-02 
8.032595e-03 
8.188454e-02 
9.088851e-03 
6.857502e-02 
-8.208254e-03 
6.208998e-02 
-1.007112e-02 
6.271344e-02 
-1.206620e-02 
5.540038e-02 
-2.375524e-02 
4.696671e-02 
-2.658229e-02 
4.815605e-02 
-1.919450e-02 
5.513671e-02 
-1.521549e-02 
6.462060e-02 
-5.097212e-03 
7.077583e-02 
-1.499834e-03 
7.094396e-02 
-6.603554e-03 
6.883002e-02 
-1.914778e-03 
7.819738e-02 
7.691672e-03 
8.372657e-02 
6.798127e-03 
8.065325e-02 
6.469374e-03 
8.267824e-02 
1.131910e-02 
8.893472e-02 
1.039470e-02 
8.265310e-02 
2.671896e-03 
7.321942e-02 
-7.601084e-03 
6.417503e-02 
-1.662942e-02 
5.254515e-02 
-3.115690e-02 
3.675469e-02 
-4.502525e-02 
2.791625e-02 
-5.151466e-02 
2.196540e-02 
-5.454787e-02 
2.191312e-02 
-5.320386e-02 
2.588800e-02 
-4.896002e-02 
2.676485e-02 
-5.052594e-02 
2.536896e-02 
-4.792047e-02 
3.455000e-02 
-3.356831e-02 
4.890664e-02 
-2.316890e-02 
5.331248e-02 
-2.503845e-02 
4.757825e-02 
-3.220241e-02 
3.755140e-02 
-4.471527e-02 
2.280093e-02 
-6.145562e-02 
5.932817e-03 
-7.517481e-02 
-5.181925e-03 
-8.518290e-02 
-1.561883e-02 
-9.541761e-02 
-2.461702e-02 
-1.012374e-01 
-2.769779e-02 
-1.009456e-01 
-2.401945e-02 
-9.434471e-02 
-1.598228e-02 
-8.279472e-02 
-1.267689e-03 
-6.628222e-02 
1.391410e-02 
-5.402982e-02 
2.230777e-02 
-4.641038e-02 
3.102254e-02 
-3.489254e-02 
4.381048e-02 
-2.182217e-02 
5.426246e-02 
-1.351018e-02 
6.039222e-02 
-8.256184e-03 
6.413656e-02 
-5.368365e-03 
6.382733e-02 
-7.847596e-03 
6.030414e-02 
-9.922118e-03 
5.886451e-02 
-1.049830e-02 
5.629354e-02 
-1.508553e-02 
4.875191e-02 
-2.377984e-02 
3.829115e-02 
-3.383819e-02 
2.821326e-02 
-4.150482e-02 
2.392564e-02 
-3.987044e-02 
2.994302e-02 
-2.863220e-02 
4.384057e-02 
-1.302884e-02 
5.756537e-02 
-1.102227e-03 
6.646972e-02 
7.883818e-03 
7.562100e-02 
1.877222e-02 
8.645999e-02 
3.068931e-02 
9.701258e-02 
3.976986e-02 
1.025539e-01 
4.408967e-02 
1.030724e-01 
4.033623e-02 
9.183639e-02 
2.479604e-02 
7.575910e-02 
4.953231e-03 
4.854478e-02 
-1.823388e-02 
2.556413e-02 
-3.732812e-02 
1.324104e-02 
-4.322808e-02 
8.754042e-03 
-4.834114e-02 
3.056633e-04 
-5.647365e-02 
-1.469188e-04 
-4.528844e-02 
1.697598e-02 
-2.502940e-02 
3.045732e-02 
-1.843826e-02 
3.433351e-02 
-1.102032e-02 
3.922189e-02 
-4.262753e-03 
4.896628e-02 
8.378297e-03 
6.012756e-02 
1.741883e-02 
6.492571e-02 
2.173044e-02 
6.532329e-02 
1.798079e-02 
5.775673e-02 
1.369326e-02 
5.277938e-02 
7.035365e-03 
4.153274e-02 
-8.381582e-03 
2.184845e-02 
-2.717297e-02 
7.905879e-04 
-4.361918e-02 
-9.246995e-03 
-5.685331e-02 
-2.440208e-02 
-6.021910e-02 
-2.516282e-02 
-5.432505e-02 
-2.375684e-02 
-5.530997e-02 
-2.460479e-02 
-5.326200e-02 
-1.684874e-02 
-4.417631e-02 
5.012572e-04 
-2.458448e-02 
7.915120e-03 
-1.704845e-02 
1.100209e-02 
-1.511398e-02 
1.594623e-02 
-5.446940e-03 
2.286820e-02 
1.062146e-03 
2.403044e-02 
5.897613e-04 
1.987000e-02 
-3.244123e-03 
1.494060e-02 
-5.147980e-03 
1.609743e-02 
-5.150352e-03 
1.345547e-02 
-3.882158e-03 
7.393651e-03 
-1.517027e-02 
-7.606805e-03 
-2.954935e-02 
-2.084326e-02 
-4.016846e-02 
-3.332300e-02 
-5.212087e-02 
-4.814139e-02 
-6.709198e-02 
-6.519444e-02 
-7.759721e-02 
-6.893588e-02 
-7.284973e-02 
-5.764001e-02 
-5.757239e-02 
-4.708989e-02 
-4.603908e-02 
-3.542041e-02 
-3.165012e-02 
-2.233682e-02 
-1.914509e-02 
-1.415536e-02 
-1.224142e-02 
-1.282213e-02 
-1.429909e-02 
-2.096051e-02 
-2.460295e-02 
-3.681518e-02 
-4.074649e-02 
-5.139965e-02 
-5.143491e-02 
-6.071551e-02 
-5.577987e-02 
-6.497857e-02 
-5.690888e-02 
-6.513469e-02 
-5.131380e-02 
-5.635285e-02 
-3.840345e-02 
-4.584372e-02 
-2.895791e-02 
-3.965529e-02 
-2.258325e-02 
-3.609090e-02 
-1.781852e-02 
-3.355966e-02 
-1.617772e-02 
-3.505508e-02 
-1.710392e-02 
-3.835169e-02 
-1.836112e-02 
-3.968365e-02 
-1.585228e-02 
-3.626485e-02 
-8.523268e-03 
-2.744966e-02 
5.589216e-03 
-1.165806e-02 
2.271928e-02 
9.343211e-04 
3.331094e-02 
6.691237e-03 
3.853516e-02 
9.199343e-03 
4.033700e-02 
6.123168e-03 
3.580510e-02 
-1.864598e-03 
2.910846e-02 
-8.730686e-03 
2.627698e-02 
-1.066650e-02 
2.686987e-02 
-1.189781e-02 
2.727411e-02 
-1.029197e-02 
3.475125e-02 
-7.279435e-04 
4.833020e-02 
1.273573e-02 
6.354951e-02 
2.584374e-02 
7.682344e-02 
3.569616e-02 
8.577427e-02 
4.025770e-02 
8.874373e-02 
3.896070e-02 
8.704585e-02 
3.454573e-02 
8.307694e-02 
2.766947e-02 
7.555159e-02 
1.719149e-02 
6.736582e-02 
1.025544e-02 
6.500405e-02 
8.812653e-03 
6.707214e-02 
1.184871e-02 
7.254559e-02 
1.412244e-02 
7.267638e-02 
8.670904e-03 
6.629635e-02 
-2.130069e-04 
5.856560e-02 
-9.661650e-03 
4.949984e-02 
-2.070051e-02 
3.942689e-02 
-3.248849e-02 
2.893242e-02 
-4.397315e-02 
1.997007e-02 
-5.228881e-02 
1.517606e-02 
-5.641064e-02 
1.503997e-02 
-5.526758e-02 
2.043044e-02 
-4.842563e-02 
3.138172e-02 
-3.731060e-02 
4.295651e-02 
-2.975237e-02 
4.774925e-02 
-3.037317e-02 
4.480208e-02 
-3.780698e-02 
3.714605e-02 
-4.656721e-02 
3.142346e-02 
-5.143501e-02 
2.953487e-02 
-5.326663e-02 
2.980504e-02 
-5.375952e-02 
3.077722e-02 
-5.383658e-02 
3.236908e-02 
-5.323643e-02 
3.320428e-02 
-5.579838e-02 
2.931943e-02 
-6.247324e-02 
2.361649e-02 
-6.940374e-02 
1.693953e-02 
-7.906967e-02 
6.626891e-03 
-9.141044e-02 
-4.582684e-03 
-1.035286e-01 
-1.524599e-02 
-1.142771e-01 
-2.288984e-02 
-1.211790e-01 
-2.760576e-02 
-1.263595e-01 
-3.072073e-02 
-1.284852e-01 
-2.889973e-02 
-1.246991e-01 
-2.090554e-02 
-1.146420e-01 
-7.578085e-03 
-1.011305e-01 
7.117813e-03 
-8.830952e-02 
1.885520e-02 
-8.058627e-02 
2.423694e-02 
-7.904300e-02 
2.473311e-02 
-8.073294e-02 
2.369266e-02 
-8.133943e-02 
2.690038e-02 
-7.544880e-02 
3.667762e-02 
-6.528414e-02 
4.711116e-02 
-5.786371e-02 
5.234532e-02 
-5.649817e-02 
5.213541e-02 
-5.905209e-02 
4.964762e-02 
-6.243427e-02 
4.777851e-02 
-6.366787e-02 
4.889232e-02 
-6.188441e-02 
5.293445e-02 
-5.644651e-02 
6.175703e-02 
-4.596901e-02 
7.451137e-02 
-3.302440e-02 
8.857943e-02 
-1.985883e-02 
1.015669e-01 
-8.217772e-03 
1.139478e-01 
4.174696e-03 
1.271912e-01 
1.616508e-02 
1.386153e-01 
2.569742e-02 
1.465179e-01 
3.040059e-02 
1.489777e-01 
2.798732e-02 
1.427285e-01 
1.770618e-02 
1.299688e-01 
2.894332e-03 
1.149411e-01 
-1.176541e-02 
1.039472e-01 
-1.790144e-02 
1.040122e-01 
-1.643937e-02 
1.045695e-01 
-1.715077e-02 
1.033941e-01 
-2.013935e-02 
9.720482e-02 
-3.168371e-02 
8.369105e-02 
-4.556198e-02 
7.317425e-02 
-4.926873e-02 
7.964012e-02 
-3.243196e-02 
1.041799e-01 
-4.915459e-03 
1.296939e-01 
1.450447e-02 
1.406748e-01 
1.632638e-02 
1.364129e-01 
8.650766e-03 
1.289863e-01 
2.835151e-03 
1.261008e-01 
1.310949e-03 
1.248628e-01 
-9.558765e-04 
1.195846e-01 
-1.082333e-02 
1.042106e-01 
-3.112299e-02 
8.138561e-02 
-5.430996e-02 
5.952836e-02 
-7.451021e-02 
4.092264e-02 
-9.193301e-02 
2.520839e-02 
-1.047498e-01 
1.466938e-02 
-1.136587e-01 
6.672646e-03 
-1.199477e-01 
2.637210e-03 
-1.205549e-01 
5.370912e-03 
-1.147494e-01 
1.272767e-02 
-1.077372e-01 
1.761143e-02 
-1.048172e-01 
1.909625e-02 
-1.033490e-01 
2.097398e-02 
-9.922986e-02 
2.803470e-02 
-8.732919e-02 
4.440360e-02 
-6.784737e-02 
6.329607e-02 
-5.173797e-02 
7.344257e-02 
-4.885543e-02 
6.745779e-02 
-6.254951e-02 
4.735961e-02 
-8.434344e-02 
2.756224e-02 
-9.738062e-02 
2.218681e-02 
-9.536730e-02 
2.751376e-02 
-8.890950e-02 
3.140015e-02 
-8.895980e-02 
2.575366e-02 
-9.767384e-02 
1.576916e-02 
-1.050101e-01 
1.153576e-02 
-1.041913e-01 
1.667963e-02 
-9.368243e-02 
3.000499e-02 
-7.805514e-02 
4.515806e-02 
-6.295902e-02 
5.888944e-02 
-4.879452e-02 
7.249643e-02 
-3.416206e-02 
8.647403e-02 
-2.024603e-02 
9.778986e-02 
-1.087417e-02 
1.030724e-01 
-8.188566e-03 
1.021679e-01 
-1.013486e-02 
9.855228e-02 
-1.323883e-02 
9.431412e-02 
-1.703808e-02 
8.932168e-02 
-2.216015e-02 
8.063642e-02 
-3.447587e-02 
6.221328e-02 
-5.605705e-02 
3.787996e-02 
-7.908144e-02 
1.598258e-02 
-9.608429e-02 
4.098432e-03 
-9.925712e-02 
8.034053e-03 
-8.759739e-02 
2.266457e-02 
-7.123365e-02 
3.558395e-02 
-6.182423e-02 
3.879149e-02 
-6.178129e-02 
3.536649e-02 
-6.409081e-02 
3.470449e-02 
-5.884184e-02 
4.393376e-02 
-4.500048e-02 
5.752824e-02 
-3.195898e-02 
6.539901e-02 
-2.876861e-02 
6.100354e-02 
-3.702416e-02 
4.889902e-02 
-4.870727e-02 
3.599480e-02 
-6.019991e-02 
2.361075e-02 
-7.094555e-02 
1.179230e-02 
-8.131558e-02 
1.046647e-03 
-8.902455e-02 
-5.987407e-03 
-9.290886e-02 
-9.147409e-03 
-9.223592e-02 
-7.255390e-03 
-8.761681e-02 
-4.310007e-03 
-8.450975e-02 
-3.231160e-03 
-8.162593e-02 
-2.535312e-04 
-7.483661e-02 
8.611968e-03 
-6.016053e-02 
2.639238e-02 
-3.756445e-02 
4.916198e-02 
-1.377103e-02 
6.882033e-02 
2.170500e-03 
7.640765e-02 
4.327721e-03 
7.190677e-02 
-1.549151e-03 
6.351890e-02 
-8.169719e-03 
5.681773e-02 
-1.096698e-02 
5.516301e-02 
-9.359983e-03 
5.501697e-02 
-1.056835e-02 
4.804982e-02 
-2.047068e-02 
3.319021e-02 
-3.531090e-02 
1.749020e-02 
-4.624619e-02 
1.028029e-02 
-4.599861e-02 
1.354630e-02 
-3.852191e-02 
2.078264e-02 
-2.879450e-02 
2.915347e-02 
-1.950112e-02 
3.585906e-02 
-1.123708e-02 
4.355006e-02 
-7.400811e-04 
5.284490e-02 
9.968767e-03 
6.127948e-02 
1.888035e-02 
6.662227e-02 
2.375886e-02 
6.828474e-02 
2.609508e-02 
6.798823e-02 
2.647605e-02 
6.604888e-02 
2.574619e-02 
6.225341e-02 
2.065352e-02 
5.144296e-02 
7.736668e-03 
3.405991e-02 
-9.563898e-03 
1.433942e-02 
-2.715863e-02 
-3.157663e-03 
-3.995922e-02 
-1.376859e-02 
-4.434686e-02 
-1.567424e-02 
-4.167843e-02 
-1.368823e-02 
-3.855641e-02 
-1.375960e-02 
-3.822217e-02 
-1.572052e-02 
-3.755357e-02 
-1.406841e-02 
-2.987076e-02 
-3.109082e-03 
-1.244625e-02 
1.586213e-02 
9.138593e-03 
3.385569e-02 
2.476804e-02 
4.225152e-02 
2.908908e-02 
3.951764e-02 
2.412528e-02 
3.084156e-02 
1.719408e-02 
2.299618e-02 
1.148004e-02 
1.487921e-02 
3.600022e-03 
3.449315e-03 
-7.623861e-03 
-1.071370e-02 
-2.066417e-02 
-2.517160e-02 
-3.216678e-02 
-3.681100e-02 
-4.060352e-02 
-4.595278e-02 
-4.697725e-02 
-5.283347e-02 
-5.074383e-02 
-5.669462e-02 
-5.045570e-02 
-5.467627e-02 
-4.251076e-02 
-4.439204e-02 
-2.720372e-02 
-2.816020e-02 
-7.251813e-03 
-9.102689e-03 
1.291552e-02 
7.369304e-03 
2.829330e-02 
1.788336e-02 
3.736975e-02 
2.242163e-02 
4.178385e-02 
2.461115e-02 
4.582982e-02 
2.701054e-02 
4.929338e-02 
2.729504e-02 
4.897833e-02 
2.245637e-02 
4.290080e-02 
1.201136e-02 
3.153670e-02 
-2.437365e-03 
1.973866e-02 
-1.493348e-02 
8.506795e-03 
-2.727584e-02 
-1.197344e-03 
-3.573543e-02 
-4.859987e-03 
-3.833284e-02 
-1.605075e-03 
-3.646918e-02 
1.033587e-04 
-3.845573e-02 
-8.160977e-04 
-3.638489e-02 
9.252933e-03 
-2.111313e-02 
3.055396e-02 
-7.653051e-04 
4.926769e-02 
1.302713e-02 
5.941988e-02 
1.178779e-02 
5.775631e-02 
1.387896e-02 
6.050959e-02 
1.309824e-02 
6.375331e-02 
1.762833e-02 
6.877615e-02 
1.296207e-02 
5.490345e-02 
-5.139322e-03 
4.013163e-02 
-2.426526e-02 
2.565376e-02 
-2.947786e-02 
2.616498e-02 
-3.667555e-02 
1.840776e-02 
-4.311264e-02 
8.280717e-03 
-5.586557e-02 
1.161470e-03 
-6.068720e-02 
2.453000e-03 
-5.454784e-02 
9.106877e-03 
-5.335032e-02 
1.298111e-02 
-5.578732e-02 
1.234628e-02 
-4.862463e-02 
2.417408e-02 
-3.424324e-02 
4.435464e-02 
-1.870959e-02 
4.707313e-02 
-2.437911e-02 
4.342012e-02 
-2.961300e-02 
4.736424e-02 
-1.732579e-02 
6.113922e-02 
-9.721237e-03 
6.091150e-02 
-2.314112e-02 
4.493398e-02 
-4.017978e-02 
2.886454e-02 
-5.152321e-02 
2.323699e-02 
-5.996848e-02 
1.288910e-02 
-6.989024e-02 
3.871045e-03 
-8.228535e-02 
-3.636915e-03 
-8.725616e-02 
-3.398770e-03 
-8.326363e-02 
1.913133e-03 
-8.022571e-02 
4.967065e-03 
-8.042979e-02 
5.812524e-03 
-7.457563e-02 
1.703119e-02 
-6.328062e-02 
2.905612e-02 
-5.452645e-02 
3.342364e-02 
-5.342967e-02 
3.797039e-02 
-4.665502e-02 
5.020114e-02 
-3.214794e-02 
6.466978e-02 
-2.139975e-02 
7.055191e-02 
-2.247107e-02 
6.852092e-02 
-2.401203e-02 
6.783942e-02 
-2.586062e-02 
6.658311e-02 
-3.002890e-02 
5.945766e-02 
-4.046089e-02 
4.694405e-02 
-5.635636e-02 
3.100615e-02 
-7.269981e-02 
1.677209e-02 
-8.512630e-02 
6.031608e-03 
-9.558228e-02 
-1.676109e-03 
-1.006811e-01 
-1.049634e-03 
-9.266060e-02 
1.419975e-02 
-7.606966e-02 
2.982249e-02 
-6.298209e-02 
4.166242e-02 
-5.185126e-02 
5.382360e-02 
-3.990280e-02 
6.682151e-02 
-2.710733e-02 
7.907266e-02 
-1.669596e-02 
8.718724e-02 
-1.265469e-02 
8.872794e-02 
-1.234657e-02 
8.888317e-02 
-1.291979e-02 
8.792954e-02 
-1.639700e-02 
8.091399e-02 
-2.712622e-02 
6.827617e-02 
-4.078962e-02 
5.444316e-02 
-5.584038e-02 
3.877740e-02 
-7.143270e-02 
2.352199e-02 
-8.640090e-02 
1.067509e-02 
-9.559765e-02 
5.686922e-03 
-9.706666e-02 
6.657532e-03 
-9.486245e-02 
1.011354e-02 
-8.981379e-02 
1.700627e-02 
-8.042723e-02 
2.926499e-02 
-6.519184e-02 
4.724471e-02 
-4.517014e-02 
6.758464e-02 
-2.587650e-02 
8.384664e-02 
-1.405450e-02 
9.045307e-02 
-1.161705e-02 
8.903344e-02 
-1.615854e-02 
8.144967e-02 
-2.590555e-02 
6.973495e-02 
-3.799367e-02 
5.793326e-02 
-4.811437e-02 
4.886425e-02 
-5.669976e-02 
3.906092e-02 
-6.722027e-02 
2.741990e-02 
-7.867230e-02 
1.665185e-02 
-8.667857e-02 
1.110378e-02 
-8.892812e-02 
1.125517e-02 
-8.565462e-02 
1.632637e-02 
-7.870639e-02 
2.363565e-02 
-6.925682e-02 
3.535989e-02 
-5.442250e-02 
5.139924e-02 
-3.662273e-02 
6.887854e-02 
-1.913651e-02 
8.454196e-02 
-4.735124e-03 
9.634097e-02 
6.154887e-03 
1.047776e-01 
1.270415e-02 
1.079595e-01 
1.406600e-02 
1.066426e-01 
1.213238e-02 
1.026117e-01 
6.917736e-03 
9.407410e-02 
-3.713276e-03 
7.995794e-02 
-1.861268e-02 
6.383348e-02 
-3.340990e-02 
4.999434e-02 
-4.323244e-02 
4.326274e-02 
-4.498417e-02 
4.433495e-02 
-3.987780e-02 
5.094892e-02 
-3.084706e-02 
5.948460e-02 
-2.136262e-02 
6.816749e-02 
-1.128629e-02 
7.809828e-02 
9.672674e-04 
9.038569e-02 
1.423023e-02 
1.018657e-01 
2.633706e-02 
1.124011e-01 
3.667749e-02 
1.193123e-01 
4.147102e-02 
1.200360e-01 
4.079592e-02 
1.152901e-01 
3.365474e-02 
1.033301e-01 
1.986380e-02 
8.643595e-02 
2.725098e-03 
6.600132e-02 
-1.914044e-02 
4.067644e-02 
-4.380428e-02 
1.602134e-02 
-6.473111e-02 
-3.699997e-03 
-8.097980e-02 
-1.815877e-02 
-9.004635e-02 
-2.459520e-02 
-9.234375e-02 
-2.638033e-02 
-9.066315e-02 
-2.285566e-02 
-8.265076e-02 
-1.472987e-02 
-7.252245e-02 
-5.006065e-03 
-6.022702e-02 
5.469224e-03 
-5.090197e-02 
1.291594e-02 
-4.068905e-02 
2.217351e-02 
-3.132743e-02 
2.508848e-02 
-3.304755e-02 
2.038049e-02 
-3.715468e-02 
1.554892e-02 
-3.422324e-02 
1.786116e-02 
-3.345656e-02 
1.279850e-02 
-4.214825e-02 
1.165846e-03 
-5.013186e-02 
-4.582650e-03 
-5.239424e-02 
-8.918004e-03 
-5.799024e-02 
-2.021310e-02 
-6.919309e-02 
-3.247291e-02 
-7.930393e-02 
-4.106638e-02 
-8.166502e-02 
-4.230136e-02 
-7.621613e-02 
-3.290250e-02 
-6.070612e-02 
-1.597753e-02 
-4.099384e-02 
2.135674e-03 
-2.146503e-02 
2.002283e-02 
-2.687094e-03 
3.446254e-02 
9.070817e-03 
3.835231e-02 
1.083301e-02 
3.979620e-02 
1.671168e-02 
4.482288e-02 
2.259190e-02 
4.572261e-02 
2.205317e-02 
4.122360e-02 
1.775819e-02 
3.399426e-02 
1.185983e-02 
2.700551e-02 
7.917770e-03 
2.255682e-02 
5.411198e-03 
1.694076e-02 
1.289398e-03 
1.167791e-02 
-1.632222e-03 
7.776070e-03 
-2.357100e-03 
6.010645e-03 
-1.842281e-03 
4.162122e-03 
-3.041647e-03 
7.875269e-05 
-5.317726e-03 
-2.637005e-03 
-3.743899e-03 
-2.347246e-04 
2.056012e-03 
3.997774e-03 
8.367827e-03 
8.426412e-03 
1.508719e-02 
1.446674e-02 
2.398616e-02 
2.084165e-02 
2.948718e-02 
1.965589e-02 
2.486724e-02 
8.704206e-03 
1.285334e-02 
-6.943336e-03 
-1.509697e-03 
-2.249946e-02 
-1.310898e-02 
-3.289085e-02 
-1.866749e-02 
-3.879438e-02 
-2.217052e-02 
-4.460884e-02 
-2.675010e-02 
-5.092650e-02 
-3.000713e-02 
-5.512442e-02 
-3.239929e-02 
-6.022369e-02 
-3.532840e-02 
-6.280576e-02 
-3.284966e-02 
-6.001233e-02 
-2.730602e-02 
-5.630996e-02 
-2.211894e-02 
-5.390208e-02 
-1.884845e-02 
-5.366598e-02 
-1.735330e-02 
-5.395686e-02 
-1.508490e-02 
-5.264371e-02 
-1.095513e-02 
-4.976000e-02 
-5.659055e-03 
-4.588807e-02 
3.508983e-04 
-4.192339e-02 
5.679807e-03 
-3.934250e-02 
8.989829e-03 
-3.907668e-02 
9.868134e-03 
-4.163485e-02 
7.454284e-03 
-4.735583e-02 
2.905619e-03 
-5.348697e-02 
-2.036128e-04 
-5.648442e-02 
1.377003e-03 
-5.363668e-02 
9.061297e-03 
-4.521921e-02 
2.144780e-02 
-3.325202e-02 
3.513700e-02 
-2.329210e-02 
4.387893e-02 
-1.896515e-02 
4.860855e-02 
-1.653876e-02 
5.261606e-02 
-1.405556e-02 
5.827833e-02 
-7.749010e-03 
6.854574e-02 
1.361886e-03 
7.817292e-02 
7.250105e-03 
8.424237e-02 
1.079994e-02 
8.906389e-02 
1.304730e-02 
9.171926e-02 
1.280256e-02 
9.253830e-02 
1.154822e-02 
9.245672e-02 
9.098426e-03 
9.092900e-02 
4.977808e-03 
8.688957e-02 
-2.872580e-03 
7.856378e-02 
-1.439365e-02 
6.751626e-02 
-2.798702e-02 
5.529494e-02 
-4.059722e-02 
4.709036e-02 
-4.677545e-02 
4.581184e-02 
-4.692494e-02 
4.963075e-02 
-4.227024e-02 
5.793962e-02 
-3.391765e-02 
6.864372e-02 
-2.486017e-02 
7.790372e-02 
-1.969643e-02 
8.126239e-02 
-2.083551e-02 
7.929828e-02 
-2.596251e-02 
7.429430e-02 
-3.308462e-02 
6.889761e-02 
-3.853696e-02 
6.674942e-02 
-4.053426e-02 
6.671180e-02 
-4.237239e-02 
6.528769e-02 
-4.613458e-02 
6.178164e-02 
-5.257430e-02 
5.467776e-02 
-6.235591e-02 
4.632143e-02 
-7.049743e-02 
4.139380e-02 
-7.490900e-02 
3.965818e-02 
-7.682653e-02 
3.940887e-02 
-7.881412e-02 
3.738756e-02 
-8.283978e-02 
3.520879e-02 
-8.423215e-02 
3.698044e-02 
-8.242554e-02 
4.066952e-02 
-7.856391e-02 
4.759285e-02 
-7.100465e-02 
5.688577e-02 
-6.314630e-02 
6.478576e-02 
-5.781074e-02 
6.914794e-02 
-5.669187e-02 
6.902064e-02 
-6.026631e-02 
6.359402e-02 
-6.924671e-02 
5.407244e-02 
-7.980805e-02 
4.528313e-02 
-8.803642e-02 
3.999767e-02 
-9.175805e-02 
3.950714e-02 
-9.106855e-02 
4.304137e-02 
-8.623291e-02 
5.010587e-02 
-8.019253e-02 
5.542040e-02 
-7.696775e-02 
5.910742e-02 
-7.371100e-02 
6.320996e-02 
-7.033304e-02 
6.769880e-02 
-6.567690e-02 
7.379050e-02 
-5.985450e-02 
8.035210e-02 
-5.413808e-02 
8.578440e-02 
-5.078987e-02 
8.830437e-02 
-4.951562e-02 
9.007400e-02 
-4.828825e-02 
9.154220e-02 
-4.774844e-02 
9.214316e-02 
-4.820229e-02 
9.129188e-02 
-5.052253e-02 
8.821693e-02 
-5.541747e-02 
8.210704e-02 
-6.339567e-02 
7.349520e-02 
-7.284382e-02 
6.434822e-02 
-8.172497e-02 
5.717991e-02 
-8.699963e-02 
5.480139e-02 
-8.679427e-02 
5.827796e-02 
-8.061239e-02 
6.676997e-02 
-7.152644e-02 
7.575205e-02 
-6.355696e-02 
8.276126e-02 
-5.792997e-02 
8.708607e-02 
-5.536171e-02 
8.769930e-02 
-5.708473e-02 
8.431656e-02 
-6.089319e-02 
8.125521e-02 
-6.304927e-02 
7.946347e-02 
-6.483396e-02 
7.772705e-02 
-6.613648e-02 
7.672475e-02 
-6.720101e-02 
7.459668e-02 
-7.077662e-02 
6.932050e-02 
-7.679446e-02 
6.297240e-02 
-8.278986e-02 
5.697349e-02 
-8.813909e-02 
5.204863e-02 
-9.220224e-02 
4.805921e-02 
-9.584610e-02 
4.404407e-02 
-9.950368e-02 
4.045952e-02 
-1.016029e-01 
4.002503e-02 
-9.921412e-02 
4.422150e-02 
-9.257884e-02 
5.259921e-02 
-8.154408e-02 
6.467175e-02 
-6.886522e-02 
7.586744e-02 
-5.857221e-02 
8.380215e-02 
-5.273614e-02 
8.574880e-02 
-5.348604e-02 
8.187042e-02 
-5.860872e-02 
7.462133e-02 
-6.640090e-02 
6.557638e-02 
-7.469113e-02 
5.729149e-02 
-8.109338e-02 
5.157374e-02 
-8.492491e-02 
4.776642e-02 
-8.731238e-02 
4.532657e-02 
-8.840711e-02 
4.340395e-02 
-9.012384e-02 
4.007913e-02 
-9.306515e-02 
3.617128e-02 
-9.580362e-02 
3.319810e-02 
-9.684387e-02 
3.256509e-02 
-9.505528e-02 
3.476227e-02 
-9.075814e-02 
3.905656e-02 
-8.449910e-02 
4.506851e-02 
-7.712716e-02 
5.132484e-02 
-6.976493e-02 
5.814543e-02 
-6.114135e-02 
6.589862e-02 
-5.270657e-02 
7.232351e-02 
-4.628761e-02 
7.595720e-02 
-4.374075e-02 
7.447930e-02 
-4.699275e-02 
6.731921e-02 
-5.501266e-02 
5.672828e-02 
-6.487248e-02 
4.566304e-02 
-7.397956e-02 
3.662280e-02 
-7.973195e-02 
3.168196e-02 
-8.131654e-02 
3.072103e-02 
-7.879042e-02 
3.392909e-02 
-7.255046e-02 
3.969670e-02 
-6.502365e-02 
4.571445e-02 
-5.788953e-02 
5.103626e-02 
-5.117542e-02 
5.631622e-02 
-4.444407e-02 
6.130661e-02 
-3.818359e-02 
6.589796e-02 
-3.200219e-02 
7.068984e-02 
-2.535101e-02 
7.580642e-02 
-1.916628e-02 
7.928766e-02 
-1.535866e-02 
8.003954e-02 
-1.457458e-02 
7.754893e-02 
-1.656820e-02 
7.337437e-02 
-1.917503e-02 
6.882908e-02 
-2.229209e-02 
6.376972e-02 
-2.591633e-02 
5.754436e-02 
-3.176574e-02 
4.865590e-02 
-3.924228e-02 
4.013133e-02 
-4.441325e-02 
3.521427e-02 
-4.494865e-02 
3.586738e-02 
-3.934128e-02 
4.214088e-02 
-2.977036e-02 
5.017973e-02 
-1.991756e-02 
5.783276e-02 
-1.119377e-02 
6.348879e-02 
-4.615724e-03 
6.739718e-02 
3.297193e-04 
6.884264e-02 
1.844990e-03 
6.697687e-02 
1.260488e-03 
6.377290e-02 
-7.741853e-04 
5.910683e-02 
-3.583745e-03 
5.436367e-02 
-6.304074e-03 
4.943472e-02 
-9.450558e-03 
4.384458e-02 
-1.376141e-02 
3.638931e-02 
-2.015260e-02 
2.708610e-02 
-2.789473e-02 
1.728387e-02 
-3.482981e-02 
9.465389e-03 
-3.922270e-02 
4.317687e-03 
-4.073463e-02 
2.202099e-03 
-3.934145e-02 
2.587089e-03 
-3.557648e-02 
5.703300e-03 
-2.878467e-02 
1.163429e-02 
-1.944231e-02 
1.984673e-02 
-8.517625e-03 
2.847953e-02 
1.786063e-03 
3.575496e-02 
9.889986e-03 
3.923174e-02 
1.239952e-02 
3.642720e-02 
9.444661e-03 
2.953644e-02 
3.504472e-03 
2.035576e-02 
-4.051507e-03 
1.058744e-02 
-1.071287e-02 
3.325817e-03 
-1.379352e-02 
-6.070577e-04 
-1.490944e-02 
-4.017079e-03 
-1.608511e-02 
-7.254521e-03 
-1.650197e-02 
-9.123076e-03 
-1.518843e-02 
-9.391334e-03 
-1.272221e-02 
-8.718196e-03 
-8.936542e-03 
-6.150950e-03 
-3.025234e-03 
-1.507634e-03 
5.119207e-03 
5.588710e-03 
1.550137e-02 
1.420410e-02 
2.642925e-02 
2.216411e-02 
3.530163e-02 
2.687405e-02 
4.048944e-02 
2.824707e-02 
4.276497e-02 
2.660749e-02 
4.163512e-02 
2.142640e-02 
3.728294e-02 
1.365294e-02 
3.086720e-02 
3.751298e-03 
2.152015e-02 
-9.819268e-03 
9.130925e-03 
-2.420769e-02 
-1.567551e-03 
-3.552890e-02 
-8.901416e-03 
-4.300424e-02 
-1.115596e-02 
-4.428968e-02 
-7.481482e-03 
-4.133573e-02 
-1.589185e-03 
-3.755478e-02 
4.344426e-03 
-3.447126e-02 
8.656485e-03 
-3.353850e-02 
1.111777e-02 
-3.360631e-02 
1.319555e-02 
-3.409040e-02 
1.465869e-02 
-3.484067e-02 
1.657588e-02 
-3.464542e-02 
1.926503e-02 
-3.427763e-02 
2.151965e-02 
-3.478977e-02 
2.237377e-02 
-3.740502e-02 
2.051217e-02 
-4.272458e-02 
1.664082e-02 
-4.927224e-02 
1.164033e-02 
-5.727646e-02 
5.322189e-03 
-6.545135e-02 
2.874764e-04 
-7.149028e-02 
-2.415277e-03 
-7.505854e-02 
-2.558345e-03 
-7.636511e-02 
-1.137545e-03 
-7.657003e-02 
1.533194e-03 
-7.497094e-02 
6.439865e-03 
-7.080081e-02 
1.423746e-02 
-6.363754e-02 
2.461684e-02 
-5.466616e-02 
3.567122e-02 
-4.643512e-02 
4.442719e-02 
-4.166281e-02 
4.923162e-02 
-4.051003e-02 
5.121036e-02 
-4.128170e-02 
5.239962e-02 
-4.143915e-02 
5.523184e-02 
-3.942727e-02 
6.005552e-02 
-3.623364e-02 
6.522675e-02 
-3.335400e-02 
6.913802e-02 
-3.236542e-02 
7.085274e-02 
-3.370834e-02 
7.080954e-02 
-3.590364e-02 
7.005087e-02 
-3.925954e-02 
6.767626e-02 
-4.428602e-02 
6.428660e-02 
-4.885405e-02 
6.233461e-02 
-5.139341e-02 
6.310679e-02 
-5.107588e-02 
6.632278e-02 
-4.847969e-02 
7.149776e-02 
-4.459485e-02 
7.778453e-02 
-3.944058e-02 
8.397293e-02 
-3.590099e-02 
8.829906e-02 
-3.424643e-02 
9.067724e-02 
-3.499674e-02 
8.995611e-02 
-3.850163e-02 
8.724751e-02 
-4.399748e-02 
8.184501e-02 
-5.185490e-02 
7.469976e-02 
-6.068256e-02 
6.853811e-02 
-6.656519e-02 
6.607630e-02 
-6.865672e-02 
6.659244e-02 
-6.926387e-02 
6.714375e-02 
-7.101471e-02 
6.593760e-02 
-7.432775e-02 
6.316219e-02 
-7.952471e-02 
5.875711e-02 
-8.528080e-02 
5.455275e-02 
-9.024959e-02 
5.167794e-02 
-9.358411e-02 
5.066327e-02 
-9.463273e-02 
5.214315e-02 
-9.299153e-02 
5.591482e-02 
-9.041231e-02 
5.915456e-02 
-8.862003e-02 
6.260066e-02 
-8.558029e-02 
6.665829e-02 
-8.420023e-02 
6.688393e-02 
-8.701486e-02 
6.343474e-02 
-9.302301e-02 
5.760060e-02 
-9.985182e-02 
5.229274e-02 
-1.059109e-01 
4.714799e-02 
-1.117464e-01 
4.315508e-02 
-1.156857e-01 
4.098318e-02 
-1.176990e-01 
4.129920e-02 
-1.168209e-01 
4.424708e-02 
-1.134676e-01 
4.972053e-02 
-1.076878e-01 
5.672436e-02 
-1.017192e-01 
6.299874e-02 
-9.665628e-02 
6.803450e-02 
-9.342810e-02 
7.106258e-02 
-9.127694e-02 
7.435271e-02 
-8.784933e-02 
7.922373e-02 
-8.268596e-02 
8.587863e-02 
-7.612568e-02 
9.298366e-02 
-6.981733e-02 
9.945409e-02 
-6.453213e-02 
1.041532e-01 
-6.157975e-02 
1.064060e-01 
-6.074719e-02 
1.067355e-01 
-6.177315e-02 
1.052279e-01 
-6.452821e-02 
1.019120e-01 
-6.889856e-02 
9.780343e-02 
-7.262324e-02 
9.554527e-02 
-7.394496e-02 
9.553558e-02 
-7.316024e-02 
9.768916e-02 
-7.015882e-02 
1.015225e-01 
-6.647839e-02 
1.049438e-01 
-6.379512e-02 
1.071575e-01 
-6.221925e-02 
1.083905e-01 
-6.136840e-02 
1.090712e-01 
-6.104346e-02 
1.089881e-01 
-6.154655e-02 
1.082659e-01 
-6.208561e-02 
1.080789e-01 
-6.173618e-02 
1.090308e-01 
-5.970728e-02 
1.121892e-01 
-5.525970e-02 
1.170839e-01 
-5.053449e-02 
1.204496e-01 
-4.867105e-02 
1.201841e-01 
-5.059901e-02 
1.162234e-01 
-5.598355e-02 
1.090075e-01 
-6.410457e-02 
9.996069e-02 
-7.286435e-02 
9.112703e-02 
-8.108569e-02 
8.282662e-02 
-8.845428e-02 
7.575946e-02 
-9.438632e-02 
7.013272e-02 
-9.838333e-02 
6.743183e-02 
-9.865641e-02 
6.816167e-02 
-9.633045e-02 
7.087476e-02 
-9.233881e-02 
7.437810e-02 
-8.873900e-02 
7.686162e-02 
-8.605559e-02 
7.809902e-02 
-8.543426e-02 
7.705801e-02 
-8.575537e-02 
7.669898e-02 
-8.500261e-02 
7.652697e-02 
-8.485544e-02 
7.548533e-02 
-8.570866e-02 
7.324653e-02 
-8.720921e-02 
7.137008e-02 
-8.781432e-02 
6.996097e-02 
-8.830396e-02 
6.894237e-02 
-8.814862e-02 
6.771413e-02 
-8.946534e-02 
6.458909e-02 
-9.211272e-02 
6.046748e-02 
-9.584358e-02 
5.534372e-02 
-9.978106e-02 
5.127951e-02 
-1.012416e-01 
5.066047e-02 
-9.896654e-02 
5.290921e-02 
-9.522608e-02 
5.594308e-02 
-9.040305e-02 
5.999041e-02 
-8.515444e-02 
6.410488e-02 
-7.930241e-02 
6.949198e-02 
-7.265868e-02 
7.386594e-02 
-6.856990e-02 
7.520679e-02 
-6.738035e-02 
7.375592e-02 
-6.848647e-02 
7.083856e-02 
-7.018821e-02 
6.781745e-02 
-7.179886e-02 
6.510491e-02 
-7.255775e-02 
6.352175e-02 
-7.247675e-02 
6.195504e-02 
-7.328944e-02 
5.900550e-02 
-7.488664e-02 
5.641881e-02 
-7.537682e-02 
5.480585e-02 
-7.524093e-02 
5.387326e-02 
-7.388269e-02 
5.431987e-02 
-7.155300e-02 
5.538938e-02 
-6.855425e-02 
5.681066e-02 
-6.599535e-02 
5.739887e-02 
-6.339928e-02 
5.923745e-02 
-5.940273e-02 
6.122602e-02 
-5.653077e-02 
6.167110e-02 
-5.531158e-02 
5.996218e-02 
-5.634481e-02 
5.684719e-02 
-5.762668e-02 
5.385269e-02 
-5.890172e-02 
5.117941e-02 
-5.913982e-02 
4.933801e-02 
-5.966429e-02 
4.665388e-02 
-6.030654e-02 
4.471510e-02 
-6.010620e-02 
4.340324e-02 
-5.855740e-02 
4.453541e-02 
-5.469732e-02 
4.656264e-02 
-5.075695e-02 
4.917385e-02 
-4.565265e-02 
5.220617e-02 
-4.170506e-02 
5.320174e-02 
-3.933826e-02 
5.334519e-02 
-3.755173e-02 
5.299403e-02 
-3.586769e-02 
5.287982e-02 
-3.390537e-02 
5.284133e-02 
-3.207201e-02 
5.256452e-02 
-3.037913e-02 
5.234426e-02 
-2.850509e-02 
5.197787e-02 
-2.724331e-02 
5.132042e-02 
-2.525601e-02 
5.151835e-02 
-2.366857e-02 
5.001403e-02 
-2.363440e-02 
4.792072e-02 
-2.409378e-02 
4.450670e-02 
-2.567946e-02 
4.169653e-02 
-2.536354e-02 
4.025288e-02 
-2.470215e-02 
3.932422e-02 
-2.257388e-02 
3.989044e-02 
-1.988656e-02 
4.064872e-02 
-1.648863e-02 
4.203736e-02 
-1.352461e-02 
4.240196e-02 
-1.083998e-02 
4.322485e-02 
-8.245941e-03 
4.280531e-02 
-7.218126e-03 
4.139135e-02 
-6.510910e-03 
4.029126e-02 
-4.619137e-03 
4.089424e-02 
-1.575774e-03 
4.161213e-02 
1.579476e-03 
4.330311e-02 
5.565702e-03 
4.418261e-02 
7.175395e-03 
4.243649e-02 
6.667048e-03 
3.884971e-02 
4.488806e-03 
3.414123e-02 
1.862149e-03 
2.909565e-02 
-1.294747e-03 
2.385617e-02 
-3.807892e-03 
2.004533e-02 
-4.387689e-03 
1.815102e-02 
-3.885269e-03 
1.614277e-02 
-3.765775e-03 
1.518609e-02 
-7.086265e-04 
1.720665e-02 
3.056864e-03 
1.746318e-02 
4.480458e-03 
1.663023e-02 
6.191448e-03 
1.625549e-02 
7.402837e-03 
1.438238e-02 
7.020714e-03 
1.177275e-02 
6.785704e-03 
9.432293e-03 
6.334977e-03 
6.545487e-03 
5.334282e-03 
3.219432e-03 
4.362940e-03 
7.921879e-04 
4.540167e-03 
-1.290024e-03 
4.329795e-03 
-3.128822e-03 
5.581282e-03 
-3.823485e-03 
5.990395e-03 
-6.386520e-03 
5.550265e-03 
-8.894817e-03 
4.084003e-03 
-1.379997e-02 
1.195190e-03 
-1.742605e-02 
7.916112e-04 
-1.965544e-02 
9.551484e-04 
-2.033738e-02 
3.419581e-03 
-1.986126e-02 
5.560961e-03 
-1.948506e-02 
8.603363e-03 
-1.853192e-02 
1.055658e-02 
-1.946593e-02 
1.147555e-02 
-2.052177e-02 
1.191416e-02 
-2.263589e-02 
1.173094e-02 
-2.432764e-02 
1.234095e-02 
-2.581935e-02 
1.230733e-02 
-2.823248e-02 
1.154374e-02 
-3.100832e-02 
1.071994e-02 
-3.345160e-02 
1.066483e-02 
-3.487062e-02 
1.144858e-02 
-3.574839e-02 
1.264177e-02 
-3.620117e-02 
1.401785e-02 
-3.694691e-02 
1.473818e-02 
-3.823335e-02 
1.497523e-02 
-4.040549e-02 
1.384215e-02 
-4.382325e-02 
1.212617e-02 
-4.696814e-02 
1.146388e-02 
-4.817745e-02 
1.336683e-02 
-4.672611e-02 
1.770301e-02 
-4.277840e-02 
2.460554e-02 
-3.700808e-02 
3.145078e-02 
-3.316198e-02 
3.555084e-02 
-3.175366e-02 
3.766905e-02 
-3.236380e-02 
3.734900e-02 
-3.554355e-02 
3.488638e-02 
-3.965850e-02 
3.286427e-02 
-4.284510e-02 
3.101894e-02 
-4.652207e-02 
2.902596e-02 
-4.949327e-02 
2.768662e-02 
-5.286198e-02 
2.516930e-02 
-5.678538e-02 
2.321336e-02 
-5.967134e-02 
2.216568e-02 
-6.162875e-02 
2.224514e-02 
-6.230204e-02 
2.328526e-02 
-6.275838e-02 
2.359590e-02 
-6.429817e-02 
2.349789e-02 
-6.507241e-02 
2.405656e-02 
-6.677763e-02 
2.278607e-02 
-6.859120e-02 
2.415923e-02 
-6.695495e-02 
2.696142e-02 
-6.604318e-02 
2.917708e-02 
-6.414789e-02 
3.264826e-02 
-6.231208e-02 
3.474034e-02 
-6.213188e-02 
3.519735e-02 
-6.360902e-02 
3.413220e-02 
-6.619878e-02 
3.201965e-02 
-7.027619e-02 
2.824035e-02 
-7.465408e-02 
2.607787e-02 
-7.701020e-02 
2.455200e-02 
-7.979245e-02 
2.318488e-02 
-8.076848e-02 
2.429322e-02 
-8.023917e-02 
2.565965e-02 
-7.927602e-02 
2.849176e-02 
-7.633658e-02 
3.262147e-02 
-7.295013e-02 
3.696381e-02 
-6.904315e-02 
4.193306e-02 
-6.457720e-02 
4.707560e-02 
-6.094397e-02 
5.018950e-02 
-5.894206e-02 
5.364284e-02 
-5.547672e-02 
5.689071e-02 
-5.446384e-02 
5.813409e-02 
-5.285960e-02 
6.077028e-02 
-5.136127e-02 
6.269520e-02 
-4.930462e-02 
6.485624e-02 
-5.000536e-02 
6.267480e-02 
-5.207937e-02 
6.233751e-02 
-5.376998e-02 
5.916541e-02 
-5.671960e-02 
5.965229e-02 
-5.505597e-02 
6.048641e-02 
-5.501997e-02 
6.344238e-02 
-4.949386e-02 
6.943968e-02 
-4.470555e-02 
7.564122e-02 
-3.655422e-02 
8.389591e-02 
-3.084671e-02 
8.872986e-02 
-2.502276e-02 
9.560357e-02 
-1.939701e-02 
9.994056e-02 
-1.540213e-02 
1.040542e-01 
-1.233373e-02 
1.059567e-01 
-1.150771e-02 
1.051599e-01 
-1.512173e-02 
9.943702e-02 
-2.090989e-02 
9.422524e-02 
-2.705689e-02 
8.635700e-02 
-3.506010e-02 
7.962961e-02 
-4.048592e-02 
7.443370e-02 
-4.520172e-02 
7.034370e-02 
-4.908697e-02 
6.557541e-02 
-5.372937e-02 
6.184683e-02 
-5.659636e-02 
5.818442e-02 
-6.068480e-02 
5.423155e-02 
-6.344988e-02 
5.154063e-02 
-6.568074e-02 
5.024733e-02 
-6.457212e-02 
5.237275e-02 
-6.182869e-02 
5.519602e-02 
-5.737318e-02 
6.036918e-02 
-5.198683e-02 
6.413053e-02 
-4.876866e-02 
6.652833e-02 
-4.646250e-02 
6.701800e-02 
-4.696705e-02 
6.506161e-02 
-4.892131e-02 
6.207559e-02 
-5.194245e-02 
5.798994e-02 
-5.575993e-02 
5.317444e-02 
-6.055615e-02 
4.733681e-02 
-6.598911e-02 
4.076276e-02 
-7.256746e-02 
3.353670e-02 
-7.786993e-02 
2.950951e-02 
-7.932552e-02 
2.870068e-02 
-7.818375e-02 
3.019820e-02 
-7.534434e-02 
3.220061e-02 
-7.271927e-02 
3.397589e-02 
-7.030371e-02 
3.508651e-02 
-6.879407e-02 
3.569599e-02 
-6.698142e-02 
3.704146e-02 
-6.407637e-02 
3.997837e-02 
-5.951407e-02 
4.353464e-02 
-5.560195e-02 
4.612829e-02 
-5.195768e-02 
4.870268e-02 
-4.917585e-02 
4.912976e-02 
-4.918985e-02 
4.673753e-02 
-5.173842e-02 
4.238725e-02 
-5.488287e-02 
3.897131e-02 
-5.651302e-02 
3.601674e-02 
-5.966008e-02 
3.022580e-02 
-6.463718e-02 
2.551945e-02 
-6.628603e-02 
2.336168e-02 
-6.797160e-02 
2.015796e-02 
-6.844318e-02 
2.117439e-02 
-6.406517e-02 
2.543224e-02 
-5.762581e-02 
3.173038e-02 
-4.945067e-02 
3.847239e-02 
-4.177217e-02 
4.474401e-02 
-3.470217e-02 
4.889688e-02 
-3.142878e-02 
4.929270e-02 
-3.013080e-02 
4.940858e-02 
-2.812347e-02 
5.104587e-02 
-2.423299e-02 
5.334931e-02 
-2.196771e-02 
5.271895e-02 
-2.142440e-02 
5.280093e-02 
-1.903178e-02 
5.372029e-02 
-1.770484e-02 
5.204622e-02 
-1.915657e-02 
4.882661e-02 
-2.049030e-02 
4.638024e-02 
-2.153718e-02 
4.371565e-02 
-2.223703e-02 
4.242979e-02 
-2.150108e-02 
4.150527e-02 
-2.092091e-02 
4.104528e-02 
-1.928950e-02 
4.118464e-02 
-1.797220e-02 
4.052720e-02 
-1.720493e-02 
3.975537e-02 
-1.642628e-02 
3.876639e-02 
-1.609307e-02 
3.744012e-02 
-1.525117e-02 
3.781755e-02 
-1.248292e-02 
3.851633e-02 
-1.153582e-02 
3.665371e-02 
-1.199811e-02 
3.499720e-02 
-1.170962e-02 
3.335911e-02 
-1.243935e-02 
2.993476e-02 
-1.518420e-02 
2.518196e-02 
-1.778968e-02 
2.183950e-02 
-1.864451e-02 
1.980113e-02 
-1.844476e-02 
1.898948e-02 
-1.731725e-02 
1.803417e-02 
-1.700335e-02 
1.680093e-02 
-1.593185e-02 
1.672386e-02 
-1.418058e-02 
1.673885e-02 
-1.214130e-02 
1.777489e-02 
-8.585148e-03 
2.009215e-02 
-4.745543e-03 
2.142281e-02 
-2.188107e-03 
2.264410e-02 
1.226400e-03 
2.386902e-02 
2.777509e-03 
2.239368e-02 
2.659513e-03 
2.077191e-02 
2.855547e-03 
1.911318e-02 
2.775855e-03 
1.693165e-02 
1.928836e-03 
1.458373e-02 
2.194777e-03 
1.382743e-02 
3.084196e-03 
1.244882e-02 
3.118373e-03 
1.081596e-02 
3.534265e-03 
1.011975e-02 
5.149050e-03 
9.467727e-03 
4.583990e-03 
6.468887e-03 
4.886109e-03 
7.348512e-03 
7.885421e-03 
7.096842e-03 
8.275947e-03 
6.344542e-03 
1.032755e-02 
7.483284e-03 
1.427102e-02 
1.073922e-02 
1.817575e-02 
9.697069e-03 
1.665196e-02 
7.817330e-03 
1.900288e-02 
8.252523e-03 
1.815046e-02 
3.818975e-03 
1.635522e-02 
1.873476e-03 
1.615699e-02 
-4.420345e-04 
1.554957e-02 
-2.883860e-03 
1.396476e-02 
-6.035673e-03 
1.443717e-02 
-5.192002e-03 
1.671746e-02 
-5.879403e-03 
1.814553e-02 
-3.674743e-03 
2.339983e-02 
-1.289730e-03 
2.496279e-02 
-2.449553e-03 
2.619180e-02 
-1.273828e-03 
2.957506e-02 
-6.520658e-04 
2.917296e-02 
-4.738006e-03 
2.679222e-02 
-7.087370e-03 
2.645474e-02 
-1.039609e-02 
2.346045e-02 
-1.422519e-02 
2.262793e-02 
-1.635033e-02 
2.113992e-02 
-1.953291e-02 
2.025505e-02 
-2.160137e-02 
1.884795e-02 
-2.525988e-02 
1.683753e-02 
-2.830192e-02 
1.489965e-02 
-3.267168e-02 
1.097979e-02 
-3.860958e-02 
6.575899e-03 
-4.324620e-02 
5.237184e-03 
-4.461099e-02 
5.216234e-03 
-4.667328e-02 
4.714752e-03 
-4.715097e-02 
7.325427e-03 
-4.461636e-02 
1.156590e-02 
-4.229976e-02 
1.407936e-02 
-4.174895e-02 
1.611408e-02 
-4.097582e-02 
1.681714e-02 
-4.381975e-02 
1.381902e-02 
-4.793441e-02 
1.144941e-02 
-5.188420e-02 
7.658367e-03 
-5.775554e-02 
2.790343e-03 
-6.309503e-02 
3.822361e-04 
-6.442932e-02 
1.599591e-03 
-6.467667e-02 
1.072173e-03 
-6.747120e-02 
-6.379979e-04 
-6.923002e-02 
2.463802e-04 
-6.854771e-02 
1.309500e-03 
-6.990634e-02 
1.200599e-03 
-6.862138e-02 
5.715361e-03 
-6.593107e-02 
6.197035e-03 
-6.859488e-02 
5.645324e-03 
-6.675616e-02 
1.193665e-02 
-5.871787e-02 
2.236159e-02 
-4.982912e-02 
2.966453e-02 
-4.578007e-02 
3.409084e-02 
-4.175882e-02 
3.800349e-02 
-4.172538e-02 
3.582383e-02 
-4.587772e-02 
3.311871e-02 
-4.821379e-02 
3.249280e-02 
-4.901608e-02 
3.280735e-02 
-4.911482e-02 
3.425508e-02 
-4.693772e-02 
3.853110e-02 
-4.279487e-02 
4.332530e-02 
-3.858714e-02 
4.867628e-02 
-3.338044e-02 
5.466387e-02 
-2.834174e-02 
5.972422e-02 
-2.447791e-02 
6.380373e-02 
-2.102359e-02 
6.775094e-02 
-1.790414e-02 
7.124863e-02 
-1.464219e-02 
7.523852e-02 
-1.144992e-02 
7.854234e-02 
-8.216000e-03 
8.341156e-02 
-3.048407e-03 
8.841175e-02 
6.014922e-04 
9.257599e-02 
5.292320e-03 
9.786275e-02 
9.160517e-03 
1.004847e-01 
1.012204e-02 
1.000164e-01 
6.009438e-03 
9.203857e-02 
-5.373093e-03 
8.017881e-02 
-1.579163e-02 
7.199703e-02 
-2.427310e-02 
6.271861e-02 
-3.222122e-02 
5.828789e-02 
-3.273971e-02 
6.146260e-02 
-3.027369e-02 
6.172068e-02 
-3.114612e-02 
6.091764e-02 
-3.163997e-02 
6.050288e-02 
-3.228343e-02 
6.023505e-02 
-3.103594e-02 
6.250232e-02 
-2.980418e-02 
6.186904e-02 
-3.171165e-02 
5.962848e-02 
-3.286618e-02 
5.880061e-02 
-3.541232e-02 
5.455397e-02 
-3.995697e-02 
5.053474e-02 
-4.264234e-02 
4.825581e-02 
-4.515001e-02 
4.479133e-02 
-4.890451e-02 
4.069416e-02 
-5.222458e-02 
3.812353e-02 
-5.482769e-02 
3.331320e-02 
-6.157443e-02 
2.469855e-02 
-7.012416e-02 
1.649296e-02 
-7.798369e-02 
7.842244e-03 
-8.605349e-02 
9.295886e-04 
-8.990461e-02 
-2.842970e-04 
-8.803330e-02 
3.191709e-03 
-8.257254e-02 
8.780276e-03 
-7.743969e-02 
1.226028e-02 
-7.398155e-02 
1.512452e-02 
-7.098077e-02 
1.615888e-02 
-7.123997e-02 
1.506873e-02 
-7.018681e-02 
1.747700e-02 
-6.654895e-02 
1.936992e-02 
-6.589716e-02 
1.823906e-02 
-6.648864e-02 
1.697753e-02 
-6.765949e-02 
1.426563e-02 
-7.029272e-02 
1.120130e-02 
-7.173344e-02 
9.740420e-03 
-7.184664e-02 
9.743692e-03 
-7.029106e-02 
1.089262e-02 
-6.818117e-02 
1.293915e-02 
-6.386357e-02 
1.756744e-02 
-5.865968e-02 
2.089235e-02 
-5.473021e-02 
2.453436e-02 
-4.978468e-02 
2.883037e-02 
-4.379519e-02 
3.561679e-02 
-3.408929e-02 
4.566680e-02 
-2.248571e-02 
5.676309e-02 
-1.053534e-02 
6.641776e-02 
-2.168672e-03 
7.126605e-02 
1.134791e-03 
7.067910e-02 
-1.587716e-03 
6.417099e-02 
-8.286111e-03 
5.688797e-02 
-1.299807e-02 
5.275027e-02 
-1.491164e-02 
5.028006e-02 
-1.575736e-02 
4.915994e-02 
-1.517123e-02 
4.780308e-02 
-1.750603e-02 
4.254275e-02 
-2.105553e-02 
4.043563e-02 
-1.965979e-02 
4.078420e-02 
-1.920065e-02 
4.006754e-02 
-1.662850e-02 
4.372938e-02 
-1.165711e-02 
4.468437e-02 
-1.317123e-02 
3.982278e-02 
-1.600743e-02 
3.822082e-02 
-1.434608e-02 
3.854218e-02 
-1.387967e-02 
3.763536e-02 
-1.154297e-02 
4.075309e-02 
-7.480873e-03 
3.997488e-02 
-1.088483e-02 
3.388621e-02 
-1.362984e-02 
3.282621e-02 
-1.208485e-02 
3.114098e-02 
-1.622105e-02 
2.178857e-02 
-2.647800e-02 
9.303364e-03 
-3.779696e-02 
-3.951933e-03 
-4.990889e-02 
-1.601685e-02 
-5.614746e-02 
-1.719861e-02 
-4.961711e-02 
-8.653501e-03 
-3.988280e-02 
-3.390399e-03 
-3.701513e-02 
-5.570165e-03 
-4.062574e-02 
-1.268507e-02 
-4.648411e-02 
-1.809157e-02 
-4.696047e-02 
-1.678815e-02 
-4.184976e-02 
-1.174964e-02 
-3.452340e-02 
-6.447630e-03 
-2.990329e-02 
-6.613592e-03 
-3.102249e-02 
-9.829177e-03 
-3.158054e-02 
-1.062405e-02 
-3.033025e-02 
-1.106651e-02 
-2.899043e-02 
-1.014745e-02 
-2.471159e-02 
-5.960131e-03 
-1.838994e-02 
-1.625698e-03 
-1.368445e-02 
-2.571960e-04 
-1.255813e-02 
-2.172700e-03 
-1.364635e-02 
-5.105825e-03 
-1.506392e-02 
-8.334163e-03 
-1.693872e-02 
-1.173183e-02 
-1.762811e-02 
-1.146519e-02 
-1.237325e-02 
-4.857161e-03 
-2.181026e-03 
4.934568e-03 
9.895990e-03 
1.514378e-02 
2.021458e-02 
2.133929e-02 
2.490384e-02 
2.067195e-02 
2.196112e-02 
1.392937e-02 
1.822113e-02 
1.292070e-02 
2.309797e-02 
1.792256e-02 
2.938239e-02 
2.223427e-02 
3.552445e-02 
2.590816e-02 
3.756199e-02 
2.165666e-02 
3.137466e-02 
1.349547e-02 
2.736612e-02 
1.116405e-02 
2.869974e-02 
1.137328e-02 
3.038699e-02 
1.160172e-02 
3.223915e-02 
1.079078e-02 
3.098659e-02 
6.166660e-03 
2.731439e-02 
1.309352e-03 
2.467814e-02 
-2.580838e-03 
2.265004e-02 
-5.565063e-03 
2.211660e-02 
-6.835210e-03 
2.289402e-02 
-7.366274e-03 
2.443908e-02 
-6.383528e-03 
2.813841e-02 
-3.305001e-03 
3.328168e-02 
1.357138e-04 
3.678094e-02 
-1.041665e-03 
3.301732e-02 
-9.900486e-03 
2.359039e-02 
-2.146631e-02 
1.427911e-02 
-2.972806e-02 
1.161538e-02 
-3.002478e-02 
1.440184e-02 
-2.961958e-02 
1.449900e-02 
-3.207048e-02 
1.318395e-02 
-3.523187e-02 
1.074441e-02 
-3.988458e-02 
6.910614e-03 
-4.544354e-02 
3.149507e-03 
-4.925145e-02 
2.839644e-03 
-4.891528e-02 
6.161271e-03 
-4.572301e-02 
1.183947e-02 
-4.098993e-02 
1.727766e-02 
-3.831789e-02 
2.006152e-02 
-3.743044e-02 
2.222293e-02 
-3.658412e-02 
2.456481e-02 
-3.502666e-02 
2.816695e-02 
-3.220245e-02 
3.245661e-02 
-2.913273e-02 
3.702925e-02 
-2.556550e-02 
4.171466e-02 
-2.297525e-02 
4.423026e-02 
-2.294547e-02 
4.474764e-02 
-2.395727e-02 
4.434386e-02 
-2.705932e-02 
4.050739e-02 
-3.296823e-02 
3.729907e-02 
-3.351935e-02 
4.222342e-02 
-2.702161e-02 
5.010068e-02 
-2.181395e-02 
5.432017e-02 
-2.058618e-02 
5.478575e-02 
-2.346774e-02 
5.076020e-02 
-2.962914e-02 
4.641453e-02 
-3.280865e-02 
4.703166e-02 
-3.059863e-02 
5.243577e-02 
-2.474156e-02 
5.959076e-02 
-1.939048e-02 
6.438828e-02 
-1.758000e-02 
6.467491e-02 
-2.077537e-02 
6.062622e-02 
-2.626216e-02 
5.655495e-02 
-3.010866e-02 
5.503229e-02 
-3.118931e-02 
5.530745e-02 
-3.241708e-02 
5.371912e-02 
-3.556148e-02 
5.117702e-02 
-3.915453e-02 
4.805427e-02 
-4.305278e-02 
4.531371e-02 
-4.629394e-02 
4.241195e-02 
-5.081918e-02 
3.794781e-02 
-5.602702e-02 
3.405465e-02 
-5.939950e-02 
3.302833e-02 
-5.914625e-02 
3.602403e-02 
-5.475463e-02 
4.217194e-02 
-4.966239e-02 
4.605811e-02 
-4.857316e-02 
4.581317e-02 
-5.095398e-02 
4.266662e-02 
-5.509461e-02 
3.991359e-02 
-5.664153e-02 
4.052258e-02 
-5.515218e-02 
4.358768e-02 
-5.216957e-02 
4.584364e-02 
-5.306246e-02 
4.222348e-02 
-5.943724e-02 
3.501750e-02 
-6.722427e-02 
2.847542e-02 
-7.226883e-02 
2.593753e-02 
-7.339431e-02 
2.604471e-02 
-7.326142e-02 
2.652761e-02 
-7.306401e-02 
2.697981e-02 
-7.287849e-02 
2.699964e-02 
-7.397483e-02 
2.533832e-02 
-7.545975e-02 
2.587268e-02 
-7.250480e-02 
3.121869e-02 
-6.584525e-02 
3.877362e-02 
-5.831599e-02 
4.545679e-02 
-5.342897e-02 
4.904832e-02 
-4.999696e-02 
5.320603e-02 
-4.566796e-02 
5.652739e-02 
-4.411821e-02 
5.651443e-02 
-4.524676e-02 
5.403151e-02 
-4.933280e-02 
4.861437e-02 
-5.455263e-02 
4.514453e-02 
-5.501767e-02 
4.717016e-02 
-5.154529e-02 
5.015325e-02 
-5.004556e-02 
4.925318e-02 
-5.279419e-02 
4.497929e-02 
-5.721836e-02 
4.093390e-02 
-5.975046e-02 
3.987295e-02 
-5.821722e-02 
4.370411e-02 
-5.213731e-02 
5.007651e-02 
-4.605436e-02 
5.491852e-02 
-4.131926e-02 
5.897218e-02 
-3.762867e-02 
6.125321e-02 
-3.550328e-02 
6.315418e-02 
-3.262408e-02 
6.599472e-02 
-2.939510e-02 
6.813941e-02 
-2.776281e-02 
6.832947e-02 
-2.748890e-02 
6.794493e-02 
-2.794030e-02 
6.570423e-02 
-3.084600e-02 
6.155798e-02 
-3.465435e-02 
5.691329e-02 
-3.890458e-02 
5.207015e-02 
-4.294041e-02 
4.754741e-02 
-4.624593e-02 
4.519689e-02 
-4.549245e-02 
4.734731e-02 
-4.137746e-02 
5.160779e-02 
-3.572801e-02 
5.612970e-02 
-3.219824e-02 
5.664337e-02 
-3.242877e-02 
5.499765e-02 
-3.370822e-02 
5.260790e-02 
-3.466524e-02 
5.241567e-02 
-3.238412e-02 
5.449540e-02 
-2.956968e-02 
5.585583e-02 
-2.847852e-02 
5.391456e-02 
-3.210052e-02 
4.736418e-02 
-3.848800e-02 
4.016733e-02 
-4.402080e-02 
3.491739e-02 
-4.671043e-02 
3.234556e-02 
-4.812966e-02 
2.915372e-02 
-5.129730e-02 
2.425745e-02 
-5.533756e-02 
1.940700e-02 
-5.845486e-02 
1.610419e-02 
-5.976337e-02 
1.444972e-02 
-5.968201e-02 
1.405316e-02 
-5.793142e-02 
1.611369e-02 
-5.324684e-02 
2.062367e-02 
-4.716319e-02 
2.567297e-02 
-4.074556e-02 
3.083934e-02 
-3.509101e-02 
3.384895e-02 
-3.266214e-02 
3.321602e-02 
-3.361068e-02 
2.979343e-02 
-3.672221e-02 
2.479864e-02 
-4.018579e-02 
2.167387e-02 
-3.941147e-02 
2.333196e-02 
-3.582997e-02 
2.487455e-02 
-3.387081e-02 
2.461197e-02 
-3.423865e-02 
2.081482e-02 
-3.821010e-02 
1.567097e-02 
-4.027988e-02 
1.417930e-02 
-3.888039e-02 
1.548507e-02 
-3.473482e-02 
1.950346e-02 
-2.860607e-02 
2.425590e-02 
-2.273418e-02 
2.830857e-02 
-1.771942e-02 
3.121284e-02 
-1.395120e-02 
3.344598e-02 
-9.544810e-03 
3.760890e-02 
-2.736470e-03 
4.346799e-02 
4.345546e-03 
4.825416e-02 
9.634570e-03 
5.095373e-02 
1.269783e-02 
5.131614e-02 
1.351561e-02 
4.966374e-02 
1.246262e-02 
4.613781e-02 
9.667761e-03 
4.137970e-02 
6.371879e-03 
3.641791e-02 
2.831291e-03 
3.158319e-02 
5.901084e-04 
2.930993e-02 
1.226851e-03 
2.895843e-02 
2.536783e-03 
2.872014e-02 
3.609511e-03 
2.706344e-02 
1.674908e-03 
2.179271e-02 
-2.893041e-03 
1.588210e-02 
-5.781323e-03 
1.386660e-02 
-3.099103e-03 
1.742443e-02 
2.880444e-03 
2.105912e-02 
6.865804e-03 
2.245422e-02 
9.020309e-03 
2.187565e-02 
9.054766e-03 
1.990018e-02 
8.756543e-03 
1.780916e-02 
7.557270e-03 
1.395601e-02 
4.447935e-03 
8.459018e-03 
-2.175790e-04 
1.604712e-03 
-5.448992e-03 
-5.098660e-03 
-1.090719e-02 
-1.312449e-02 
-1.811489e-02 
-2.182812e-02 
-2.399238e-02 
-2.748094e-02 
-2.593507e-02 
-2.896972e-02 
-2.400355e-02 
-2.727045e-02 
-1.939761e-02 
-2.289479e-02 
-1.225047e-02 
-1.689829e-02 
-5.090844e-03 
-1.245312e-02 
-3.833792e-04 
-1.075597e-02 
1.523088e-03 
-1.165485e-02 
1.421995e-03 
-1.376999e-02 
8.631197e-04 
-1.548239e-02 
1.726503e-03 
-1.487384e-02 
5.021944e-03 
-1.263720e-02 
8.820236e-03 
-1.074104e-02 
1.152666e-02 
-1.099519e-02 
1.098382e-02 
-1.476912e-02 
7.778933e-03 
-1.981235e-02 
4.444118e-03 
-2.413507e-02 
2.619300e-03 
-2.624564e-02 
3.250767e-03 
-2.620434e-02 
5.390270e-03 
-2.523871e-02 
8.070965e-03 
-2.375701e-02 
1.163633e-02 
-2.082574e-02 
1.690432e-02 
-1.630505e-02 
2.345705e-02 
-1.084146e-02 
3.040645e-02 
-5.722014e-03 
3.640229e-02 
-1.716705e-03 
4.117800e-02 
5.380302e-04 
4.334583e-02 
-1.947170e-04 
4.279451e-02 
-5.514043e-03 
3.069534e-02 
