1 
1.000000e-02 
5.500000e-02 
4.400000e-02 
3.400000e-02 
2.300000e-02 
1.300000e-02 
2.000000e-03 
-9.000000e-03 
-2.000000e-02 
-3.100000e-02 
-4.100000e-02 
-5.200000e-02 
-6.300000e-02 
-7.400000e-02 
-8.500000e-02 
-9.500000e-02 
-1.060000e-01 
-1.170000e-01 
-1.280000e-01 
-1.390000e-01 
-1.490000e-01 
-1.600000e-01 
-1.710000e-01 
-1.820000e-01 
-1.930000e-01 
-2.040000e-01 
-2.150000e-01 
-2.250000e-01 
-2.360000e-01 
-2.460000e-01 
-2.570000e-01 
-2.680000e-01 
-2.780000e-01 
-2.890000e-01 
-3.000000e-01 
-3.110000e-01 
-3.220000e-01 
-3.330000e-01 
-3.430000e-01 
-3.540000e-01 
-3.640000e-01 
-3.750000e-01 
-3.850000e-01 
-3.950000e-01 
-4.050000e-01 
-4.160000e-01 
-4.270000e-01 
-4.380000e-01 
-4.500000e-01 
-4.610000e-01 
-4.710000e-01 
-4.810000e-01 
-4.910000e-01 
-5.010000e-01 
-5.110000e-01 
-5.210000e-01 
-5.320000e-01 
-5.430000e-01 
-5.540000e-01 
-5.650000e-01 
-5.760000e-01 
-5.870000e-01 
-5.970000e-01 
-6.070000e-01 
-6.160000e-01 
-6.260000e-01 
-6.360000e-01 
-6.450000e-01 
-6.550000e-01 
-6.650000e-01 
-6.740000e-01 
-6.840000e-01 
-6.930000e-01 
-7.010000e-01 
-7.100000e-01 
-7.180000e-01 
-7.260000e-01 
-7.340000e-01 
-7.410000e-01 
-7.490000e-01 
-7.560000e-01 
-7.630000e-01 
-7.710000e-01 
-7.780000e-01 
-7.850000e-01 
-7.930000e-01 
-8.000000e-01 
-8.070000e-01 
-8.130000e-01 
-8.190000e-01 
-8.250000e-01 
-8.310000e-01 
-8.370000e-01 
-8.440000e-01 
-8.500000e-01 
-8.570000e-01 
-8.640000e-01 
-8.710000e-01 
-8.770000e-01 
-8.830000e-01 
-8.890000e-01 
-8.950000e-01 
-9.010000e-01 
-9.070000e-01 
-9.130000e-01 
-9.200000e-01 
-9.260000e-01 
-9.330000e-01 
-9.390000e-01 
-9.450000e-01 
-9.500000e-01 
-9.550000e-01 
-9.600000e-01 
-9.640000e-01 
-9.680000e-01 
-9.720000e-01 
-9.770000e-01 
-9.820000e-01 
-9.880000e-01 
-9.940000e-01 
-9.990000e-01 
-1.005000e+00 
-1.010000e+00 
-1.015000e+00 
-1.019000e+00 
-1.022000e+00 
-1.025000e+00 
-1.027000e+00 
-1.030000e+00 
-1.033000e+00 
-1.036000e+00 
-1.039000e+00 
-1.042000e+00 
-1.045000e+00 
-1.048000e+00 
-1.051000e+00 
-1.054000e+00 
-1.056000e+00 
-1.058000e+00 
-1.060000e+00 
-1.061000e+00 
-1.062000e+00 
-1.063000e+00 
-1.063000e+00 
-1.063000e+00 
-1.063000e+00 
-1.063000e+00 
-1.062000e+00 
-1.062000e+00 
-1.061000e+00 
-1.060000e+00 
-1.060000e+00 
-1.060000e+00 
-1.061000e+00 
-1.061000e+00 
-1.061000e+00 
-1.059000e+00 
-1.057000e+00 
-1.053000e+00 
-1.049000e+00 
-1.045000e+00 
-1.041000e+00 
-1.036000e+00 
-1.033000e+00 
-1.030000e+00 
-1.027000e+00 
-1.026000e+00 
-1.024000e+00 
-1.022000e+00 
-1.020000e+00 
-1.017000e+00 
-1.013000e+00 
-1.008000e+00 
-1.002000e+00 
-9.960000e-01 
-9.900000e-01 
-9.850000e-01 
-9.800000e-01 
-9.750000e-01 
-9.700000e-01 
-9.650000e-01 
-9.600000e-01 
-9.540000e-01 
-9.480000e-01 
-9.410000e-01 
-9.340000e-01 
-9.260000e-01 
-9.190000e-01 
-9.120000e-01 
-9.060000e-01 
-9.010000e-01 
-8.950000e-01 
-8.900000e-01 
-8.830000e-01 
-8.770000e-01 
-8.690000e-01 
-8.620000e-01 
-8.540000e-01 
-8.450000e-01 
-8.370000e-01 
-8.290000e-01 
-8.200000e-01 
-8.120000e-01 
-8.030000e-01 
-7.940000e-01 
-7.840000e-01 
-7.730000e-01 
-7.610000e-01 
-7.490000e-01 
-7.370000e-01 
-7.250000e-01 
-7.140000e-01 
-7.030000e-01 
-6.930000e-01 
-6.830000e-01 
-6.730000e-01 
-6.620000e-01 
-6.510000e-01 
-6.390000e-01 
-6.270000e-01 
-6.140000e-01 
-6.020000e-01 
-5.910000e-01 
-5.810000e-01 
-5.730000e-01 
-5.660000e-01 
-5.600000e-01 
-5.540000e-01 
-5.480000e-01 
-5.410000e-01 
-5.340000e-01 
-5.250000e-01 
-5.160000e-01 
-5.070000e-01 
-4.970000e-01 
-4.880000e-01 
-4.800000e-01 
-4.730000e-01 
-4.660000e-01 
-4.600000e-01 
-4.530000e-01 
-4.460000e-01 
-4.380000e-01 
-4.290000e-01 
-4.180000e-01 
-4.060000e-01 
-3.930000e-01 
-3.800000e-01 
-3.680000e-01 
-3.540000e-01 
-3.410000e-01 
-3.270000e-01 
-3.130000e-01 
-2.960000e-01 
-2.790000e-01 
-2.610000e-01 
-2.410000e-01 
-2.210000e-01 
-2.000000e-01 
-1.790000e-01 
-1.590000e-01 
-1.380000e-01 
-1.180000e-01 
-9.900000e-02 
-7.900000e-02 
-6.000000e-02 
-4.000000e-02 
-1.900000e-02 
3.000000e-03 
2.400000e-02 
4.500000e-02 
6.500000e-02 
8.400000e-02 
1.030000e-01 
1.210000e-01 
1.390000e-01 
1.580000e-01 
1.760000e-01 
1.930000e-01 
2.090000e-01 
2.240000e-01 
2.370000e-01 
2.510000e-01 
2.630000e-01 
2.760000e-01 
2.890000e-01 
3.030000e-01 
3.160000e-01 
3.290000e-01 
3.420000e-01 
3.550000e-01 
3.680000e-01 
3.820000e-01 
3.970000e-01 
4.120000e-01 
4.280000e-01 
4.440000e-01 
4.610000e-01 
4.790000e-01 
4.970000e-01 
5.150000e-01 
5.330000e-01 
5.510000e-01 
5.700000e-01 
5.900000e-01 
6.110000e-01 
6.330000e-01 
6.570000e-01 
6.830000e-01 
7.090000e-01 
7.350000e-01 
7.620000e-01 
7.890000e-01 
8.160000e-01 
8.440000e-01 
8.730000e-01 
9.010000e-01 
9.300000e-01 
9.580000e-01 
9.860000e-01 
1.013000e+00 
1.041000e+00 
1.068000e+00 
1.095000e+00 
1.123000e+00 
1.151000e+00 
1.181000e+00 
1.210000e+00 
1.241000e+00 
1.273000e+00 
1.305000e+00 
1.337000e+00 
1.369000e+00 
1.399000e+00 
1.429000e+00 
1.457000e+00 
1.485000e+00 
1.512000e+00 
1.540000e+00 
1.570000e+00 
1.600000e+00 
1.632000e+00 
1.666000e+00 
1.700000e+00 
1.736000e+00 
1.773000e+00 
1.812000e+00 
1.851000e+00 
1.891000e+00 
1.931000e+00 
1.969000e+00 
2.007000e+00 
2.043000e+00 
2.079000e+00 
2.115000e+00 
2.151000e+00 
2.188000e+00 
2.224000e+00 
2.260000e+00 
2.295000e+00 
2.330000e+00 
2.364000e+00 
2.397000e+00 
2.428000e+00 
2.458000e+00 
2.487000e+00 
2.515000e+00 
2.543000e+00 
2.571000e+00 
2.599000e+00 
2.628000e+00 
2.657000e+00 
2.685000e+00 
2.714000e+00 
2.744000e+00 
2.775000e+00 
2.806000e+00 
2.836000e+00 
2.866000e+00 
2.895000e+00 
2.924000e+00 
2.954000e+00 
2.985000e+00 
3.017000e+00 
3.049000e+00 
3.082000e+00 
3.116000e+00 
3.152000e+00 
3.188000e+00 
3.226000e+00 
3.263000e+00 
3.299000e+00 
3.336000e+00 
3.373000e+00 
3.410000e+00 
3.447000e+00 
3.484000e+00 
3.521000e+00 
3.557000e+00 
3.593000e+00 
3.630000e+00 
3.668000e+00 
3.707000e+00 
3.747000e+00 
3.786000e+00 
3.826000e+00 
3.864000e+00 
3.900000e+00 
3.936000e+00 
3.970000e+00 
4.005000e+00 
4.039000e+00 
4.074000e+00 
4.110000e+00 
4.146000e+00 
4.181000e+00 
4.214000e+00 
4.247000e+00 
4.278000e+00 
4.308000e+00 
4.337000e+00 
4.365000e+00 
4.393000e+00 
4.421000e+00 
4.450000e+00 
4.480000e+00 
4.509000e+00 
4.540000e+00 
4.571000e+00 
4.603000e+00 
4.635000e+00 
4.667000e+00 
4.698000e+00 
4.727000e+00 
4.755000e+00 
4.781000e+00 
4.807000e+00 
4.832000e+00 
4.856000e+00 
4.880000e+00 
4.904000e+00 
4.928000e+00 
4.950000e+00 
4.971000e+00 
4.991000e+00 
5.010000e+00 
5.028000e+00 
5.045000e+00 
5.061000e+00 
5.073000e+00 
5.082000e+00 
5.088000e+00 
5.090000e+00 
5.088000e+00 
5.084000e+00 
5.081000e+00 
5.078000e+00 
5.079000e+00 
5.084000e+00 
5.091000e+00 
5.099000e+00 
5.107000e+00 
5.113000e+00 
5.117000e+00 
5.119000e+00 
5.120000e+00 
5.120000e+00 
5.119000e+00 
5.118000e+00 
5.116000e+00 
5.114000e+00 
5.112000e+00 
5.109000e+00 
5.105000e+00 
5.099000e+00 
5.091000e+00 
5.079000e+00 
5.063000e+00 
5.042000e+00 
5.016000e+00 
4.986000e+00 
4.954000e+00 
4.921000e+00 
4.888000e+00 
4.854000e+00 
4.821000e+00 
4.787000e+00 
4.753000e+00 
4.719000e+00 
4.684000e+00 
4.649000e+00 
4.617000e+00 
4.587000e+00 
4.557000e+00 
4.529000e+00 
4.499000e+00 
4.470000e+00 
4.440000e+00 
4.410000e+00 
4.379000e+00 
4.346000e+00 
4.309000e+00 
4.266000e+00 
4.217000e+00 
4.162000e+00 
4.101000e+00 
4.035000e+00 
3.963000e+00 
3.886000e+00 
3.803000e+00 
3.714000e+00 
3.616000e+00 
3.510000e+00 
3.394000e+00 
3.268000e+00 
3.134000e+00 
2.992000e+00 
2.845000e+00 
2.696000e+00 
2.546000e+00 
2.397000e+00 
2.250000e+00 
2.105000e+00 
1.963000e+00 
1.825000e+00 
1.689000e+00 
1.556000e+00 
1.424000e+00 
1.292000e+00 
1.160000e+00 
1.026000e+00 
8.910000e-01 
7.520000e-01 
6.110000e-01 
4.670000e-01 
3.200000e-01 
1.730000e-01 
2.500000e-02 
-1.200000e-01 
-2.640000e-01 
-4.040000e-01 
-5.400000e-01 
-6.720000e-01 
-7.990000e-01 
-9.190000e-01 
-1.032000e+00 
-1.136000e+00 
-1.230000e+00 
-1.315000e+00 
-1.391000e+00 
-1.458000e+00 
-1.520000e+00 
-1.577000e+00 
-1.631000e+00 
-1.683000e+00 
-1.733000e+00 
-1.784000e+00 
-1.836000e+00 
-1.890000e+00 
-1.949000e+00 
-2.011000e+00 
-2.080000e+00 
-2.157000e+00 
-2.243000e+00 
-2.338000e+00 
-2.443000e+00 
-2.558000e+00 
-2.682000e+00 
-2.816000e+00 
-2.959000e+00 
-3.110000e+00 
-3.267000e+00 
-3.430000e+00 
-3.598000e+00 
-3.771000e+00 
-3.949000e+00 
-4.129000e+00 
-4.312000e+00 
-4.496000e+00 
-4.683000e+00 
-4.876000e+00 
-5.077000e+00 
-5.291000e+00 
-5.518000e+00 
-5.759000e+00 
-6.012000e+00 
-6.276000e+00 
-6.548000e+00 
-6.828000e+00 
-7.113000e+00 
-7.402000e+00 
-7.694000e+00 
-7.988000e+00 
-8.286000e+00 
-8.588000e+00 
-8.894000e+00 
-9.201000e+00 
-9.509000e+00 
-9.813000e+00 
-1.011100e+01 
-1.040000e+01 
-1.067700e+01 
-1.094300e+01 
-1.119900e+01 
-1.144900e+01 
-1.170000e+01 
-1.195600e+01 
-1.222200e+01 
-1.249900e+01 
-1.278800e+01 
-1.308800e+01 
-1.339600e+01 
-1.370900e+01 
-1.402300e+01 
-1.433400e+01 
-1.463600e+01 
-1.492500e+01 
-1.519800e+01 
-1.545100e+01 
-1.568300e+01 
-1.589300e+01 
-1.608200e+01 
-1.625100e+01 
-1.639900e+01 
-1.652500e+01 
-1.662900e+01 
-1.671000e+01 
-1.676800e+01 
-1.680100e+01 
-1.681300e+01 
-1.680700e+01 
-1.679300e+01 
-1.677900e+01 
-1.677400e+01 
-1.678700e+01 
-1.681800e+01 
-1.686300e+01 
-1.691300e+01 
-1.695600e+01 
-1.697900e+01 
-1.697300e+01 
-1.693200e+01 
-1.685600e+01 
-1.674700e+01 
-1.660800e+01 
-1.643900e+01 
-1.624300e+01 
-1.602100e+01 
-1.577700e+01 
-1.551400e+01 
-1.523800e+01 
-1.494800e+01 
-1.464500e+01 
-1.432800e+01 
-1.399600e+01 
-1.364900e+01 
-1.328400e+01 
-1.290400e+01 
-1.250900e+01 
-1.210100e+01 
-1.168200e+01 
-1.125500e+01 
-1.082300e+01 
-1.038500e+01 
-9.946000e+00 
-9.506000e+00 
-9.066000e+00 
-8.627000e+00 
-8.188000e+00 
-7.750000e+00 
-7.314000e+00 
-6.882000e+00 
-6.455000e+00 
-6.037000e+00 
-5.629000e+00 
-5.236000e+00 
-4.861000e+00 
-4.507000e+00 
-4.175000e+00 
-3.867000e+00 
-3.583000e+00 
-3.326000e+00 
-3.095000e+00 
-2.890000e+00 
-2.709000e+00 
-2.549000e+00 
-2.405000e+00 
-2.273000e+00 
-2.149000e+00 
-2.031000e+00 
-1.921000e+00 
-1.819000e+00 
-1.725000e+00 
-1.640000e+00 
-1.565000e+00 
-1.502000e+00 
-1.452000e+00 
-1.413000e+00 
-1.384000e+00 
-1.361000e+00 
-1.339000e+00 
-1.313000e+00 
-1.278000e+00 
-1.233000e+00 
-1.178000e+00 
-1.115000e+00 
-1.047000e+00 
-9.820000e-01 
-9.230000e-01 
-8.760000e-01 
-8.420000e-01 
-8.240000e-01 
-8.220000e-01 
-8.360000e-01 
-8.630000e-01 
-9.050000e-01 
-9.570000e-01 
-1.017000e+00 
-1.081000e+00 
-1.144000e+00 
-1.207000e+00 
-1.267000e+00 
-1.325000e+00 
-1.382000e+00 
-1.439000e+00 
-1.494000e+00 
-1.545000e+00 
-1.590000e+00 
-1.626000e+00 
-1.653000e+00 
-1.672000e+00 
-1.684000e+00 
-1.692000e+00 
-1.696000e+00 
-1.698000e+00 
-1.697000e+00 
-1.694000e+00 
-1.690000e+00 
-1.684000e+00 
-1.676000e+00 
-1.665000e+00 
-1.652000e+00 
-1.634000e+00 
-1.612000e+00 
-1.586000e+00 
-1.555000e+00 
-1.520000e+00 
-1.484000e+00 
-1.448000e+00 
-1.415000e+00 
-1.387000e+00 
-1.362000e+00 
-1.340000e+00 
-1.319000e+00 
-1.296000e+00 
-1.272000e+00 
-1.246000e+00 
-1.217000e+00 
-1.188000e+00 
-1.158000e+00 
-1.130000e+00 
-1.105000e+00 
-1.085000e+00 
-1.071000e+00 
-1.061000e+00 
-1.056000e+00 
-1.051000e+00 
-1.045000e+00 
-1.035000e+00 
-1.020000e+00 
-1.001000e+00 
-9.760000e-01 
-9.480000e-01 
-9.170000e-01 
-8.820000e-01 
-8.410000e-01 
-7.930000e-01 
-7.300000e-01 
-6.500000e-01 
-5.500000e-01 
-4.280000e-01 
-2.850000e-01 
-1.250000e-01 
5.100000e-02 
2.390000e-01 
4.380000e-01 
6.470000e-01 
8.650000e-01 
1.090000e+00 
1.320000e+00 
1.551000e+00 
1.783000e+00 
2.011000e+00 
2.237000e+00 
2.462000e+00 
2.688000e+00 
2.921000e+00 
3.163000e+00 
3.419000e+00 
3.692000e+00 
3.983000e+00 
4.291000e+00 
4.614000e+00 
4.948000e+00 
5.285000e+00 
5.621000e+00 
5.949000e+00 
6.263000e+00 
6.559000e+00 
6.834000e+00 
7.086000e+00 
7.314000e+00 
7.519000e+00 
7.701000e+00 
7.861000e+00 
8.002000e+00 
8.123000e+00 
8.227000e+00 
8.313000e+00 
8.382000e+00 
8.433000e+00 
8.465000e+00 
8.476000e+00 
8.467000e+00 
8.436000e+00 
8.383000e+00 
8.309000e+00 
8.218000e+00 
8.112000e+00 
7.997000e+00 
7.879000e+00 
7.765000e+00 
7.662000e+00 
7.571000e+00 
7.495000e+00 
7.435000e+00 
7.391000e+00 
7.362000e+00 
7.347000e+00 
7.344000e+00 
7.351000e+00 
7.364000e+00 
7.379000e+00 
7.396000e+00 
7.416000e+00 
7.445000e+00 
7.484000e+00 
7.536000e+00 
7.601000e+00 
7.678000e+00 
7.765000e+00 
7.860000e+00 
7.962000e+00 
8.067000e+00 
8.173000e+00 
8.279000e+00 
8.384000e+00 
8.490000e+00 
8.597000e+00 
8.707000e+00 
8.816000e+00 
8.925000e+00 
9.029000e+00 
9.129000e+00 
9.220000e+00 
9.302000e+00 
9.370000e+00 
9.422000e+00 
9.458000e+00 
9.477000e+00 
9.481000e+00 
9.469000e+00 
9.439000e+00 
9.389000e+00 
9.318000e+00 
9.228000e+00 
9.119000e+00 
8.990000e+00 
8.840000e+00 
8.669000e+00 
8.479000e+00 
8.274000e+00 
8.056000e+00 
7.830000e+00 
7.598000e+00 
7.367000e+00 
7.142000e+00 
6.929000e+00 
6.734000e+00 
6.561000e+00 
6.410000e+00 
6.281000e+00 
6.171000e+00 
6.074000e+00 
5.988000e+00 
5.906000e+00 
5.826000e+00 
5.744000e+00 
5.663000e+00 
5.583000e+00 
5.505000e+00 
5.432000e+00 
5.366000e+00 
5.313000e+00 
5.275000e+00 
5.254000e+00 
5.252000e+00 
5.272000e+00 
5.317000e+00 
5.388000e+00 
5.483000e+00 
5.595000e+00 
5.722000e+00 
5.858000e+00 
5.999000e+00 
6.144000e+00 
6.287000e+00 
6.429000e+00 
6.565000e+00 
6.698000e+00 
6.829000e+00 
6.961000e+00 
7.096000e+00 
7.236000e+00 
7.383000e+00 
7.536000e+00 
7.695000e+00 
7.860000e+00 
8.029000e+00 
8.201000e+00 
8.375000e+00 
8.552000e+00 
8.729000e+00 
8.907000e+00 
9.087000e+00 
9.270000e+00 
9.455000e+00 
9.644000e+00 
9.835000e+00 
1.002900e+01 
1.022200e+01 
1.041100e+01 
1.059400e+01 
1.076600e+01 
1.092300e+01 
1.106200e+01 
1.118200e+01 
1.127900e+01 
1.135400e+01 
1.140700e+01 
1.143900e+01 
1.145000e+01 
1.144200e+01 
1.141600e+01 
1.137500e+01 
1.131800e+01 
1.124800e+01 
1.116300e+01 
1.106300e+01 
1.095000e+01 
1.082400e+01 
1.068600e+01 
1.053600e+01 
1.037700e+01 
1.020800e+01 
1.003400e+01 
9.855000e+00 
9.674000e+00 
9.493000e+00 
9.315000e+00 
9.141000e+00 
8.973000e+00 
8.813000e+00 
8.663000e+00 
8.521000e+00 
8.386000e+00 
8.252000e+00 
8.115000e+00 
7.970000e+00 
7.812000e+00 
7.635000e+00 
7.437000e+00 
7.216000e+00 
6.972000e+00 
6.704000e+00 
6.414000e+00 
6.103000e+00 
5.774000e+00 
5.429000e+00 
5.070000e+00 
4.701000e+00 
4.325000e+00 
3.947000e+00 
3.569000e+00 
3.196000e+00 
2.830000e+00 
2.474000e+00 
2.129000e+00 
1.798000e+00 
1.481000e+00 
1.182000e+00 
9.000000e-01 
6.370000e-01 
3.900000e-01 
1.600000e-01 
-5.700000e-02 
-2.620000e-01 
-4.540000e-01 
-6.350000e-01 
-8.030000e-01 
-9.580000e-01 
-1.102000e+00 
-1.236000e+00 
-1.363000e+00 
-1.485000e+00 
-1.604000e+00 
-1.725000e+00 
-1.849000e+00 
-1.980000e+00 
-2.119000e+00 
-2.267000e+00 
-2.427000e+00 
-2.595000e+00 
-2.772000e+00 
-2.954000e+00 
-3.140000e+00 
-3.327000e+00 
-3.514000e+00 
-3.698000e+00 
-3.878000e+00 
-4.051000e+00 
-4.215000e+00 
-4.369000e+00 
-4.509000e+00 
-4.634000e+00 
-4.741000e+00 
-4.829000e+00 
-4.897000e+00 
-4.946000e+00 
-4.977000e+00 
-4.993000e+00 
-4.997000e+00 
-4.989000e+00 
-4.974000e+00 
-4.954000e+00 
-4.932000e+00 
-4.911000e+00 
-4.894000e+00 
-4.884000e+00 
-4.883000e+00 
-4.893000e+00 
-4.913000e+00 
-4.943000e+00 
-4.981000e+00 
-5.026000e+00 
-5.074000e+00 
-5.121000e+00 
-5.167000e+00 
-5.207000e+00 
-5.239000e+00 
-5.260000e+00 
-5.268000e+00 
-5.259000e+00 
-5.233000e+00 
-5.187000e+00 
-5.123000e+00 
-5.042000e+00 
-4.947000e+00 
-4.843000e+00 
-4.732000e+00 
-4.618000e+00 
-4.504000e+00 
-4.392000e+00 
-4.283000e+00 
-4.176000e+00 
-4.071000e+00 
-3.967000e+00 
-3.862000e+00 
-3.753000e+00 
-3.642000e+00 
-3.525000e+00 
-3.402000e+00 
-3.272000e+00 
-3.135000e+00 
-2.991000e+00 
-2.841000e+00 
-2.687000e+00 
-2.528000e+00 
-2.367000e+00 
-2.202000e+00 
-2.035000e+00 
-1.865000e+00 
-1.695000e+00 
-1.524000e+00 
-1.353000e+00 
-1.182000e+00 
-1.012000e+00 
-8.420000e-01 
-6.730000e-01 
-5.040000e-01 
-3.360000e-01 
-1.710000e-01 
-1.000000e-02 
1.460000e-01 
2.940000e-01 
4.350000e-01 
5.650000e-01 
6.840000e-01 
7.930000e-01 
8.880000e-01 
9.710000e-01 
1.040000e+00 
1.095000e+00 
1.136000e+00 
1.162000e+00 
1.173000e+00 
1.173000e+00 
1.163000e+00 
1.148000e+00 
1.132000e+00 
1.117000e+00 
1.106000e+00 
1.098000e+00 
1.090000e+00 
1.083000e+00 
1.074000e+00 
1.063000e+00 
1.048000e+00 
1.029000e+00 
1.004000e+00 
9.730000e-01 
9.360000e-01 
8.920000e-01 
8.420000e-01 
7.900000e-01 
7.370000e-01 
6.860000e-01 
6.380000e-01 
5.920000e-01 
5.460000e-01 
4.960000e-01 
4.400000e-01 
3.770000e-01 
3.080000e-01 
2.350000e-01 
1.590000e-01 
8.000000e-02 
-2.000000e-03 
-8.400000e-02 
-1.650000e-01 
-2.420000e-01 
-3.170000e-01 
-3.880000e-01 
-4.560000e-01 
-5.210000e-01 
-5.840000e-01 
-6.440000e-01 
-7.010000e-01 
-7.560000e-01 
-8.080000e-01 
-8.570000e-01 
-9.040000e-01 
-9.470000e-01 
-9.900000e-01 
-1.033000e+00 
-1.078000e+00 
-1.126000e+00 
-1.178000e+00 
-1.235000e+00 
-1.296000e+00 
-1.362000e+00 
-1.432000e+00 
-1.503000e+00 
-1.577000e+00 
-1.651000e+00 
-1.726000e+00 
-1.801000e+00 
-1.876000e+00 
-1.952000e+00 
-2.030000e+00 
-2.111000e+00 
-2.195000e+00 
-2.284000e+00 
-2.377000e+00 
-2.475000e+00 
-2.578000e+00 
-2.684000e+00 
-2.793000e+00 
-2.904000e+00 
-3.015000e+00 
-3.125000e+00 
-3.232000e+00 
-3.335000e+00 
-3.433000e+00 
-3.524000e+00 
-3.609000e+00 
-3.688000e+00 
-3.760000e+00 
-3.825000e+00 
-3.886000e+00 
-3.942000e+00 
-3.996000e+00 
-4.049000e+00 
-4.103000e+00 
-4.158000e+00 
-4.215000e+00 
-4.273000e+00 
-4.332000e+00 
-4.390000e+00 
-4.445000e+00 
-4.496000e+00 
-4.538000e+00 
-4.573000e+00 
-4.598000e+00 
-4.613000e+00 
-4.620000e+00 
-4.621000e+00 
-4.616000e+00 
-4.610000e+00 
-4.605000e+00 
-4.601000e+00 
-4.600000e+00 
-4.602000e+00 
-4.608000e+00 
-4.618000e+00 
-4.632000e+00 
-4.651000e+00 
-4.675000e+00 
-4.702000e+00 
-4.733000e+00 
-4.768000e+00 
-4.804000e+00 
-4.842000e+00 
-4.882000e+00 
-4.924000e+00 
-4.967000e+00 
-5.015000e+00 
-5.066000e+00 
-5.124000e+00 
-5.187000e+00 
-5.258000e+00 
-5.336000e+00 
-5.423000e+00 
-5.516000e+00 
-5.617000e+00 
-5.723000e+00 
-5.832000e+00 
-5.944000e+00 
-6.057000e+00 
-6.169000e+00 
-6.279000e+00 
-6.386000e+00 
-6.490000e+00 
-6.590000e+00 
-6.685000e+00 
-6.776000e+00 
-6.864000e+00 
-6.950000e+00 
-7.034000e+00 
-7.117000e+00 
-7.200000e+00 
-7.281000e+00 
-7.362000e+00 
-7.442000e+00 
-7.522000e+00 
-7.600000e+00 
-7.676000e+00 
-7.749000e+00 
-7.820000e+00 
-7.888000e+00 
-7.954000e+00 
-8.017000e+00 
-8.078000e+00 
-8.136000e+00 
-8.192000e+00 
-8.246000e+00 
-8.298000e+00 
-8.348000e+00 
-8.396000e+00 
-8.442000e+00 
-8.486000e+00 
-8.529000e+00 
-8.569000e+00 
-8.607000e+00 
-8.642000e+00 
-8.673000e+00 
-8.703000e+00 
-8.732000e+00 
-8.761000e+00 
-8.788000e+00 
-8.816000e+00 
-8.843000e+00 
-8.869000e+00 
-8.895000e+00 
-8.919000e+00 
-8.943000e+00 
-8.965000e+00 
-8.985000e+00 
-9.005000e+00 
-9.023000e+00 
-9.041000e+00 
-9.058000e+00 
-9.075000e+00 
-9.091000e+00 
-9.106000e+00 
-9.122000e+00 
-9.138000e+00 
-9.154000e+00 
-9.170000e+00 
-9.188000e+00 
-9.206000e+00 
-9.225000e+00 
-9.243000e+00 
-9.261000e+00 
-9.275000e+00 
-9.284000e+00 
-9.286000e+00 
-9.280000e+00 
-9.264000e+00 
-9.238000e+00 
-9.201000e+00 
-9.154000e+00 
-9.097000e+00 
-9.031000e+00 
-8.957000e+00 
-8.875000e+00 
-8.785000e+00 
-8.690000e+00 
-8.589000e+00 
-8.482000e+00 
-8.369000e+00 
-8.251000e+00 
-8.126000e+00 
-7.996000e+00 
-7.860000e+00 
-7.718000e+00 
-7.572000e+00 
-7.421000e+00 
-7.268000e+00 
-7.111000e+00 
-6.953000e+00 
-6.792000e+00 
-6.629000e+00 
-6.465000e+00 
-6.298000e+00 
-6.129000e+00 
-5.957000e+00 
-5.783000e+00 
-5.607000e+00 
-5.430000e+00 
-5.250000e+00 
-5.069000e+00 
-4.886000e+00 
-4.704000e+00 
-4.521000e+00 
-4.339000e+00 
-4.159000e+00 
-3.980000e+00 
-3.804000e+00 
-3.631000e+00 
-3.462000e+00 
-3.298000e+00 
-3.140000e+00 
-2.988000e+00 
-2.843000e+00 
-2.705000e+00 
-2.574000e+00 
-2.450000e+00 
-2.333000e+00 
-2.223000e+00 
-2.119000e+00 
-2.022000e+00 
-1.930000e+00 
-1.843000e+00 
-1.761000e+00 
-1.682000e+00 
-1.606000e+00 
-1.533000e+00 
-1.461000e+00 
-1.390000e+00 
-1.319000e+00 
-1.249000e+00 
-1.179000e+00 
-1.109000e+00 
-1.040000e+00 
-9.700000e-01 
-9.020000e-01 
-8.330000e-01 
-7.660000e-01 
-6.990000e-01 
-6.330000e-01 
-5.680000e-01 
-5.030000e-01 
-4.390000e-01 
-3.750000e-01 
-3.100000e-01 
-2.450000e-01 
-1.790000e-01 
-1.110000e-01 
-4.100000e-02 
3.300000e-02 
1.100000e-01 
1.900000e-01 
2.740000e-01 
3.620000e-01 
4.540000e-01 
5.480000e-01 
6.450000e-01 
7.430000e-01 
8.410000e-01 
9.400000e-01 
1.039000e+00 
1.136000e+00 
1.232000e+00 
1.325000e+00 
1.416000e+00 
1.505000e+00 
1.591000e+00 
1.676000e+00 
1.758000e+00 
1.838000e+00 
1.916000e+00 
1.992000e+00 
2.063000e+00 
2.131000e+00 
2.195000e+00 
2.254000e+00 
2.308000e+00 
2.358000e+00 
2.405000e+00 
2.450000e+00 
2.494000e+00 
2.538000e+00 
2.583000e+00 
2.630000e+00 
2.678000e+00 
2.726000e+00 
2.776000e+00 
2.825000e+00 
2.875000e+00 
2.924000e+00 
2.971000e+00 
3.016000e+00 
3.059000e+00 
3.098000e+00 
3.134000e+00 
3.167000e+00 
3.195000e+00 
3.219000e+00 
3.238000e+00 
3.253000e+00 
3.264000e+00 
3.271000e+00 
3.275000e+00 
3.278000e+00 
3.279000e+00 
3.281000e+00 
3.285000e+00 
3.291000e+00 
3.300000e+00 
3.313000e+00 
3.329000e+00 
3.349000e+00 
3.373000e+00 
3.402000e+00 
3.436000e+00 
3.474000e+00 
3.517000e+00 
3.565000e+00 
3.616000e+00 
3.670000e+00 
3.726000e+00 
3.783000e+00 
3.841000e+00 
3.897000e+00 
3.952000e+00 
4.004000e+00 
4.053000e+00 
4.099000e+00 
4.141000e+00 
4.179000e+00 
4.213000e+00 
4.244000e+00 
4.272000e+00 
4.298000e+00 
4.323000e+00 
4.346000e+00 
4.370000e+00 
4.396000e+00 
4.424000e+00 
4.455000e+00 
4.490000e+00 
4.527000e+00 
4.566000e+00 
4.607000e+00 
4.647000e+00 
4.686000e+00 
4.721000e+00 
4.752000e+00 
4.778000e+00 
4.798000e+00 
4.811000e+00 
4.818000e+00 
4.817000e+00 
4.810000e+00 
4.796000e+00 
4.776000e+00 
4.750000e+00 
4.719000e+00 
4.683000e+00 
4.643000e+00 
4.600000e+00 
4.555000e+00 
4.508000e+00 
4.460000e+00 
4.413000e+00 
4.367000e+00 
4.321000e+00 
4.277000e+00 
4.235000e+00 
4.194000e+00 
4.156000e+00 
4.120000e+00 
4.086000e+00 
4.055000e+00 
4.028000e+00 
4.004000e+00 
3.985000e+00 
3.969000e+00 
3.957000e+00 
3.947000e+00 
3.938000e+00 
3.930000e+00 
3.921000e+00 
3.912000e+00 
3.901000e+00 
3.887000e+00 
3.872000e+00 
3.854000e+00 
3.835000e+00 
3.814000e+00 
3.793000e+00 
3.772000e+00 
3.751000e+00 
3.733000e+00 
3.718000e+00 
3.708000e+00 
3.703000e+00 
3.705000e+00 
3.715000e+00 
3.730000e+00 
3.753000e+00 
3.783000e+00 
3.818000e+00 
3.859000e+00 
3.904000e+00 
3.954000e+00 
4.008000e+00 
4.065000e+00 
4.127000e+00 
4.192000e+00 
4.262000e+00 
4.336000e+00 
4.415000e+00 
4.498000e+00 
4.586000e+00 
4.677000e+00 
4.770000e+00 
4.864000e+00 
4.958000e+00 
5.052000e+00 
5.143000e+00 
5.231000e+00 
5.316000e+00 
5.397000e+00 
5.474000e+00 
5.549000e+00 
5.622000e+00 
5.694000e+00 
5.766000e+00 
5.840000e+00 
5.915000e+00 
5.993000e+00 
6.073000e+00 
6.155000e+00 
6.237000e+00 
6.320000e+00 
6.401000e+00 
6.479000e+00 
6.553000e+00 
6.622000e+00 
6.684000e+00 
6.740000e+00 
6.790000e+00 
6.833000e+00 
6.872000e+00 
6.907000e+00 
6.939000e+00 
6.969000e+00 
6.997000e+00 
7.026000e+00 
7.055000e+00 
7.084000e+00 
7.113000e+00 
7.142000e+00 
7.169000e+00 
7.194000e+00 
7.216000e+00 
7.233000e+00 
7.246000e+00 
7.253000e+00 
7.255000e+00 
7.252000e+00 
7.244000e+00 
7.232000e+00 
7.217000e+00 
7.200000e+00 
7.181000e+00 
7.161000e+00 
7.140000e+00 
7.119000e+00 
7.098000e+00 
7.078000e+00 
7.058000e+00 
7.038000e+00 
7.018000e+00 
6.997000e+00 
6.976000e+00 
6.953000e+00 
6.927000e+00 
6.900000e+00 
6.871000e+00 
6.839000e+00 
6.806000e+00 
6.771000e+00 
6.735000e+00 
6.699000e+00 
6.661000e+00 
6.622000e+00 
6.584000e+00 
6.544000e+00 
6.504000e+00 
6.464000e+00 
6.423000e+00 
6.381000e+00 
6.339000e+00 
6.295000e+00 
6.250000e+00 
6.203000e+00 
6.154000e+00 
6.102000e+00 
6.047000e+00 
5.988000e+00 
5.926000e+00 
5.861000e+00 
5.792000e+00 
5.721000e+00 
5.647000e+00 
5.572000e+00 
5.496000e+00 
5.418000e+00 
5.339000e+00 
5.260000e+00 
5.179000e+00 
5.098000e+00 
5.015000e+00 
4.932000e+00 
4.849000e+00 
4.765000e+00 
4.681000e+00 
4.598000e+00 
4.516000e+00 
4.434000e+00 
4.352000e+00 
4.271000e+00 
4.189000e+00 
4.107000e+00 
4.024000e+00 
3.942000e+00 
3.860000e+00 
3.779000e+00 
3.700000e+00 
3.622000e+00 
3.548000e+00 
3.478000e+00 
3.411000e+00 
3.349000e+00 
3.291000e+00 
3.238000e+00 
3.191000e+00 
3.148000e+00 
3.110000e+00 
3.078000e+00 
3.050000e+00 
3.026000e+00 
3.007000e+00 
2.990000e+00 
2.977000e+00 
2.965000e+00 
2.954000e+00 
2.944000e+00 
2.934000e+00 
2.924000e+00 
2.912000e+00 
2.899000e+00 
2.885000e+00 
2.870000e+00 
2.853000e+00 
2.835000e+00 
2.816000e+00 
2.794000e+00 
2.771000e+00 
2.745000e+00 
2.717000e+00 
2.686000e+00 
2.652000e+00 
2.616000e+00 
2.577000e+00 
2.535000e+00 
2.491000e+00 
2.446000e+00 
2.397000e+00 
2.347000e+00 
2.293000e+00 
2.237000e+00 
2.176000e+00 
2.112000e+00 
2.043000e+00 
1.968000e+00 
1.888000e+00 
1.804000e+00 
1.713000e+00 
1.618000e+00 
1.518000e+00 
1.413000e+00 
1.303000e+00 
1.190000e+00 
1.073000e+00 
9.530000e-01 
8.310000e-01 
7.090000e-01 
5.860000e-01 
4.630000e-01 
3.430000e-01 
2.260000e-01 
1.120000e-01 
2.000000e-03 
-1.050000e-01 
-2.070000e-01 
-3.060000e-01 
-4.020000e-01 
-4.960000e-01 
-5.890000e-01 
-6.800000e-01 
-7.710000e-01 
-8.610000e-01 
-9.500000e-01 
-1.037000e+00 
-1.123000e+00 
-1.206000e+00 
-1.288000e+00 
-1.366000e+00 
-1.441000e+00 
-1.513000e+00 
-1.582000e+00 
-1.647000e+00 
-1.709000e+00 
-1.766000e+00 
-1.818000e+00 
-1.866000e+00 
-1.908000e+00 
-1.943000e+00 
-1.973000e+00 
-1.997000e+00 
-2.014000e+00 
-2.026000e+00 
-2.033000e+00 
-2.035000e+00 
-2.034000e+00 
-2.030000e+00 
-2.023000e+00 
-2.015000e+00 
-2.005000e+00 
-1.994000e+00 
-1.981000e+00 
-1.967000e+00 
-1.953000e+00 
-1.937000e+00 
-1.921000e+00 
-1.903000e+00 
-1.887000e+00 
-1.870000e+00 
-1.855000e+00 
-1.842000e+00 
-1.830000e+00 
-1.820000e+00 
-1.813000e+00 
-1.808000e+00 
-1.806000e+00 
-1.808000e+00 
-1.813000e+00 
-1.820000e+00 
-1.830000e+00 
-1.842000e+00 
-1.857000e+00 
-1.872000e+00 
-1.890000e+00 
-1.909000e+00 
-1.930000e+00 
-1.952000e+00 
-1.976000e+00 
-2.001000e+00 
-2.026000e+00 
-2.053000e+00 
-2.080000e+00 
-2.108000e+00 
-2.135000e+00 
-2.163000e+00 
-2.191000e+00 
-2.220000e+00 
-2.249000e+00 
-2.279000e+00 
-2.309000e+00 
-2.341000e+00 
-2.373000e+00 
-2.407000e+00 
-2.442000e+00 
-2.478000e+00 
-2.515000e+00 
-2.553000e+00 
-2.593000e+00 
-2.633000e+00 
-2.674000e+00 
-2.716000e+00 
-2.757000e+00 
-2.799000e+00 
-2.840000e+00 
-2.880000e+00 
-2.918000e+00 
-2.954000e+00 
-2.988000e+00 
-3.019000e+00 
-3.046000e+00 
-3.069000e+00 
-3.090000e+00 
-3.107000e+00 
-3.121000e+00 
-3.132000e+00 
-3.141000e+00 
-3.148000e+00 
-3.154000e+00 
-3.159000e+00 
-3.164000e+00 
-3.170000e+00 
-3.175000e+00 
-3.182000e+00 
-3.191000e+00 
-3.200000e+00 
-3.209000e+00 
-3.220000e+00 
-3.231000e+00 
-3.241000e+00 
-3.252000e+00 
-3.262000e+00 
-3.271000e+00 
-3.279000e+00 
-3.285000e+00 
-3.290000e+00 
-3.294000e+00 
-3.296000e+00 
-3.298000e+00 
-3.300000e+00 
-3.302000e+00 
-3.306000e+00 
-3.311000e+00 
-3.318000e+00 
-3.329000e+00 
-3.342000e+00 
-3.359000e+00 
-3.379000e+00 
-3.403000e+00 
-3.431000e+00 
-3.461000e+00 
-3.495000e+00 
-3.532000e+00 
-3.572000e+00 
-3.614000e+00 
-3.657000e+00 
-3.703000e+00 
-3.749000e+00 
-3.797000e+00 
-3.845000e+00 
-3.893000e+00 
-3.941000e+00 
-3.989000e+00 
-4.037000e+00 
-4.085000e+00 
-4.133000e+00 
-4.182000e+00 
-4.230000e+00 
-4.279000e+00 
-4.329000e+00 
-4.379000e+00 
-4.431000e+00 
-4.484000e+00 
-4.537000e+00 
-4.591000e+00 
-4.646000e+00 
-4.700000e+00 
-4.755000e+00 
-4.810000e+00 
-4.865000e+00 
-4.920000e+00 
-4.975000e+00 
-5.030000e+00 
-5.085000e+00 
-5.141000e+00 
-5.196000e+00 
-5.251000e+00 
-5.306000e+00 
-5.361000e+00 
-5.415000e+00 
-5.469000e+00 
-5.523000e+00 
-5.576000e+00 
-5.629000e+00 
-5.681000e+00 
-5.732000e+00 
-5.783000e+00 
-5.834000e+00 
-5.883000e+00 
-5.932000e+00 
-5.981000e+00 
-6.028000e+00 
-6.075000e+00 
-6.122000e+00 
-6.169000e+00 
-6.217000e+00 
-6.266000e+00 
-6.317000e+00 
-6.371000e+00 
-6.428000e+00 
-6.489000e+00 
-6.554000e+00 
-6.621000e+00 
-6.692000e+00 
-6.764000e+00 
-6.838000e+00 
-6.913000e+00 
-6.988000e+00 
-7.063000e+00 
-7.137000e+00 
-7.210000e+00 
-7.282000e+00 
-7.353000e+00 
-7.423000e+00 
-7.491000e+00 
-7.558000e+00 
-7.624000e+00 
-7.688000e+00 
-7.752000e+00 
-7.814000e+00 
-7.876000e+00 
-7.936000e+00 
-7.995000e+00 
-8.054000e+00 
-8.111000e+00 
-8.168000e+00 
-8.224000e+00 
-8.279000e+00 
-8.332000e+00 
-8.384000e+00 
-8.434000e+00 
-8.481000e+00 
-8.526000e+00 
-8.569000e+00 
-8.609000e+00 
-8.646000e+00 
-8.680000e+00 
-8.712000e+00 
-8.742000e+00 
-8.768000e+00 
-8.791000e+00 
-8.811000e+00 
-8.826000e+00 
-8.837000e+00 
-8.845000e+00 
-8.847000e+00 
-8.845000e+00 
-8.838000e+00 
-8.826000e+00 
-8.811000e+00 
-8.791000e+00 
-8.768000e+00 
-8.741000e+00 
-8.711000e+00 
-8.678000e+00 
-8.641000e+00 
-8.602000e+00 
-8.560000e+00 
-8.516000e+00 
-8.468000e+00 
-8.418000e+00 
-8.365000e+00 
-8.308000e+00 
-8.249000e+00 
-8.186000e+00 
-8.120000e+00 
-8.051000e+00 
-7.977000e+00 
-7.900000e+00 
-7.819000e+00 
-7.735000e+00 
-7.646000e+00 
-7.554000e+00 
-7.457000e+00 
-7.357000e+00 
-7.253000e+00 
-7.145000e+00 
-7.032000e+00 
-6.916000e+00 
-6.796000e+00 
-6.672000e+00 
-6.545000e+00 
-6.415000e+00 
-6.281000e+00 
-6.145000e+00 
-6.006000e+00 
-5.865000e+00 
-5.722000e+00 
-5.576000e+00 
-5.429000e+00 
-5.280000e+00 
-5.129000e+00 
-4.977000e+00 
-4.823000e+00 
-4.668000e+00 
-4.511000e+00 
-4.354000e+00 
-4.195000e+00 
-4.037000e+00 
-3.878000e+00 
-3.720000e+00 
-3.563000e+00 
-3.407000e+00 
-3.254000e+00 
-3.103000e+00 
-2.955000e+00 
-2.810000e+00 
-2.668000e+00 
-2.528000e+00 
-2.392000e+00 
-2.258000e+00 
-2.125000e+00 
-1.995000e+00 
-1.865000e+00 
-1.736000e+00 
-1.606000e+00 
-1.477000e+00 
-1.346000e+00 
-1.215000e+00 
-1.084000e+00 
-9.540000e-01 
-8.250000e-01 
-6.980000e-01 
-5.740000e-01 
-4.530000e-01 
-3.370000e-01 
-2.240000e-01 
-1.150000e-01 
-1.000000e-02 
9.100000e-02 
1.900000e-01 
2.860000e-01 
3.800000e-01 
4.720000e-01 
5.630000e-01 
6.530000e-01 
7.430000e-01 
8.320000e-01 
9.220000e-01 
1.011000e+00 
1.101000e+00 
1.191000e+00 
1.280000e+00 
1.370000e+00 
1.458000e+00 
1.546000e+00 
1.633000e+00 
1.720000e+00 
1.807000e+00 
1.893000e+00 
1.979000e+00 
2.065000e+00 
2.152000e+00 
2.241000e+00 
2.330000e+00 
2.420000e+00 
2.510000e+00 
2.601000e+00 
2.692000e+00 
2.781000e+00 
2.870000e+00 
2.956000e+00 
3.041000e+00 
3.123000e+00 
3.203000e+00 
3.282000e+00 
3.358000e+00 
3.432000e+00 
3.504000e+00 
3.574000e+00 
3.642000e+00 
3.708000e+00 
3.772000e+00 
3.835000e+00 
3.896000e+00 
3.955000e+00 
4.014000e+00 
4.072000e+00 
4.129000e+00 
4.185000e+00 
4.240000e+00 
4.294000e+00 
4.347000e+00 
4.398000e+00 
4.447000e+00 
4.493000e+00 
4.537000e+00 
4.577000e+00 
4.615000e+00 
4.650000e+00 
4.682000e+00 
4.712000e+00 
4.740000e+00 
4.767000e+00 
4.792000e+00 
4.817000e+00 
4.840000e+00 
4.864000e+00 
4.888000e+00 
4.911000e+00 
4.936000e+00 
4.960000e+00 
4.984000e+00 
5.010000e+00 
5.035000e+00 
5.059000e+00 
5.084000e+00 
5.108000e+00 
5.131000e+00 
5.155000e+00 
5.177000e+00 
5.200000e+00 
5.224000e+00 
5.248000e+00 
5.273000e+00 
5.299000e+00 
5.326000e+00 
5.355000e+00 
5.385000e+00 
5.417000e+00 
5.450000e+00 
5.485000e+00 
5.521000e+00 
5.558000e+00 
5.597000e+00 
5.636000e+00 
5.675000e+00 
5.714000e+00 
5.752000e+00 
5.790000e+00 
5.827000e+00 
5.864000e+00 
5.900000e+00 
5.936000e+00 
5.971000e+00 
6.006000e+00 
6.041000e+00 
6.076000e+00 
6.111000e+00 
6.146000e+00 
6.181000e+00 
6.215000e+00 
6.248000e+00 
6.281000e+00 
6.313000e+00 
6.345000e+00 
6.376000e+00 
6.406000e+00 
6.435000e+00 
6.463000e+00 
6.490000e+00 
6.515000e+00 
6.538000e+00 
6.561000e+00 
6.581000e+00 
6.600000e+00 
6.618000e+00 
6.635000e+00 
6.650000e+00 
6.666000e+00 
6.680000e+00 
6.694000e+00 
6.708000e+00 
6.721000e+00 
6.734000e+00 
6.746000e+00 
6.757000e+00 
6.767000e+00 
6.777000e+00 
6.786000e+00 
6.794000e+00 
6.801000e+00 
6.808000e+00 
6.814000e+00 
6.820000e+00 
6.824000e+00 
6.826000e+00 
6.828000e+00 
6.828000e+00 
6.826000e+00 
6.823000e+00 
6.818000e+00 
6.811000e+00 
6.802000e+00 
6.793000e+00 
6.782000e+00 
6.770000e+00 
6.758000e+00 
6.744000e+00 
6.729000e+00 
6.714000e+00 
6.697000e+00 
6.680000e+00 
6.661000e+00 
6.640000e+00 
6.617000e+00 
6.592000e+00 
6.565000e+00 
6.535000e+00 
6.503000e+00 
6.468000e+00 
6.431000e+00 
6.391000e+00 
6.350000e+00 
6.306000e+00 
6.261000e+00 
6.214000e+00 
6.165000e+00 
6.115000e+00 
6.063000e+00 
6.009000e+00 
5.953000e+00 
5.896000e+00 
5.836000e+00 
5.775000e+00 
5.712000e+00 
5.646000e+00 
5.579000e+00 
5.510000e+00 
5.439000e+00 
5.367000e+00 
5.294000e+00 
5.221000e+00 
5.148000e+00 
5.075000e+00 
5.002000e+00 
4.930000e+00 
4.859000e+00 
4.789000e+00 
4.721000e+00 
4.653000e+00 
4.587000e+00 
4.523000e+00 
4.460000e+00 
4.398000e+00 
4.338000e+00 
4.280000e+00 
4.222000e+00 
4.165000e+00 
4.108000e+00 
4.052000e+00 
3.996000e+00 
3.940000e+00 
3.885000e+00 
3.830000e+00 
3.776000e+00 
3.724000e+00 
3.673000e+00 
3.624000e+00 
3.576000e+00 
3.531000e+00 
3.488000e+00 
3.447000e+00 
3.408000e+00 
3.371000e+00 
3.336000e+00 
3.302000e+00 
3.269000e+00 
3.237000e+00 
3.206000e+00 
3.175000e+00 
3.144000e+00 
3.113000e+00 
3.080000e+00 
3.047000e+00 
3.012000e+00 
2.976000e+00 
2.938000e+00 
2.899000e+00 
2.858000e+00 
2.815000e+00 
2.771000e+00 
2.724000e+00 
2.676000e+00 
2.625000e+00 
2.573000e+00 
2.517000e+00 
2.460000e+00 
2.400000e+00 
2.338000e+00 
2.274000e+00 
2.208000e+00 
2.141000e+00 
2.073000e+00 
2.005000e+00 
1.936000e+00 
1.866000e+00 
1.796000e+00 
1.727000e+00 
1.658000e+00 
1.589000e+00 
1.520000e+00 
1.451000e+00 
1.383000e+00 
1.313000e+00 
1.243000e+00 
1.173000e+00 
1.101000e+00 
1.028000e+00 
9.540000e-01 
8.790000e-01 
8.030000e-01 
7.260000e-01 
6.490000e-01 
5.720000e-01 
4.950000e-01 
4.210000e-01 
3.480000e-01 
2.780000e-01 
2.120000e-01 
1.490000e-01 
8.900000e-02 
3.300000e-02 
-2.100000e-02 
-7.300000e-02 
-1.240000e-01 
-1.740000e-01 
-2.230000e-01 
-2.720000e-01 
-3.210000e-01 
-3.690000e-01 
-4.170000e-01 
-4.640000e-01 
-5.110000e-01 
-5.560000e-01 
-6.010000e-01 
-6.450000e-01 
-6.870000e-01 
-7.280000e-01 
-7.680000e-01 
-8.060000e-01 
-8.440000e-01 
-8.810000e-01 
-9.160000e-01 
-9.520000e-01 
-9.870000e-01 
-1.022000e+00 
-1.057000e+00 
-1.092000e+00 
-1.128000e+00 
-1.165000e+00 
-1.203000e+00 
-1.240000e+00 
-1.279000e+00 
-1.317000e+00 
-1.356000e+00 
-1.395000e+00 
-1.433000e+00 
-1.471000e+00 
-1.508000e+00 
-1.545000e+00 
-1.582000e+00 
-1.618000e+00 
-1.655000e+00 
-1.691000e+00 
-1.729000e+00 
-1.766000e+00 
-1.804000e+00 
-1.844000e+00 
-1.884000e+00 
-1.924000e+00 
-1.966000e+00 
-2.008000e+00 
-2.051000e+00 
-2.094000e+00 
-2.137000e+00 
-2.179000e+00 
-2.221000e+00 
-2.263000e+00 
-2.304000e+00 
-2.344000e+00 
-2.384000e+00 
-2.423000e+00 
-2.461000e+00 
-2.499000e+00 
-2.535000e+00 
-2.571000e+00 
-2.605000e+00 
-2.639000e+00 
-2.671000e+00 
-2.702000e+00 
-2.732000e+00 
-2.760000e+00 
-2.788000e+00 
-2.815000e+00 
-2.841000e+00 
-2.866000e+00 
-2.891000e+00 
-2.915000e+00 
-2.939000e+00 
-2.964000e+00 
-2.988000e+00 
-3.013000e+00 
-3.039000e+00 
-3.065000e+00 
-3.093000e+00 
-3.121000e+00 
-3.149000e+00 
-3.179000e+00 
-3.209000e+00 
-3.239000e+00 
-3.270000e+00 
-3.301000e+00 
-3.331000e+00 
-3.362000e+00 
-3.393000e+00 
-3.423000e+00 
-3.453000e+00 
-3.484000e+00 
-3.513000e+00 
-3.543000e+00 
-3.573000e+00 
-3.602000e+00 
-3.631000e+00 
-3.660000e+00 
-3.689000e+00 
-3.717000e+00 
-3.746000e+00 
-3.774000e+00 
-3.802000e+00 
-3.829000e+00 
-3.856000e+00 
-3.882000e+00 
-3.907000e+00 
-3.931000e+00 
-3.954000e+00 
-3.976000e+00 
-3.996000e+00 
-4.015000e+00 
-4.032000e+00 
-4.048000e+00 
-4.062000e+00 
-4.075000e+00 
-4.086000e+00 
-4.095000e+00 
-4.103000e+00 
-4.110000e+00 
-4.115000e+00 
-4.119000e+00 
-4.121000e+00 
-4.122000e+00 
-4.122000e+00 
-4.121000e+00 
-4.118000e+00 
-4.114000e+00 
-4.108000e+00 
-4.101000e+00 
-4.092000e+00 
-4.081000e+00 
-4.069000e+00 
-4.056000e+00 
-4.041000e+00 
-4.025000e+00 
-4.008000e+00 
-3.991000e+00 
-3.973000e+00 
-3.954000e+00 
-3.934000e+00 
-3.913000e+00 
-3.892000e+00 
-3.870000e+00 
-3.848000e+00 
-3.824000e+00 
-3.799000e+00 
-3.773000e+00 
-3.746000e+00 
-3.719000e+00 
-3.690000e+00 
-3.661000e+00 
-3.631000e+00 
-3.601000e+00 
-3.570000e+00 
-3.540000e+00 
-3.510000e+00 
-3.480000e+00 
-3.452000e+00 
-3.423000e+00 
-3.396000e+00 
-3.370000e+00 
-3.344000e+00 
-3.320000e+00 
-3.298000e+00 
-3.276000e+00 
-3.256000e+00 
-3.238000e+00 
-3.220000e+00 
-3.203000e+00 
-3.186000e+00 
-3.169000e+00 
-3.152000e+00 
-3.134000e+00 
-3.116000e+00 
-3.098000e+00 
-3.079000e+00 
-3.061000e+00 
-3.043000e+00 
-3.024000e+00 
-3.006000e+00 
-2.988000e+00 
-2.970000e+00 
-2.952000e+00 
-2.934000e+00 
-2.915000e+00 
-2.896000e+00 
-2.876000e+00 
-2.857000e+00 
-2.837000e+00 
-2.817000e+00 
-2.797000e+00 
-2.778000e+00 
-2.759000e+00 
-2.740000e+00 
-2.721000e+00 
-2.701000e+00 
-2.682000e+00 
-2.662000e+00 
-2.641000e+00 
-2.619000e+00 
-2.597000e+00 
-2.574000e+00 
-2.551000e+00 
-2.527000e+00 
-2.503000e+00 
-2.478000e+00 
-2.453000e+00 
-2.428000e+00 
-2.401000e+00 
-2.375000e+00 
-2.348000e+00 
-2.320000e+00 
-2.293000e+00 
-2.266000e+00 
-2.238000e+00 
-2.211000e+00 
-2.183000e+00 
-2.156000e+00 
-2.128000e+00 
-2.099000e+00 
-2.070000e+00 
-2.040000e+00 
-2.009000e+00 
-1.976000e+00 
-1.942000e+00 
-1.908000e+00 
-1.871000e+00 
-1.834000e+00 
-1.796000e+00 
-1.756000e+00 
-1.716000e+00 
-1.676000e+00 
-1.634000e+00 
-1.593000e+00 
-1.551000e+00 
-1.509000e+00 
-1.467000e+00 
-1.425000e+00 
-1.384000e+00 
-1.343000e+00 
-1.302000e+00 
-1.262000e+00 
-1.222000e+00 
-1.182000e+00 
-1.144000e+00 
-1.105000e+00 
-1.068000e+00 
-1.031000e+00 
-9.950000e-01 
-9.590000e-01 
-9.240000e-01 
-8.900000e-01 
-8.570000e-01 
-8.240000e-01 
-7.930000e-01 
-7.630000e-01 
-7.330000e-01 
-7.050000e-01 
-6.760000e-01 
-6.490000e-01 
-6.210000e-01 
-5.940000e-01 
-5.670000e-01 
-5.390000e-01 
-5.110000e-01 
-4.830000e-01 
-4.550000e-01 
-4.260000e-01 
-3.970000e-01 
-3.680000e-01 
-3.390000e-01 
-3.100000e-01 
-2.820000e-01 
-2.530000e-01 
-2.260000e-01 
-1.990000e-01 
-1.730000e-01 
-1.480000e-01 
-1.230000e-01 
-1.000000e-01 
-7.600000e-02 
-5.400000e-02 
-3.100000e-02 
-8.000000e-03 
1.500000e-02 
3.800000e-02 
6.200000e-02 
8.700000e-02 
1.130000e-01 
1.390000e-01 
1.650000e-01 
1.910000e-01 
2.170000e-01 
2.430000e-01 
2.690000e-01 
2.940000e-01 
3.190000e-01 
3.430000e-01 
3.670000e-01 
3.900000e-01 
4.130000e-01 
4.360000e-01 
4.580000e-01 
4.810000e-01 
5.040000e-01 
5.280000e-01 
5.520000e-01 
5.760000e-01 
6.020000e-01 
6.280000e-01 
6.550000e-01 
6.830000e-01 
7.110000e-01 
7.390000e-01 
7.680000e-01 
7.970000e-01 
8.260000e-01 
8.550000e-01 
8.840000e-01 
9.130000e-01 
9.420000e-01 
9.710000e-01 
9.990000e-01 
1.028000e+00 
1.056000e+00 
1.085000e+00 
1.113000e+00 
1.141000e+00 
1.169000e+00 
1.196000e+00 
1.224000e+00 
1.250000e+00 
1.277000e+00 
1.303000e+00 
1.328000e+00 
1.353000e+00 
1.377000e+00 
1.400000e+00 
1.423000e+00 
1.444000e+00 
1.465000e+00 
1.485000e+00 
1.503000e+00 
1.521000e+00 
1.537000e+00 
1.552000e+00 
1.565000e+00 
1.577000e+00 
1.587000e+00 
1.597000e+00 
1.604000e+00 
1.610000e+00 
1.614000e+00 
1.616000e+00 
1.618000e+00 
1.618000e+00 
1.616000e+00 
1.614000e+00 
1.611000e+00 
1.607000e+00 
1.603000e+00 
1.598000e+00 
1.592000e+00 
1.585000e+00 
1.577000e+00 
1.569000e+00 
1.559000e+00 
1.548000e+00 
1.536000e+00 
1.523000e+00 
1.509000e+00 
1.494000e+00 
1.478000e+00 
1.461000e+00 
1.444000e+00 
1.425000e+00 
1.407000e+00 
1.388000e+00 
1.368000e+00 
1.349000e+00 
1.331000e+00 
1.313000e+00 
1.297000e+00 
1.282000e+00 
1.269000e+00 
1.257000e+00 
1.247000e+00 
1.237000e+00 
1.229000e+00 
1.222000e+00 
1.216000e+00 
1.210000e+00 
1.204000e+00 
1.199000e+00 
1.193000e+00 
1.188000e+00 
1.183000e+00 
1.179000e+00 
1.175000e+00 
1.172000e+00 
1.170000e+00 
1.168000e+00 
1.167000e+00 
1.168000e+00 
1.169000e+00 
1.173000e+00 
1.177000e+00 
1.183000e+00 
1.190000e+00 
1.199000e+00 
1.209000e+00 
1.220000e+00 
1.232000e+00 
1.244000e+00 
1.256000e+00 
1.268000e+00 
1.281000e+00 
1.293000e+00 
1.306000e+00 
1.318000e+00 
1.330000e+00 
1.341000e+00 
1.352000e+00 
1.363000e+00 
1.373000e+00 
1.383000e+00 
1.390000e+00 
1.397000e+00 
1.403000e+00 
1.406000e+00 
1.409000e+00 
1.410000e+00 
1.409000e+00 
1.408000e+00 
1.405000e+00 
1.401000e+00 
1.397000e+00 
1.391000e+00 
1.385000e+00 
1.378000e+00 
1.370000e+00 
1.362000e+00 
1.353000e+00 
1.344000e+00 
1.334000e+00 
1.324000e+00 
1.313000e+00 
1.302000e+00 
1.291000e+00 
1.279000e+00 
1.267000e+00 
1.254000e+00 
1.240000e+00 
1.225000e+00 
1.210000e+00 
1.195000e+00 
1.178000e+00 
1.161000e+00 
1.143000e+00 
1.126000e+00 
1.108000e+00 
1.090000e+00 
1.072000e+00 
1.055000e+00 
1.037000e+00 
1.019000e+00 
1.001000e+00 
9.830000e-01 
9.640000e-01 
9.450000e-01 
9.250000e-01 
9.040000e-01 
8.830000e-01 
8.610000e-01 
8.390000e-01 
8.170000e-01 
7.940000e-01 
7.710000e-01 
7.490000e-01 
7.270000e-01 
7.050000e-01 
6.840000e-01 
6.630000e-01 
6.430000e-01 
6.240000e-01 
6.060000e-01 
5.890000e-01 
5.720000e-01 
5.560000e-01 
5.410000e-01 
5.260000e-01 
5.120000e-01 
4.980000e-01 
4.840000e-01 
4.700000e-01 
4.560000e-01 
4.430000e-01 
4.300000e-01 
4.170000e-01 
4.050000e-01 
3.930000e-01 
3.820000e-01 
3.720000e-01 
3.630000e-01 
3.540000e-01 
3.470000e-01 
3.400000e-01 
3.350000e-01 
3.300000e-01 
3.260000e-01 
3.220000e-01 
3.200000e-01 
3.180000e-01 
3.170000e-01 
3.170000e-01 
3.170000e-01 
3.190000e-01 
3.210000e-01 
3.240000e-01 
3.280000e-01 
3.320000e-01 
3.370000e-01 
3.430000e-01 
3.490000e-01 
3.560000e-01 
3.640000e-01 
3.710000e-01 
3.790000e-01 
3.870000e-01 
3.950000e-01 
4.020000e-01 
4.080000e-01 
4.140000e-01 
4.180000e-01 
4.200000e-01 
4.220000e-01 
4.210000e-01 
4.190000e-01 
4.160000e-01 
4.110000e-01 
4.050000e-01 
3.970000e-01 
3.880000e-01 
3.790000e-01 
3.680000e-01 
3.570000e-01 
3.450000e-01 
3.330000e-01 
3.200000e-01 
3.070000e-01 
2.940000e-01 
2.800000e-01 
2.670000e-01 
2.530000e-01 
2.390000e-01 
2.250000e-01 
2.110000e-01 
1.970000e-01 
1.820000e-01 
1.680000e-01 
1.540000e-01 
1.400000e-01 
1.250000e-01 
1.110000e-01 
9.800000e-02 
8.400000e-02 
7.200000e-02 
6.100000e-02 
5.100000e-02 
4.200000e-02 
3.500000e-02 
2.900000e-02 
2.500000e-02 
2.300000e-02 
2.200000e-02 
2.300000e-02 
2.500000e-02 
2.800000e-02 
3.200000e-02 
3.800000e-02 
4.400000e-02 
5.200000e-02 
6.100000e-02 
7.100000e-02 
8.300000e-02 
9.500000e-02 
1.100000e-01 
1.250000e-01 
1.420000e-01 
1.610000e-01 
1.800000e-01 
2.000000e-01 
2.210000e-01 
2.420000e-01 
2.640000e-01 
2.850000e-01 
3.050000e-01 
3.250000e-01 
3.440000e-01 
3.610000e-01 
3.770000e-01 
3.910000e-01 
4.040000e-01 
4.160000e-01 
4.260000e-01 
4.340000e-01 
4.410000e-01 
4.470000e-01 
4.520000e-01 
4.550000e-01 
4.580000e-01 
4.600000e-01 
4.610000e-01 
4.620000e-01 
4.620000e-01 
4.620000e-01 
4.620000e-01 
4.610000e-01 
4.610000e-01 
4.600000e-01 
4.580000e-01 
4.560000e-01 
4.540000e-01 
4.520000e-01 
4.500000e-01 
4.480000e-01 
4.460000e-01 
4.450000e-01 
4.440000e-01 
4.440000e-01 
4.450000e-01 
4.480000e-01 
4.510000e-01 
4.550000e-01 
4.610000e-01 
4.670000e-01 
4.750000e-01 
4.840000e-01 
4.950000e-01 
5.070000e-01 
5.200000e-01 
5.340000e-01 
5.490000e-01 
5.650000e-01 
5.820000e-01 
5.990000e-01 
6.170000e-01 
6.360000e-01 
6.550000e-01 
6.750000e-01 
6.950000e-01 
7.150000e-01 
7.360000e-01 
7.570000e-01 
7.790000e-01 
8.000000e-01 
8.210000e-01 
8.420000e-01 
8.620000e-01 
8.810000e-01 
8.990000e-01 
9.160000e-01 
9.310000e-01 
9.450000e-01 
9.570000e-01 
9.670000e-01 
9.750000e-01 
9.820000e-01 
9.860000e-01 
9.890000e-01 
9.890000e-01 
9.880000e-01 
9.840000e-01 
9.770000e-01 
9.690000e-01 
9.580000e-01 
9.450000e-01 
9.310000e-01 
9.140000e-01 
8.960000e-01 
8.750000e-01 
8.540000e-01 
8.300000e-01 
8.050000e-01 
7.790000e-01 
7.520000e-01 
7.230000e-01 
6.920000e-01 
6.610000e-01 
6.280000e-01 
5.950000e-01 
5.600000e-01 
5.250000e-01 
4.880000e-01 
4.520000e-01 
4.150000e-01 
3.780000e-01 
3.410000e-01 
3.040000e-01 
2.690000e-01 
2.340000e-01 
2.000000e-01 
1.680000e-01 
1.370000e-01 
1.070000e-01 
7.900000e-02 
5.100000e-02 
2.400000e-02 
-2.000000e-03 
-2.800000e-02 
-5.400000e-02 
-7.900000e-02 
-1.040000e-01 
-1.290000e-01 
-1.540000e-01 
-1.770000e-01 
-2.000000e-01 
-2.220000e-01 
-2.420000e-01 
-2.620000e-01 
-2.800000e-01 
-2.990000e-01 
-3.160000e-01 
-3.340000e-01 
-3.510000e-01 
-3.690000e-01 
-3.880000e-01 
-4.080000e-01 
-4.280000e-01 
-4.500000e-01 
-4.720000e-01 
-4.970000e-01 
-5.220000e-01 
-5.490000e-01 
-5.780000e-01 
-6.080000e-01 
-6.390000e-01 
-6.710000e-01 
-7.050000e-01 
-7.390000e-01 
-7.750000e-01 
-8.110000e-01 
-8.480000e-01 
-8.860000e-01 
-9.240000e-01 
-9.620000e-01 
-1 
-1.039000e+00 
-1.077000e+00 
-1.115000e+00 
-1.153000e+00 
-1.190000e+00 
-1.226000e+00 
-1.262000e+00 
-1.297000e+00 
-1.331000e+00 
-1.365000e+00 
-1.398000e+00 
-1.430000e+00 
-1.462000e+00 
-1.492000e+00 
-1.522000e+00 
-1.551000e+00 
-1.578000e+00 
-1.604000e+00 
-1.628000e+00 
-1.650000e+00 
-1.670000e+00 
-1.688000e+00 
-1.703000e+00 
-1.717000e+00 
-1.728000e+00 
-1.737000e+00 
-1.745000e+00 
-1.751000e+00 
-1.755000e+00 
-1.758000e+00 
-1.759000e+00 
-1.759000e+00 
-1.757000e+00 
-1.754000e+00 
-1.749000e+00 
-1.742000e+00 
-1.734000e+00 
-1.725000e+00 
-1.713000e+00 
-1.701000e+00 
-1.686000e+00 
-1.671000e+00 
-1.655000e+00 
-1.637000e+00 
-1.619000e+00 
-1.600000e+00 
-1.581000e+00 
-1.562000e+00 
-1.543000e+00 
-1.524000e+00 
-1.506000e+00 
-1.488000e+00 
-1.471000e+00 
-1.455000e+00 
-1.439000e+00 
-1.424000e+00 
-1.409000e+00 
-1.395000e+00 
-1.380000e+00 
-1.365000e+00 
-1.350000e+00 
-1.336000e+00 
-1.321000e+00 
-1.306000e+00 
-1.292000e+00 
-1.278000e+00 
-1.264000e+00 
-1.251000e+00 
-1.238000e+00 
-1.226000e+00 
-1.215000e+00 
-1.204000e+00 
-1.195000e+00 
-1.186000e+00 
-1.178000e+00 
-1.171000e+00 
-1.163000e+00 
-1.157000e+00 
-1.150000e+00 
-1.144000e+00 
-1.138000e+00 
-1.132000e+00 
-1.126000e+00 
-1.121000e+00 
-1.116000e+00 
-1.112000e+00 
-1.108000e+00 
-1.105000e+00 
-1.102000e+00 
-1.099000e+00 
-1.096000e+00 
-1.094000e+00 
-1.091000e+00 
-1.089000e+00 
-1.087000e+00 
-1.085000e+00 
-1.083000e+00 
-1.082000e+00 
-1.081000e+00 
-1.079000e+00 
-1.078000e+00 
-1.077000e+00 
-1.074000e+00 
-1.072000e+00 
-1.069000e+00 
-1.065000e+00 
-1.060000e+00 
-1.055000e+00 
-1.050000e+00 
-1.045000e+00 
-1.040000e+00 
-1.035000e+00 
-1.030000e+00 
-1.026000e+00 
-1.021000e+00 
-1.017000e+00 
-1.013000e+00 
-1.010000e+00 
-1.006000e+00 
-1.002000e+00 
-9.980000e-01 
-9.940000e-01 
-9.880000e-01 
-9.820000e-01 
-9.750000e-01 
-9.670000e-01 
-9.580000e-01 
-9.480000e-01 
-9.370000e-01 
-9.240000e-01 
-9.100000e-01 
-8.950000e-01 
-8.780000e-01 
-8.600000e-01 
-8.410000e-01 
-8.210000e-01 
-8.000000e-01 
-7.780000e-01 
-7.540000e-01 
-7.300000e-01 
-7.050000e-01 
-6.790000e-01 
-6.510000e-01 
-6.230000e-01 
-5.940000e-01 
-5.640000e-01 
-5.340000e-01 
-5.030000e-01 
-4.720000e-01 
-4.410000e-01 
-4.100000e-01 
-3.790000e-01 
-3.480000e-01 
-3.180000e-01 
-2.880000e-01 
-2.590000e-01 
-2.300000e-01 
-2.020000e-01 
-1.750000e-01 
-1.480000e-01 
-1.230000e-01 
-9.900000e-02 
-7.600000e-02 
-5.500000e-02 
-3.400000e-02 
-1.500000e-02 
2.000000e-03 
1.900000e-02 
3.300000e-02 
4.700000e-02 
5.900000e-02 
6.900000e-02 
7.800000e-02 
8.500000e-02 
9.100000e-02 
9.500000e-02 
9.700000e-02 
9.800000e-02 
9.800000e-02 
9.600000e-02 
9.300000e-02 
8.800000e-02 
8.200000e-02 
7.500000e-02 
6.700000e-02 
5.700000e-02 
4.700000e-02 
3.600000e-02 
2.400000e-02 
1.200000e-02 
0 
-1.200000e-02 
-2.400000e-02 
-3.600000e-02 
-4.800000e-02 
-6.000000e-02 
-7.100000e-02 
-8.200000e-02 
-9.200000e-02 
-1.010000e-01 
-1.100000e-01 
-1.170000e-01 
-1.240000e-01 
-1.290000e-01 
-1.320000e-01 
-1.350000e-01 
-1.350000e-01 
-1.350000e-01 
-1.330000e-01 
-1.300000e-01 
-1.260000e-01 
-1.200000e-01 
-1.130000e-01 
-1.050000e-01 
-9.600000e-02 
-8.600000e-02 
-7.400000e-02 
-6.100000e-02 
-4.600000e-02 
-3.000000e-02 
-1.200000e-02 
9.000000e-03 
3.100000e-02 
5.400000e-02 
8.000000e-02 
1.070000e-01 
1.360000e-01 
1.650000e-01 
1.950000e-01 
2.260000e-01 
2.570000e-01 
2.870000e-01 
3.180000e-01 
3.480000e-01 
3.790000e-01 
4.090000e-01 
4.390000e-01 
4.700000e-01 
5.000000e-01 
5.300000e-01 
5.600000e-01 
5.900000e-01 
6.200000e-01 
6.490000e-01 
6.780000e-01 
7.070000e-01 
7.350000e-01 
7.620000e-01 
7.890000e-01 
8.140000e-01 
8.390000e-01 
8.630000e-01 
8.860000e-01 
9.080000e-01 
9.290000e-01 
9.500000e-01 
9.700000e-01 
9.900000e-01 
1.010000e+00 
1.030000e+00 
1.049000e+00 
1.069000e+00 
1.088000e+00 
1.106000e+00 
1.125000e+00 
1.143000e+00 
1.160000e+00 
1.176000e+00 
1.192000e+00 
1.208000e+00 
1.222000e+00 
1.237000e+00 
1.250000e+00 
1.264000e+00 
1.276000e+00 
1.289000e+00 
1.302000e+00 
1.314000e+00 
1.327000e+00 
1.340000e+00 
1.353000e+00 
1.366000e+00 
1.380000e+00 
1.393000e+00 
1.407000e+00 
1.421000e+00 
1.434000e+00 
1.448000e+00 
1.461000e+00 
1.475000e+00 
1.488000e+00 
1.501000e+00 
1.514000e+00 
1.527000e+00 
1.540000e+00 
1.553000e+00 
1.566000e+00 
1.577000e+00 
1.589000e+00 
1.599000e+00 
1.609000e+00 
1.618000e+00 
1.625000e+00 
1.631000e+00 
1.636000e+00 
1.639000e+00 
1.640000e+00 
1.639000e+00 
1.636000e+00 
1.631000e+00 
1.625000e+00 
1.616000e+00 
1.606000e+00 
1.594000e+00 
1.580000e+00 
1.565000e+00 
1.549000e+00 
1.531000e+00 
1.513000e+00 
1.494000e+00 
1.474000e+00 
1.454000e+00 
1.434000e+00 
1.413000e+00 
1.392000e+00 
1.371000e+00 
1.350000e+00 
1.329000e+00 
1.308000e+00 
1.287000e+00 
1.267000e+00 
1.246000e+00 
1.226000e+00 
1.205000e+00 
1.185000e+00 
1.164000e+00 
1.144000e+00 
1.124000e+00 
1.104000e+00 
1.085000e+00 
1.066000e+00 
1.048000e+00 
1.031000e+00 
1.015000e+00 
1 
9.860000e-01 
9.720000e-01 
9.590000e-01 
9.460000e-01 
9.340000e-01 
9.220000e-01 
9.110000e-01 
8.990000e-01 
8.880000e-01 
8.760000e-01 
8.650000e-01 
8.530000e-01 
8.410000e-01 
8.280000e-01 
8.150000e-01 
8.010000e-01 
7.860000e-01 
7.710000e-01 
7.560000e-01 
7.390000e-01 
7.230000e-01 
7.060000e-01 
6.880000e-01 
6.710000e-01 
6.530000e-01 
6.340000e-01 
6.150000e-01 
5.950000e-01 
5.740000e-01 
5.530000e-01 
5.300000e-01 
5.080000e-01 
4.840000e-01 
4.610000e-01 
4.360000e-01 
4.120000e-01 
3.870000e-01 
3.620000e-01 
3.360000e-01 
3.110000e-01 
2.850000e-01 
2.590000e-01 
2.320000e-01 
2.060000e-01 
1.790000e-01 
1.530000e-01 
1.270000e-01 
1.010000e-01 
7.500000e-02 
5.100000e-02 
2.700000e-02 
4.000000e-03 
-1.800000e-02 
-3.900000e-02 
-5.900000e-02 
-7.800000e-02 
-9.500000e-02 
-1.110000e-01 
-1.260000e-01 
-1.390000e-01 
-1.510000e-01 
-1.620000e-01 
-1.720000e-01 
-1.810000e-01 
-1.890000e-01 
-1.960000e-01 
-2.020000e-01 
-2.070000e-01 
-2.110000e-01 
-2.140000e-01 
-2.160000e-01 
-2.170000e-01 
-2.170000e-01 
-2.160000e-01 
-2.140000e-01 
-2.110000e-01 
-2.080000e-01 
-2.050000e-01 
-2.010000e-01 
-1.970000e-01 
-1.940000e-01 
-1.900000e-01 
-1.870000e-01 
-1.840000e-01 
-1.810000e-01 
-1.790000e-01 
-1.770000e-01 
-1.760000e-01 
-1.770000e-01 
-1.780000e-01 
-1.800000e-01 
-1.830000e-01 
-1.870000e-01 
-1.920000e-01 
-1.980000e-01 
-2.040000e-01 
-2.110000e-01 
-2.190000e-01 
-2.270000e-01 
-2.360000e-01 
-2.450000e-01 
-2.550000e-01 
-2.650000e-01 
-2.760000e-01 
-2.870000e-01 
-2.980000e-01 
-3.100000e-01 
-3.210000e-01 
-3.320000e-01 
-3.430000e-01 
-3.540000e-01 
-3.650000e-01 
-3.740000e-01 
-3.830000e-01 
-3.920000e-01 
-3.990000e-01 
-4.050000e-01 
-4.110000e-01 
-4.150000e-01 
-4.180000e-01 
-4.200000e-01 
-4.210000e-01 
-4.210000e-01 
-4.210000e-01 
-4.190000e-01 
-4.170000e-01 
-4.140000e-01 
-4.100000e-01 
-4.060000e-01 
-4.010000e-01 
-3.950000e-01 
-3.880000e-01 
-3.800000e-01 
-3.710000e-01 
-3.610000e-01 
-3.500000e-01 
-3.380000e-01 
-3.240000e-01 
-3.100000e-01 
-2.940000e-01 
-2.780000e-01 
-2.610000e-01 
-2.430000e-01 
-2.250000e-01 
-2.070000e-01 
-1.890000e-01 
-1.710000e-01 
-1.530000e-01 
-1.350000e-01 
-1.170000e-01 
-1.010000e-01 
-8.400000e-02 
-6.900000e-02 
-5.400000e-02 
-4.000000e-02 
-2.600000e-02 
-1.400000e-02 
-1.000000e-03 
1.000000e-02 
2.200000e-02 
3.200000e-02 
4.200000e-02 
5.100000e-02 
5.900000e-02 
6.700000e-02 
7.400000e-02 
8.000000e-02 
8.500000e-02 
9.000000e-02 
9.400000e-02 
9.800000e-02 
1.020000e-01 
1.050000e-01 
1.080000e-01 
1.100000e-01 
1.130000e-01 
1.150000e-01 
1.180000e-01 
1.200000e-01 
1.230000e-01 
1.260000e-01 
1.290000e-01 
1.320000e-01 
1.360000e-01 
1.400000e-01 
1.440000e-01 
1.480000e-01 
1.520000e-01 
1.560000e-01 
1.600000e-01 
1.630000e-01 
1.670000e-01 
1.700000e-01 
1.730000e-01 
1.760000e-01 
1.780000e-01 
1.810000e-01 
1.830000e-01 
1.840000e-01 
1.860000e-01 
1.880000e-01 
1.890000e-01 
1.910000e-01 
1.920000e-01 
1.940000e-01 
1.960000e-01 
1.980000e-01 
2.010000e-01 
2.030000e-01 
2.050000e-01 
2.080000e-01 
2.100000e-01 
2.130000e-01 
2.150000e-01 
2.180000e-01 
2.200000e-01 
2.220000e-01 
2.240000e-01 
2.260000e-01 
2.280000e-01 
2.290000e-01 
2.300000e-01 
2.300000e-01 
2.300000e-01 
2.300000e-01 
2.290000e-01 
2.280000e-01 
2.270000e-01 
2.260000e-01 
2.250000e-01 
2.230000e-01 
2.210000e-01 
2.200000e-01 
2.190000e-01 
2.180000e-01 
2.170000e-01 
2.160000e-01 
2.160000e-01 
2.150000e-01 
2.150000e-01 
2.150000e-01 
2.150000e-01 
2.150000e-01 
2.160000e-01 
2.160000e-01 
2.160000e-01 
2.160000e-01 
2.160000e-01 
2.160000e-01 
2.150000e-01 
2.140000e-01 
2.120000e-01 
2.100000e-01 
2.070000e-01 
2.040000e-01 
2.000000e-01 
1.950000e-01 
1.890000e-01 
1.830000e-01 
1.760000e-01 
1.690000e-01 
1.610000e-01 
1.520000e-01 
1.430000e-01 
1.330000e-01 
1.230000e-01 
1.120000e-01 
1.000000e-01 
8.700000e-02 
7.500000e-02 
6.100000e-02 
4.700000e-02 
3.300000e-02 
1.800000e-02 
3.000000e-03 
-1.200000e-02 
-2.800000e-02 
-4.400000e-02 
-6.000000e-02 
-7.600000e-02 
-9.300000e-02 
-1.100000e-01 
-1.270000e-01 
-1.440000e-01 
-1.610000e-01 
-1.780000e-01 
-1.940000e-01 
-2.100000e-01 
-2.260000e-01 
-2.410000e-01 
-2.550000e-01 
-2.680000e-01 
-2.810000e-01 
-2.940000e-01 
-3.060000e-01 
-3.180000e-01 
-3.290000e-01 
-3.400000e-01 
-3.510000e-01 
-3.610000e-01 
-3.720000e-01 
-3.820000e-01 
-3.910000e-01 
-4.010000e-01 
-4.100000e-01 
-4.190000e-01 
-4.270000e-01 
-4.350000e-01 
-4.420000e-01 
-4.490000e-01 
-4.550000e-01 
-4.610000e-01 
-4.660000e-01 
-4.720000e-01 
-4.760000e-01 
-4.810000e-01 
-4.860000e-01 
-4.900000e-01 
-4.950000e-01 
-5.010000e-01 
-5.060000e-01 
-5.130000e-01 
-5.200000e-01 
-5.280000e-01 
-5.360000e-01 
-5.460000e-01 
-5.560000e-01 
-5.680000e-01 
-5.800000e-01 
-5.940000e-01 
-6.080000e-01 
-6.230000e-01 
-6.400000e-01 
-6.570000e-01 
-6.760000e-01 
-6.950000e-01 
-7.150000e-01 
-7.370000e-01 
-7.600000e-01 
-7.830000e-01 
-8.080000e-01 
-8.340000e-01 
-8.600000e-01 
-8.880000e-01 
-9.170000e-01 
-9.470000e-01 
-9.780000e-01 
-1.010000e+00 
-1.043000e+00 
-1.076000e+00 
-1.109000e+00 
-1.143000e+00 
-1.178000e+00 
-1.212000e+00 
-1.246000e+00 
-1.280000e+00 
-1.315000e+00 
-1.349000e+00 
-1.383000e+00 
-1.416000e+00 
-1.449000e+00 
-1.482000e+00 
-1.515000e+00 
-1.547000e+00 
-1.578000e+00 
-1.609000e+00 
-1.640000e+00 
-1.669000e+00 
-1.698000e+00 
-1.726000e+00 
-1.753000e+00 
-1.780000e+00 
-1.805000e+00 
-1.830000e+00 
-1.855000e+00 
-1.878000e+00 
-1.902000e+00 
-1.925000e+00 
-1.947000e+00 
-1.970000e+00 
-1.992000e+00 
-2.013000e+00 
-2.034000e+00 
-2.055000e+00 
-2.075000e+00 
-2.094000e+00 
-2.113000e+00 
-2.131000e+00 
-2.148000e+00 
-2.165000e+00 
-2.180000e+00 
-2.194000e+00 
-2.207000e+00 
-2.218000e+00 
-2.229000e+00 
-2.238000e+00 
-2.247000e+00 
-2.253000e+00 
-2.259000e+00 
-2.264000e+00 
-2.267000e+00 
-2.270000e+00 
-2.271000e+00 
-2.271000e+00 
-2.269000e+00 
-2.267000e+00 
-2.263000e+00 
-2.258000e+00 
-2.252000e+00 
-2.245000e+00 
-2.237000e+00 
-2.227000e+00 
-2.216000e+00 
-2.204000e+00 
-2.191000e+00 
-2.176000e+00 
-2.160000e+00 
-2.143000e+00 
-2.124000e+00 
-2.103000e+00 
-2.081000e+00 
-2.058000e+00 
-2.033000e+00 
-2.006000e+00 
-1.978000e+00 
-1.949000e+00 
-1.918000e+00 
-1.886000e+00 
-1.853000e+00 
-1.818000e+00 
-1.782000e+00 
-1.745000e+00 
-1.706000e+00 
-1.666000e+00 
-1.625000e+00 
-1.583000e+00 
-1.540000e+00 
-1.496000e+00 
-1.451000e+00 
-1.405000e+00 
-1.359000e+00 
-1.312000e+00 
-1.265000e+00 
-1.218000e+00 
-1.171000e+00 
-1.124000e+00 
-1.076000e+00 
-1.029000e+00 
-9.820000e-01 
-9.340000e-01 
-8.870000e-01 
-8.400000e-01 
-7.930000e-01 
-7.470000e-01 
-7.010000e-01 
-6.550000e-01 
-6.100000e-01 
-5.650000e-01 
-5.200000e-01 
-4.760000e-01 
-4.320000e-01 
-3.880000e-01 
-3.450000e-01 
-3.010000e-01 
-2.580000e-01 
-2.150000e-01 
-1.720000e-01 
-1.300000e-01 
-8.800000e-02 
-4.600000e-02 
-4.000000e-03 
3.700000e-02 
7.800000e-02 
1.190000e-01 
1.590000e-01 
1.990000e-01 
2.380000e-01 
2.780000e-01 
3.160000e-01 
3.550000e-01 
3.930000e-01 
4.300000e-01 
4.680000e-01 
5.040000e-01 
5.410000e-01 
5.770000e-01 
6.130000e-01 
6.480000e-01 
6.830000e-01 
7.170000e-01 
7.510000e-01 
7.840000e-01 
8.170000e-01 
8.490000e-01 
8.820000e-01 
9.140000e-01 
9.460000e-01 
9.780000e-01 
1.010000e+00 
1.041000e+00 
1.073000e+00 
1.105000e+00 
1.137000e+00 
1.168000e+00 
1.199000e+00 
1.230000e+00 
1.261000e+00 
1.292000e+00 
1.322000e+00 
1.352000e+00 
1.381000e+00 
1.410000e+00 
1.438000e+00 
1.465000e+00 
1.492000e+00 
1.519000e+00 
1.545000e+00 
1.570000e+00 
1.595000e+00 
1.619000e+00 
1.643000e+00 
1.666000e+00 
1.689000e+00 
1.712000e+00 
1.734000e+00 
1.755000e+00 
1.776000e+00 
1.796000e+00 
1.816000e+00 
1.836000e+00 
1.855000e+00 
1.873000e+00 
1.890000e+00 
1.908000e+00 
1.924000e+00 
1.940000e+00 
1.956000e+00 
1.971000e+00 
1.985000e+00 
1.998000e+00 
2.010000e+00 
2.022000e+00 
2.033000e+00 
2.043000e+00 
2.053000e+00 
2.062000e+00 
2.070000e+00 
2.078000e+00 
2.086000e+00 
2.092000e+00 
2.098000e+00 
2.104000e+00 
2.108000e+00 
2.112000e+00 
2.115000e+00 
2.117000e+00 
2.118000e+00 
2.118000e+00 
2.118000e+00 
2.116000e+00 
2.114000e+00 
2.110000e+00 
2.106000e+00 
2.101000e+00 
2.096000e+00 
2.089000e+00 
2.082000e+00 
2.075000e+00 
2.067000e+00 
2.058000e+00 
2.049000e+00 
2.039000e+00 
2.028000e+00 
2.017000e+00 
2.005000e+00 
1.991000e+00 
1.977000e+00 
1.962000e+00 
1.947000e+00 
1.931000e+00 
1.914000e+00 
1.898000e+00 
1.880000e+00 
1.862000e+00 
1.844000e+00 
1.825000e+00 
1.806000e+00 
1.787000e+00 
1.767000e+00 
1.747000e+00 
1.726000e+00 
1.705000e+00 
1.683000e+00 
1.661000e+00 
1.638000e+00 
1.616000e+00 
1.593000e+00 
1.570000e+00 
1.546000e+00 
1.523000e+00 
1.498000e+00 
1.474000e+00 
1.449000e+00 
1.424000e+00 
1.399000e+00 
1.375000e+00 
1.350000e+00 
1.325000e+00 
1.300000e+00 
1.275000e+00 
1.251000e+00 
1.226000e+00 
1.201000e+00 
1.176000e+00 
1.151000e+00 
1.127000e+00 
1.103000e+00 
1.080000e+00 
1.057000e+00 
1.034000e+00 
1.013000e+00 
9.920000e-01 
9.720000e-01 
9.530000e-01 
9.340000e-01 
9.150000e-01 
8.970000e-01 
8.790000e-01 
8.620000e-01 
8.450000e-01 
8.270000e-01 
8.100000e-01 
7.930000e-01 
7.750000e-01 
7.570000e-01 
7.380000e-01 
7.190000e-01 
7.010000e-01 
6.820000e-01 
6.630000e-01 
6.450000e-01 
6.270000e-01 
6.090000e-01 
5.920000e-01 
5.750000e-01 
5.590000e-01 
5.440000e-01 
5.280000e-01 
5.120000e-01 
4.970000e-01 
4.800000e-01 
4.630000e-01 
4.440000e-01 
4.250000e-01 
4.050000e-01 
3.840000e-01 
3.620000e-01 
3.390000e-01 
3.160000e-01 
2.920000e-01 
2.680000e-01 
2.430000e-01 
2.180000e-01 
1.920000e-01 
1.660000e-01 
1.400000e-01 
1.130000e-01 
8.700000e-02 
6.000000e-02 
3.300000e-02 
7.000000e-03 
-2.000000e-02 
-4.700000e-02 
-7.300000e-02 
-1.000000e-01 
-1.260000e-01 
-1.530000e-01 
-1.790000e-01 
-2.050000e-01 
-2.300000e-01 
-2.560000e-01 
-2.820000e-01 
-3.080000e-01 
-3.340000e-01 
-3.590000e-01 
-3.850000e-01 
-4.110000e-01 
-4.370000e-01 
-4.630000e-01 
-4.890000e-01 
-5.150000e-01 
-5.410000e-01 
-5.660000e-01 
-5.910000e-01 
-6.150000e-01 
-6.380000e-01 
-6.600000e-01 
-6.810000e-01 
-7.010000e-01 
-7.200000e-01 
-7.380000e-01 
-7.550000e-01 
-7.700000e-01 
-7.850000e-01 
-7.990000e-01 
-8.120000e-01 
-8.250000e-01 
-8.370000e-01 
-8.490000e-01 
-8.600000e-01 
-8.710000e-01 
-8.820000e-01 
-8.920000e-01 
-9.030000e-01 
-9.130000e-01 
-9.230000e-01 
-9.320000e-01 
-9.410000e-01 
-9.500000e-01 
-9.570000e-01 
-9.640000e-01 
-9.700000e-01 
-9.760000e-01 
-9.810000e-01 
-9.850000e-01 
-9.880000e-01 
-9.910000e-01 
-9.940000e-01 
-9.960000e-01 
-9.980000e-01 
-1 
-1.002000e+00 
-1.003000e+00 
-1.005000e+00 
-1.006000e+00 
-1.007000e+00 
-1.008000e+00 
-1.008000e+00 
-1.008000e+00 
-1.008000e+00 
-1.007000e+00 
-1.005000e+00 
-1.003000e+00 
-1 
-9.970000e-01 
-9.930000e-01 
-9.890000e-01 
-9.840000e-01 
-9.790000e-01 
-9.740000e-01 
-9.680000e-01 
-9.620000e-01 
-9.560000e-01 
-9.510000e-01 
-9.440000e-01 
-9.380000e-01 
-9.310000e-01 
-9.240000e-01 
-9.170000e-01 
-9.100000e-01 
-9.020000e-01 
-8.950000e-01 
-8.870000e-01 
-8.800000e-01 
-8.730000e-01 
-8.670000e-01 
-8.610000e-01 
-8.550000e-01 
-8.500000e-01 
-8.450000e-01 
-8.410000e-01 
-8.380000e-01 
-8.350000e-01 
-8.330000e-01 
-8.310000e-01 
-8.310000e-01 
-8.300000e-01 
-8.310000e-01 
-8.320000e-01 
-8.340000e-01 
-8.360000e-01 
-8.390000e-01 
-8.420000e-01 
-8.460000e-01 
-8.500000e-01 
-8.540000e-01 
-8.580000e-01 
-8.630000e-01 
-8.680000e-01 
-8.730000e-01 
-8.780000e-01 
-8.840000e-01 
-8.890000e-01 
-8.950000e-01 
-9.010000e-01 
-9.080000e-01 
-9.140000e-01 
-9.200000e-01 
-9.260000e-01 
-9.310000e-01 
-9.370000e-01 
-9.410000e-01 
-9.450000e-01 
-9.470000e-01 
-9.490000e-01 
-9.490000e-01 
-9.490000e-01 
-9.470000e-01 
-9.430000e-01 
-9.390000e-01 
-9.330000e-01 
-9.250000e-01 
-9.160000e-01 
-9.060000e-01 
-8.930000e-01 
-8.800000e-01 
-8.650000e-01 
-8.490000e-01 
-8.310000e-01 
-8.130000e-01 
-7.940000e-01 
-7.730000e-01 
-7.510000e-01 
-7.280000e-01 
-7.040000e-01 
-6.780000e-01 
-6.510000e-01 
-6.220000e-01 
-5.930000e-01 
-5.620000e-01 
-5.310000e-01 
-4.990000e-01 
-4.680000e-01 
-4.360000e-01 
-4.050000e-01 
-3.750000e-01 
-3.450000e-01 
-3.160000e-01 
-2.870000e-01 
-2.600000e-01 
-2.340000e-01 
-2.090000e-01 
-1.860000e-01 
-1.630000e-01 
-1.420000e-01 
-1.210000e-01 
-1.020000e-01 
-8.300000e-02 
-6.600000e-02 
-5.000000e-02 
-3.500000e-02 
-2.000000e-02 
-7.000000e-03 
6.000000e-03 
1.800000e-02 
2.900000e-02 
3.800000e-02 
4.700000e-02 
5.500000e-02 
6.100000e-02 
6.700000e-02 
7.200000e-02 
7.700000e-02 
8.200000e-02 
8.600000e-02 
8.900000e-02 
9.200000e-02 
9.500000e-02 
9.800000e-02 
1.000000e-01 
1.020000e-01 
1.040000e-01 
1.060000e-01 
1.080000e-01 
1.100000e-01 
1.130000e-01 
1.160000e-01 
1.200000e-01 
1.260000e-01 
1.320000e-01 
1.400000e-01 
1.480000e-01 
1.580000e-01 
1.690000e-01 
1.810000e-01 
1.930000e-01 
2.060000e-01 
2.190000e-01 
2.330000e-01 
2.480000e-01 
2.620000e-01 
2.770000e-01 
2.930000e-01 
3.090000e-01 
3.250000e-01 
3.410000e-01 
3.570000e-01 
3.740000e-01 
3.910000e-01 
4.070000e-01 
4.240000e-01 
4.410000e-01 
4.580000e-01 
4.750000e-01 
4.910000e-01 
5.080000e-01 
5.240000e-01 
5.400000e-01 
5.550000e-01 
5.700000e-01 
5.840000e-01 
5.960000e-01 
6.080000e-01 
6.180000e-01 
6.280000e-01 
6.360000e-01 
6.420000e-01 
6.470000e-01 
6.510000e-01 
6.540000e-01 
6.560000e-01 
6.560000e-01 
6.560000e-01 
6.540000e-01 
6.520000e-01 
6.480000e-01 
6.430000e-01 
6.370000e-01 
6.310000e-01 
6.240000e-01 
6.170000e-01 
6.080000e-01 
6.000000e-01 
5.910000e-01 
5.820000e-01 
5.730000e-01 
5.640000e-01 
5.560000e-01 
5.480000e-01 
5.410000e-01 
5.350000e-01 
5.290000e-01 
5.240000e-01 
5.200000e-01 
5.160000e-01 
5.140000e-01 
5.120000e-01 
5.100000e-01 
5.100000e-01 
5.100000e-01 
5.110000e-01 
5.130000e-01 
5.160000e-01 
5.190000e-01 
5.240000e-01 
5.290000e-01 
5.350000e-01 
5.430000e-01 
5.510000e-01 
5.610000e-01 
5.710000e-01 
5.820000e-01 
5.950000e-01 
6.090000e-01 
6.230000e-01 
6.380000e-01 
6.550000e-01 
6.720000e-01 
6.890000e-01 
7.070000e-01 
7.260000e-01 
7.440000e-01 
7.620000e-01 
7.800000e-01 
7.980000e-01 
8.150000e-01 
8.320000e-01 
8.480000e-01 
8.640000e-01 
8.790000e-01 
8.940000e-01 
9.090000e-01 
9.230000e-01 
9.360000e-01 
9.480000e-01 
9.610000e-01 
9.720000e-01 
9.830000e-01 
9.920000e-01 
1.001000e+00 
1.008000e+00 
1.015000e+00 
1.020000e+00 
1.024000e+00 
1.026000e+00 
1.028000e+00 
1.028000e+00 
1.028000e+00 
1.026000e+00 
1.024000e+00 
1.022000e+00 
1.018000e+00 
1.015000e+00 
1.010000e+00 
1.006000e+00 
1.002000e+00 
9.980000e-01 
9.940000e-01 
9.910000e-01 
9.880000e-01 
9.860000e-01 
9.840000e-01 
9.830000e-01 
9.820000e-01 
9.810000e-01 
9.810000e-01 
9.810000e-01 
9.820000e-01 
9.830000e-01 
9.850000e-01 
9.870000e-01 
9.890000e-01 
9.910000e-01 
9.940000e-01 
9.960000e-01 
9.980000e-01 
1 
1.001000e+00 
1.002000e+00 
1.003000e+00 
1.005000e+00 
1.006000e+00 
1.008000e+00 
1.011000e+00 
1.015000e+00 
1.019000e+00 
1.025000e+00 
1.030000e+00 
1.036000e+00 
1.042000e+00 
1.048000e+00 
1.054000e+00 
1.059000e+00 
1.065000e+00 
1.071000e+00 
1.076000e+00 
1.081000e+00 
1.085000e+00 
1.089000e+00 
1.091000e+00 
1.091000e+00 
1.090000e+00 
1.087000e+00 
1.083000e+00 
1.078000e+00 
1.071000e+00 
1.064000e+00 
1.056000e+00 
1.048000e+00 
1.038000e+00 
1.027000e+00 
1.015000e+00 
1.003000e+00 
9.900000e-01 
9.760000e-01 
9.610000e-01 
9.460000e-01 
9.300000e-01 
9.130000e-01 
8.950000e-01 
8.760000e-01 
8.550000e-01 
8.340000e-01 
8.110000e-01 
7.870000e-01 
7.620000e-01 
7.350000e-01 
7.080000e-01 
6.800000e-01 
6.520000e-01 
6.240000e-01 
5.960000e-01 
5.690000e-01 
5.410000e-01 
5.130000e-01 
4.860000e-01 
4.580000e-01 
4.310000e-01 
4.030000e-01 
3.750000e-01 
3.470000e-01 
3.190000e-01 
2.920000e-01 
2.650000e-01 
2.390000e-01 
2.130000e-01 
1.880000e-01 
1.640000e-01 
1.390000e-01 
1.150000e-01 
9.000000e-02 
6.400000e-02 
3.900000e-02 
1.300000e-02 
-1.400000e-02 
-4.100000e-02 
-6.800000e-02 
-9.500000e-02 
-1.220000e-01 
-1.480000e-01 
-1.730000e-01 
-1.970000e-01 
-2.210000e-01 
-2.430000e-01 
-2.660000e-01 
-2.880000e-01 
-3.100000e-01 
-3.320000e-01 
-3.530000e-01 
-3.740000e-01 
-3.950000e-01 
-4.150000e-01 
-4.350000e-01 
-4.540000e-01 
-4.740000e-01 
-4.930000e-01 
-5.130000e-01 
-5.330000e-01 
-5.530000e-01 
-5.740000e-01 
-5.950000e-01 
-6.160000e-01 
-6.370000e-01 
-6.590000e-01 
-6.800000e-01 
-7.010000e-01 
-7.210000e-01 
-7.420000e-01 
-7.620000e-01 
-7.830000e-01 
-8.040000e-01 
-8.240000e-01 
-8.450000e-01 
-8.650000e-01 
-8.850000e-01 
-9.050000e-01 
-9.240000e-01 
-9.420000e-01 
-9.600000e-01 
-9.770000e-01 
-9.940000e-01 
-1.012000e+00 
-1.029000e+00 
-1.047000e+00 
-1.065000e+00 
-1.084000e+00 
-1.104000e+00 
-1.123000e+00 
-1.143000e+00 
-1.163000e+00 
-1.183000e+00 
-1.202000e+00 
-1.222000e+00 
-1.242000e+00 
-1.262000e+00 
-1.282000e+00 
-1.302000e+00 
-1.322000e+00 
-1.343000e+00 
-1.363000e+00 
-1.383000e+00 
-1.403000e+00 
-1.423000e+00 
-1.443000e+00 
-1.462000e+00 
-1.482000e+00 
-1.501000e+00 
-1.520000e+00 
-1.539000e+00 
-1.559000e+00 
-1.579000e+00 
-1.599000e+00 
-1.618000e+00 
-1.638000e+00 
-1.657000e+00 
-1.677000e+00 
-1.696000e+00 
-1.714000e+00 
-1.732000e+00 
-1.750000e+00 
-1.766000e+00 
-1.782000e+00 
-1.796000e+00 
-1.809000e+00 
-1.821000e+00 
-1.831000e+00 
-1.840000e+00 
-1.848000e+00 
-1.855000e+00 
-1.859000e+00 
-1.863000e+00 
-1.866000e+00 
-1.867000e+00 
-1.867000e+00 
-1.867000e+00 
-1.865000e+00 
-1.863000e+00 
-1.860000e+00 
-1.856000e+00 
-1.851000e+00 
-1.845000e+00 
-1.838000e+00 
-1.831000e+00 
-1.822000e+00 
-1.812000e+00 
-1.802000e+00 
-1.790000e+00 
-1.778000e+00 
-1.765000e+00 
-1.751000e+00 
-1.737000e+00 
-1.723000e+00 
-1.708000e+00 
-1.693000e+00 
-1.678000e+00 
-1.662000e+00 
-1.646000e+00 
-1.630000e+00 
-1.613000e+00 
-1.597000e+00 
-1.581000e+00 
-1.565000e+00 
-1.550000e+00 
-1.535000e+00 
-1.521000e+00 
-1.507000e+00 
-1.494000e+00 
-1.481000e+00 
-1.469000e+00 
-1.458000e+00 
-1.447000e+00 
-1.436000e+00 
-1.426000e+00 
-1.416000e+00 
-1.405000e+00 
-1.395000e+00 
-1.385000e+00 
-1.375000e+00 
-1.366000e+00 
-1.357000e+00 
-1.347000e+00 
-1.338000e+00 
-1.330000e+00 
-1.321000e+00 
-1.312000e+00 
-1.304000e+00 
-1.295000e+00 
-1.287000e+00 
-1.279000e+00 
-1.272000e+00 
-1.265000e+00 
-1.259000e+00 
-1.253000e+00 
-1.247000e+00 
-1.242000e+00 
-1.238000e+00 
-1.233000e+00 
-1.229000e+00 
-1.225000e+00 
-1.221000e+00 
-1.217000e+00 
-1.212000e+00 
-1.208000e+00 
-1.203000e+00 
-1.198000e+00 
-1.193000e+00 
-1.187000e+00 
-1.181000e+00 
-1.175000e+00 
-1.168000e+00 
-1.161000e+00 
-1.153000e+00 
-1.145000e+00 
-1.136000e+00 
-1.128000e+00 
-1.118000e+00 
-1.109000e+00 
-1.099000e+00 
-1.089000e+00 
-1.078000e+00 
-1.067000e+00 
-1.056000e+00 
-1.043000e+00 
-1.031000e+00 
-1.017000e+00 
-1.004000e+00 
-9.900000e-01 
-9.750000e-01 
-9.600000e-01 
-9.450000e-01 
-9.280000e-01 
-9.110000e-01 
-8.930000e-01 
-8.740000e-01 
-8.540000e-01 
-8.340000e-01 
-8.130000e-01 
-7.910000e-01 
-7.690000e-01 
-7.470000e-01 
-7.230000e-01 
-6.990000e-01 
-6.740000e-01 
-6.480000e-01 
-6.220000e-01 
-5.950000e-01 
-5.670000e-01 
-5.390000e-01 
-5.100000e-01 
-4.810000e-01 
-4.520000e-01 
-4.220000e-01 
-3.930000e-01 
-3.630000e-01 
-3.330000e-01 
-3.020000e-01 
-2.710000e-01 
-2.400000e-01 
-2.080000e-01 
-1.760000e-01 
-1.440000e-01 
-1.110000e-01 
-7.800000e-02 
-4.500000e-02 
-1.300000e-02 
2.000000e-02 
5.200000e-02 
8.300000e-02 
1.140000e-01 
1.450000e-01 
1.760000e-01 
2.060000e-01 
2.360000e-01 
2.650000e-01 
2.930000e-01 
3.200000e-01 
3.470000e-01 
3.720000e-01 
3.960000e-01 
4.190000e-01 
4.410000e-01 
4.620000e-01 
4.820000e-01 
5.020000e-01 
5.200000e-01 
5.370000e-01 
5.540000e-01 
5.700000e-01 
5.850000e-01 
5.990000e-01 
6.120000e-01 
6.230000e-01 
6.350000e-01 
6.450000e-01 
6.540000e-01 
6.620000e-01 
6.690000e-01 
6.760000e-01 
6.810000e-01 
6.850000e-01 
6.880000e-01 
6.900000e-01 
6.910000e-01 
6.920000e-01 
6.920000e-01 
6.910000e-01 
6.900000e-01 
6.890000e-01 
6.880000e-01 
6.870000e-01 
6.860000e-01 
6.850000e-01 
6.840000e-01 
6.830000e-01 
6.820000e-01 
6.800000e-01 
6.780000e-01 
6.760000e-01 
6.740000e-01 
6.720000e-01 
6.700000e-01 
6.670000e-01 
6.650000e-01 
6.620000e-01 
6.590000e-01 
6.560000e-01 
6.530000e-01 
6.500000e-01 
6.460000e-01 
6.430000e-01 
6.400000e-01 
6.360000e-01 
6.330000e-01 
6.310000e-01 
6.280000e-01 
6.260000e-01 
6.240000e-01 
6.230000e-01 
6.210000e-01 
6.210000e-01 
6.200000e-01 
6.210000e-01 
6.210000e-01 
6.230000e-01 
6.240000e-01 
6.260000e-01 
6.290000e-01 
6.310000e-01 
6.340000e-01 
6.380000e-01 
6.410000e-01 
6.450000e-01 
6.490000e-01 
6.530000e-01 
6.570000e-01 
6.620000e-01 
6.670000e-01 
6.730000e-01 
6.790000e-01 
6.870000e-01 
6.950000e-01 
7.040000e-01 
7.140000e-01 
7.250000e-01 
7.380000e-01 
7.510000e-01 
7.650000e-01 
7.810000e-01 
7.970000e-01 
8.140000e-01 
8.320000e-01 
8.510000e-01 
8.700000e-01 
8.900000e-01 
9.110000e-01 
9.320000e-01 
9.530000e-01 
9.750000e-01 
9.970000e-01 
1.019000e+00 
1.042000e+00 
1.064000e+00 
1.086000e+00 
1.108000e+00 
1.129000e+00 
1.151000e+00 
1.172000e+00 
1.192000e+00 
1.212000e+00 
1.232000e+00 
1.250000e+00 
1.268000e+00 
1.285000e+00 
1.302000e+00 
1.318000e+00 
1.333000e+00 
1.348000e+00 
1.363000e+00 
1.377000e+00 
1.390000e+00 
1.403000e+00 
1.414000e+00 
1.426000e+00 
1.436000e+00 
1.445000e+00 
1.453000e+00 
1.459000e+00 
1.465000e+00 
1.469000e+00 
1.472000e+00 
1.474000e+00 
1.474000e+00 
1.473000e+00 
1.471000e+00 
1.468000e+00 
1.463000e+00 
1.458000e+00 
1.452000e+00 
1.445000e+00 
1.438000e+00 
1.431000e+00 
1.424000e+00 
1.416000e+00 
1.409000e+00 
1.402000e+00 
1.394000e+00 
1.387000e+00 
1.379000e+00 
1.371000e+00 
1.363000e+00 
1.355000e+00 
1.347000e+00 
1.339000e+00 
1.331000e+00 
1.324000e+00 
1.316000e+00 
1.309000e+00 
1.303000e+00 
1.297000e+00 
1.291000e+00 
1.285000e+00 
1.280000e+00 
1.275000e+00 
1.270000e+00 
1.266000e+00 
1.262000e+00 
1.258000e+00 
1.255000e+00 
1.252000e+00 
1.249000e+00 
1.246000e+00 
1.244000e+00 
1.242000e+00 
1.241000e+00 
1.240000e+00 
1.238000e+00 
1.237000e+00 
1.236000e+00 
1.235000e+00 
1.233000e+00 
1.231000e+00 
1.229000e+00 
1.226000e+00 
1.222000e+00 
1.218000e+00 
1.212000e+00 
1.206000e+00 
1.199000e+00 
1.191000e+00 
1.182000e+00 
1.173000e+00 
1.163000e+00 
1.153000e+00 
1.143000e+00 
1.132000e+00 
1.122000e+00 
1.111000e+00 
1.099000e+00 
1.088000e+00 
1.076000e+00 
1.064000e+00 
1.052000e+00 
1.039000e+00 
1.026000e+00 
1.013000e+00 
1 
9.870000e-01 
9.730000e-01 
9.600000e-01 
9.460000e-01 
9.330000e-01 
9.190000e-01 
9.070000e-01 
8.940000e-01 
8.820000e-01 
8.710000e-01 
8.600000e-01 
8.500000e-01 
8.410000e-01 
8.320000e-01 
8.250000e-01 
8.180000e-01 
8.120000e-01 
8.080000e-01 
8.040000e-01 
8.010000e-01 
7.990000e-01 
7.970000e-01 
7.960000e-01 
7.950000e-01 
7.950000e-01 
7.950000e-01 
7.950000e-01 
7.950000e-01 
7.960000e-01 
7.970000e-01 
7.990000e-01 
8.000000e-01 
8.020000e-01 
8.030000e-01 
8.050000e-01 
8.070000e-01 
8.080000e-01 
8.100000e-01 
8.110000e-01 
8.120000e-01 
8.130000e-01 
8.130000e-01 
8.140000e-01 
8.130000e-01 
8.120000e-01 
8.100000e-01 
8.070000e-01 
8.040000e-01 
7.990000e-01 
7.930000e-01 
7.860000e-01 
7.780000e-01 
7.680000e-01 
7.580000e-01 
7.460000e-01 
7.330000e-01 
7.190000e-01 
7.040000e-01 
6.880000e-01 
6.710000e-01 
6.530000e-01 
6.340000e-01 
6.140000e-01 
5.930000e-01 
5.720000e-01 
5.500000e-01 
5.280000e-01 
5.060000e-01 
4.820000e-01 
4.590000e-01 
4.350000e-01 
4.100000e-01 
3.850000e-01 
3.600000e-01 
3.340000e-01 
3.080000e-01 
2.820000e-01 
2.560000e-01 
2.290000e-01 
2.030000e-01 
1.760000e-01 
1.490000e-01 
1.230000e-01 
9.700000e-02 
7.200000e-02 
4.700000e-02 
2.400000e-02 
1.000000e-03 
-2.200000e-02 
-4.300000e-02 
-6.200000e-02 
-8.100000e-02 
-9.800000e-02 
-1.150000e-01 
-1.300000e-01 
-1.440000e-01 
-1.570000e-01 
-1.700000e-01 
-1.820000e-01 
-1.930000e-01 
-2.030000e-01 
-2.130000e-01 
-2.220000e-01 
-2.310000e-01 
-2.390000e-01 
-2.460000e-01 
-2.540000e-01 
-2.600000e-01 
-2.670000e-01 
-2.730000e-01 
-2.790000e-01 
-2.850000e-01 
-2.900000e-01 
-2.950000e-01 
-2.990000e-01 
-3.030000e-01 
-3.070000e-01 
-3.100000e-01 
-3.120000e-01 
-3.150000e-01 
-3.170000e-01 
-3.200000e-01 
-3.220000e-01 
-3.250000e-01 
-3.280000e-01 
-3.310000e-01 
-3.350000e-01 
-3.380000e-01 
-3.430000e-01 
-3.480000e-01 
-3.530000e-01 
-3.590000e-01 
-3.650000e-01 
-3.720000e-01 
-3.800000e-01 
-3.880000e-01 
-3.970000e-01 
-4.070000e-01 
-4.160000e-01 
-4.260000e-01 
-4.370000e-01 
-4.480000e-01 
-4.590000e-01 
-4.710000e-01 
-4.830000e-01 
-4.950000e-01 
-5.070000e-01 
-5.190000e-01 
-5.310000e-01 
-5.430000e-01 
-5.550000e-01 
-5.670000e-01 
-5.780000e-01 
-5.890000e-01 
-6.000000e-01 
-6.110000e-01 
-6.220000e-01 
-6.330000e-01 
-6.430000e-01 
-6.540000e-01 
-6.650000e-01 
-6.760000e-01 
-6.870000e-01 
-6.970000e-01 
-7.080000e-01 
-7.180000e-01 
-7.280000e-01 
-7.380000e-01 
-7.480000e-01 
-7.570000e-01 
-7.660000e-01 
-7.740000e-01 
-7.830000e-01 
-7.910000e-01 
-7.980000e-01 
-8.060000e-01 
-8.130000e-01 
-8.210000e-01 
-8.290000e-01 
-8.370000e-01 
-8.450000e-01 
-8.540000e-01 
-8.640000e-01 
-8.740000e-01 
-8.840000e-01 
-8.950000e-01 
-9.060000e-01 
-9.180000e-01 
-9.300000e-01 
-9.430000e-01 
-9.560000e-01 
-9.700000e-01 
-9.840000e-01 
-9.980000e-01 
-1.013000e+00 
-1.028000e+00 
-1.044000e+00 
-1.061000e+00 
-1.077000e+00 
-1.094000e+00 
-1.112000e+00 
-1.130000e+00 
-1.148000e+00 
-1.165000e+00 
-1.183000e+00 
-1.202000e+00 
-1.220000e+00 
-1.238000e+00 
-1.256000e+00 
-1.274000e+00 
-1.292000e+00 
-1.309000e+00 
-1.326000e+00 
-1.343000e+00 
-1.360000e+00 
-1.375000e+00 
-1.391000e+00 
-1.406000e+00 
-1.421000e+00 
-1.435000e+00 
-1.449000e+00 
-1.462000e+00 
-1.475000e+00 
-1.488000e+00 
-1.499000e+00 
-1.510000e+00 
-1.521000e+00 
-1.531000e+00 
-1.539000e+00 
-1.548000e+00 
-1.555000e+00 
-1.561000e+00 
-1.567000e+00 
-1.572000e+00 
-1.577000e+00 
-1.580000e+00 
-1.583000e+00 
-1.586000e+00 
-1.587000e+00 
-1.589000e+00 
-1.589000e+00 
-1.590000e+00 
-1.589000e+00 
-1.589000e+00 
-1.588000e+00 
-1.587000e+00 
-1.585000e+00 
-1.583000e+00 
-1.581000e+00 
-1.578000e+00 
-1.575000e+00 
-1.572000e+00 
-1.568000e+00 
-1.565000e+00 
-1.561000e+00 
-1.558000e+00 
-1.555000e+00 
-1.552000e+00 
-1.549000e+00 
-1.546000e+00 
-1.544000e+00 
-1.541000e+00 
-1.539000e+00 
-1.537000e+00 
-1.535000e+00 
-1.534000e+00 
-1.532000e+00 
-1.531000e+00 
-1.529000e+00 
-1.528000e+00 
-1.527000e+00 
-1.526000e+00 
-1.524000e+00 
-1.523000e+00 
-1.521000e+00 
-1.519000e+00 
-1.517000e+00 
-1.515000e+00 
-1.512000e+00 
-1.509000e+00 
-1.505000e+00 
-1.501000e+00 
-1.496000e+00 
-1.491000e+00 
-1.485000e+00 
-1.478000e+00 
-1.471000e+00 
-1.463000e+00 
-1.454000e+00 
-1.444000e+00 
-1.434000e+00 
-1.423000e+00 
-1.411000e+00 
-1.399000e+00 
-1.385000e+00 
-1.371000e+00 
-1.356000e+00 
-1.339000e+00 
-1.322000e+00 
-1.304000e+00 
-1.285000e+00 
-1.266000e+00 
-1.246000e+00 
-1.225000e+00 
-1.204000e+00 
-1.182000e+00 
-1.160000e+00 
-1.138000e+00 
-1.115000e+00 
-1.092000e+00 
-1.068000e+00 
-1.043000e+00 
-1.019000e+00 
-9.940000e-01 
-9.690000e-01 
-9.440000e-01 
-9.180000e-01 
-8.930000e-01 
-8.680000e-01 
-8.430000e-01 
-8.180000e-01 
-7.930000e-01 
-7.690000e-01 
-7.450000e-01 
-7.220000e-01 
-6.990000e-01 
-6.760000e-01 
-6.540000e-01 
-6.320000e-01 
-6.100000e-01 
-5.890000e-01 
-5.680000e-01 
-5.470000e-01 
-5.260000e-01 
-5.060000e-01 
-4.860000e-01 
-4.660000e-01 
-4.460000e-01 
-4.260000e-01 
-4.070000e-01 
-3.880000e-01 
-3.690000e-01 
-3.510000e-01 
-3.320000e-01 
-3.140000e-01 
-2.960000e-01 
-2.790000e-01 
-2.610000e-01 
-2.430000e-01 
-2.250000e-01 
-2.070000e-01 
-1.890000e-01 
-1.700000e-01 
-1.510000e-01 
-1.310000e-01 
-1.110000e-01 
-9.100000e-02 
-7.100000e-02 
-4.900000e-02 
-2.800000e-02 
-7.000000e-03 
1.500000e-02 
3.700000e-02 
5.900000e-02 
8.100000e-02 
1.040000e-01 
1.260000e-01 
1.490000e-01 
1.720000e-01 
1.960000e-01 
2.190000e-01 
2.430000e-01 
2.660000e-01 
2.900000e-01 
3.130000e-01 
3.370000e-01 
3.610000e-01 
3.840000e-01 
4.080000e-01 
4.310000e-01 
4.540000e-01 
4.770000e-01 
4.990000e-01 
5.210000e-01 
5.430000e-01 
5.650000e-01 
5.860000e-01 
6.070000e-01 
6.270000e-01 
6.470000e-01 
6.660000e-01 
6.850000e-01 
7.030000e-01 
7.210000e-01 
7.380000e-01 
7.550000e-01 
7.710000e-01 
7.860000e-01 
8.010000e-01 
8.160000e-01 
8.310000e-01 
8.450000e-01 
8.590000e-01 
8.720000e-01 
8.860000e-01 
9.000000e-01 
9.140000e-01 
9.280000e-01 
9.420000e-01 
9.550000e-01 
9.680000e-01 
9.810000e-01 
9.940000e-01 
1.006000e+00 
1.018000e+00 
1.030000e+00 
1.041000e+00 
1.053000e+00 
1.065000e+00 
1.077000e+00 
1.091000e+00 
1.105000e+00 
1.120000e+00 
1.136000e+00 
1.153000e+00 
1.171000e+00 
1.189000e+00 
1.208000e+00 
1.227000e+00 
1.246000e+00 
1.265000e+00 
1.284000e+00 
1.303000e+00 
1.321000e+00 
1.340000e+00 
1.359000e+00 
1.378000e+00 
1.397000e+00 
1.416000e+00 
1.436000e+00 
1.456000e+00 
1.476000e+00 
1.496000e+00 
1.517000e+00 
1.538000e+00 
1.559000e+00 
1.580000e+00 
1.600000e+00 
1.620000e+00 
1.640000e+00 
1.659000e+00 
1.678000e+00 
1.696000e+00 
1.714000e+00 
1.731000e+00 
1.748000e+00 
1.765000e+00 
1.782000e+00 
1.798000e+00 
1.814000e+00 
1.830000e+00 
1.845000e+00 
1.860000e+00 
1.874000e+00 
1.887000e+00 
1.899000e+00 
1.911000e+00 
1.921000e+00 
1.931000e+00 
1.939000e+00 
1.946000e+00 
1.952000e+00 
1.957000e+00 
1.961000e+00 
1.964000e+00 
1.966000e+00 
1.967000e+00 
1.968000e+00 
1.967000e+00 
1.965000e+00 
1.963000e+00 
1.960000e+00 
1.955000e+00 
1.950000e+00 
1.944000e+00 
1.937000e+00 
1.929000e+00 
1.920000e+00 
1.910000e+00 
1.899000e+00 
1.887000e+00 
1.874000e+00 
1.860000e+00 
1.845000e+00 
1.829000e+00 
1.813000e+00 
1.795000e+00 
1.777000e+00 
1.758000e+00 
1.739000e+00 
1.719000e+00 
1.699000e+00 
1.678000e+00 
1.656000e+00 
1.635000e+00 
1.612000e+00 
1.589000e+00 
1.566000e+00 
1.542000e+00 
1.518000e+00 
1.493000e+00 
1.467000e+00 
1.441000e+00 
1.415000e+00 
1.389000e+00 
1.362000e+00 
1.335000e+00 
1.308000e+00 
1.280000e+00 
1.252000e+00 
1.224000e+00 
1.196000e+00 
1.167000e+00 
1.139000e+00 
1.110000e+00 
1.081000e+00 
1.052000e+00 
1.023000e+00 
9.930000e-01 
9.630000e-01 
9.330000e-01 
9.020000e-01 
8.710000e-01 
8.400000e-01 
8.080000e-01 
7.760000e-01 
7.440000e-01 
7.110000e-01 
6.780000e-01 
6.440000e-01 
6.110000e-01 
5.760000e-01 
5.420000e-01 
5.070000e-01 
4.710000e-01 
4.350000e-01 
3.990000e-01 
3.630000e-01 
3.260000e-01 
2.900000e-01 
2.530000e-01 
2.160000e-01 
1.800000e-01 
1.430000e-01 
1.070000e-01 
7.100000e-02 
3.500000e-02 
-1.000000e-03 
-3.600000e-02 
-7.100000e-02 
-1.060000e-01 
-1.410000e-01 
-1.760000e-01 
-2.100000e-01 
-2.440000e-01 
-2.770000e-01 
-3.110000e-01 
-3.430000e-01 
-3.760000e-01 
-4.070000e-01 
-4.380000e-01 
-4.680000e-01 
-4.980000e-01 
-5.270000e-01 
-5.550000e-01 
-5.820000e-01 
-6.080000e-01 
-6.330000e-01 
-6.580000e-01 
-6.810000e-01 
-7.030000e-01 
-7.250000e-01 
-7.460000e-01 
-7.660000e-01 
-7.850000e-01 
-8.030000e-01 
-8.210000e-01 
-8.380000e-01 
-8.550000e-01 
-8.710000e-01 
-8.860000e-01 
-9.000000e-01 
-9.150000e-01 
-9.280000e-01 
-9.410000e-01 
-9.540000e-01 
-9.660000e-01 
-9.780000e-01 
-9.900000e-01 
-1.001000e+00 
-1.012000e+00 
-1.024000e+00 
-1.035000e+00 
-1.047000e+00 
-1.058000e+00 
-1.070000e+00 
-1.082000e+00 
-1.095000e+00 
-1.108000e+00 
-1.121000e+00 
-1.134000e+00 
-1.148000e+00 
-1.161000e+00 
-1.175000e+00 
-1.189000e+00 
-1.203000e+00 
-1.217000e+00 
-1.232000e+00 
-1.246000e+00 
-1.261000e+00 
-1.276000e+00 
-1.292000e+00 
-1.307000e+00 
-1.322000e+00 
-1.338000e+00 
-1.353000e+00 
-1.368000e+00 
-1.383000e+00 
-1.397000e+00 
-1.411000e+00 
-1.424000e+00 
-1.437000e+00 
-1.449000e+00 
-1.460000e+00 
-1.470000e+00 
-1.479000e+00 
-1.487000e+00 
-1.495000e+00 
-1.502000e+00 
-1.508000e+00 
-1.514000e+00 
-1.519000e+00 
-1.524000e+00 
-1.528000e+00 
-1.531000e+00 
-1.534000e+00 
-1.536000e+00 
-1.537000e+00 
-1.537000e+00 
-1.537000e+00 
-1.535000e+00 
-1.533000e+00 
-1.530000e+00 
-1.526000e+00 
-1.521000e+00 
-1.516000e+00 
-1.510000e+00 
-1.503000e+00 
-1.496000e+00 
-1.488000e+00 
-1.480000e+00 
-1.472000e+00 
-1.464000e+00 
-1.455000e+00 
-1.446000e+00 
-1.438000e+00 
-1.429000e+00 
-1.420000e+00 
-1.411000e+00 
-1.402000e+00 
-1.393000e+00 
-1.383000e+00 
-1.373000e+00 
-1.362000e+00 
-1.351000e+00 
-1.340000e+00 
-1.327000e+00 
-1.314000e+00 
-1.301000e+00 
-1.286000e+00 
-1.271000e+00 
-1.255000e+00 
-1.239000e+00 
-1.222000e+00 
-1.204000e+00 
-1.185000e+00 
-1.166000e+00 
-1.147000e+00 
-1.127000e+00 
-1.106000e+00 
-1.085000e+00 
-1.063000e+00 
-1.041000e+00 
-1.018000e+00 
-9.950000e-01 
-9.710000e-01 
-9.470000e-01 
-9.220000e-01 
-8.960000e-01 
-8.700000e-01 
-8.440000e-01 
-8.170000e-01 
-7.890000e-01 
-7.620000e-01 
-7.330000e-01 
-7.050000e-01 
-6.760000e-01 
-6.460000e-01 
-6.170000e-01 
-5.860000e-01 
-5.560000e-01 
-5.260000e-01 
-4.950000e-01 
-4.640000e-01 
-4.340000e-01 
-4.030000e-01 
-3.730000e-01 
-3.430000e-01 
-3.140000e-01 
-2.860000e-01 
-2.580000e-01 
-2.310000e-01 
-2.050000e-01 
-1.790000e-01 
-1.550000e-01 
-1.310000e-01 
-1.090000e-01 
-8.800000e-02 
-6.800000e-02 
-4.900000e-02 
-3.000000e-02 
-1.300000e-02 
3.000000e-03 
1.800000e-02 
3.300000e-02 
4.600000e-02 
5.900000e-02 
7.100000e-02 
8.100000e-02 
9.100000e-02 
1.000000e-01 
1.080000e-01 
1.140000e-01 
1.200000e-01 
1.260000e-01 
1.300000e-01 
1.340000e-01 
1.380000e-01 
1.410000e-01 
1.440000e-01 
1.470000e-01 
1.490000e-01 
1.520000e-01 
1.540000e-01 
1.560000e-01 
1.590000e-01 
1.610000e-01 
1.640000e-01 
1.660000e-01 
1.690000e-01 
1.720000e-01 
1.760000e-01 
1.790000e-01 
1.830000e-01 
1.860000e-01 
1.900000e-01 
1.940000e-01 
1.990000e-01 
2.040000e-01 
2.090000e-01 
2.140000e-01 
2.200000e-01 
2.270000e-01 
2.330000e-01 
2.390000e-01 
2.450000e-01 
2.520000e-01 
2.580000e-01 
2.640000e-01 
2.690000e-01 
2.750000e-01 
2.800000e-01 
2.850000e-01 
2.890000e-01 
2.940000e-01 
2.980000e-01 
3.020000e-01 
3.060000e-01 
3.090000e-01 
3.120000e-01 
3.140000e-01 
3.160000e-01 
3.180000e-01 
3.190000e-01 
3.200000e-01 
3.210000e-01 
3.210000e-01 
3.210000e-01 
3.200000e-01 
3.190000e-01 
3.170000e-01 
3.150000e-01 
