1 
1.000000e-02 
9.000000e-03 
-1.000000e-03 
-1.200000e-02 
-2.200000e-02 
-3.300000e-02 
-4.400000e-02 
-5.500000e-02 
-6.700000e-02 
-7.800000e-02 
-8.900000e-02 
-9.900000e-02 
-1.100000e-01 
-1.210000e-01 
-1.310000e-01 
-1.420000e-01 
-1.530000e-01 
-1.640000e-01 
-1.750000e-01 
-1.860000e-01 
-1.980000e-01 
-2.090000e-01 
-2.210000e-01 
-2.320000e-01 
-2.430000e-01 
-2.540000e-01 
-2.650000e-01 
-2.750000e-01 
-2.860000e-01 
-2.960000e-01 
-3.070000e-01 
-3.170000e-01 
-3.280000e-01 
-3.380000e-01 
-3.480000e-01 
-3.580000e-01 
-3.680000e-01 
-3.780000e-01 
-3.880000e-01 
-3.980000e-01 
-4.080000e-01 
-4.170000e-01 
-4.260000e-01 
-4.360000e-01 
-4.450000e-01 
-4.540000e-01 
-4.640000e-01 
-4.730000e-01 
-4.830000e-01 
-4.920000e-01 
-5.020000e-01 
-5.110000e-01 
-5.200000e-01 
-5.300000e-01 
-5.400000e-01 
-5.500000e-01 
-5.610000e-01 
-5.720000e-01 
-5.820000e-01 
-5.920000e-01 
-6.020000e-01 
-6.120000e-01 
-6.210000e-01 
-6.300000e-01 
-6.390000e-01 
-6.480000e-01 
-6.570000e-01 
-6.670000e-01 
-6.770000e-01 
-6.860000e-01 
-6.960000e-01 
-7.050000e-01 
-7.150000e-01 
-7.240000e-01 
-7.320000e-01 
-7.410000e-01 
-7.490000e-01 
-7.580000e-01 
-7.660000e-01 
-7.750000e-01 
-7.830000e-01 
-7.910000e-01 
-7.990000e-01 
-8.080000e-01 
-8.150000e-01 
-8.230000e-01 
-8.300000e-01 
-8.370000e-01 
-8.440000e-01 
-8.500000e-01 
-8.570000e-01 
-8.630000e-01 
-8.700000e-01 
-8.770000e-01 
-8.830000e-01 
-8.900000e-01 
-8.960000e-01 
-9.020000e-01 
-9.080000e-01 
-9.140000e-01 
-9.190000e-01 
-9.250000e-01 
-9.310000e-01 
-9.360000e-01 
-9.420000e-01 
-9.490000e-01 
-9.550000e-01 
-9.610000e-01 
-9.680000e-01 
-9.750000e-01 
-9.810000e-01 
-9.870000e-01 
-9.930000e-01 
-9.980000e-01 
-1.004000e+00 
-1.010000e+00 
-1.016000e+00 
-1.022000e+00 
-1.028000e+00 
-1.034000e+00 
-1.039000e+00 
-1.043000e+00 
-1.047000e+00 
-1.051000e+00 
-1.054000e+00 
-1.057000e+00 
-1.060000e+00 
-1.063000e+00 
-1.066000e+00 
-1.070000e+00 
-1.074000e+00 
-1.078000e+00 
-1.081000e+00 
-1.084000e+00 
-1.086000e+00 
-1.088000e+00 
-1.089000e+00 
-1.090000e+00 
-1.092000e+00 
-1.093000e+00 
-1.095000e+00 
-1.097000e+00 
-1.099000e+00 
-1.101000e+00 
-1.103000e+00 
-1.104000e+00 
-1.105000e+00 
-1.106000e+00 
-1.106000e+00 
-1.105000e+00 
-1.105000e+00 
-1.104000e+00 
-1.103000e+00 
-1.102000e+00 
-1.101000e+00 
-1.100000e+00 
-1.099000e+00 
-1.097000e+00 
-1.096000e+00 
-1.095000e+00 
-1.093000e+00 
-1.092000e+00 
-1.091000e+00 
-1.090000e+00 
-1.089000e+00 
-1.088000e+00 
-1.086000e+00 
-1.083000e+00 
-1.080000e+00 
-1.077000e+00 
-1.073000e+00 
-1.069000e+00 
-1.066000e+00 
-1.063000e+00 
-1.061000e+00 
-1.059000e+00 
-1.058000e+00 
-1.057000e+00 
-1.056000e+00 
-1.055000e+00 
-1.053000e+00 
-1.051000e+00 
-1.047000e+00 
-1.044000e+00 
-1.040000e+00 
-1.036000e+00 
-1.033000e+00 
-1.030000e+00 
-1.028000e+00 
-1.025000e+00 
-1.022000e+00 
-1.019000e+00 
-1.015000e+00 
-1.010000e+00 
-1.005000e+00 
-9.990000e-01 
-9.920000e-01 
-9.850000e-01 
-9.780000e-01 
-9.710000e-01 
-9.640000e-01 
-9.570000e-01 
-9.510000e-01 
-9.430000e-01 
-9.360000e-01 
-9.280000e-01 
-9.200000e-01 
-9.110000e-01 
-9.020000e-01 
-8.920000e-01 
-8.830000e-01 
-8.730000e-01 
-8.630000e-01 
-8.520000e-01 
-8.410000e-01 
-8.290000e-01 
-8.160000e-01 
-8.030000e-01 
-7.900000e-01 
-7.770000e-01 
-7.640000e-01 
-7.510000e-01 
-7.390000e-01 
-7.270000e-01 
-7.150000e-01 
-7.030000e-01 
-6.900000e-01 
-6.780000e-01 
-6.650000e-01 
-6.520000e-01 
-6.400000e-01 
-6.290000e-01 
-6.210000e-01 
-6.130000e-01 
-6.080000e-01 
-6.030000e-01 
-5.990000e-01 
-5.960000e-01 
-5.920000e-01 
-5.880000e-01 
-5.830000e-01 
-5.770000e-01 
-5.710000e-01 
-5.650000e-01 
-5.590000e-01 
-5.540000e-01 
-5.490000e-01 
-5.450000e-01 
-5.400000e-01 
-5.350000e-01 
-5.270000e-01 
-5.180000e-01 
-5.070000e-01 
-4.920000e-01 
-4.750000e-01 
-4.560000e-01 
-4.340000e-01 
-4.110000e-01 
-3.870000e-01 
-3.620000e-01 
-3.360000e-01 
-3.090000e-01 
-2.800000e-01 
-2.500000e-01 
-2.170000e-01 
-1.830000e-01 
-1.470000e-01 
-1.100000e-01 
-7.200000e-02 
-3.400000e-02 
4.000000e-03 
4.100000e-02 
7.700000e-02 
1.120000e-01 
1.460000e-01 
1.790000e-01 
2.110000e-01 
2.430000e-01 
2.730000e-01 
3.010000e-01 
3.280000e-01 
3.520000e-01 
3.750000e-01 
3.950000e-01 
4.140000e-01 
4.310000e-01 
4.470000e-01 
4.610000e-01 
4.740000e-01 
4.840000e-01 
4.930000e-01 
5.020000e-01 
5.090000e-01 
5.150000e-01 
5.220000e-01 
5.290000e-01 
5.350000e-01 
5.430000e-01 
5.520000e-01 
5.630000e-01 
5.750000e-01 
5.900000e-01 
6.060000e-01 
6.250000e-01 
6.450000e-01 
6.670000e-01 
6.910000e-01 
7.180000e-01 
7.470000e-01 
7.780000e-01 
8.120000e-01 
8.490000e-01 
8.880000e-01 
9.300000e-01 
9.740000e-01 
1.020000e+00 
1.068000e+00 
1.118000e+00 
1.168000e+00 
1.219000e+00 
1.269000e+00 
1.319000e+00 
1.369000e+00 
1.418000e+00 
1.466000e+00 
1.514000e+00 
1.561000e+00 
1.605000e+00 
1.648000e+00 
1.688000e+00 
1.725000e+00 
1.759000e+00 
1.791000e+00 
1.821000e+00 
1.849000e+00 
1.875000e+00 
1.901000e+00 
1.926000e+00 
1.952000e+00 
1.977000e+00 
2.002000e+00 
2.027000e+00 
2.050000e+00 
2.073000e+00 
2.096000e+00 
2.119000e+00 
2.143000e+00 
2.169000e+00 
2.198000e+00 
2.229000e+00 
2.263000e+00 
2.300000e+00 
2.339000e+00 
2.381000e+00 
2.423000e+00 
2.466000e+00 
2.510000e+00 
2.556000e+00 
2.602000e+00 
2.649000e+00 
2.698000e+00 
2.748000e+00 
2.799000e+00 
2.851000e+00 
2.904000e+00 
2.956000e+00 
3.007000e+00 
3.055000e+00 
3.099000e+00 
3.140000e+00 
3.177000e+00 
3.211000e+00 
3.243000e+00 
3.272000e+00 
3.299000e+00 
3.324000e+00 
3.348000e+00 
3.371000e+00 
3.392000e+00 
3.412000e+00 
3.430000e+00 
3.445000e+00 
3.457000e+00 
3.467000e+00 
3.477000e+00 
3.487000e+00 
3.499000e+00 
3.512000e+00 
3.527000e+00 
3.545000e+00 
3.565000e+00 
3.589000e+00 
3.616000e+00 
3.646000e+00 
3.679000e+00 
3.715000e+00 
3.754000e+00 
3.795000e+00 
3.840000e+00 
3.887000e+00 
3.937000e+00 
3.989000e+00 
4.043000e+00 
4.097000e+00 
4.152000e+00 
4.207000e+00 
4.260000e+00 
4.312000e+00 
4.362000e+00 
4.411000e+00 
4.459000e+00 
4.508000e+00 
4.555000e+00 
4.601000e+00 
4.645000e+00 
4.688000e+00 
4.727000e+00 
4.763000e+00 
4.796000e+00 
4.825000e+00 
4.853000e+00 
4.878000e+00 
4.902000e+00 
4.925000e+00 
4.947000e+00 
4.968000e+00 
4.987000e+00 
5.004000e+00 
5.020000e+00 
5.032000e+00 
5.043000e+00 
5.052000e+00 
5.061000e+00 
5.070000e+00 
5.080000e+00 
5.091000e+00 
5.103000e+00 
5.117000e+00 
5.133000e+00 
5.150000e+00 
5.167000e+00 
5.183000e+00 
5.199000e+00 
5.214000e+00 
5.231000e+00 
5.248000e+00 
5.267000e+00 
5.288000e+00 
5.312000e+00 
5.339000e+00 
5.367000e+00 
5.394000e+00 
5.420000e+00 
5.444000e+00 
5.464000e+00 
5.481000e+00 
5.494000e+00 
5.503000e+00 
5.508000e+00 
5.509000e+00 
5.507000e+00 
5.501000e+00 
5.491000e+00 
5.479000e+00 
5.465000e+00 
5.450000e+00 
5.433000e+00 
5.417000e+00 
5.400000e+00 
5.382000e+00 
5.364000e+00 
5.343000e+00 
5.322000e+00 
5.301000e+00 
5.281000e+00 
5.262000e+00 
5.244000e+00 
5.227000e+00 
5.212000e+00 
5.198000e+00 
5.185000e+00 
5.173000e+00 
5.162000e+00 
5.150000e+00 
5.135000e+00 
5.117000e+00 
5.094000e+00 
5.065000e+00 
5.031000e+00 
4.992000e+00 
4.949000e+00 
4.903000e+00 
4.854000e+00 
4.804000e+00 
4.753000e+00 
4.701000e+00 
4.648000e+00 
4.595000e+00 
4.542000e+00 
4.490000e+00 
4.439000e+00 
4.392000e+00 
4.349000e+00 
4.308000e+00 
4.269000e+00 
4.232000e+00 
4.195000e+00 
4.158000e+00 
4.120000e+00 
4.079000e+00 
4.032000e+00 
3.978000e+00 
3.916000e+00 
3.845000e+00 
3.763000e+00 
3.671000e+00 
3.569000e+00 
3.457000e+00 
3.333000e+00 
3.198000e+00 
3.052000e+00 
2.892000e+00 
2.720000e+00 
2.536000e+00 
2.340000e+00 
2.134000e+00 
1.920000e+00 
1.700000e+00 
1.476000e+00 
1.250000e+00 
1.024000e+00 
8.010000e-01 
5.820000e-01 
3.700000e-01 
1.650000e-01 
-3.100000e-02 
-2.190000e-01 
-3.990000e-01 
-5.710000e-01 
-7.360000e-01 
-8.930000e-01 
-1.044000e+00 
-1.188000e+00 
-1.325000e+00 
-1.455000e+00 
-1.579000e+00 
-1.696000e+00 
-1.805000e+00 
-1.908000e+00 
-2.005000e+00 
-2.095000e+00 
-2.178000e+00 
-2.254000e+00 
-2.324000e+00 
-2.386000e+00 
-2.441000e+00 
-2.489000e+00 
-2.528000e+00 
-2.557000e+00 
-2.576000e+00 
-2.586000e+00 
-2.589000e+00 
-2.585000e+00 
-2.579000e+00 
-2.572000e+00 
-2.568000e+00 
-2.571000e+00 
-2.584000e+00 
-2.608000e+00 
-2.645000e+00 
-2.698000e+00 
-2.767000e+00 
-2.856000e+00 
-2.965000e+00 
-3.096000e+00 
-3.252000e+00 
-3.432000e+00 
-3.634000e+00 
-3.858000e+00 
-4.103000e+00 
-4.367000e+00 
-4.651000e+00 
-4.952000e+00 
-5.267000e+00 
-5.596000e+00 
-5.936000e+00 
-6.284000e+00 
-6.637000e+00 
-6.992000e+00 
-7.349000e+00 
-7.709000e+00 
-8.073000e+00 
-8.441000e+00 
-8.813000e+00 
-9.189000e+00 
-9.567000e+00 
-9.947000e+00 
-1.032800e+01 
-1.070900e+01 
-1.108700e+01 
-1.146200e+01 
-1.183200e+01 
-1.219700e+01 
-1.255700e+01 
-1.291000e+01 
-1.325500e+01 
-1.359200e+01 
-1.391900e+01 
-1.423200e+01 
-1.453100e+01 
-1.481600e+01 
-1.508400e+01 
-1.533800e+01 
-1.557700e+01 
-1.580500e+01 
-1.602400e+01 
-1.623600e+01 
-1.644500e+01 
-1.665200e+01 
-1.685800e+01 
-1.706500e+01 
-1.727200e+01 
-1.747800e+01 
-1.768200e+01 
-1.788000e+01 
-1.806800e+01 
-1.824400e+01 
-1.840600e+01 
-1.855000e+01 
-1.867400e+01 
-1.877400e+01 
-1.885000e+01 
-1.890000e+01 
-1.892200e+01 
-1.891600e+01 
-1.888200e+01 
-1.882100e+01 
-1.873300e+01 
-1.862100e+01 
-1.848400e+01 
-1.832600e+01 
-1.815400e+01 
-1.797200e+01 
-1.778700e+01 
-1.760200e+01 
-1.742000e+01 
-1.724000e+01 
-1.705900e+01 
-1.687300e+01 
-1.667800e+01 
-1.647100e+01 
-1.624900e+01 
-1.601100e+01 
-1.575400e+01 
-1.547500e+01 
-1.517200e+01 
-1.484800e+01 
-1.450400e+01 
-1.413900e+01 
-1.375400e+01 
-1.334700e+01 
-1.291800e+01 
-1.246700e+01 
-1.199300e+01 
-1.149800e+01 
-1.098400e+01 
-1.045200e+01 
-9.904000e+00 
-9.343000e+00 
-8.773000e+00 
-8.197000e+00 
-7.619000e+00 
-7.041000e+00 
-6.465000e+00 
-5.896000e+00 
-5.334000e+00 
-4.780000e+00 
-4.237000e+00 
-3.707000e+00 
-3.194000e+00 
-2.700000e+00 
-2.227000e+00 
-1.778000e+00 
-1.355000e+00 
-9.620000e-01 
-6.030000e-01 
-2.790000e-01 
8.000000e-03 
2.570000e-01 
4.680000e-01 
6.420000e-01 
7.760000e-01 
8.730000e-01 
9.310000e-01 
9.520000e-01 
9.370000e-01 
8.890000e-01 
8.110000e-01 
7.060000e-01 
5.760000e-01 
4.230000e-01 
2.490000e-01 
5.600000e-02 
-1.540000e-01 
-3.780000e-01 
-6.130000e-01 
-8.560000e-01 
-1.101000e+00 
-1.346000e+00 
-1.583000e+00 
-1.808000e+00 
-2.016000e+00 
-2.205000e+00 
-2.371000e+00 
-2.510000e+00 
-2.621000e+00 
-2.701000e+00 
-2.750000e+00 
-2.773000e+00 
-2.774000e+00 
-2.757000e+00 
-2.726000e+00 
-2.686000e+00 
-2.640000e+00 
-2.588000e+00 
-2.533000e+00 
-2.475000e+00 
-2.415000e+00 
-2.355000e+00 
-2.293000e+00 
-2.230000e+00 
-2.165000e+00 
-2.096000e+00 
-2.025000e+00 
-1.952000e+00 
-1.879000e+00 
-1.806000e+00 
-1.734000e+00 
-1.663000e+00 
-1.593000e+00 
-1.524000e+00 
-1.458000e+00 
-1.393000e+00 
-1.331000e+00 
-1.271000e+00 
-1.213000e+00 
-1.155000e+00 
-1.097000e+00 
-1.038000e+00 
-9.770000e-01 
-9.120000e-01 
-8.440000e-01 
-7.750000e-01 
-7.030000e-01 
-6.300000e-01 
-5.540000e-01 
-4.770000e-01 
-3.990000e-01 
-3.230000e-01 
-2.520000e-01 
-1.880000e-01 
-1.330000e-01 
-8.600000e-02 
-4.700000e-02 
-1.700000e-02 
7.000000e-03 
2.400000e-02 
3.500000e-02 
4.300000e-02 
4.700000e-02 
5.100000e-02 
5.500000e-02 
6.000000e-02 
6.500000e-02 
7.200000e-02 
8.000000e-02 
8.800000e-02 
9.700000e-02 
1.050000e-01 
1.130000e-01 
1.220000e-01 
1.320000e-01 
1.450000e-01 
1.620000e-01 
1.870000e-01 
2.220000e-01 
2.680000e-01 
3.300000e-01 
4.090000e-01 
5.100000e-01 
6.370000e-01 
7.930000e-01 
9.790000e-01 
1.195000e+00 
1.436000e+00 
1.703000e+00 
1.992000e+00 
2.301000e+00 
2.629000e+00 
2.972000e+00 
3.329000e+00 
3.696000e+00 
4.071000e+00 
4.453000e+00 
4.841000e+00 
5.235000e+00 
5.637000e+00 
6.047000e+00 
6.465000e+00 
6.893000e+00 
7.329000e+00 
7.773000e+00 
8.225000e+00 
8.682000e+00 
9.142000e+00 
9.600000e+00 
1.005200e+01 
1.049200e+01 
1.091600e+01 
1.131900e+01 
1.169700e+01 
1.204500e+01 
1.235800e+01 
1.263400e+01 
1.287000e+01 
1.306400e+01 
1.321500e+01 
1.332300e+01 
1.339000e+01 
1.341600e+01 
1.340100e+01 
1.334400e+01 
1.324500e+01 
1.310300e+01 
1.291700e+01 
1.268500e+01 
1.241000e+01 
1.209400e+01 
1.174200e+01 
1.135800e+01 
1.094800e+01 
1.051700e+01 
1.007300e+01 
9.618000e+00 
9.158000e+00 
8.696000e+00 
8.238000e+00 
7.788000e+00 
7.354000e+00 
6.940000e+00 
6.554000e+00 
6.197000e+00 
5.872000e+00 
5.582000e+00 
5.328000e+00 
5.111000e+00 
4.932000e+00 
4.794000e+00 
4.699000e+00 
4.646000e+00 
4.636000e+00 
4.668000e+00 
4.743000e+00 
4.857000e+00 
5.008000e+00 
5.194000e+00 
5.413000e+00 
5.661000e+00 
5.936000e+00 
6.234000e+00 
6.549000e+00 
6.877000e+00 
7.215000e+00 
7.558000e+00 
7.905000e+00 
8.254000e+00 
8.604000e+00 
8.950000e+00 
9.288000e+00 
9.611000e+00 
9.913000e+00 
1.018800e+01 
1.043200e+01 
1.064200e+01 
1.081600e+01 
1.094900e+01 
1.103900e+01 
1.108300e+01 
1.107700e+01 
1.101800e+01 
1.090300e+01 
1.073200e+01 
1.050600e+01 
1.022900e+01 
9.908000e+00 
9.547000e+00 
9.156000e+00 
8.743000e+00 
8.315000e+00 
7.881000e+00 
7.444000e+00 
7.008000e+00 
6.575000e+00 
6.148000e+00 
5.730000e+00 
5.320000e+00 
4.916000e+00 
4.518000e+00 
4.129000e+00 
3.752000e+00 
3.392000e+00 
3.051000e+00 
2.732000e+00 
2.441000e+00 
2.180000e+00 
1.956000e+00 
1.770000e+00 
1.629000e+00 
1.536000e+00 
1.495000e+00 
1.508000e+00 
1.573000e+00 
1.688000e+00 
1.850000e+00 
2.057000e+00 
2.304000e+00 
2.588000e+00 
2.902000e+00 
3.244000e+00 
3.609000e+00 
3.993000e+00 
4.395000e+00 
4.811000e+00 
5.239000e+00 
5.677000e+00 
6.127000e+00 
6.587000e+00 
7.060000e+00 
7.545000e+00 
8.042000e+00 
8.551000e+00 
9.069000e+00 
9.594000e+00 
1.012200e+01 
1.065100e+01 
1.117800e+01 
1.170000e+01 
1.221700e+01 
1.272400e+01 
1.322100e+01 
1.370400e+01 
1.417100e+01 
1.462000e+01 
1.504700e+01 
1.545100e+01 
1.582900e+01 
1.617900e+01 
1.649900e+01 
1.678600e+01 
1.703800e+01 
1.725100e+01 
1.742300e+01 
1.755200e+01 
1.763600e+01 
1.767500e+01 
1.766600e+01 
1.761000e+01 
1.750300e+01 
1.734700e+01 
1.714000e+01 
1.688100e+01 
1.657200e+01 
1.621100e+01 
1.580000e+01 
1.534100e+01 
1.483700e+01 
1.429100e+01 
1.370800e+01 
1.309100e+01 
1.244600e+01 
1.177700e+01 
1.109000e+01 
1.038800e+01 
9.677000e+00 
8.960000e+00 
8.242000e+00 
7.524000e+00 
6.810000e+00 
6.101000e+00 
5.398000e+00 
4.702000e+00 
4.015000e+00 
3.333000e+00 
2.659000e+00 
1.991000e+00 
1.329000e+00 
6.730000e-01 
2.100000e-02 
-6.260000e-01 
-1.269000e+00 
-1.909000e+00 
-2.544000e+00 
-3.173000e+00 
-3.794000e+00 
-4.403000e+00 
-4.995000e+00 
-5.567000e+00 
-6.114000e+00 
-6.633000e+00 
-7.122000e+00 
-7.577000e+00 
-7.997000e+00 
-8.378000e+00 
-8.719000e+00 
-9.020000e+00 
-9.281000e+00 
-9.503000e+00 
-9.685000e+00 
-9.829000e+00 
-9.936000e+00 
-1.000600e+01 
-1.004100e+01 
-1.004400e+01 
-1.001600e+01 
-9.959000e+00 
-9.875000e+00 
-9.768000e+00 
-9.641000e+00 
-9.499000e+00 
-9.346000e+00 
-9.185000e+00 
-9.019000e+00 
-8.851000e+00 
-8.683000e+00 
-8.517000e+00 
-8.356000e+00 
-8.202000e+00 
-8.056000e+00 
-7.919000e+00 
-7.793000e+00 
-7.679000e+00 
-7.575000e+00 
-7.484000e+00 
-7.404000e+00 
-7.335000e+00 
-7.275000e+00 
-7.224000e+00 
-7.179000e+00 
-7.138000e+00 
-7.100000e+00 
-7.063000e+00 
-7.027000e+00 
-6.990000e+00 
-6.952000e+00 
-6.914000e+00 
-6.875000e+00 
-6.838000e+00 
-6.804000e+00 
-6.773000e+00 
-6.748000e+00 
-6.730000e+00 
-6.718000e+00 
-6.714000e+00 
-6.717000e+00 
-6.727000e+00 
-6.744000e+00 
-6.767000e+00 
-6.794000e+00 
-6.824000e+00 
-6.857000e+00 
-6.890000e+00 
-6.920000e+00 
-6.943000e+00 
-6.958000e+00 
-6.963000e+00 
-6.955000e+00 
-6.932000e+00 
-6.887000e+00 
-6.821000e+00 
-6.732000e+00 
-6.624000e+00 
-6.501000e+00 
-6.364000e+00 
-6.217000e+00 
-6.061000e+00 
-5.897000e+00 
-5.725000e+00 
-5.546000e+00 
-5.360000e+00 
-5.167000e+00 
-4.967000e+00 
-4.760000e+00 
-4.546000e+00 
-4.324000e+00 
-4.093000e+00 
-3.853000e+00 
-3.604000e+00 
-3.346000e+00 
-3.079000e+00 
-2.805000e+00 
-2.525000e+00 
-2.239000e+00 
-1.948000e+00 
-1.654000e+00 
-1.357000e+00 
-1.060000e+00 
-7.700000e-01 
-4.910000e-01 
-2.250000e-01 
2.700000e-02 
2.600000e-01 
4.710000e-01 
6.570000e-01 
8.200000e-01 
9.630000e-01 
1.091000e+00 
1.210000e+00 
1.328000e+00 
1.453000e+00 
1.593000e+00 
1.753000e+00 
1.939000e+00 
2.153000e+00 
2.395000e+00 
2.659000e+00 
2.940000e+00 
3.231000e+00 
3.527000e+00 
3.818000e+00 
4.100000e+00 
4.371000e+00 
4.629000e+00 
4.876000e+00 
5.105000e+00 
5.311000e+00 
5.489000e+00 
5.639000e+00 
5.761000e+00 
5.858000e+00 
5.932000e+00 
5.987000e+00 
6.022000e+00 
6.035000e+00 
6.028000e+00 
6 
5.953000e+00 
5.890000e+00 
5.812000e+00 
5.724000e+00 
5.627000e+00 
5.522000e+00 
5.410000e+00 
5.291000e+00 
5.167000e+00 
5.039000e+00 
4.909000e+00 
4.777000e+00 
4.644000e+00 
4.508000e+00 
4.368000e+00 
4.224000e+00 
4.076000e+00 
3.922000e+00 
3.763000e+00 
3.597000e+00 
3.424000e+00 
3.241000e+00 
3.048000e+00 
2.843000e+00 
2.628000e+00 
2.401000e+00 
2.164000e+00 
1.917000e+00 
1.663000e+00 
1.402000e+00 
1.137000e+00 
8.680000e-01 
5.960000e-01 
3.240000e-01 
5.200000e-02 
-2.190000e-01 
-4.880000e-01 
-7.520000e-01 
-1.013000e+00 
-1.267000e+00 
-1.515000e+00 
-1.754000e+00 
-1.986000e+00 
-2.208000e+00 
-2.422000e+00 
-2.628000e+00 
-2.824000e+00 
-3.013000e+00 
-3.193000e+00 
-3.366000e+00 
-3.534000e+00 
-3.695000e+00 
-3.852000e+00 
-4.005000e+00 
-4.154000e+00 
-4.300000e+00 
-4.444000e+00 
-4.585000e+00 
-4.723000e+00 
-4.858000e+00 
-4.990000e+00 
-5.118000e+00 
-5.241000e+00 
-5.359000e+00 
-5.471000e+00 
-5.575000e+00 
-5.670000e+00 
-5.755000e+00 
-5.831000e+00 
-5.895000e+00 
-5.949000e+00 
-5.991000e+00 
-6.023000e+00 
-6.044000e+00 
-6.054000e+00 
-6.054000e+00 
-6.042000e+00 
-6.018000e+00 
-5.982000e+00 
-5.935000e+00 
-5.877000e+00 
-5.807000e+00 
-5.727000e+00 
-5.638000e+00 
-5.540000e+00 
-5.435000e+00 
-5.322000e+00 
-5.203000e+00 
-5.078000e+00 
-4.948000e+00 
-4.814000e+00 
-4.677000e+00 
-4.538000e+00 
-4.397000e+00 
-4.256000e+00 
-4.115000e+00 
-3.976000e+00 
-3.838000e+00 
-3.703000e+00 
-3.571000e+00 
-3.444000e+00 
-3.321000e+00 
-3.204000e+00 
-3.093000e+00 
-2.989000e+00 
-2.894000e+00 
-2.807000e+00 
-2.731000e+00 
-2.666000e+00 
-2.614000e+00 
-2.574000e+00 
-2.549000e+00 
-2.539000e+00 
-2.546000e+00 
-2.569000e+00 
-2.609000e+00 
-2.666000e+00 
-2.741000e+00 
-2.832000e+00 
-2.939000e+00 
-3.060000e+00 
-3.194000e+00 
-3.339000e+00 
-3.494000e+00 
-3.657000e+00 
-3.829000e+00 
-4.008000e+00 
-4.194000e+00 
-4.385000e+00 
-4.581000e+00 
-4.780000e+00 
-4.982000e+00 
-5.185000e+00 
-5.389000e+00 
-5.594000e+00 
-5.798000e+00 
-6.002000e+00 
-6.207000e+00 
-6.413000e+00 
-6.619000e+00 
-6.826000e+00 
-7.035000e+00 
-7.244000e+00 
-7.455000e+00 
-7.666000e+00 
-7.877000e+00 
-8.090000e+00 
-8.302000e+00 
-8.514000e+00 
-8.724000e+00 
-8.932000e+00 
-9.135000e+00 
-9.335000e+00 
-9.528000e+00 
-9.717000e+00 
-9.899000e+00 
-1.007400e+01 
-1.024300e+01 
-1.040500e+01 
-1.055900e+01 
-1.070600e+01 
-1.084400e+01 
-1.097300e+01 
-1.109400e+01 
-1.120500e+01 
-1.130700e+01 
-1.140000e+01 
-1.148200e+01 
-1.155600e+01 
-1.161900e+01 
-1.167300e+01 
-1.171700e+01 
-1.175200e+01 
-1.177600e+01 
-1.179200e+01 
-1.179900e+01 
-1.179700e+01 
-1.178800e+01 
-1.177200e+01 
-1.174900e+01 
-1.172000e+01 
-1.168600e+01 
-1.164700e+01 
-1.160200e+01 
-1.155200e+01 
-1.149600e+01 
-1.143500e+01 
-1.136700e+01 
-1.129300e+01 
-1.121200e+01 
-1.112400e+01 
-1.102900e+01 
-1.092800e+01 
-1.081900e+01 
-1.070300e+01 
-1.057900e+01 
-1.044700e+01 
-1.030700e+01 
-1.015800e+01 
-10 
-9.833000e+00 
-9.656000e+00 
-9.472000e+00 
-9.278000e+00 
-9.077000e+00 
-8.867000e+00 
-8.651000e+00 
-8.427000e+00 
-8.198000e+00 
-7.963000e+00 
-7.723000e+00 
-7.479000e+00 
-7.231000e+00 
-6.980000e+00 
-6.725000e+00 
-6.468000e+00 
-6.208000e+00 
-5.946000e+00 
-5.682000e+00 
-5.417000e+00 
-5.151000e+00 
-4.884000e+00 
-4.616000e+00 
-4.348000e+00 
-4.080000e+00 
-3.812000e+00 
-3.544000e+00 
-3.277000e+00 
-3.011000e+00 
-2.746000e+00 
-2.483000e+00 
-2.223000e+00 
-1.966000e+00 
-1.713000e+00 
-1.464000e+00 
-1.221000e+00 
-9.850000e-01 
-7.550000e-01 
-5.350000e-01 
-3.240000e-01 
-1.240000e-01 
6.500000e-02 
2.420000e-01 
4.060000e-01 
5.570000e-01 
6.950000e-01 
8.200000e-01 
9.320000e-01 
1.031000e+00 
1.119000e+00 
1.195000e+00 
1.261000e+00 
1.316000e+00 
1.362000e+00 
1.398000e+00 
1.427000e+00 
1.449000e+00 
1.464000e+00 
1.472000e+00 
1.476000e+00 
1.474000e+00 
1.468000e+00 
1.458000e+00 
1.444000e+00 
1.426000e+00 
1.405000e+00 
1.381000e+00 
1.355000e+00 
1.327000e+00 
1.298000e+00 
1.268000e+00 
1.239000e+00 
1.211000e+00 
1.184000e+00 
1.160000e+00 
1.138000e+00 
1.119000e+00 
1.104000e+00 
1.093000e+00 
1.086000e+00 
1.084000e+00 
1.086000e+00 
1.094000e+00 
1.107000e+00 
1.125000e+00 
1.149000e+00 
1.179000e+00 
1.214000e+00 
1.254000e+00 
1.300000e+00 
1.352000e+00 
1.409000e+00 
1.470000e+00 
1.535000e+00 
1.602000e+00 
1.670000e+00 
1.740000e+00 
1.811000e+00 
1.883000e+00 
1.955000e+00 
2.027000e+00 
2.100000e+00 
2.174000e+00 
2.249000e+00 
2.326000e+00 
2.404000e+00 
2.483000e+00 
2.565000e+00 
2.650000e+00 
2.737000e+00 
2.828000e+00 
2.923000e+00 
3.021000e+00 
3.123000e+00 
3.229000e+00 
3.337000e+00 
3.447000e+00 
3.557000e+00 
3.668000e+00 
3.776000e+00 
3.882000e+00 
3.983000e+00 
4.080000e+00 
4.170000e+00 
4.254000e+00 
4.331000e+00 
4.400000e+00 
4.462000e+00 
4.516000e+00 
4.563000e+00 
4.603000e+00 
4.638000e+00 
4.669000e+00 
4.696000e+00 
4.722000e+00 
4.747000e+00 
4.772000e+00 
4.798000e+00 
4.825000e+00 
4.853000e+00 
4.883000e+00 
4.914000e+00 
4.945000e+00 
4.978000e+00 
5.010000e+00 
5.042000e+00 
5.073000e+00 
5.102000e+00 
5.130000e+00 
5.154000e+00 
5.175000e+00 
5.190000e+00 
5.200000e+00 
5.203000e+00 
5.201000e+00 
5.194000e+00 
5.181000e+00 
5.166000e+00 
5.147000e+00 
5.127000e+00 
5.105000e+00 
5.084000e+00 
5.063000e+00 
5.044000e+00 
5.029000e+00 
5.017000e+00 
5.010000e+00 
5.007000e+00 
5.010000e+00 
5.016000e+00 
5.028000e+00 
5.042000e+00 
5.060000e+00 
5.078000e+00 
5.098000e+00 
5.115000e+00 
5.131000e+00 
5.143000e+00 
5.150000e+00 
5.151000e+00 
5.146000e+00 
5.134000e+00 
5.114000e+00 
5.087000e+00 
5.051000e+00 
5.008000e+00 
4.958000e+00 
4.900000e+00 
4.836000e+00 
4.767000e+00 
4.693000e+00 
4.616000e+00 
4.536000e+00 
4.455000e+00 
4.374000e+00 
4.296000e+00 
4.220000e+00 
4.149000e+00 
4.083000e+00 
4.021000e+00 
3.965000e+00 
3.914000e+00 
3.867000e+00 
3.824000e+00 
3.784000e+00 
3.746000e+00 
3.710000e+00 
3.673000e+00 
3.636000e+00 
3.597000e+00 
3.555000e+00 
3.510000e+00 
3.462000e+00 
3.411000e+00 
3.357000e+00 
3.301000e+00 
3.244000e+00 
3.188000e+00 
3.132000e+00 
3.080000e+00 
3.031000e+00 
2.987000e+00 
2.949000e+00 
2.919000e+00 
2.898000e+00 
2.887000e+00 
2.887000e+00 
2.899000e+00 
2.923000e+00 
2.961000e+00 
3.013000e+00 
3.080000e+00 
3.162000e+00 
3.259000e+00 
3.370000e+00 
3.496000e+00 
3.635000e+00 
3.787000e+00 
3.950000e+00 
4.122000e+00 
4.302000e+00 
4.488000e+00 
4.679000e+00 
4.874000e+00 
5.071000e+00 
5.270000e+00 
5.470000e+00 
5.669000e+00 
5.868000e+00 
6.066000e+00 
6.264000e+00 
6.462000e+00 
6.659000e+00 
6.857000e+00 
7.055000e+00 
7.254000e+00 
7.453000e+00 
7.653000e+00 
7.851000e+00 
8.047000e+00 
8.241000e+00 
8.432000e+00 
8.618000e+00 
8.800000e+00 
8.974000e+00 
9.142000e+00 
9.301000e+00 
9.451000e+00 
9.591000e+00 
9.720000e+00 
9.839000e+00 
9.946000e+00 
1.004100e+01 
1.012400e+01 
1.019500e+01 
1.025300e+01 
1.029900e+01 
1.033200e+01 
1.035200e+01 
1.036100e+01 
1.035800e+01 
1.034400e+01 
1.032000e+01 
1.028600e+01 
1.024200e+01 
1.018900e+01 
1.012700e+01 
1.005500e+01 
9.973000e+00 
9.883000e+00 
9.783000e+00 
9.675000e+00 
9.558000e+00 
9.433000e+00 
9.299000e+00 
9.157000e+00 
9.007000e+00 
8.849000e+00 
8.685000e+00 
8.514000e+00 
8.339000e+00 
8.158000e+00 
7.975000e+00 
7.788000e+00 
7.599000e+00 
7.408000e+00 
7.216000e+00 
7.024000e+00 
6.832000e+00 
6.641000e+00 
6.452000e+00 
6.264000e+00 
6.080000e+00 
5.898000e+00 
5.720000e+00 
5.545000e+00 
5.375000e+00 
5.208000e+00 
5.046000e+00 
4.888000e+00 
4.734000e+00 
4.584000e+00 
4.438000e+00 
4.295000e+00 
4.156000e+00 
4.021000e+00 
3.890000e+00 
3.762000e+00 
3.638000e+00 
3.518000e+00 
3.403000e+00 
3.291000e+00 
3.183000e+00 
3.080000e+00 
2.981000e+00 
2.887000e+00 
2.799000e+00 
2.715000e+00 
2.638000e+00 
2.566000e+00 
2.501000e+00 
2.442000e+00 
2.388000e+00 
2.340000e+00 
2.297000e+00 
2.259000e+00 
2.225000e+00 
2.195000e+00 
2.169000e+00 
2.148000e+00 
2.129000e+00 
2.115000e+00 
2.103000e+00 
2.095000e+00 
2.090000e+00 
2.089000e+00 
2.091000e+00 
2.096000e+00 
2.106000e+00 
2.120000e+00 
2.138000e+00 
2.161000e+00 
2.190000e+00 
2.223000e+00 
2.260000e+00 
2.302000e+00 
2.348000e+00 
2.397000e+00 
2.449000e+00 
2.504000e+00 
2.562000e+00 
2.621000e+00 
2.680000e+00 
2.740000e+00 
2.799000e+00 
2.857000e+00 
2.913000e+00 
2.967000e+00 
3.017000e+00 
3.064000e+00 
3.107000e+00 
3.145000e+00 
3.177000e+00 
3.203000e+00 
3.221000e+00 
3.232000e+00 
3.236000e+00 
3.232000e+00 
3.221000e+00 
3.202000e+00 
3.176000e+00 
3.143000e+00 
3.102000e+00 
3.054000e+00 
2.997000e+00 
2.932000e+00 
2.859000e+00 
2.777000e+00 
2.687000e+00 
2.587000e+00 
2.478000e+00 
2.360000e+00 
2.232000e+00 
2.093000e+00 
1.945000e+00 
1.786000e+00 
1.617000e+00 
1.440000e+00 
1.253000e+00 
1.057000e+00 
8.540000e-01 
6.440000e-01 
4.270000e-01 
2.050000e-01 
-2.100000e-02 
-2.510000e-01 
-4.830000e-01 
-7.160000e-01 
-9.490000e-01 
-1.181000e+00 
-1.411000e+00 
-1.638000e+00 
-1.863000e+00 
-2.084000e+00 
-2.301000e+00 
-2.513000e+00 
-2.721000e+00 
-2.925000e+00 
-3.123000e+00 
-3.316000e+00 
-3.503000e+00 
-3.686000e+00 
-3.864000e+00 
-4.037000e+00 
-4.204000e+00 
-4.366000e+00 
-4.521000e+00 
-4.669000e+00 
-4.810000e+00 
-4.940000e+00 
-5.061000e+00 
-5.170000e+00 
-5.266000e+00 
-5.349000e+00 
-5.417000e+00 
-5.470000e+00 
-5.508000e+00 
-5.529000e+00 
-5.534000e+00 
-5.522000e+00 
-5.492000e+00 
-5.444000e+00 
-5.380000e+00 
-5.298000e+00 
-5.201000e+00 
-5.088000e+00 
-4.962000e+00 
-4.823000e+00 
-4.672000e+00 
-4.512000e+00 
-4.342000e+00 
-4.165000e+00 
-3.982000e+00 
-3.793000e+00 
-3.601000e+00 
-3.407000e+00 
-3.211000e+00 
-3.016000e+00 
-2.822000e+00 
-2.630000e+00 
-2.441000e+00 
-2.256000e+00 
-2.075000e+00 
-1.899000e+00 
-1.730000e+00 
-1.566000e+00 
-1.410000e+00 
-1.262000e+00 
-1.121000e+00 
-9.880000e-01 
-8.650000e-01 
-7.500000e-01 
-6.450000e-01 
-5.490000e-01 
-4.620000e-01 
-3.860000e-01 
-3.190000e-01 
-2.640000e-01 
-2.190000e-01 
-1.850000e-01 
-1.630000e-01 
-1.540000e-01 
-1.570000e-01 
-1.730000e-01 
-2.020000e-01 
-2.440000e-01 
-3.000000e-01 
-3.690000e-01 
-4.510000e-01 
-5.470000e-01 
-6.550000e-01 
-7.770000e-01 
-9.100000e-01 
-1.055000e+00 
-1.211000e+00 
-1.376000e+00 
-1.550000e+00 
-1.733000e+00 
-1.922000e+00 
-2.118000e+00 
-2.318000e+00 
-2.522000e+00 
-2.728000e+00 
-2.935000e+00 
-3.141000e+00 
-3.346000e+00 
-3.547000e+00 
-3.745000e+00 
-3.937000e+00 
-4.123000e+00 
-4.302000e+00 
-4.475000e+00 
-4.639000e+00 
-4.796000e+00 
-4.944000e+00 
-5.085000e+00 
-5.218000e+00 
-5.344000e+00 
-5.463000e+00 
-5.574000e+00 
-5.679000e+00 
-5.777000e+00 
-5.868000e+00 
-5.952000e+00 
-6.028000e+00 
-6.097000e+00 
-6.158000e+00 
-6.209000e+00 
-6.251000e+00 
-6.282000e+00 
-6.302000e+00 
-6.312000e+00 
-6.310000e+00 
-6.297000e+00 
-6.274000e+00 
-6.239000e+00 
-6.194000e+00 
-6.140000e+00 
-6.076000e+00 
-6.004000e+00 
-5.925000e+00 
-5.840000e+00 
-5.751000e+00 
-5.659000e+00 
-5.564000e+00 
-5.469000e+00 
-5.373000e+00 
-5.278000e+00 
-5.185000e+00 
-5.094000e+00 
-5.006000e+00 
-4.922000e+00 
-4.842000e+00 
-4.765000e+00 
-4.693000e+00 
-4.624000e+00 
-4.560000e+00 
-4.499000e+00 
-4.443000e+00 
-4.391000e+00 
-4.342000e+00 
-4.298000e+00 
-4.257000e+00 
-4.221000e+00 
-4.189000e+00 
-4.162000e+00 
-4.140000e+00 
-4.123000e+00 
-4.112000e+00 
-4.108000e+00 
-4.111000e+00 
-4.122000e+00 
-4.142000e+00 
-4.170000e+00 
-4.208000e+00 
-4.255000e+00 
-4.312000e+00 
-4.379000e+00 
-4.456000e+00 
-4.543000e+00 
-4.640000e+00 
-4.745000e+00 
-4.859000e+00 
-4.981000e+00 
-5.109000e+00 
-5.244000e+00 
-5.385000e+00 
-5.530000e+00 
-5.678000e+00 
-5.829000e+00 
-5.982000e+00 
-6.136000e+00 
-6.290000e+00 
-6.443000e+00 
-6.595000e+00 
-6.746000e+00 
-6.895000e+00 
-7.042000e+00 
-7.187000e+00 
-7.331000e+00 
-7.475000e+00 
-7.617000e+00 
-7.760000e+00 
-7.903000e+00 
-8.046000e+00 
-8.190000e+00 
-8.334000e+00 
-8.479000e+00 
-8.623000e+00 
-8.768000e+00 
-8.911000e+00 
-9.054000e+00 
-9.196000e+00 
-9.335000e+00 
-9.472000e+00 
-9.604000e+00 
-9.731000e+00 
-9.852000e+00 
-9.967000e+00 
-1.007300e+01 
-1.017000e+01 
-1.025900e+01 
-1.033700e+01 
-1.040600e+01 
-1.046400e+01 
-1.051200e+01 
-1.055000e+01 
-1.057800e+01 
-1.059700e+01 
-1.060800e+01 
-1.061100e+01 
-1.060700e+01 
-1.059700e+01 
-1.058100e+01 
-1.056000e+01 
-1.053500e+01 
-1.050600e+01 
-1.047300e+01 
-1.043600e+01 
-1.039700e+01 
-1.035300e+01 
-1.030600e+01 
-1.025400e+01 
-1.019700e+01 
-1.013400e+01 
-1.006600e+01 
-9.992000e+00 
-9.911000e+00 
-9.823000e+00 
-9.729000e+00 
-9.629000e+00 
-9.523000e+00 
-9.410000e+00 
-9.293000e+00 
-9.170000e+00 
-9.043000e+00 
-8.912000e+00 
-8.778000e+00 
-8.641000e+00 
-8.502000e+00 
-8.362000e+00 
-8.221000e+00 
-8.079000e+00 
-7.937000e+00 
-7.795000e+00 
-7.653000e+00 
-7.511000e+00 
-7.368000e+00 
-7.225000e+00 
-7.082000e+00 
-6.938000e+00 
-6.793000e+00 
-6.646000e+00 
-6.497000e+00 
-6.345000e+00 
-6.190000e+00 
-6.032000e+00 
-5.871000e+00 
-5.705000e+00 
-5.535000e+00 
-5.361000e+00 
-5.182000e+00 
-5 
-4.813000e+00 
-4.623000e+00 
-4.429000e+00 
-4.232000e+00 
-4.032000e+00 
-3.829000e+00 
-3.625000e+00 
-3.419000e+00 
-3.212000e+00 
-3.004000e+00 
-2.796000e+00 
-2.588000e+00 
-2.379000e+00 
-2.171000e+00 
-1.963000e+00 
-1.756000e+00 
-1.549000e+00 
-1.344000e+00 
-1.139000e+00 
-9.360000e-01 
-7.350000e-01 
-5.350000e-01 
-3.380000e-01 
-1.440000e-01 
4.700000e-02 
2.330000e-01 
4.160000e-01 
5.930000e-01 
7.660000e-01 
9.320000e-01 
1.093000e+00 
1.249000e+00 
1.399000e+00 
1.544000e+00 
1.684000e+00 
1.819000e+00 
1.950000e+00 
2.076000e+00 
2.198000e+00 
2.315000e+00 
2.429000e+00 
2.538000e+00 
2.642000e+00 
2.742000e+00 
2.837000e+00 
2.927000e+00 
3.012000e+00 
3.091000e+00 
3.164000e+00 
3.232000e+00 
3.294000e+00 
3.350000e+00 
3.400000e+00 
3.444000e+00 
3.484000e+00 
3.518000e+00 
3.547000e+00 
3.572000e+00 
3.593000e+00 
3.610000e+00 
3.624000e+00 
3.635000e+00 
3.644000e+00 
3.650000e+00 
3.655000e+00 
3.658000e+00 
3.661000e+00 
3.664000e+00 
3.667000e+00 
3.672000e+00 
3.679000e+00 
3.688000e+00 
3.700000e+00 
3.715000e+00 
3.734000e+00 
3.755000e+00 
3.779000e+00 
3.805000e+00 
3.835000e+00 
3.867000e+00 
3.901000e+00 
3.937000e+00 
3.976000e+00 
4.016000e+00 
4.059000e+00 
4.103000e+00 
4.148000e+00 
4.194000e+00 
4.241000e+00 
4.290000e+00 
4.340000e+00 
4.391000e+00 
4.444000e+00 
4.499000e+00 
4.557000e+00 
4.617000e+00 
4.680000e+00 
4.746000e+00 
4.815000e+00 
4.886000e+00 
4.960000e+00 
5.036000e+00 
5.115000e+00 
5.195000e+00 
5.275000e+00 
5.357000e+00 
5.438000e+00 
5.519000e+00 
5.599000e+00 
5.677000e+00 
5.753000e+00 
5.826000e+00 
5.896000e+00 
5.963000e+00 
6.027000e+00 
6.087000e+00 
6.144000e+00 
6.197000e+00 
6.247000e+00 
6.292000e+00 
6.335000e+00 
6.374000e+00 
6.409000e+00 
6.441000e+00 
6.470000e+00 
6.495000e+00 
6.517000e+00 
6.536000e+00 
6.551000e+00 
6.563000e+00 
6.572000e+00 
6.578000e+00 
6.580000e+00 
6.580000e+00 
6.578000e+00 
6.573000e+00 
6.565000e+00 
6.556000e+00 
6.545000e+00 
6.532000e+00 
6.519000e+00 
6.505000e+00 
6.490000e+00 
6.476000e+00 
6.461000e+00 
6.445000e+00 
6.431000e+00 
6.416000e+00 
6.402000e+00 
6.388000e+00 
6.375000e+00 
6.364000e+00 
6.353000e+00 
6.343000e+00 
6.335000e+00 
6.328000e+00 
6.323000e+00 
6.318000e+00 
6.316000e+00 
6.314000e+00 
6.315000e+00 
6.317000e+00 
6.321000e+00 
6.327000e+00 
6.335000e+00 
6.345000e+00 
6.358000e+00 
6.372000e+00 
6.389000e+00 
6.407000e+00 
6.428000e+00 
6.450000e+00 
6.473000e+00 
6.497000e+00 
6.523000e+00 
6.550000e+00 
6.578000e+00 
6.607000e+00 
6.635000e+00 
6.665000e+00 
6.694000e+00 
6.724000e+00 
6.753000e+00 
6.783000e+00 
6.813000e+00 
6.843000e+00 
6.873000e+00 
6.903000e+00 
6.933000e+00 
6.962000e+00 
6.992000e+00 
7.021000e+00 
7.049000e+00 
7.076000e+00 
7.102000e+00 
7.127000e+00 
7.149000e+00 
7.170000e+00 
7.188000e+00 
7.203000e+00 
7.214000e+00 
7.223000e+00 
7.227000e+00 
7.228000e+00 
7.225000e+00 
7.218000e+00 
7.207000e+00 
7.193000e+00 
7.174000e+00 
7.151000e+00 
7.124000e+00 
7.093000e+00 
7.058000e+00 
7.019000e+00 
6.975000e+00 
6.928000e+00 
6.876000e+00 
6.820000e+00 
6.759000e+00 
6.695000e+00 
6.626000e+00 
6.552000e+00 
6.474000e+00 
6.391000e+00 
6.303000e+00 
6.211000e+00 
6.114000e+00 
6.013000e+00 
5.907000e+00 
5.797000e+00 
5.682000e+00 
5.564000e+00 
5.442000e+00 
5.317000e+00 
5.188000e+00 
5.056000e+00 
4.921000e+00 
4.784000e+00 
4.644000e+00 
4.503000e+00 
4.360000e+00 
4.216000e+00 
4.071000e+00 
3.927000e+00 
3.782000e+00 
3.638000e+00 
3.495000e+00 
3.353000e+00 
3.214000e+00 
3.076000e+00 
2.942000e+00 
2.811000e+00 
2.685000e+00 
2.562000e+00 
2.445000e+00 
2.332000e+00 
2.224000e+00 
2.121000e+00 
2.022000e+00 
1.929000e+00 
1.841000e+00 
1.757000e+00 
1.679000e+00 
1.606000e+00 
1.538000e+00 
1.475000e+00 
1.417000e+00 
1.364000e+00 
1.316000e+00 
1.273000e+00 
1.236000e+00 
1.204000e+00 
1.178000e+00 
1.158000e+00 
1.145000e+00 
1.137000e+00 
1.136000e+00 
1.140000e+00 
1.150000e+00 
1.166000e+00 
1.188000e+00 
1.214000e+00 
1.245000e+00 
1.280000e+00 
1.318000e+00 
1.360000e+00 
1.404000e+00 
1.449000e+00 
1.496000e+00 
1.543000e+00 
1.590000e+00 
1.636000e+00 
1.681000e+00 
1.722000e+00 
1.761000e+00 
1.795000e+00 
1.825000e+00 
1.850000e+00 
1.870000e+00 
1.884000e+00 
1.893000e+00 
1.895000e+00 
1.891000e+00 
1.881000e+00 
1.865000e+00 
1.843000e+00 
1.815000e+00 
1.781000e+00 
1.741000e+00 
1.696000e+00 
1.645000e+00 
1.589000e+00 
1.528000e+00 
1.461000e+00 
1.388000e+00 
1.309000e+00 
1.224000e+00 
1.133000e+00 
1.036000e+00 
9.320000e-01 
8.230000e-01 
7.070000e-01 
5.860000e-01 
4.600000e-01 
3.290000e-01 
1.940000e-01 
5.500000e-02 
-8.600000e-02 
-2.290000e-01 
-3.730000e-01 
-5.170000e-01 
-6.600000e-01 
-8.020000e-01 
-9.430000e-01 
-1.080000e+00 
-1.215000e+00 
-1.347000e+00 
-1.474000e+00 
-1.598000e+00 
-1.717000e+00 
-1.831000e+00 
-1.941000e+00 
-2.045000e+00 
-2.145000e+00 
-2.240000e+00 
-2.330000e+00 
-2.416000e+00 
-2.496000e+00 
-2.572000e+00 
-2.642000e+00 
-2.708000e+00 
-2.768000e+00 
-2.824000e+00 
-2.874000e+00 
-2.919000e+00 
-2.959000e+00 
-2.993000e+00 
-3.023000e+00 
-3.046000e+00 
-3.065000e+00 
-3.078000e+00 
-3.086000e+00 
-3.087000e+00 
-3.083000e+00 
-3.074000e+00 
-3.059000e+00 
-3.039000e+00 
-3.013000e+00 
-2.982000e+00 
-2.947000e+00 
-2.907000e+00 
-2.864000e+00 
-2.817000e+00 
-2.768000e+00 
-2.717000e+00 
-2.663000e+00 
-2.609000e+00 
-2.555000e+00 
-2.501000e+00 
-2.447000e+00 
-2.395000e+00 
-2.345000e+00 
-2.297000e+00 
-2.252000e+00 
-2.210000e+00 
-2.171000e+00 
-2.136000e+00 
-2.105000e+00 
-2.079000e+00 
-2.056000e+00 
-2.037000e+00 
-2.022000e+00 
-2.011000e+00 
-2.003000e+00 
-1.999000e+00 
-1.999000e+00 
-2.002000e+00 
-2.008000e+00 
-2.017000e+00 
-2.030000e+00 
-2.045000e+00 
-2.065000e+00 
-2.087000e+00 
-2.113000e+00 
-2.142000e+00 
-2.175000e+00 
-2.213000e+00 
-2.254000e+00 
-2.300000e+00 
-2.350000e+00 
-2.405000e+00 
-2.465000e+00 
-2.530000e+00 
-2.599000e+00 
-2.672000e+00 
-2.749000e+00 
-2.829000e+00 
-2.913000e+00 
-3 
-3.088000e+00 
-3.179000e+00 
-3.271000e+00 
-3.365000e+00 
-3.460000e+00 
-3.555000e+00 
-3.650000e+00 
-3.746000e+00 
-3.841000e+00 
-3.935000e+00 
-4.029000e+00 
-4.121000e+00 
-4.211000e+00 
-4.300000e+00 
-4.387000e+00 
-4.471000e+00 
-4.554000e+00 
-4.633000e+00 
-4.709000e+00 
-4.783000e+00 
-4.853000e+00 
-4.920000e+00 
-4.983000e+00 
-5.042000e+00 
-5.097000e+00 
-5.148000e+00 
-5.195000e+00 
-5.237000e+00 
-5.274000e+00 
-5.306000e+00 
-5.333000e+00 
-5.355000e+00 
-5.371000e+00 
-5.381000e+00 
-5.386000e+00 
-5.385000e+00 
-5.377000e+00 
-5.364000e+00 
-5.344000e+00 
-5.318000e+00 
-5.286000e+00 
-5.248000e+00 
-5.205000e+00 
-5.156000e+00 
-5.101000e+00 
-5.042000e+00 
-4.977000e+00 
-4.908000e+00 
-4.834000e+00 
-4.757000e+00 
-4.676000e+00 
-4.592000e+00 
-4.506000e+00 
-4.417000e+00 
-4.326000e+00 
-4.234000e+00 
-4.141000e+00 
-4.047000e+00 
-3.953000e+00 
-3.858000e+00 
-3.763000e+00 
-3.669000e+00 
-3.575000e+00 
-3.481000e+00 
-3.388000e+00 
-3.295000e+00 
-3.202000e+00 
-3.111000e+00 
-3.020000e+00 
-2.930000e+00 
-2.841000e+00 
-2.753000e+00 
-2.666000e+00 
-2.581000e+00 
-2.498000e+00 
-2.417000e+00 
-2.338000e+00 
-2.263000e+00 
-2.191000e+00 
-2.122000e+00 
-2.059000e+00 
-2.001000e+00 
-1.948000e+00 
-1.902000e+00 
-1.861000e+00 
-1.827000e+00 
-1.800000e+00 
-1.778000e+00 
-1.763000e+00 
-1.753000e+00 
-1.749000e+00 
-1.751000e+00 
-1.757000e+00 
-1.768000e+00 
-1.782000e+00 
-1.801000e+00 
-1.822000e+00 
-1.846000e+00 
-1.872000e+00 
-1.900000e+00 
-1.929000e+00 
-1.960000e+00 
-1.992000e+00 
-2.024000e+00 
-2.057000e+00 
-2.090000e+00 
-2.124000e+00 
-2.159000e+00 
-2.194000e+00 
-2.230000e+00 
-2.266000e+00 
-2.303000e+00 
-2.340000e+00 
-2.376000e+00 
-2.412000e+00 
-2.447000e+00 
-2.481000e+00 
-2.514000e+00 
-2.545000e+00 
-2.575000e+00 
-2.602000e+00 
-2.626000e+00 
-2.647000e+00 
-2.664000e+00 
-2.678000e+00 
-2.688000e+00 
-2.694000e+00 
-2.696000e+00 
-2.693000e+00 
-2.686000e+00 
-2.675000e+00 
-2.660000e+00 
-2.641000e+00 
-2.618000e+00 
-2.590000e+00 
-2.558000e+00 
-2.522000e+00 
-2.480000e+00 
-2.435000e+00 
-2.385000e+00 
-2.330000e+00 
-2.271000e+00 
-2.207000e+00 
-2.139000e+00 
-2.066000e+00 
-1.989000e+00 
-1.908000e+00 
-1.823000e+00 
-1.734000e+00 
-1.641000e+00 
-1.546000e+00 
-1.447000e+00 
-1.346000e+00 
-1.243000e+00 
-1.139000e+00 
-1.033000e+00 
-9.270000e-01 
-8.200000e-01 
-7.130000e-01 
-6.070000e-01 
-5.020000e-01 
-3.980000e-01 
-2.950000e-01 
-1.940000e-01 
-9.500000e-02 
1.000000e-03 
9.500000e-02 
1.860000e-01 
2.730000e-01 
3.580000e-01 
4.380000e-01 
5.150000e-01 
5.870000e-01 
6.550000e-01 
7.170000e-01 
7.750000e-01 
8.280000e-01 
8.760000e-01 
9.190000e-01 
9.560000e-01 
9.880000e-01 
1.015000e+00 
1.036000e+00 
1.053000e+00 
1.065000e+00 
1.073000e+00 
1.076000e+00 
1.075000e+00 
1.070000e+00 
1.061000e+00 
1.048000e+00 
1.031000e+00 
1.012000e+00 
9.890000e-01 
9.630000e-01 
9.330000e-01 
9.010000e-01 
8.670000e-01 
8.300000e-01 
7.910000e-01 
7.500000e-01 
7.080000e-01 
6.640000e-01 
6.200000e-01 
5.760000e-01 
5.310000e-01 
4.870000e-01 
4.430000e-01 
4.000000e-01 
3.580000e-01 
3.180000e-01 
2.790000e-01 
2.420000e-01 
2.070000e-01 
1.750000e-01 
1.450000e-01 
1.170000e-01 
9.300000e-02 
7.100000e-02 
5.200000e-02 
3.600000e-02 
2.300000e-02 
1.400000e-02 
8.000000e-03 
7.000000e-03 
9.000000e-03 
1.600000e-02 
2.800000e-02 
4.400000e-02 
6.500000e-02 
9.100000e-02 
1.220000e-01 
1.580000e-01 
2.000000e-01 
2.460000e-01 
2.980000e-01 
3.550000e-01 
4.160000e-01 
4.820000e-01 
5.530000e-01 
6.270000e-01 
7.060000e-01 
7.880000e-01 
8.730000e-01 
9.600000e-01 
1.050000e+00 
1.141000e+00 
1.234000e+00 
1.328000e+00 
1.423000e+00 
1.517000e+00 
1.612000e+00 
1.706000e+00 
1.799000e+00 
1.891000e+00 
1.982000e+00 
2.071000e+00 
2.158000e+00 
2.243000e+00 
2.326000e+00 
2.407000e+00 
2.484000e+00 
2.559000e+00 
2.630000e+00 
2.697000e+00 
2.759000e+00 
2.817000e+00 
2.870000e+00 
2.917000e+00 
2.958000e+00 
2.993000e+00 
3.021000e+00 
3.042000e+00 
3.056000e+00 
3.063000e+00 
3.063000e+00 
3.055000e+00 
3.041000e+00 
3.020000e+00 
2.992000e+00 
2.958000e+00 
2.918000e+00 
2.872000e+00 
2.820000e+00 
2.764000e+00 
2.702000e+00 
2.635000e+00 
2.564000e+00 
2.489000e+00 
2.409000e+00 
2.326000e+00 
2.238000e+00 
2.147000e+00 
2.053000e+00 
1.956000e+00 
1.856000e+00 
1.754000e+00 
1.650000e+00 
1.544000e+00 
1.438000e+00 
1.331000e+00 
1.224000e+00 
1.117000e+00 
1.012000e+00 
9.080000e-01 
8.060000e-01 
7.070000e-01 
6.110000e-01 
5.180000e-01 
4.290000e-01 
3.430000e-01 
2.620000e-01 
1.860000e-01 
1.140000e-01 
4.700000e-02 
-1.600000e-02 
-7.300000e-02 
-1.250000e-01 
-1.720000e-01 
-2.130000e-01 
-2.490000e-01 
-2.790000e-01 
-3.030000e-01 
-3.200000e-01 
-3.310000e-01 
-3.350000e-01 
-3.320000e-01 
-3.220000e-01 
-3.050000e-01 
-2.800000e-01 
-2.480000e-01 
-2.090000e-01 
-1.630000e-01 
-1.100000e-01 
-5.000000e-02 
1.600000e-02 
8.800000e-02 
1.650000e-01 
2.480000e-01 
3.350000e-01 
4.260000e-01 
5.200000e-01 
6.170000e-01 
7.150000e-01 
8.150000e-01 
9.160000e-01 
1.016000e+00 
1.117000e+00 
1.216000e+00 
1.313000e+00 
1.408000e+00 
1.501000e+00 
1.591000e+00 
1.677000e+00 
1.760000e+00 
1.838000e+00 
1.913000e+00 
1.983000e+00 
2.048000e+00 
2.109000e+00 
2.165000e+00 
2.216000e+00 
2.262000e+00 
2.303000e+00 
2.338000e+00 
2.368000e+00 
2.393000e+00 
2.412000e+00 
2.424000e+00 
2.431000e+00 
2.430000e+00 
2.423000e+00 
2.409000e+00 
2.388000e+00 
2.360000e+00 
2.325000e+00 
2.282000e+00 
2.232000e+00 
2.176000e+00 
2.113000e+00 
2.044000e+00 
1.968000e+00 
1.888000e+00 
1.802000e+00 
1.711000e+00 
1.616000e+00 
1.518000e+00 
1.415000e+00 
1.310000e+00 
1.202000e+00 
1.092000e+00 
9.800000e-01 
8.670000e-01 
7.530000e-01 
6.380000e-01 
5.220000e-01 
4.070000e-01 
2.920000e-01 
1.780000e-01 
6.500000e-02 
-4.700000e-02 
-1.560000e-01 
-2.630000e-01 
-3.680000e-01 
-4.690000e-01 
-5.660000e-01 
-6.600000e-01 
-7.490000e-01 
-8.340000e-01 
-9.130000e-01 
-9.880000e-01 
-1.057000e+00 
-1.120000e+00 
-1.177000e+00 
-1.229000e+00 
-1.274000e+00 
-1.312000e+00 
-1.344000e+00 
-1.369000e+00 
-1.387000e+00 
-1.398000e+00 
-1.401000e+00 
-1.398000e+00 
-1.388000e+00 
-1.370000e+00 
-1.346000e+00 
-1.315000e+00 
-1.277000e+00 
-1.233000e+00 
-1.183000e+00 
-1.127000e+00 
-1.065000e+00 
-9.970000e-01 
-9.250000e-01 
-8.470000e-01 
-7.660000e-01 
-6.790000e-01 
-5.900000e-01 
-4.960000e-01 
-4.000000e-01 
-3.000000e-01 
-1.980000e-01 
-9.300000e-02 
1.300000e-02 
1.200000e-01 
2.280000e-01 
3.370000e-01 
4.450000e-01 
5.520000e-01 
6.570000e-01 
7.610000e-01 
8.610000e-01 
9.590000e-01 
1.053000e+00 
1.143000e+00 
1.228000e+00 
1.308000e+00 
1.383000e+00 
1.452000e+00 
1.515000e+00 
1.572000e+00 
1.622000e+00 
1.665000e+00 
1.702000e+00 
1.731000e+00 
1.753000e+00 
1.767000e+00 
1.775000e+00 
1.775000e+00 
1.768000e+00 
1.753000e+00 
1.732000e+00 
1.704000e+00 
1.669000e+00 
1.629000e+00 
1.582000e+00 
1.529000e+00 
1.470000e+00 
1.406000e+00 
1.338000e+00 
1.264000e+00 
1.187000e+00 
1.105000e+00 
1.020000e+00 
9.310000e-01 
8.400000e-01 
7.460000e-01 
6.510000e-01 
5.550000e-01 
4.580000e-01 
3.610000e-01 
2.640000e-01 
1.670000e-01 
7.200000e-02 
-2.200000e-02 
-1.130000e-01 
-2.010000e-01 
-2.870000e-01 
-3.690000e-01 
-4.470000e-01 
-5.200000e-01 
-5.880000e-01 
-6.500000e-01 
-7.070000e-01 
-7.570000e-01 
-8.010000e-01 
-8.370000e-01 
-8.660000e-01 
-8.880000e-01 
-9.020000e-01 
-9.090000e-01 
-9.080000e-01 
-8.990000e-01 
-8.840000e-01 
-8.610000e-01 
-8.310000e-01 
-7.950000e-01 
-7.530000e-01 
-7.050000e-01 
-6.520000e-01 
-5.940000e-01 
-5.320000e-01 
-4.670000e-01 
-3.980000e-01 
-3.260000e-01 
-2.530000e-01 
-1.770000e-01 
-1.000000e-01 
-2.200000e-02 
5.600000e-02 
1.350000e-01 
2.140000e-01 
2.940000e-01 
3.720000e-01 
4.500000e-01 
5.280000e-01 
6.040000e-01 
6.790000e-01 
7.530000e-01 
8.250000e-01 
8.950000e-01 
9.620000e-01 
1.028000e+00 
1.091000e+00 
1.152000e+00 
1.210000e+00 
1.265000e+00 
1.317000e+00 
1.365000e+00 
1.410000e+00 
1.451000e+00 
1.489000e+00 
1.522000e+00 
1.552000e+00 
1.577000e+00 
1.599000e+00 
1.616000e+00 
1.629000e+00 
1.638000e+00 
1.642000e+00 
1.642000e+00 
1.638000e+00 
1.630000e+00 
1.618000e+00 
1.602000e+00 
1.584000e+00 
1.561000e+00 
1.536000e+00 
1.509000e+00 
1.479000e+00 
1.448000e+00 
1.414000e+00 
1.380000e+00 
1.344000e+00 
1.307000e+00 
1.269000e+00 
1.230000e+00 
1.191000e+00 
1.151000e+00 
1.111000e+00 
1.070000e+00 
1.029000e+00 
9.880000e-01 
9.460000e-01 
9.040000e-01 
8.620000e-01 
8.190000e-01 
7.750000e-01 
7.320000e-01 
6.870000e-01 
6.430000e-01 
5.980000e-01 
5.520000e-01 
5.070000e-01 
4.610000e-01 
4.160000e-01 
3.700000e-01 
3.250000e-01 
2.800000e-01 
2.350000e-01 
1.910000e-01 
1.470000e-01 
1.040000e-01 
6.200000e-02 
2.000000e-02 
-2.100000e-02 
-6.100000e-02 
-1.010000e-01 
-1.400000e-01 
-1.780000e-01 
-2.160000e-01 
-2.530000e-01 
-2.900000e-01 
-3.260000e-01 
-3.610000e-01 
-3.960000e-01 
-4.300000e-01 
-4.630000e-01 
-4.950000e-01 
-5.250000e-01 
-5.540000e-01 
-5.810000e-01 
-6.070000e-01 
-6.320000e-01 
-6.550000e-01 
-6.770000e-01 
-6.980000e-01 
-7.170000e-01 
-7.360000e-01 
-7.530000e-01 
-7.690000e-01 
-7.840000e-01 
-7.980000e-01 
-8.100000e-01 
-8.210000e-01 
-8.310000e-01 
-8.400000e-01 
-8.460000e-01 
-8.520000e-01 
-8.570000e-01 
-8.600000e-01 
-8.610000e-01 
-8.620000e-01 
-8.620000e-01 
-8.600000e-01 
-8.580000e-01 
-8.560000e-01 
-8.530000e-01 
-8.500000e-01 
-8.480000e-01 
-8.460000e-01 
-8.450000e-01 
-8.450000e-01 
-8.470000e-01 
-8.510000e-01 
-8.570000e-01 
-8.650000e-01 
-8.760000e-01 
-8.890000e-01 
-9.050000e-01 
-9.240000e-01 
-9.450000e-01 
-9.690000e-01 
-9.960000e-01 
-1.024000e+00 
-1.055000e+00 
-1.088000e+00 
-1.123000e+00 
-1.159000e+00 
-1.197000e+00 
-1.236000e+00 
-1.276000e+00 
-1.317000e+00 
-1.359000e+00 
-1.402000e+00 
-1.446000e+00 
-1.491000e+00 
-1.536000e+00 
-1.583000e+00 
-1.629000e+00 
-1.676000e+00 
-1.723000e+00 
-1.770000e+00 
-1.816000e+00 
-1.862000e+00 
-1.906000e+00 
-1.950000e+00 
-1.992000e+00 
-2.033000e+00 
-2.072000e+00 
-2.110000e+00 
-2.144000e+00 
-2.177000e+00 
-2.206000e+00 
-2.233000e+00 
-2.257000e+00 
-2.277000e+00 
-2.294000e+00 
-2.307000e+00 
-2.317000e+00 
-2.322000e+00 
-2.324000e+00 
-2.321000e+00 
-2.313000e+00 
-2.302000e+00 
-2.285000e+00 
-2.264000e+00 
-2.238000e+00 
-2.207000e+00 
-2.172000e+00 
-2.133000e+00 
-2.089000e+00 
-2.042000e+00 
-1.991000e+00 
-1.937000e+00 
-1.880000e+00 
-1.821000e+00 
-1.760000e+00 
-1.697000e+00 
-1.632000e+00 
-1.566000e+00 
-1.499000e+00 
-1.432000e+00 
-1.364000e+00 
-1.296000e+00 
-1.227000e+00 
-1.158000e+00 
-1.090000e+00 
-1.022000e+00 
-9.540000e-01 
-8.870000e-01 
-8.200000e-01 
-7.540000e-01 
-6.900000e-01 
-6.270000e-01 
-5.650000e-01 
-5.050000e-01 
-4.470000e-01 
-3.920000e-01 
-3.390000e-01 
-2.900000e-01 
-2.440000e-01 
-2.020000e-01 
-1.630000e-01 
-1.300000e-01 
-1.010000e-01 
-7.600000e-02 
-5.700000e-02 
-4.300000e-02 
-3.500000e-02 
-3.200000e-02 
-3.400000e-02 
-4.100000e-02 
-5.400000e-02 
-7.200000e-02 
-9.400000e-02 
-1.210000e-01 
-1.530000e-01 
-1.890000e-01 
-2.290000e-01 
-2.720000e-01 
-3.190000e-01 
-3.700000e-01 
-4.220000e-01 
-4.770000e-01 
-5.340000e-01 
-5.920000e-01 
-6.520000e-01 
-7.120000e-01 
-7.720000e-01 
-8.330000e-01 
-8.940000e-01 
-9.550000e-01 
-1.014000e+00 
-1.073000e+00 
-1.131000e+00 
-1.188000e+00 
-1.244000e+00 
-1.298000e+00 
-1.351000e+00 
-1.402000e+00 
-1.452000e+00 
-1.500000e+00 
-1.546000e+00 
-1.591000e+00 
-1.633000e+00 
-1.672000e+00 
-1.709000e+00 
-1.742000e+00 
-1.772000e+00 
-1.798000e+00 
-1.821000e+00 
-1.839000e+00 
-1.852000e+00 
-1.860000e+00 
-1.862000e+00 
-1.858000e+00 
-1.848000e+00 
-1.832000e+00 
-1.809000e+00 
-1.780000e+00 
-1.744000e+00 
-1.701000e+00 
-1.653000e+00 
-1.597000e+00 
-1.537000e+00 
-1.470000e+00 
-1.398000e+00 
-1.322000e+00 
-1.241000e+00 
-1.157000e+00 
-1.069000e+00 
-9.780000e-01 
-8.840000e-01 
-7.880000e-01 
-6.900000e-01 
-5.900000e-01 
-4.900000e-01 
-3.880000e-01 
-2.850000e-01 
-1.820000e-01 
-7.900000e-02 
2.300000e-02 
1.250000e-01 
2.260000e-01 
3.270000e-01 
4.250000e-01 
5.220000e-01 
6.170000e-01 
7.100000e-01 
7.990000e-01 
8.860000e-01 
9.690000e-01 
1.047000e+00 
1.122000e+00 
1.191000e+00 
1.256000e+00 
1.314000e+00 
1.367000e+00 
1.412000e+00 
1.451000e+00 
1.482000e+00 
1.505000e+00 
1.521000e+00 
1.529000e+00 
1.528000e+00 
1.519000e+00 
1.502000e+00 
1.477000e+00 
1.444000e+00 
1.404000e+00 
1.356000e+00 
1.302000e+00 
1.241000e+00 
1.175000e+00 
1.103000e+00 
1.026000e+00 
9.450000e-01 
8.590000e-01 
7.700000e-01 
6.770000e-01 
5.820000e-01 
4.840000e-01 
3.850000e-01 
2.840000e-01 
1.820000e-01 
8.000000e-02 
-2.300000e-02 
-1.240000e-01 
-2.240000e-01 
-3.230000e-01 
-4.210000e-01 
-5.150000e-01 
-6.070000e-01 
-6.960000e-01 
-7.820000e-01 
-8.630000e-01 
-9.410000e-01 
-1.013000e+00 
-1.081000e+00 
-1.144000e+00 
-1.201000e+00 
-1.251000e+00 
-1.294000e+00 
-1.331000e+00 
-1.359000e+00 
-1.379000e+00 
-1.391000e+00 
-1.393000e+00 
-1.386000e+00 
-1.370000e+00 
-1.344000e+00 
-1.309000e+00 
-1.265000e+00 
-1.212000e+00 
-1.149000e+00 
-1.079000e+00 
-1 
-9.130000e-01 
-8.190000e-01 
-7.190000e-01 
-6.120000e-01 
-4.990000e-01 
-3.810000e-01 
-2.590000e-01 
-1.330000e-01 
-2.000000e-03 
1.310000e-01 
2.670000e-01 
4.050000e-01 
5.440000e-01 
6.850000e-01 
8.260000e-01 
9.670000e-01 
1.107000e+00 
1.247000e+00 
1.385000e+00 
1.522000e+00 
1.656000e+00 
1.788000e+00 
1.918000e+00 
2.043000e+00 
2.165000e+00 
2.284000e+00 
2.397000e+00 
2.506000e+00 
2.610000e+00 
2.708000e+00 
2.799000e+00 
2.884000e+00 
2.962000e+00 
3.033000e+00 
3.095000e+00 
3.150000e+00 
3.196000e+00 
3.234000e+00 
3.263000e+00 
3.282000e+00 
3.293000e+00 
3.295000e+00 
3.289000e+00 
3.273000e+00 
3.250000e+00 
3.219000e+00 
3.181000e+00 
3.136000e+00 
3.085000e+00 
3.027000e+00 
2.964000e+00 
2.896000e+00 
2.824000e+00 
2.747000e+00 
2.666000e+00 
2.582000e+00 
2.496000e+00 
2.407000e+00 
2.316000e+00 
2.223000e+00 
2.129000e+00 
2.036000e+00 
1.942000e+00 
1.848000e+00 
1.756000e+00 
1.665000e+00 
1.575000e+00 
1.488000e+00 
1.403000e+00 
1.320000e+00 
1.240000e+00 
1.162000e+00 
1.088000e+00 
1.015000e+00 
9.460000e-01 
8.790000e-01 
8.140000e-01 
7.520000e-01 
6.910000e-01 
6.330000e-01 
5.770000e-01 
5.240000e-01 
4.720000e-01 
4.240000e-01 
3.770000e-01 
3.340000e-01 
2.940000e-01 
2.580000e-01 
2.250000e-01 
1.960000e-01 
1.720000e-01 
1.520000e-01 
1.370000e-01 
1.260000e-01 
1.200000e-01 
1.190000e-01 
1.230000e-01 
1.320000e-01 
1.440000e-01 
1.610000e-01 
1.810000e-01 
2.050000e-01 
2.310000e-01 
2.600000e-01 
2.920000e-01 
3.250000e-01 
3.610000e-01 
3.970000e-01 
4.350000e-01 
4.730000e-01 
5.130000e-01 
5.520000e-01 
5.930000e-01 
6.330000e-01 
6.730000e-01 
7.140000e-01 
7.540000e-01 
7.930000e-01 
8.330000e-01 
8.720000e-01 
9.100000e-01 
9.470000e-01 
9.830000e-01 
1.018000e+00 
1.052000e+00 
1.083000e+00 
1.113000e+00 
1.140000e+00 
1.164000e+00 
1.185000e+00 
1.203000e+00 
1.217000e+00 
1.228000e+00 
1.235000e+00 
1.238000e+00 
1.236000e+00 
1.230000e+00 
1.219000e+00 
1.204000e+00 
1.183000e+00 
1.158000e+00 
1.129000e+00 
1.095000e+00 
1.057000e+00 
1.015000e+00 
9.690000e-01 
9.200000e-01 
8.670000e-01 
8.110000e-01 
7.520000e-01 
6.910000e-01 
6.270000e-01 
5.610000e-01 
4.920000e-01 
4.220000e-01 
3.510000e-01 
2.780000e-01 
2.040000e-01 
1.300000e-01 
5.500000e-02 
-2.000000e-02 
-9.500000e-02 
-1.690000e-01 
-2.430000e-01 
-3.160000e-01 
-3.870000e-01 
-4.570000e-01 
-5.250000e-01 
-5.900000e-01 
-6.530000e-01 
-7.130000e-01 
-7.700000e-01 
-8.230000e-01 
-8.730000e-01 
-9.190000e-01 
-9.610000e-01 
-9.990000e-01 
-1.033000e+00 
-1.062000e+00 
-1.087000e+00 
-1.107000e+00 
-1.122000e+00 
-1.133000e+00 
-1.138000e+00 
-1.139000e+00 
-1.134000e+00 
-1.125000e+00 
-1.110000e+00 
-1.091000e+00 
-1.067000e+00 
-1.039000e+00 
-1.006000e+00 
-9.690000e-01 
-9.270000e-01 
-8.820000e-01 
-8.340000e-01 
-7.820000e-01 
-7.270000e-01 
-6.700000e-01 
-6.110000e-01 
-5.510000e-01 
-4.890000e-01 
-4.260000e-01 
-3.630000e-01 
-3.000000e-01 
-2.370000e-01 
-1.740000e-01 
-1.130000e-01 
-5.200000e-02 
6.000000e-03 
6.300000e-02 
1.180000e-01 
1.710000e-01 
2.220000e-01 
2.700000e-01 
3.150000e-01 
3.580000e-01 
3.970000e-01 
4.330000e-01 
4.660000e-01 
4.960000e-01 
5.210000e-01 
5.430000e-01 
5.620000e-01 
5.760000e-01 
5.870000e-01 
5.930000e-01 
5.960000e-01 
5.950000e-01 
5.900000e-01 
5.820000e-01 
5.700000e-01 
5.550000e-01 
5.360000e-01 
5.140000e-01 
4.890000e-01 
4.610000e-01 
4.290000e-01 
3.960000e-01 
3.590000e-01 
3.210000e-01 
2.810000e-01 
2.400000e-01 
1.970000e-01 
1.540000e-01 
1.100000e-01 
6.500000e-02 
2.100000e-02 
-2.300000e-02 
-6.600000e-02 
-1.090000e-01 
-1.500000e-01 
-1.900000e-01 
-2.280000e-01 
-2.640000e-01 
-2.980000e-01 
-3.290000e-01 
-3.580000e-01 
-3.840000e-01 
-4.070000e-01 
-4.280000e-01 
-4.450000e-01 
-4.600000e-01 
-4.710000e-01 
-4.790000e-01 
-4.830000e-01 
-4.840000e-01 
-4.830000e-01 
-4.770000e-01 
-4.690000e-01 
-4.580000e-01 
-4.430000e-01 
-4.260000e-01 
-4.060000e-01 
-3.830000e-01 
-3.580000e-01 
-3.300000e-01 
-3.000000e-01 
-2.680000e-01 
-2.340000e-01 
-1.990000e-01 
-1.620000e-01 
-1.230000e-01 
-8.400000e-02 
-4.300000e-02 
-2.000000e-03 
4.000000e-02 
8.300000e-02 
1.260000e-01 
1.700000e-01 
2.130000e-01 
2.570000e-01 
3.010000e-01 
3.450000e-01 
3.890000e-01 
4.330000e-01 
4.760000e-01 
5.180000e-01 
5.590000e-01 
5.990000e-01 
6.380000e-01 
6.740000e-01 
7.090000e-01 
7.420000e-01 
7.720000e-01 
7.990000e-01 
8.240000e-01 
8.450000e-01 
8.630000e-01 
8.770000e-01 
8.870000e-01 
8.950000e-01 
8.980000e-01 
8.970000e-01 
8.930000e-01 
8.860000e-01 
8.750000e-01 
8.610000e-01 
8.430000e-01 
8.230000e-01 
8.000000e-01 
7.750000e-01 
7.470000e-01 
7.180000e-01 
6.870000e-01 
6.540000e-01 
6.200000e-01 
5.850000e-01 
5.490000e-01 
5.130000e-01 
4.760000e-01 
4.380000e-01 
4.000000e-01 
3.610000e-01 
3.220000e-01 
2.830000e-01 
2.440000e-01 
2.040000e-01 
1.640000e-01 
1.250000e-01 
8.500000e-02 
4.500000e-02 
6.000000e-03 
-3.300000e-02 
-7.200000e-02 
-1.090000e-01 
-1.460000e-01 
-1.810000e-01 
-2.140000e-01 
-2.460000e-01 
-2.760000e-01 
-3.040000e-01 
-3.290000e-01 
-3.520000e-01 
-3.730000e-01 
-3.900000e-01 
-4.040000e-01 
-4.160000e-01 
-4.260000e-01 
-4.320000e-01 
-4.370000e-01 
-4.390000e-01 
-4.390000e-01 
-4.370000e-01 
-4.340000e-01 
-4.290000e-01 
-4.240000e-01 
-4.170000e-01 
-4.090000e-01 
-4.010000e-01 
-3.930000e-01 
-3.840000e-01 
-3.750000e-01 
-3.650000e-01 
-3.560000e-01 
-3.470000e-01 
-3.380000e-01 
-3.290000e-01 
-3.210000e-01 
-3.130000e-01 
-3.050000e-01 
-2.980000e-01 
-2.920000e-01 
-2.870000e-01 
-2.820000e-01 
-2.780000e-01 
-2.750000e-01 
-2.740000e-01 
-2.730000e-01 
-2.740000e-01 
-2.760000e-01 
-2.810000e-01 
-2.870000e-01 
-2.940000e-01 
-3.040000e-01 
-3.150000e-01 
-3.280000e-01 
-3.430000e-01 
-3.590000e-01 
-3.770000e-01 
-3.970000e-01 
-4.180000e-01 
-4.400000e-01 
-4.630000e-01 
-4.870000e-01 
-5.130000e-01 
-5.390000e-01 
-5.650000e-01 
-5.920000e-01 
-6.200000e-01 
-6.490000e-01 
-6.770000e-01 
-7.060000e-01 
-7.360000e-01 
-7.650000e-01 
-7.950000e-01 
-8.240000e-01 
-8.540000e-01 
-8.830000e-01 
-9.110000e-01 
-9.400000e-01 
-9.670000e-01 
-9.930000e-01 
-1.019000e+00 
-1.043000e+00 
-1.066000e+00 
-1.087000e+00 
-1.107000e+00 
-1.125000e+00 
-1.141000e+00 
-1.156000e+00 
-1.168000e+00 
-1.179000e+00 
-1.188000e+00 
-1.196000e+00 
-1.202000e+00 
-1.206000e+00 
-1.209000e+00 
-1.211000e+00 
-1.212000e+00 
-1.213000e+00 
-1.212000e+00 
-1.212000e+00 
-1.211000e+00 
-1.209000e+00 
-1.208000e+00 
-1.206000e+00 
-1.205000e+00 
-1.204000e+00 
-1.204000e+00 
-1.204000e+00 
-1.205000e+00 
-1.207000e+00 
-1.209000e+00 
-1.213000e+00 
-1.218000e+00 
-1.224000e+00 
-1.231000e+00 
-1.240000e+00 
-1.250000e+00 
-1.262000e+00 
-1.276000e+00 
-1.292000e+00 
-1.309000e+00 
-1.329000e+00 
-1.350000e+00 
-1.374000e+00 
-1.400000e+00 
-1.428000e+00 
-1.458000e+00 
-1.490000e+00 
-1.524000e+00 
-1.560000e+00 
-1.598000e+00 
-1.637000e+00 
-1.678000e+00 
-1.721000e+00 
-1.764000e+00 
-1.808000e+00 
-1.854000e+00 
-1.899000e+00 
-1.945000e+00 
-1.990000e+00 
-2.036000e+00 
-2.082000e+00 
-2.126000e+00 
-2.171000e+00 
-2.215000e+00 
-2.258000e+00 
-2.300000e+00 
-2.342000e+00 
-2.383000e+00 
-2.423000e+00 
-2.462000e+00 
-2.501000e+00 
-2.538000e+00 
-2.575000e+00 
-2.611000e+00 
-2.646000e+00 
-2.679000e+00 
-2.712000e+00 
-2.742000e+00 
-2.771000e+00 
-2.798000e+00 
-2.822000e+00 
-2.844000e+00 
-2.863000e+00 
-2.879000e+00 
-2.892000e+00 
-2.900000e+00 
-2.905000e+00 
-2.906000e+00 
-2.902000e+00 
-2.894000e+00 
-2.882000e+00 
-2.865000e+00 
-2.843000e+00 
-2.817000e+00 
-2.788000e+00 
-2.754000e+00 
-2.716000e+00 
-2.675000e+00 
-2.630000e+00 
-2.583000e+00 
-2.532000e+00 
-2.478000e+00 
-2.422000e+00 
-2.363000e+00 
-2.302000e+00 
-2.238000e+00 
-2.172000e+00 
-2.103000e+00 
-2.033000e+00 
-1.960000e+00 
-1.886000e+00 
-1.810000e+00 
-1.732000e+00 
-1.652000e+00 
-1.570000e+00 
-1.488000e+00 
-1.403000e+00 
-1.318000e+00 
-1.231000e+00 
-1.144000e+00 
-1.055000e+00 
-9.660000e-01 
-8.760000e-01 
-7.860000e-01 
-6.960000e-01 
-6.050000e-01 
-5.150000e-01 
-4.260000e-01 
-3.370000e-01 
-2.490000e-01 
-1.620000e-01 
-7.700000e-02 
7.000000e-03 
9.000000e-02 
1.700000e-01 
2.480000e-01 
3.240000e-01 
3.970000e-01 
4.680000e-01 
5.360000e-01 
6.010000e-01 
6.630000e-01 
7.230000e-01 
7.790000e-01 
8.320000e-01 
8.820000e-01 
9.280000e-01 
9.720000e-01 
1.013000e+00 
1.050000e+00 
1.085000e+00 
1.116000e+00 
1.145000e+00 
1.171000e+00 
1.194000e+00 
1.215000e+00 
1.233000e+00 
1.249000e+00 
1.262000e+00 
1.274000e+00 
1.283000e+00 
1.290000e+00 
1.295000e+00 
1.299000e+00 
1.301000e+00 
1.302000e+00 
1.301000e+00 
1.299000e+00 
1.297000e+00 
1.293000e+00 
1.289000e+00 
1.284000e+00 
1.279000e+00 
1.273000e+00 
1.267000e+00 
1.260000e+00 
1.254000e+00 
1.248000e+00 
1.241000e+00 
1.235000e+00 
1.230000e+00 
1.224000e+00 
1.220000e+00 
1.217000e+00 
1.214000e+00 
1.214000e+00 
1.214000e+00 
1.217000e+00 
1.221000e+00 
1.228000e+00 
1.237000e+00 
1.249000e+00 
1.263000e+00 
1.280000e+00 
1.299000e+00 
1.321000e+00 
1.345000e+00 
1.372000e+00 
1.402000e+00 
1.433000e+00 
1.467000e+00 
1.502000e+00 
1.540000e+00 
1.579000e+00 
1.619000e+00 
1.660000e+00 
1.702000e+00 
1.746000e+00 
1.790000e+00 
1.834000e+00 
1.879000e+00 
1.924000e+00 
1.970000e+00 
2.015000e+00 
2.060000e+00 
2.105000e+00 
2.149000e+00 
2.194000e+00 
2.237000e+00 
2.280000e+00 
2.321000e+00 
2.362000e+00 
2.401000e+00 
2.440000e+00 
2.476000e+00 
2.511000e+00 
2.545000e+00 
2.576000e+00 
2.605000e+00 
2.632000e+00 
2.657000e+00 
2.679000e+00 
2.698000e+00 
2.715000e+00 
2.729000e+00 
2.740000e+00 
2.749000e+00 
2.754000e+00 
2.756000e+00 
2.755000e+00 
2.751000e+00 
2.744000e+00 
2.734000e+00 
2.721000e+00 
2.705000e+00 
2.686000e+00 
2.664000e+00 
2.639000e+00 
2.611000e+00 
2.581000e+00 
2.548000e+00 
2.513000e+00 
2.476000e+00 
2.438000e+00 
2.397000e+00 
2.354000e+00 
2.310000e+00 
2.265000e+00 
2.219000e+00 
2.171000e+00 
2.122000e+00 
2.072000e+00 
2.022000e+00 
1.971000e+00 
1.919000e+00 
1.867000e+00 
1.814000e+00 
1.761000e+00 
1.707000e+00 
1.654000e+00 
1.601000e+00 
1.548000e+00 
1.495000e+00 
1.443000e+00 
1.391000e+00 
1.340000e+00 
1.289000e+00 
1.240000e+00 
1.191000e+00 
1.143000e+00 
1.097000e+00 
1.051000e+00 
1.007000e+00 
9.650000e-01 
9.230000e-01 
8.830000e-01 
8.440000e-01 
8.070000e-01 
7.720000e-01 
7.380000e-01 
7.050000e-01 
6.750000e-01 
6.460000e-01 
6.180000e-01 
5.920000e-01 
5.680000e-01 
5.450000e-01 
5.230000e-01 
5.020000e-01 
4.830000e-01 
4.650000e-01 
4.480000e-01 
4.330000e-01 
4.190000e-01 
4.050000e-01 
3.930000e-01 
3.830000e-01 
3.730000e-01 
3.650000e-01 
3.590000e-01 
3.540000e-01 
3.500000e-01 
3.480000e-01 
3.470000e-01 
3.480000e-01 
3.500000e-01 
3.520000e-01 
3.560000e-01 
3.610000e-01 
3.660000e-01 
3.710000e-01 
3.750000e-01 
3.800000e-01 
3.840000e-01 
3.870000e-01 
3.890000e-01 
3.910000e-01 
3.910000e-01 
3.900000e-01 
3.890000e-01 
3.860000e-01 
3.820000e-01 
3.780000e-01 
3.730000e-01 
3.670000e-01 
3.610000e-01 
3.530000e-01 
3.450000e-01 
3.360000e-01 
3.250000e-01 
3.140000e-01 
3.010000e-01 
2.860000e-01 
2.710000e-01 
2.530000e-01 
2.330000e-01 
2.120000e-01 
1.880000e-01 
1.620000e-01 
1.340000e-01 
1.040000e-01 
7.100000e-02 
3.600000e-02 
-1.000000e-03 
-4.000000e-02 
-8.000000e-02 
-1.220000e-01 
-1.660000e-01 
-2.110000e-01 
-2.570000e-01 
-3.040000e-01 
-3.520000e-01 
-4.000000e-01 
-4.500000e-01 
-4.990000e-01 
-5.490000e-01 
-5.980000e-01 
-6.480000e-01 
-6.970000e-01 
-7.460000e-01 
-7.950000e-01 
-8.440000e-01 
-8.920000e-01 
-9.400000e-01 
-9.880000e-01 
-1.035000e+00 
-1.082000e+00 
-1.128000e+00 
-1.174000e+00 
-1.220000e+00 
-1.264000e+00 
-1.308000e+00 
-1.351000e+00 
-1.393000e+00 
-1.433000e+00 
-1.471000e+00 
-1.508000e+00 
-1.542000e+00 
-1.574000e+00 
-1.603000e+00 
-1.629000e+00 
-1.652000e+00 
-1.671000e+00 
-1.688000e+00 
-1.700000e+00 
-1.710000e+00 
-1.715000e+00 
-1.717000e+00 
-1.716000e+00 
-1.712000e+00 
-1.705000e+00 
-1.695000e+00 
-1.683000e+00 
-1.668000e+00 
-1.652000e+00 
-1.633000e+00 
-1.612000e+00 
-1.589000e+00 
-1.565000e+00 
-1.539000e+00 
-1.512000e+00 
-1.482000e+00 
-1.452000e+00 
-1.420000e+00 
-1.387000e+00 
-1.352000e+00 
-1.316000e+00 
-1.279000e+00 
-1.242000e+00 
-1.204000e+00 
-1.165000e+00 
-1.126000e+00 
-1.087000e+00 
-1.049000e+00 
-1.010000e+00 
-9.730000e-01 
-9.360000e-01 
-9.000000e-01 
-8.650000e-01 
-8.300000e-01 
-7.970000e-01 
-7.660000e-01 
-7.350000e-01 
-7.060000e-01 
-6.780000e-01 
-6.520000e-01 
-6.270000e-01 
-6.040000e-01 
-5.820000e-01 
-5.620000e-01 
-5.430000e-01 
-5.260000e-01 
-5.110000e-01 
-4.970000e-01 
-4.840000e-01 
-4.730000e-01 
-4.630000e-01 
-4.550000e-01 
-4.480000e-01 
-4.430000e-01 
-4.390000e-01 
-4.370000e-01 
-4.360000e-01 
-4.370000e-01 
-4.400000e-01 
-4.440000e-01 
-4.500000e-01 
-4.580000e-01 
-4.670000e-01 
-4.770000e-01 
-4.900000e-01 
-5.040000e-01 
-5.200000e-01 
-5.380000e-01 
-5.570000e-01 
-5.780000e-01 
-6.000000e-01 
-6.240000e-01 
-6.480000e-01 
-6.740000e-01 
-7.010000e-01 
-7.280000e-01 
-7.570000e-01 
-7.850000e-01 
-8.150000e-01 
-8.450000e-01 
-8.750000e-01 
-9.050000e-01 
-9.340000e-01 
-9.640000e-01 
-9.930000e-01 
-1.023000e+00 
-1.051000e+00 
-1.079000e+00 
-1.107000e+00 
-1.133000e+00 
-1.159000e+00 
-1.183000e+00 
-1.207000e+00 
-1.229000e+00 
-1.250000e+00 
-1.269000e+00 
-1.286000e+00 
-1.302000e+00 
-1.315000e+00 
-1.327000e+00 
-1.335000e+00 
-1.342000e+00 
-1.345000e+00 
-1.344000e+00 
-1.341000e+00 
-1.334000e+00 
-1.323000e+00 
-1.308000e+00 
-1.289000e+00 
-1.267000e+00 
-1.240000e+00 
-1.209000e+00 
-1.174000e+00 
-1.135000e+00 
-1.092000e+00 
-1.044000e+00 
-9.930000e-01 
-9.380000e-01 
-8.790000e-01 
-8.160000e-01 
-7.510000e-01 
-6.830000e-01 
-6.120000e-01 
-5.390000e-01 
-4.640000e-01 
-3.870000e-01 
-3.080000e-01 
-2.270000e-01 
-1.460000e-01 
-6.500000e-02 
1.700000e-02 
9.900000e-02 
1.800000e-01 
2.610000e-01 
3.410000e-01 
4.200000e-01 
4.980000e-01 
5.740000e-01 
6.480000e-01 
7.190000e-01 
7.880000e-01 
8.550000e-01 
9.180000e-01 
9.780000e-01 
1.034000e+00 
1.086000e+00 
1.134000e+00 
1.177000e+00 
1.216000e+00 
1.250000e+00 
1.280000e+00 
1.304000e+00 
1.324000e+00 
1.339000e+00 
1.349000e+00 
1.355000e+00 
1.355000e+00 
1.351000e+00 
1.342000e+00 
1.328000e+00 
1.310000e+00 
1.287000e+00 
1.260000e+00 
1.229000e+00 
1.194000e+00 
1.155000e+00 
1.112000e+00 
1.067000e+00 
1.019000e+00 
9.680000e-01 
9.160000e-01 
8.610000e-01 
8.060000e-01 
7.500000e-01 
6.930000e-01 
6.370000e-01 
5.800000e-01 
5.240000e-01 
4.690000e-01 
4.150000e-01 
3.630000e-01 
3.130000e-01 
2.650000e-01 
2.190000e-01 
1.760000e-01 
1.350000e-01 
9.700000e-02 
6.200000e-02 
3.000000e-02 
1.000000e-03 
-2.400000e-02 
-4.600000e-02 
-6.500000e-02 
-8.000000e-02 
-9.000000e-02 
-9.700000e-02 
-1.000000e-01 
-9.800000e-02 
-9.100000e-02 
-8.100000e-02 
-6.600000e-02 
-4.600000e-02 
-2.200000e-02 
6.000000e-03 
3.800000e-02 
7.400000e-02 
1.140000e-01 
1.560000e-01 
2.010000e-01 
2.490000e-01 
2.980000e-01 
3.490000e-01 
4.010000e-01 
4.540000e-01 
5.070000e-01 
5.610000e-01 
6.140000e-01 
6.670000e-01 
7.180000e-01 
7.690000e-01 
8.180000e-01 
8.660000e-01 
9.120000e-01 
9.560000e-01 
9.980000e-01 
1.038000e+00 
1.076000e+00 
1.112000e+00 
1.146000e+00 
1.177000e+00 
1.205000e+00 
1.232000e+00 
1.256000e+00 
1.277000e+00 
1.296000e+00 
1.312000e+00 
1.325000e+00 
1.336000e+00 
1.344000e+00 
1.349000e+00 
1.351000e+00 
1.351000e+00 
1.348000e+00 
1.342000e+00 
1.334000e+00 
1.322000e+00 
1.309000e+00 
1.292000e+00 
1.274000e+00 
1.253000e+00 
1.231000e+00 
1.207000e+00 
1.182000e+00 
1.155000e+00 
1.128000e+00 
1.100000e+00 
1.071000e+00 
1.043000e+00 
1.015000e+00 
9.880000e-01 
9.610000e-01 
9.360000e-01 
9.120000e-01 
8.890000e-01 
8.680000e-01 
8.490000e-01 
8.310000e-01 
8.150000e-01 
8.010000e-01 
7.890000e-01 
7.780000e-01 
7.690000e-01 
7.620000e-01 
7.560000e-01 
7.520000e-01 
7.500000e-01 
7.500000e-01 
7.510000e-01 
7.530000e-01 
7.570000e-01 
7.630000e-01 
7.700000e-01 
7.780000e-01 
7.870000e-01 
7.980000e-01 
8.090000e-01 
8.220000e-01 
8.350000e-01 
8.490000e-01 
8.640000e-01 
8.790000e-01 
8.950000e-01 
9.110000e-01 
9.270000e-01 
9.430000e-01 
9.600000e-01 
9.750000e-01 
9.910000e-01 
1.007000e+00 
1.022000e+00 
1.037000e+00 
1.052000e+00 
1.066000e+00 
1.080000e+00 
1.094000e+00 
1.107000e+00 
1.120000e+00 
1.133000e+00 
1.146000e+00 
1.159000e+00 
1.171000e+00 
1.183000e+00 
1.194000e+00 
1.205000e+00 
1.215000e+00 
1.224000e+00 
1.233000e+00 
1.239000e+00 
1.245000e+00 
1.248000e+00 
1.251000e+00 
1.251000e+00 
1.250000e+00 
1.248000e+00 
1.244000e+00 
1.239000e+00 
1.232000e+00 
1.225000e+00 
1.217000e+00 
1.208000e+00 
1.198000e+00 
1.188000e+00 
1.177000e+00 
1.167000e+00 
1.156000e+00 
1.146000e+00 
1.137000e+00 
1.128000e+00 
1.119000e+00 
1.110000e+00 
1.100000e+00 
1.091000e+00 
1.080000e+00 
1.069000e+00 
1.058000e+00 
1.045000e+00 
1.031000e+00 
1.016000e+00 
9.990000e-01 
9.810000e-01 
9.610000e-01 
9.390000e-01 
9.160000e-01 
8.910000e-01 
8.650000e-01 
8.380000e-01 
8.100000e-01 
7.810000e-01 
7.520000e-01 
7.210000e-01 
6.890000e-01 
6.570000e-01 
6.240000e-01 
5.890000e-01 
5.530000e-01 
5.160000e-01 
4.780000e-01 
4.390000e-01 
3.990000e-01 
3.570000e-01 
3.150000e-01 
2.710000e-01 
2.260000e-01 
1.800000e-01 
1.330000e-01 
8.600000e-02 
3.700000e-02 
-1.200000e-02 
-6.100000e-02 
-1.110000e-01 
-1.600000e-01 
-2.100000e-01 
-2.600000e-01 
-3.090000e-01 
-3.580000e-01 
-4.050000e-01 
-4.510000e-01 
-4.960000e-01 
-5.400000e-01 
-5.830000e-01 
-6.240000e-01 
-6.640000e-01 
-7.040000e-01 
-7.420000e-01 
-7.800000e-01 
-8.170000e-01 
-8.530000e-01 
-8.880000e-01 
-9.220000e-01 
-9.550000e-01 
-9.870000e-01 
-1.018000e+00 
-1.049000e+00 
-1.078000e+00 
-1.106000e+00 
-1.132000e+00 
-1.158000e+00 
-1.182000e+00 
-1.205000e+00 
-1.226000e+00 
-1.245000e+00 
-1.262000e+00 
-1.276000e+00 
-1.289000e+00 
-1.300000e+00 
-1.309000e+00 
-1.316000e+00 
-1.322000e+00 
-1.326000e+00 
-1.329000e+00 
-1.331000e+00 
-1.332000e+00 
-1.331000e+00 
-1.331000e+00 
-1.329000e+00 
-1.328000e+00 
-1.326000e+00 
-1.324000e+00 
-1.323000e+00 
-1.322000e+00 
-1.321000e+00 
-1.320000e+00 
-1.320000e+00 
-1.320000e+00 
-1.319000e+00 
-1.319000e+00 
-1.319000e+00 
-1.319000e+00 
-1.319000e+00 
-1.318000e+00 
-1.318000e+00 
-1.318000e+00 
-1.318000e+00 
-1.318000e+00 
-1.319000e+00 
-1.320000e+00 
-1.322000e+00 
-1.325000e+00 
-1.330000e+00 
-1.335000e+00 
-1.341000e+00 
-1.349000e+00 
-1.359000e+00 
-1.370000e+00 
-1.384000e+00 
-1.399000e+00 
-1.416000e+00 
-1.435000e+00 
-1.456000e+00 
-1.478000e+00 
-1.502000e+00 
-1.528000e+00 
-1.555000e+00 
-1.583000e+00 
-1.612000e+00 
-1.642000e+00 
-1.673000e+00 
-1.704000e+00 
-1.737000e+00 
-1.770000e+00 
-1.803000e+00 
-1.837000e+00 
-1.872000e+00 
-1.907000e+00 
-1.943000e+00 
-1.979000e+00 
-2.015000e+00 
-2.052000e+00 
-2.089000e+00 
-2.126000e+00 
-2.163000e+00 
-2.200000e+00 
-2.237000e+00 
-2.272000e+00 
-2.307000e+00 
-2.340000e+00 
-2.372000e+00 
-2.402000e+00 
-2.430000e+00 
-2.456000e+00 
-2.479000e+00 
-2.499000e+00 
-2.515000e+00 
-2.529000e+00 
-2.539000e+00 
-2.545000e+00 
-2.548000e+00 
-2.546000e+00 
-2.542000e+00 
-2.533000e+00 
-2.521000e+00 
-2.505000e+00 
-2.486000e+00 
-2.464000e+00 
-2.438000e+00 
-2.409000e+00 
-2.378000e+00 
-2.343000e+00 
-2.306000e+00 
-2.267000e+00 
-2.225000e+00 
-2.180000e+00 
-2.134000e+00 
-2.085000e+00 
-2.034000e+00 
-1.982000e+00 
-1.927000e+00 
-1.870000e+00 
-1.812000e+00 
-1.752000e+00 
-1.691000e+00 
-1.628000e+00 
-1.565000e+00 
-1.502000e+00 
-1.438000e+00 
-1.374000e+00 
-1.311000e+00 
-1.248000e+00 
-1.186000e+00 
-1.125000e+00 
-1.066000e+00 
-1.008000e+00 
-9.530000e-01 
-8.990000e-01 
-8.480000e-01 
-8.000000e-01 
-7.540000e-01 
-7.100000e-01 
-6.700000e-01 
-6.320000e-01 
-5.970000e-01 
-5.650000e-01 
-5.350000e-01 
-5.090000e-01 
-4.850000e-01 
-4.640000e-01 
-4.460000e-01 
-4.310000e-01 
-4.180000e-01 
-4.080000e-01 
-4.010000e-01 
-3.980000e-01 
-3.980000e-01 
-4.010000e-01 
-4.070000e-01 
-4.170000e-01 
-4.300000e-01 
-4.460000e-01 
-4.660000e-01 
-4.890000e-01 
-5.150000e-01 
-5.430000e-01 
-5.750000e-01 
-6.090000e-01 
-6.460000e-01 
-6.840000e-01 
-7.240000e-01 
-7.650000e-01 
-8.080000e-01 
-8.510000e-01 
-8.950000e-01 
-9.390000e-01 
-9.830000e-01 
-1.026000e+00 
-1.069000e+00 
-1.110000e+00 
-1.151000e+00 
-1.189000e+00 
-1.226000e+00 
-1.261000e+00 
-1.294000e+00 
-1.324000e+00 
-1.351000e+00 
-1.376000e+00 
-1.397000e+00 
-1.416000e+00 
-1.431000e+00 
-1.443000e+00 
-1.452000e+00 
-1.457000e+00 
-1.459000e+00 
-1.457000e+00 
-1.451000e+00 
-1.442000e+00 
-1.429000e+00 
-1.412000e+00 
-1.391000e+00 
-1.367000e+00 
-1.338000e+00 
-1.304000e+00 
-1.267000e+00 
-1.226000e+00 
-1.180000e+00 
-1.129000e+00 
-1.075000e+00 
-1.016000e+00 
-9.540000e-01 
-8.880000e-01 
-8.180000e-01 
-7.460000e-01 
-6.700000e-01 
-5.920000e-01 
-5.120000e-01 
-4.300000e-01 
-3.460000e-01 
-2.610000e-01 
-1.750000e-01 
-8.800000e-02 
0 
8.800000e-02 
1.760000e-01 
2.640000e-01 
3.520000e-01 
4.400000e-01 
5.270000e-01 
6.130000e-01 
6.980000e-01 
7.820000e-01 
8.650000e-01 
9.460000e-01 
1.026000e+00 
1.104000e+00 
1.180000e+00 
1.254000e+00 
1.325000e+00 
1.394000e+00 
1.461000e+00 
1.524000e+00 
1.583000e+00 
1.639000e+00 
1.691000e+00 
1.740000e+00 
1.783000e+00 
1.822000e+00 
1.857000e+00 
1.886000e+00 
1.910000e+00 
1.930000e+00 
1.944000e+00 
1.953000e+00 
1.957000e+00 
1.956000e+00 
1.950000e+00 
1.939000e+00 
1.924000e+00 
1.904000e+00 
1.880000e+00 
1.852000e+00 
1.819000e+00 
1.783000e+00 
1.743000e+00 
1.700000e+00 
1.653000e+00 
1.603000e+00 
1.551000e+00 
1.495000e+00 
1.438000e+00 
1.378000e+00 
1.317000e+00 
1.254000e+00 
1.190000e+00 
1.125000e+00 
1.059000e+00 
9.930000e-01 
9.270000e-01 
8.610000e-01 
7.960000e-01 
7.310000e-01 
6.670000e-01 
6.040000e-01 
5.430000e-01 
4.830000e-01 
4.250000e-01 
3.690000e-01 
3.150000e-01 
2.640000e-01 
2.140000e-01 
1.680000e-01 
1.240000e-01 
8.300000e-02 
4.400000e-02 
9.000000e-03 
-2.300000e-02 
-5.100000e-02 
-7.700000e-02 
-9.800000e-02 
-1.160000e-01 
-1.300000e-01 
-1.400000e-01 
-1.460000e-01 
-1.480000e-01 
-1.460000e-01 
-1.400000e-01 
-1.290000e-01 
-1.130000e-01 
-9.400000e-02 
-7.000000e-02 
-4.300000e-02 
-1.200000e-02 
2.200000e-02 
6.000000e-02 
1.010000e-01 
1.440000e-01 
1.900000e-01 
2.380000e-01 
2.890000e-01 
3.410000e-01 
3.940000e-01 
4.490000e-01 
5.060000e-01 
5.630000e-01 
6.220000e-01 
6.820000e-01 
7.430000e-01 
8.050000e-01 
8.680000e-01 
9.310000e-01 
9.960000e-01 
1.060000e+00 
1.125000e+00 
1.191000e+00 
1.256000e+00 
1.322000e+00 
1.387000e+00 
1.452000e+00 
1.516000e+00 
1.579000e+00 
1.642000e+00 
1.703000e+00 
1.762000e+00 
1.820000e+00 
1.876000e+00 
1.929000e+00 
1.981000e+00 
2.029000e+00 
2.075000e+00 
2.117000e+00 
2.157000e+00 
2.193000e+00 
2.225000e+00 
2.254000e+00 
2.279000e+00 
2.300000e+00 
2.317000e+00 
2.330000e+00 
2.340000e+00 
2.346000e+00 
2.348000e+00 
2.347000e+00 
2.342000e+00 
2.333000e+00 
2.322000e+00 
2.306000e+00 
2.288000e+00 
2.267000e+00 
2.242000e+00 
2.215000e+00 
2.185000e+00 
2.152000e+00 
2.117000e+00 
2.078000e+00 
2.037000e+00 
1.994000e+00 
1.948000e+00 
1.900000e+00 
1.850000e+00 
1.798000e+00 
1.743000e+00 
1.688000e+00 
1.631000e+00 
1.573000e+00 
1.514000e+00 
1.454000e+00 
1.394000e+00 
1.334000e+00 
1.275000e+00 
1.215000e+00 
1.157000e+00 
1.099000e+00 
1.043000e+00 
9.880000e-01 
9.350000e-01 
8.840000e-01 
8.350000e-01 
7.890000e-01 
7.450000e-01 
7.040000e-01 
6.660000e-01 
6.310000e-01 
5.990000e-01 
5.700000e-01 
5.450000e-01 
5.230000e-01 
5.040000e-01 
4.890000e-01 
4.770000e-01 
4.690000e-01 
4.640000e-01 
4.630000e-01 
4.650000e-01 
4.700000e-01 
4.790000e-01 
4.910000e-01 
5.060000e-01 
5.250000e-01 
5.460000e-01 
5.710000e-01 
5.980000e-01 
6.280000e-01 
6.610000e-01 
6.960000e-01 
7.330000e-01 
7.710000e-01 
8.110000e-01 
8.530000e-01 
8.950000e-01 
9.380000e-01 
9.810000e-01 
1.024000e+00 
1.066000e+00 
1.108000e+00 
1.149000e+00 
1.189000e+00 
1.227000e+00 
1.264000e+00 
1.299000e+00 
1.332000e+00 
1.362000e+00 
1.391000e+00 
1.416000e+00 
1.439000e+00 
1.459000e+00 
1.477000e+00 
1.491000e+00 
1.502000e+00 
1.510000e+00 
1.514000e+00 
1.515000e+00 
1.513000e+00 
1.507000e+00 
1.498000e+00 
1.485000e+00 
1.469000e+00 
1.450000e+00 
1.427000e+00 
1.401000e+00 
1.372000e+00 
1.341000e+00 
1.307000e+00 
1.271000e+00 
1.232000e+00 
1.193000e+00 
1.152000e+00 
1.110000e+00 
1.067000e+00 
1.023000e+00 
9.790000e-01 
9.350000e-01 
8.910000e-01 
8.470000e-01 
8.030000e-01 
7.600000e-01 
7.180000e-01 
6.770000e-01 
6.370000e-01 
5.990000e-01 
5.610000e-01 
5.260000e-01 
4.920000e-01 
4.600000e-01 
4.300000e-01 
4.020000e-01 
3.770000e-01 
3.540000e-01 
3.340000e-01 
3.160000e-01 
3.010000e-01 
2.890000e-01 
2.800000e-01 
2.730000e-01 
2.700000e-01 
2.690000e-01 
2.710000e-01 
2.760000e-01 
2.840000e-01 
2.940000e-01 
3.060000e-01 
3.200000e-01 
3.350000e-01 
3.530000e-01 
3.710000e-01 
3.900000e-01 
4.100000e-01 
4.290000e-01 
4.490000e-01 
4.680000e-01 
4.870000e-01 
5.050000e-01 
5.210000e-01 
5.370000e-01 
5.510000e-01 
5.630000e-01 
5.740000e-01 
5.840000e-01 
5.910000e-01 
5.960000e-01 
6.000000e-01 
6.010000e-01 
6.000000e-01 
5.980000e-01 
5.920000e-01 
5.850000e-01 
5.750000e-01 
5.630000e-01 
5.470000e-01 
5.290000e-01 
5.080000e-01 
4.840000e-01 
4.570000e-01 
4.260000e-01 
3.930000e-01 
3.560000e-01 
3.160000e-01 
2.740000e-01 
2.290000e-01 
1.820000e-01 
1.320000e-01 
8.100000e-02 
2.900000e-02 
-2.500000e-02 
-7.900000e-02 
-1.330000e-01 
-1.880000e-01 
-2.420000e-01 
-2.960000e-01 
-3.490000e-01 
-4.000000e-01 
-4.510000e-01 
-5.000000e-01 
-5.470000e-01 
-5.930000e-01 
-6.370000e-01 
-6.790000e-01 
-7.200000e-01 
-7.580000e-01 
-7.940000e-01 
-8.290000e-01 
-8.610000e-01 
-8.920000e-01 
-9.200000e-01 
-9.460000e-01 
-9.690000e-01 
-9.900000e-01 
-1.008000e+00 
-1.023000e+00 
-1.036000e+00 
-1.045000e+00 
-1.051000e+00 
-1.054000e+00 
-1.054000e+00 
-1.051000e+00 
-1.044000e+00 
-1.034000e+00 
-1.021000e+00 
-1.005000e+00 
-9.860000e-01 
-9.650000e-01 
-9.410000e-01 
-9.160000e-01 
-8.890000e-01 
-8.610000e-01 
-8.320000e-01 
-8.020000e-01 
-7.710000e-01 
-7.410000e-01 
-7.110000e-01 
-6.810000e-01 
-6.520000e-01 
-6.230000e-01 
-5.960000e-01 
-5.700000e-01 
-5.450000e-01 
-5.220000e-01 
-5.000000e-01 
-4.790000e-01 
-4.600000e-01 
-4.420000e-01 
-4.260000e-01 
-4.120000e-01 
-3.980000e-01 
-3.870000e-01 
-3.770000e-01 
-3.690000e-01 
-3.630000e-01 
-3.580000e-01 
-3.560000e-01 
-3.560000e-01 
-3.590000e-01 
-3.630000e-01 
-3.700000e-01 
-3.800000e-01 
-3.930000e-01 
-4.080000e-01 
-4.260000e-01 
-4.460000e-01 
-4.690000e-01 
-4.940000e-01 
-5.210000e-01 
-5.500000e-01 
-5.820000e-01 
-6.140000e-01 
-6.490000e-01 
-6.840000e-01 
-7.200000e-01 
-7.570000e-01 
-7.950000e-01 
-8.330000e-01 
-8.720000e-01 
-9.110000e-01 
-9.500000e-01 
-9.890000e-01 
-1.029000e+00 
-1.068000e+00 
-1.107000e+00 
-1.147000e+00 
-1.186000e+00 
-1.225000e+00 
-1.264000e+00 
-1.302000e+00 
-1.341000e+00 
-1.379000e+00 
-1.417000e+00 
-1.455000e+00 
-1.493000e+00 
-1.530000e+00 
-1.566000e+00 
-1.602000e+00 
-1.638000e+00 
-1.672000e+00 
-1.706000e+00 
-1.739000e+00 
-1.770000e+00 
-1.801000e+00 
-1.830000e+00 
-1.858000e+00 
-1.884000e+00 
-1.909000e+00 
-1.931000e+00 
-1.952000e+00 
-1.972000e+00 
-1.989000e+00 
-2.004000e+00 
-2.017000e+00 
-2.029000e+00 
-2.038000e+00 
-2.045000e+00 
-2.051000e+00 
-2.054000e+00 
-2.056000e+00 
-2.057000e+00 
-2.056000e+00 
-2.053000e+00 
-2.049000e+00 
-2.044000e+00 
-2.037000e+00 
-2.030000e+00 
-2.021000e+00 
-2.011000e+00 
-2 
-1.988000e+00 
-1.974000e+00 
-1.960000e+00 
-1.945000e+00 
-1.929000e+00 
-1.911000e+00 
-1.893000e+00 
-1.875000e+00 
-1.855000e+00 
-1.834000e+00 
-1.813000e+00 
-1.792000e+00 
-1.770000e+00 
-1.747000e+00 
-1.725000e+00 
-1.702000e+00 
-1.679000e+00 
-1.656000e+00 
-1.633000e+00 
-1.610000e+00 
-1.588000e+00 
-1.566000e+00 
-1.544000e+00 
-1.524000e+00 
-1.504000e+00 
-1.485000e+00 
-1.467000e+00 
-1.451000e+00 
-1.435000e+00 
-1.421000e+00 
-1.408000e+00 
-1.396000e+00 
-1.386000e+00 
-1.378000e+00 
-1.371000e+00 
-1.366000e+00 
-1.362000e+00 
-1.360000e+00 
-1.359000e+00 
-1.360000e+00 
-1.362000e+00 
-1.365000e+00 
-1.370000e+00 
-1.376000e+00 
-1.383000e+00 
-1.391000e+00 
-1.400000e+00 
-1.410000e+00 
-1.421000e+00 
-1.432000e+00 
-1.443000e+00 
-1.455000e+00 
-1.467000e+00 
-1.479000e+00 
-1.490000e+00 
-1.502000e+00 
-1.513000e+00 
-1.524000e+00 
-1.534000e+00 
-1.543000e+00 
-1.551000e+00 
-1.558000e+00 
-1.564000e+00 
-1.568000e+00 
-1.571000e+00 
-1.571000e+00 
-1.570000e+00 
-1.567000e+00 
-1.562000e+00 
-1.555000e+00 
-1.546000e+00 
-1.534000e+00 
-1.520000e+00 
-1.504000e+00 
-1.485000e+00 
-1.464000e+00 
-1.440000e+00 
-1.414000e+00 
-1.386000e+00 
-1.355000e+00 
-1.322000e+00 
-1.287000e+00 
-1.250000e+00 
-1.212000e+00 
-1.171000e+00 
-1.129000e+00 
-1.085000e+00 
-1.040000e+00 
-9.940000e-01 
-9.470000e-01 
-8.990000e-01 
-8.500000e-01 
-8.010000e-01 
-7.510000e-01 
-7.010000e-01 
-6.510000e-01 
-6.020000e-01 
-5.530000e-01 
-5.040000e-01 
-4.560000e-01 
-4.080000e-01 
-3.610000e-01 
-3.160000e-01 
-2.710000e-01 
-2.280000e-01 
-1.860000e-01 
-1.460000e-01 
-1.060000e-01 
-6.900000e-02 
-3.400000e-02 
0 
3.200000e-02 
6.200000e-02 
9.000000e-02 
1.160000e-01 
1.400000e-01 
1.620000e-01 
1.820000e-01 
2.000000e-01 
2.160000e-01 
2.300000e-01 
2.430000e-01 
2.540000e-01 
2.640000e-01 
2.720000e-01 
2.790000e-01 
2.850000e-01 
2.890000e-01 
2.930000e-01 
2.960000e-01 
2.980000e-01 
3.000000e-01 
3.010000e-01 
3.020000e-01 
3.020000e-01 
3.030000e-01 
3.030000e-01 
3.040000e-01 
3.050000e-01 
3.060000e-01 
3.070000e-01 
3.090000e-01 
3.120000e-01 
3.150000e-01 
3.190000e-01 
3.250000e-01 
3.310000e-01 
3.390000e-01 
3.470000e-01 
3.570000e-01 
3.690000e-01 
3.820000e-01 
3.960000e-01 
4.120000e-01 
4.290000e-01 
4.480000e-01 
4.680000e-01 
4.900000e-01 
5.130000e-01 
5.380000e-01 
5.630000e-01 
5.900000e-01 
6.180000e-01 
6.460000e-01 
6.750000e-01 
7.040000e-01 
7.340000e-01 
7.640000e-01 
7.940000e-01 
8.240000e-01 
8.540000e-01 
8.850000e-01 
9.150000e-01 
9.450000e-01 
9.750000e-01 
1.005000e+00 
1.034000e+00 
1.063000e+00 
1.092000e+00 
1.119000e+00 
1.146000e+00 
1.172000e+00 
1.197000e+00 
1.220000e+00 
1.243000e+00 
1.265000e+00 
1.285000e+00 
1.305000e+00 
1.323000e+00 
1.342000e+00 
1.359000e+00 
1.377000e+00 
1.393000e+00 
1.409000e+00 
1.425000e+00 
1.441000e+00 
1.457000e+00 
1.472000e+00 
1.487000e+00 
1.502000e+00 
1.516000e+00 
1.530000e+00 
1.544000e+00 
1.558000e+00 
1.572000e+00 
1.586000e+00 
1.599000e+00 
1.613000e+00 
1.626000e+00 
1.640000e+00 
1.654000e+00 
1.669000e+00 
1.684000e+00 
1.699000e+00 
1.715000e+00 
1.732000e+00 
1.749000e+00 
1.766000e+00 
1.785000e+00 
1.803000e+00 
1.823000e+00 
1.843000e+00 
1.863000e+00 
1.884000e+00 
1.906000e+00 
1.928000e+00 
1.951000e+00 
1.974000e+00 
1.998000e+00 
2.022000e+00 
2.046000e+00 
2.070000e+00 
2.095000e+00 
2.120000e+00 
2.144000e+00 
2.168000e+00 
2.192000e+00 
2.215000e+00 
2.238000e+00 
2.260000e+00 
2.280000e+00 
2.300000e+00 
2.319000e+00 
2.336000e+00 
2.351000e+00 
2.365000e+00 
2.378000e+00 
2.388000e+00 
2.397000e+00 
2.404000e+00 
2.408000e+00 
2.411000e+00 
2.412000e+00 
2.410000e+00 
2.406000e+00 
2.400000e+00 
2.392000e+00 
2.381000e+00 
2.367000e+00 
2.352000e+00 
2.333000e+00 
2.312000e+00 
2.289000e+00 
2.263000e+00 
2.234000e+00 
2.203000e+00 
2.170000e+00 
2.135000e+00 
2.097000e+00 
2.058000e+00 
2.017000e+00 
1.974000e+00 
1.929000e+00 
1.882000e+00 
1.835000e+00 
1.786000e+00 
1.735000e+00 
1.684000e+00 
1.632000e+00 
1.579000e+00 
1.525000e+00 
1.471000e+00 
1.416000e+00 
1.362000e+00 
1.307000e+00 
1.252000e+00 
1.197000e+00 
1.142000e+00 
1.088000e+00 
1.034000e+00 
9.810000e-01 
9.290000e-01 
8.770000e-01 
8.270000e-01 
7.780000e-01 
7.290000e-01 
6.820000e-01 
6.370000e-01 
5.920000e-01 
5.490000e-01 
5.070000e-01 
4.670000e-01 
4.280000e-01 
3.900000e-01 
3.540000e-01 
3.190000e-01 
2.860000e-01 
2.530000e-01 
2.220000e-01 
1.910000e-01 
1.610000e-01 
1.320000e-01 
1.040000e-01 
7.700000e-02 
5.000000e-02 
2.400000e-02 
-2.000000e-03 
-2.700000e-02 
-5.200000e-02 
-7.500000e-02 
-9.900000e-02 
-1.220000e-01 
-1.450000e-01 
-1.670000e-01 
-1.890000e-01 
-2.110000e-01 
-2.320000e-01 
-2.540000e-01 
-2.750000e-01 
-2.960000e-01 
-3.170000e-01 
-3.380000e-01 
-3.600000e-01 
-3.820000e-01 
-4.040000e-01 
-4.260000e-01 
-4.490000e-01 
-4.720000e-01 
-4.960000e-01 
-5.200000e-01 
-5.440000e-01 
-5.690000e-01 
-5.940000e-01 
-6.190000e-01 
-6.450000e-01 
-6.700000e-01 
-6.950000e-01 
-7.190000e-01 
-7.440000e-01 
-7.670000e-01 
-7.910000e-01 
-8.130000e-01 
-8.350000e-01 
-8.560000e-01 
-8.760000e-01 
-8.960000e-01 
-9.140000e-01 
-9.320000e-01 
-9.480000e-01 
-9.640000e-01 
-9.790000e-01 
-9.930000e-01 
-1.006000e+00 
-1.018000e+00 
-1.029000e+00 
-1.039000e+00 
-1.048000e+00 
-1.057000e+00 
-1.064000e+00 
-1.071000e+00 
-1.077000e+00 
-1.082000e+00 
-1.087000e+00 
-1.091000e+00 
-1.094000e+00 
-1.097000e+00 
-1.100000e+00 
-1.102000e+00 
-1.103000e+00 
-1.105000e+00 
-1.106000e+00 
-1.107000e+00 
-1.108000e+00 
-1.109000e+00 
-1.110000e+00 
-1.111000e+00 
-1.113000e+00 
-1.115000e+00 
-1.117000e+00 
-1.120000e+00 
-1.123000e+00 
-1.126000e+00 
-1.130000e+00 
-1.135000e+00 
-1.140000e+00 
-1.145000e+00 
-1.151000e+00 
-1.157000e+00 
-1.163000e+00 
-1.170000e+00 
-1.177000e+00 
-1.184000e+00 
-1.191000e+00 
-1.197000e+00 
-1.204000e+00 
-1.211000e+00 
-1.217000e+00 
-1.223000e+00 
-1.229000e+00 
-1.234000e+00 
-1.239000e+00 
-1.244000e+00 
-1.248000e+00 
-1.252000e+00 
-1.256000e+00 
-1.259000e+00 
-1.261000e+00 
-1.263000e+00 
-1.264000e+00 
-1.264000e+00 
-1.264000e+00 
-1.263000e+00 
-1.260000e+00 
-1.257000e+00 
-1.253000e+00 
-1.248000e+00 
-1.242000e+00 
-1.234000e+00 
-1.226000e+00 
-1.217000e+00 
-1.206000e+00 
-1.195000e+00 
-1.183000e+00 
-1.170000e+00 
-1.157000e+00 
-1.143000e+00 
-1.128000e+00 
-1.112000e+00 
-1.097000e+00 
-1.080000e+00 
-1.063000e+00 
-1.045000e+00 
-1.026000e+00 
-1.006000e+00 
-9.860000e-01 
-9.650000e-01 
-9.420000e-01 
-9.190000e-01 
-8.940000e-01 
-8.680000e-01 
-8.410000e-01 
-8.130000e-01 
-7.840000e-01 
-7.540000e-01 
-7.230000e-01 
-6.900000e-01 
-6.570000e-01 
-6.240000e-01 
-5.890000e-01 
-5.540000e-01 
-5.180000e-01 
-4.820000e-01 
-4.460000e-01 
-4.090000e-01 
-3.730000e-01 
-3.360000e-01 
-2.990000e-01 
-2.610000e-01 
-2.240000e-01 
-1.870000e-01 
-1.500000e-01 
-1.130000e-01 
-7.600000e-02 
-4.000000e-02 
-3.000000e-03 
3.400000e-02 
7.000000e-02 
1.070000e-01 
1.440000e-01 
1.800000e-01 
2.160000e-01 
2.530000e-01 
2.890000e-01 
3.250000e-01 
3.610000e-01 
3.960000e-01 
4.310000e-01 
4.650000e-01 
4.990000e-01 
5.310000e-01 
5.630000e-01 
5.930000e-01 
6.210000e-01 
6.480000e-01 
6.730000e-01 
6.960000e-01 
7.170000e-01 
7.370000e-01 
7.530000e-01 
7.680000e-01 
7.810000e-01 
7.910000e-01 
7.990000e-01 
8.050000e-01 
8.090000e-01 
8.100000e-01 
8.100000e-01 
8.070000e-01 
8.030000e-01 
7.960000e-01 
7.870000e-01 
7.770000e-01 
7.640000e-01 
7.500000e-01 
7.340000e-01 
7.160000e-01 
6.960000e-01 
6.740000e-01 
6.520000e-01 
6.270000e-01 
6.010000e-01 
5.740000e-01 
5.460000e-01 
5.170000e-01 
4.870000e-01 
4.560000e-01 
4.250000e-01 
3.940000e-01 
3.620000e-01 
3.300000e-01 
2.990000e-01 
2.670000e-01 
2.370000e-01 
2.070000e-01 
1.780000e-01 
1.500000e-01 
1.240000e-01 
9.900000e-02 
7.500000e-02 
5.400000e-02 
3.400000e-02 
1.500000e-02 
-1.000000e-03 
-1.500000e-02 
-2.800000e-02 
-3.900000e-02 
-4.800000e-02 
-5.500000e-02 
-6.000000e-02 
-6.400000e-02 
-6.600000e-02 
-6.700000e-02 
