1 
1.000000e-02 
-1.227000e+00 
-1.251000e+00 
-1.275000e+00 
-1.299000e+00 
-1.323000e+00 
-1.347000e+00 
-1.370000e+00 
-1.394000e+00 
-1.418000e+00 
-1.441000e+00 
-1.465000e+00 
-1.488000e+00 
-1.512000e+00 
-1.535000e+00 
-1.558000e+00 
-1.581000e+00 
-1.604000e+00 
-1.626000e+00 
-1.649000e+00 
-1.672000e+00 
-1.695000e+00 
-1.718000e+00 
-1.740000e+00 
-1.762000e+00 
-1.784000e+00 
-1.805000e+00 
-1.827000e+00 
-1.848000e+00 
-1.870000e+00 
-1.892000e+00 
-1.914000e+00 
-1.936000e+00 
-1.957000e+00 
-1.978000e+00 
-1.998000e+00 
-2.019000e+00 
-2.039000e+00 
-2.059000e+00 
-2.080000e+00 
-2.100000e+00 
-2.121000e+00 
-2.141000e+00 
-2.161000e+00 
-2.180000e+00 
-2.198000e+00 
-2.217000e+00 
-2.236000e+00 
-2.254000e+00 
-2.273000e+00 
-2.291000e+00 
-2.309000e+00 
-2.326000e+00 
-2.343000e+00 
-2.360000e+00 
-2.376000e+00 
-2.393000e+00 
-2.409000e+00 
-2.425000e+00 
-2.441000e+00 
-2.456000e+00 
-2.472000e+00 
-2.487000e+00 
-2.501000e+00 
-2.516000e+00 
-2.530000e+00 
-2.544000e+00 
-2.559000e+00 
-2.573000e+00 
-2.586000e+00 
-2.599000e+00 
-2.612000e+00 
-2.625000e+00 
-2.636000e+00 
-2.648000e+00 
-2.660000e+00 
-2.671000e+00 
-2.682000e+00 
-2.693000e+00 
-2.703000e+00 
-2.713000e+00 
-2.722000e+00 
-2.731000e+00 
-2.740000e+00 
-2.749000e+00 
-2.757000e+00 
-2.765000e+00 
-2.773000e+00 
-2.780000e+00 
-2.788000e+00 
-2.795000e+00 
-2.802000e+00 
-2.809000e+00 
-2.816000e+00 
-2.822000e+00 
-2.828000e+00 
-2.833000e+00 
-2.837000e+00 
-2.841000e+00 
-2.845000e+00 
-2.849000e+00 
-2.852000e+00 
-2.855000e+00 
-2.858000e+00 
-2.860000e+00 
-2.862000e+00 
-2.864000e+00 
-2.866000e+00 
-2.867000e+00 
-2.867000e+00 
-2.867000e+00 
-2.866000e+00 
-2.866000e+00 
-2.864000e+00 
-2.863000e+00 
-2.861000e+00 
-2.858000e+00 
-2.855000e+00 
-2.852000e+00 
-2.848000e+00 
-2.844000e+00 
-2.839000e+00 
-2.834000e+00 
-2.829000e+00 
-2.823000e+00 
-2.818000e+00 
-2.811000e+00 
-2.805000e+00 
-2.797000e+00 
-2.789000e+00 
-2.781000e+00 
-2.772000e+00 
-2.762000e+00 
-2.752000e+00 
-2.741000e+00 
-2.729000e+00 
-2.717000e+00 
-2.705000e+00 
-2.692000e+00 
-2.679000e+00 
-2.665000e+00 
-2.652000e+00 
-2.638000e+00 
-2.623000e+00 
-2.608000e+00 
-2.592000e+00 
-2.575000e+00 
-2.558000e+00 
-2.541000e+00 
-2.523000e+00 
-2.506000e+00 
-2.488000e+00 
-2.470000e+00 
-2.452000e+00 
-2.434000e+00 
-2.415000e+00 
-2.396000e+00 
-2.376000e+00 
-2.356000e+00 
-2.335000e+00 
-2.315000e+00 
-2.294000e+00 
-2.273000e+00 
-2.251000e+00 
-2.229000e+00 
-2.207000e+00 
-2.184000e+00 
-2.161000e+00 
-2.136000e+00 
-2.112000e+00 
-2.087000e+00 
-2.061000e+00 
-2.035000e+00 
-2.008000e+00 
-1.981000e+00 
-1.954000e+00 
-1.926000e+00 
-1.899000e+00 
-1.871000e+00 
-1.844000e+00 
-1.815000e+00 
-1.786000e+00 
-1.756000e+00 
-1.725000e+00 
-1.693000e+00 
-1.660000e+00 
-1.627000e+00 
-1.594000e+00 
-1.560000e+00 
-1.526000e+00 
-1.492000e+00 
-1.457000e+00 
-1.421000e+00 
-1.383000e+00 
-1.345000e+00 
-1.305000e+00 
-1.264000e+00 
-1.223000e+00 
-1.181000e+00 
-1.139000e+00 
-1.097000e+00 
-1.054000e+00 
-1.010000e+00 
-9.650000e-01 
-9.200000e-01 
-8.740000e-01 
-8.280000e-01 
-7.810000e-01 
-7.350000e-01 
-6.880000e-01 
-6.410000e-01 
-5.940000e-01 
-5.480000e-01 
-5.010000e-01 
-4.540000e-01 
-4.070000e-01 
-3.590000e-01 
-3.120000e-01 
-2.640000e-01 
-2.160000e-01 
-1.670000e-01 
-1.180000e-01 
-6.900000e-02 
-1.900000e-02 
3.100000e-02 
8.200000e-02 
1.330000e-01 
1.850000e-01 
2.370000e-01 
2.900000e-01 
3.440000e-01 
3.980000e-01 
4.520000e-01 
5.060000e-01 
5.590000e-01 
6.130000e-01 
6.660000e-01 
7.190000e-01 
7.730000e-01 
8.280000e-01 
8.840000e-01 
9.420000e-01 
1.001000e+00 
1.061000e+00 
1.122000e+00 
1.184000e+00 
1.246000e+00 
1.308000e+00 
1.371000e+00 
1.434000e+00 
1.497000e+00 
1.560000e+00 
1.624000e+00 
1.689000e+00 
1.754000e+00 
1.820000e+00 
1.886000e+00 
1.953000e+00 
2.019000e+00 
2.084000e+00 
2.148000e+00 
2.212000e+00 
2.275000e+00 
2.339000e+00 
2.403000e+00 
2.468000e+00 
2.533000e+00 
2.600000e+00 
2.667000e+00 
2.733000e+00 
2.799000e+00 
2.863000e+00 
2.927000e+00 
2.990000e+00 
3.053000e+00 
3.116000e+00 
3.179000e+00 
3.243000e+00 
3.308000e+00 
3.373000e+00 
3.438000e+00 
3.505000e+00 
3.572000e+00 
3.640000e+00 
3.709000e+00 
3.778000e+00 
3.847000e+00 
3.916000e+00 
3.986000e+00 
4.055000e+00 
4.125000e+00 
4.195000e+00 
4.266000e+00 
4.337000e+00 
4.409000e+00 
4.481000e+00 
4.552000e+00 
4.624000e+00 
4.697000e+00 
4.771000e+00 
4.845000e+00 
4.921000e+00 
4.997000e+00 
5.074000e+00 
5.151000e+00 
5.228000e+00 
5.303000e+00 
5.378000e+00 
5.452000e+00 
5.525000e+00 
5.600000e+00 
5.674000e+00 
5.750000e+00 
5.826000e+00 
5.902000e+00 
5.978000e+00 
6.053000e+00 
6.128000e+00 
6.203000e+00 
6.276000e+00 
6.349000e+00 
6.419000e+00 
6.488000e+00 
6.554000e+00 
6.620000e+00 
6.685000e+00 
6.750000e+00 
6.814000e+00 
6.879000e+00 
6.944000e+00 
7.009000e+00 
7.073000e+00 
7.137000e+00 
7.200000e+00 
7.263000e+00 
7.325000e+00 
7.388000e+00 
7.451000e+00 
7.515000e+00 
7.578000e+00 
7.641000e+00 
7.703000e+00 
7.764000e+00 
7.824000e+00 
7.883000e+00 
7.941000e+00 
7.998000e+00 
8.056000e+00 
8.112000e+00 
8.167000e+00 
8.221000e+00 
8.273000e+00 
8.324000e+00 
8.374000e+00 
8.423000e+00 
8.472000e+00 
8.521000e+00 
8.571000e+00 
8.620000e+00 
8.670000e+00 
8.719000e+00 
8.766000e+00 
8.813000e+00 
8.860000e+00 
8.907000e+00 
8.954000e+00 
9.002000e+00 
9.049000e+00 
9.096000e+00 
9.142000e+00 
9.189000e+00 
9.235000e+00 
9.283000e+00 
9.330000e+00 
9.378000e+00 
9.427000e+00 
9.476000e+00 
9.526000e+00 
9.574000e+00 
9.620000e+00 
9.665000e+00 
9.708000e+00 
9.749000e+00 
9.789000e+00 
9.828000e+00 
9.866000e+00 
9.902000e+00 
9.937000e+00 
9.971000e+00 
1.000300e+01 
1.003500e+01 
1.006600e+01 
1.009900e+01 
1.013200e+01 
1.016700e+01 
1.020200e+01 
1.023800e+01 
1.027300e+01 
1.030800e+01 
1.034100e+01 
1.037300e+01 
1.040300e+01 
1.043200e+01 
1.045800e+01 
1.048300e+01 
1.050400e+01 
1.052400e+01 
1.054100e+01 
1.055700e+01 
1.057100e+01 
1.058600e+01 
1.060100e+01 
1.061600e+01 
1.063100e+01 
1.064600e+01 
1.065900e+01 
1.067200e+01 
1.068400e+01 
1.069600e+01 
1.071000e+01 
1.072300e+01 
1.073700e+01 
1.075000e+01 
1.076200e+01 
1.077300e+01 
1.078200e+01 
1.078800e+01 
1.079400e+01 
1.080000e+01 
1.080700e+01 
1.081500e+01 
1.082400e+01 
1.083400e+01 
1.084300e+01 
1.085100e+01 
1.085700e+01 
1.086100e+01 
1.086200e+01 
1.086300e+01 
1.086300e+01 
1.086200e+01 
1.086100e+01 
1.086000e+01 
1.085800e+01 
1.085600e+01 
1.085500e+01 
1.085400e+01 
1.085400e+01 
1.085500e+01 
1.085800e+01 
1.086400e+01 
1.087000e+01 
1.087500e+01 
1.087900e+01 
1.088300e+01 
1.088500e+01 
1.088500e+01 
1.088400e+01 
1.088100e+01 
1.087700e+01 
1.087200e+01 
1.086600e+01 
1.085900e+01 
1.085100e+01 
1.084200e+01 
1.083100e+01 
1.082000e+01 
1.080800e+01 
1.079500e+01 
1.078200e+01 
1.076900e+01 
1.075400e+01 
1.073800e+01 
1.072100e+01 
1.070000e+01 
1.067700e+01 
1.064900e+01 
1.061700e+01 
1.057900e+01 
1.053600e+01 
1.048700e+01 
1.043300e+01 
1.037400e+01 
1.031000e+01 
1.024200e+01 
1.016900e+01 
1.009300e+01 
1.001400e+01 
9.931000e+00 
9.845000e+00 
9.757000e+00 
9.665000e+00 
9.571000e+00 
9.475000e+00 
9.377000e+00 
9.277000e+00 
9.174000e+00 
9.070000e+00 
8.963000e+00 
8.853000e+00 
8.741000e+00 
8.625000e+00 
8.506000e+00 
8.382000e+00 
8.253000e+00 
8.117000e+00 
7.975000e+00 
7.828000e+00 
7.676000e+00 
7.517000e+00 
7.352000e+00 
7.182000e+00 
7.005000e+00 
6.824000e+00 
6.638000e+00 
6.449000e+00 
6.257000e+00 
6.064000e+00 
5.872000e+00 
5.682000e+00 
5.494000e+00 
5.310000e+00 
5.129000e+00 
4.955000e+00 
4.789000e+00 
4.631000e+00 
4.482000e+00 
4.343000e+00 
4.211000e+00 
4.087000e+00 
3.969000e+00 
3.854000e+00 
3.740000e+00 
3.624000e+00 
3.502000e+00 
3.372000e+00 
3.231000e+00 
3.079000e+00 
2.913000e+00 
2.733000e+00 
2.536000e+00 
2.322000e+00 
2.090000e+00 
1.839000e+00 
1.571000e+00 
1.284000e+00 
9.790000e-01 
6.570000e-01 
3.160000e-01 
-4.000000e-02 
-4.090000e-01 
-7.890000e-01 
-1.178000e+00 
-1.574000e+00 
-1.974000e+00 
-2.378000e+00 
-2.783000e+00 
-3.187000e+00 
-3.588000e+00 
-3.986000e+00 
-4.378000e+00 
-4.765000e+00 
-5.150000e+00 
-5.536000e+00 
-5.927000e+00 
-6.327000e+00 
-6.739000e+00 
-7.167000e+00 
-7.612000e+00 
-8.073000e+00 
-8.551000e+00 
-9.045000e+00 
-9.554000e+00 
-1.008000e+01 
-1.062000e+01 
-1.117500e+01 
-1.174300e+01 
-1.232100e+01 
-1.290500e+01 
-1.349100e+01 
-1.407600e+01 
-1.465400e+01 
-1.522000e+01 
-1.577100e+01 
-1.630100e+01 
-1.680600e+01 
-1.728300e+01 
-1.772900e+01 
-1.814500e+01 
-1.853000e+01 
-1.888600e+01 
-1.921700e+01 
-1.952700e+01 
-1.982300e+01 
-2.011100e+01 
-2.039600e+01 
-2.068000e+01 
-2.096600e+01 
-2.125400e+01 
-2.154700e+01 
-2.184300e+01 
-2.213900e+01 
-2.243300e+01 
-2.272100e+01 
-2.299900e+01 
-2.326700e+01 
-2.352100e+01 
-2.375800e+01 
-2.397700e+01 
-2.417600e+01 
-2.435400e+01 
-2.451200e+01 
-2.464900e+01 
-2.476500e+01 
-2.486100e+01 
-2.493700e+01 
-2.499200e+01 
-2.502600e+01 
-2.503800e+01 
-2.502700e+01 
-2.499300e+01 
-2.493300e+01 
-2.484900e+01 
-2.474200e+01 
-2.461500e+01 
-2.446900e+01 
-2.431000e+01 
-2.413900e+01 
-2.396200e+01 
-2.378100e+01 
-2.360100e+01 
-2.342700e+01 
-2.326200e+01 
-2.311100e+01 
-2.297800e+01 
-2.286400e+01 
-2.277100e+01 
-2.270000e+01 
-2.265000e+01 
-2.262000e+01 
-2.261000e+01 
-2.261800e+01 
-2.264300e+01 
-2.268500e+01 
-2.274000e+01 
-2.280700e+01 
-2.288100e+01 
-2.295800e+01 
-2.303600e+01 
-2.311200e+01 
-2.318300e+01 
-2.324600e+01 
-2.330200e+01 
-2.335100e+01 
-2.339700e+01 
-2.344200e+01 
-2.349100e+01 
-2.354900e+01 
-2.362000e+01 
-2.370700e+01 
-2.381300e+01 
-2.394000e+01 
-2.408900e+01 
-2.426100e+01 
-2.445700e+01 
-2.467700e+01 
-2.492000e+01 
-2.518400e+01 
-2.546800e+01 
-2.577200e+01 
-2.609200e+01 
-2.642700e+01 
-2.677400e+01 
-2.713100e+01 
-2.749900e+01 
-2.787400e+01 
-2.825600e+01 
-2.864200e+01 
-2.902900e+01 
-2.941500e+01 
-2.979600e+01 
-3.016800e+01 
-3.052700e+01 
-3.086700e+01 
-3.118600e+01 
-3.148000e+01 
-3.174800e+01 
-3.199000e+01 
-3.220300e+01 
-3.239000e+01 
-3.255100e+01 
-3.268800e+01 
-3.280300e+01 
-3.289700e+01 
-3.297000e+01 
-3.302300e+01 
-3.305600e+01 
-3.306800e+01 
-3.306000e+01 
-3.303200e+01 
-3.298200e+01 
-3.291000e+01 
-3.281600e+01 
-3.269900e+01 
-3.255800e+01 
-3.239100e+01 
-3.219700e+01 
-3.197500e+01 
-3.172600e+01 
-3.144700e+01 
-3.114100e+01 
-3.080500e+01 
-3.044200e+01 
-3.005100e+01 
-2.963500e+01 
-2.919200e+01 
-2.872500e+01 
-2.823200e+01 
-2.771500e+01 
-2.717500e+01 
-2.661200e+01 
-2.602800e+01 
-2.542100e+01 
-2.479300e+01 
-2.414500e+01 
-2.347700e+01 
-2.279000e+01 
-2.208400e+01 
-2.136100e+01 
-2.062100e+01 
-1.986400e+01 
-1.909200e+01 
-1.830500e+01 
-1.750500e+01 
-1.669000e+01 
-1.586200e+01 
-1.502000e+01 
-1.416500e+01 
-1.329800e+01 
-1.241900e+01 
-1.153000e+01 
-1.063200e+01 
-9.724000e+00 
-8.810000e+00 
-7.888000e+00 
-6.961000e+00 
-6.029000e+00 
-5.093000e+00 
-4.154000e+00 
-3.213000e+00 
-2.272000e+00 
-1.330000e+00 
-3.900000e-01 
5.490000e-01 
1.484000e+00 
2.416000e+00 
3.342000e+00 
4.264000e+00 
5.181000e+00 
6.092000e+00 
6.998000e+00 
7.898000e+00 
8.791000e+00 
9.677000e+00 
1.055600e+01 
1.142600e+01 
1.228900e+01 
1.314300e+01 
1.399000e+01 
1.483000e+01 
1.566100e+01 
1.648600e+01 
1.730200e+01 
1.810900e+01 
1.890600e+01 
1.969200e+01 
2.046500e+01 
2.122300e+01 
2.196500e+01 
2.268800e+01 
2.339200e+01 
2.407400e+01 
2.473600e+01 
2.537700e+01 
2.599700e+01 
2.659700e+01 
2.717700e+01 
2.773700e+01 
2.827700e+01 
2.879600e+01 
2.929400e+01 
2.977000e+01 
3.022200e+01 
3.064800e+01 
3.104900e+01 
3.142100e+01 
3.176600e+01 
3.208000e+01 
3.236400e+01 
3.261700e+01 
3.283800e+01 
3.302600e+01 
3.318000e+01 
3.330100e+01 
3.338800e+01 
3.344200e+01 
3.346200e+01 
3.344900e+01 
3.340400e+01 
3.332600e+01 
3.321600e+01 
3.307400e+01 
3.290300e+01 
3.270200e+01 
3.247500e+01 
3.222100e+01 
3.194300e+01 
3.164200e+01 
3.131900e+01 
3.097500e+01 
3.061000e+01 
3.022300e+01 
2.981600e+01 
2.938800e+01 
2.894100e+01 
2.847600e+01 
2.799300e+01 
2.749300e+01 
2.697800e+01 
2.644800e+01 
2.590400e+01 
2.534800e+01 
2.478100e+01 
2.420500e+01 
2.362000e+01 
2.302800e+01 
2.243100e+01 
2.182900e+01 
2.122300e+01 
2.061500e+01 
2.000500e+01 
1.939500e+01 
1.878500e+01 
1.817800e+01 
1.757400e+01 
1.697600e+01 
1.638100e+01 
1.579000e+01 
1.520200e+01 
1.461700e+01 
1.403600e+01 
1.345700e+01 
1.288000e+01 
1.230400e+01 
1.173000e+01 
1.115900e+01 
1.059200e+01 
1.003100e+01 
9.476000e+00 
8.931000e+00 
8.395000e+00 
7.871000e+00 
7.360000e+00 
6.866000e+00 
6.390000e+00 
5.933000e+00 
5.500000e+00 
5.091000e+00 
4.708000e+00 
4.354000e+00 
4.029000e+00 
3.733000e+00 
3.468000e+00 
3.231000e+00 
3.021000e+00 
2.836000e+00 
2.674000e+00 
2.533000e+00 
2.413000e+00 
2.311000e+00 
2.227000e+00 
2.160000e+00 
2.109000e+00 
2.074000e+00 
2.053000e+00 
2.046000e+00 
2.052000e+00 
2.070000e+00 
2.100000e+00 
2.141000e+00 
2.193000e+00 
2.254000e+00 
2.325000e+00 
2.406000e+00 
2.496000e+00 
2.596000e+00 
2.707000e+00 
2.829000e+00 
2.963000e+00 
3.109000e+00 
3.270000e+00 
3.447000e+00 
3.641000e+00 
3.852000e+00 
4.083000e+00 
4.334000e+00 
4.606000e+00 
4.901000e+00 
5.218000e+00 
5.558000e+00 
5.918000e+00 
6.297000e+00 
6.694000e+00 
7.107000e+00 
7.536000e+00 
7.980000e+00 
8.437000e+00 
8.904000e+00 
9.379000e+00 
9.858000e+00 
1.033900e+01 
1.081800e+01 
1.129300e+01 
1.175900e+01 
1.221200e+01 
1.265000e+01 
1.306900e+01 
1.346500e+01 
1.383600e+01 
1.418100e+01 
1.449700e+01 
1.478400e+01 
1.504000e+01 
1.526500e+01 
1.545800e+01 
1.561800e+01 
1.574400e+01 
1.583700e+01 
1.589500e+01 
1.591900e+01 
1.590900e+01 
1.586500e+01 
1.578800e+01 
1.567900e+01 
1.554000e+01 
1.537000e+01 
1.517200e+01 
1.494700e+01 
1.469500e+01 
1.441800e+01 
1.411500e+01 
1.378900e+01 
1.343900e+01 
1.306600e+01 
1.267200e+01 
1.225700e+01 
1.182400e+01 
1.137400e+01 
1.090800e+01 
1.042700e+01 
9.932000e+00 
9.424000e+00 
8.901000e+00 
8.365000e+00 
7.814000e+00 
7.249000e+00 
6.667000e+00 
6.069000e+00 
5.454000e+00 
4.821000e+00 
4.171000e+00 
3.504000e+00 
2.819000e+00 
2.117000e+00 
1.400000e+00 
6.660000e-01 
-8.300000e-02 
-8.450000e-01 
-1.620000e+00 
-2.405000e+00 
-3.200000e+00 
-4.002000e+00 
-4.811000e+00 
-5.625000e+00 
-6.441000e+00 
-7.259000e+00 
-8.076000e+00 
-8.891000e+00 
-9.700000e+00 
-1.050000e+01 
-1.129000e+01 
-1.206600e+01 
-1.282500e+01 
-1.356600e+01 
-1.428800e+01 
-1.498900e+01 
-1.566900e+01 
-1.633100e+01 
-1.697500e+01 
-1.760300e+01 
-1.821600e+01 
-1.881500e+01 
-1.939900e+01 
-1.997000e+01 
-2.052500e+01 
-2.106500e+01 
-2.158700e+01 
-2.209100e+01 
-2.257500e+01 
-2.303700e+01 
-2.347500e+01 
-2.388700e+01 
-2.427100e+01 
-2.462600e+01 
-2.495200e+01 
-2.524700e+01 
-2.551100e+01 
-2.574300e+01 
-2.594300e+01 
-2.611000e+01 
-2.624400e+01 
-2.634600e+01 
-2.641400e+01 
-2.645100e+01 
-2.645600e+01 
-2.642900e+01 
-2.637000e+01 
-2.627900e+01 
-2.615600e+01 
-2.600100e+01 
-2.581300e+01 
-2.559400e+01 
-2.534200e+01 
-2.505900e+01 
-2.474400e+01 
-2.439900e+01 
-2.402500e+01 
-2.362300e+01 
-2.319300e+01 
-2.273700e+01 
-2.225600e+01 
-2.175100e+01 
-2.122200e+01 
-2.067000e+01 
-2.009700e+01 
-1.950100e+01 
-1.888300e+01 
-1.824500e+01 
-1.758600e+01 
-1.690700e+01 
-1.620800e+01 
-1.549000e+01 
-1.475300e+01 
-1.399800e+01 
-1.322400e+01 
-1.243200e+01 
-1.162200e+01 
-1.079500e+01 
-9.952000e+00 
-9.093000e+00 
-8.220000e+00 
-7.332000e+00 
-6.432000e+00 
-5.520000e+00 
-4.597000e+00 
-3.664000e+00 
-2.722000e+00 
-1.773000e+00 
-8.160000e-01 
1.480000e-01 
1.117000e+00 
2.092000e+00 
3.073000e+00 
4.057000e+00 
5.043000e+00 
6.029000e+00 
7.012000e+00 
7.990000e+00 
8.960000e+00 
9.920000e+00 
1.086500e+01 
1.179200e+01 
1.270000e+01 
1.358700e+01 
1.445000e+01 
1.528600e+01 
1.609300e+01 
1.687000e+01 
1.761200e+01 
1.831800e+01 
1.898500e+01 
1.961000e+01 
2.019300e+01 
2.073200e+01 
2.122700e+01 
2.167800e+01 
2.208500e+01 
2.244900e+01 
2.277100e+01 
2.305400e+01 
2.329900e+01 
2.350900e+01 
2.368400e+01 
2.382700e+01 
2.394000e+01 
2.402300e+01 
2.407900e+01 
2.411000e+01 
2.411700e+01 
2.410400e+01 
2.407100e+01 
2.401800e+01 
2.394500e+01 
2.385500e+01 
2.375000e+01 
2.362900e+01 
2.348900e+01 
2.333000e+01 
2.315000e+01 
2.295000e+01 
2.273300e+01 
2.250000e+01 
2.225600e+01 
2.200200e+01 
2.174200e+01 
2.147800e+01 
2.121100e+01 
2.094100e+01 
2.066600e+01 
2.038800e+01 
2.010700e+01 
1.982300e+01 
1.953300e+01 
1.923700e+01 
1.893700e+01 
1.863300e+01 
1.832600e+01 
1.801300e+01 
1.769400e+01 
1.736800e+01 
1.703400e+01 
1.669100e+01 
1.633800e+01 
1.597500e+01 
1.560100e+01 
1.521600e+01 
1.481600e+01 
1.440300e+01 
1.397700e+01 
1.353700e+01 
1.308500e+01 
1.262000e+01 
1.214400e+01 
1.165700e+01 
1.116200e+01 
1.066000e+01 
1.015300e+01 
9.642000e+00 
9.126000e+00 
8.606000e+00 
8.083000e+00 
7.557000e+00 
7.028000e+00 
6.498000e+00 
5.967000e+00 
5.438000e+00 
4.912000e+00 
4.390000e+00 
3.873000e+00 
3.365000e+00 
2.865000e+00 
2.377000e+00 
1.901000e+00 
1.439000e+00 
9.930000e-01 
5.640000e-01 
1.530000e-01 
-2.380000e-01 
-6.100000e-01 
-9.620000e-01 
-1.295000e+00 
-1.608000e+00 
-1.904000e+00 
-2.182000e+00 
-2.445000e+00 
-2.694000e+00 
-2.929000e+00 
-3.152000e+00 
-3.364000e+00 
-3.565000e+00 
-3.755000e+00 
-3.935000e+00 
-4.106000e+00 
-4.267000e+00 
-4.420000e+00 
-4.563000e+00 
-4.697000e+00 
-4.821000e+00 
-4.934000e+00 
-5.036000e+00 
-5.125000e+00 
-5.202000e+00 
-5.266000e+00 
-5.316000e+00 
-5.352000e+00 
-5.374000e+00 
-5.381000e+00 
-5.374000e+00 
-5.351000e+00 
-5.313000e+00 
-5.260000e+00 
-5.191000e+00 
-5.105000e+00 
-5.004000e+00 
-4.886000e+00 
-4.751000e+00 
-4.600000e+00 
-4.431000e+00 
-4.246000e+00 
-4.042000e+00 
-3.819000e+00 
-3.578000e+00 
-3.318000e+00 
-3.040000e+00 
-2.744000e+00 
-2.431000e+00 
-2.101000e+00 
-1.755000e+00 
-1.394000e+00 
-1.020000e+00 
-6.320000e-01 
-2.340000e-01 
1.760000e-01 
5.940000e-01 
1.021000e+00 
1.455000e+00 
1.895000e+00 
2.340000e+00 
2.789000e+00 
3.240000e+00 
3.691000e+00 
4.141000e+00 
4.588000e+00 
5.030000e+00 
5.465000e+00 
5.892000e+00 
6.310000e+00 
6.716000e+00 
7.109000e+00 
7.488000e+00 
7.852000e+00 
8.200000e+00 
8.530000e+00 
8.842000e+00 
9.135000e+00 
9.409000e+00 
9.664000e+00 
9.898000e+00 
1.011200e+01 
1.030600e+01 
1.048100e+01 
1.063500e+01 
1.077100e+01 
1.088700e+01 
1.098500e+01 
1.106500e+01 
1.112800e+01 
1.117600e+01 
1.120800e+01 
1.122500e+01 
1.122900e+01 
1.121800e+01 
1.119500e+01 
1.115900e+01 
1.111000e+01 
1.105000e+01 
1.097900e+01 
1.089700e+01 
1.080500e+01 
1.070300e+01 
1.059100e+01 
1.046900e+01 
1.033600e+01 
1.019200e+01 
1.003700e+01 
9.869000e+00 
9.688000e+00 
9.492000e+00 
9.281000e+00 
9.052000e+00 
8.807000e+00 
8.542000e+00 
8.259000e+00 
7.955000e+00 
7.631000e+00 
7.286000e+00 
6.919000e+00 
6.530000e+00 
6.120000e+00 
5.687000e+00 
5.233000e+00 
4.758000e+00 
4.263000e+00 
3.750000e+00 
3.220000e+00 
2.675000e+00 
2.116000e+00 
1.544000e+00 
9.610000e-01 
3.670000e-01 
-2.350000e-01 
-8.460000e-01 
-1.464000e+00 
-2.089000e+00 
-2.719000e+00 
-3.355000e+00 
-3.995000e+00 
-4.638000e+00 
-5.284000e+00 
-5.931000e+00 
-6.580000e+00 
-7.228000e+00 
-7.877000e+00 
-8.525000e+00 
-9.170000e+00 
-9.813000e+00 
-1.045300e+01 
-1.108800e+01 
-1.171800e+01 
-1.234300e+01 
-1.296100e+01 
-1.357200e+01 
-1.417600e+01 
-1.477000e+01 
-1.535600e+01 
-1.593100e+01 
-1.649600e+01 
-1.704900e+01 
-1.759200e+01 
-1.812200e+01 
-1.864000e+01 
-1.914600e+01 
-1.963800e+01 
-2.011600e+01 
-2.058100e+01 
-2.103300e+01 
-2.147200e+01 
-2.189900e+01 
-2.231300e+01 
-2.271400e+01 
-2.310200e+01 
-2.347600e+01 
-2.383700e+01 
-2.418200e+01 
-2.451200e+01 
-2.482400e+01 
-2.511900e+01 
-2.539500e+01 
-2.565000e+01 
-2.588500e+01 
-2.609900e+01 
-2.629100e+01 
-2.646000e+01 
-2.660700e+01 
-2.673200e+01 
-2.683600e+01 
-2.691800e+01 
-2.698100e+01 
-2.702400e+01 
-2.705000e+01 
-2.705900e+01 
-2.705100e+01 
-2.702900e+01 
-2.699200e+01 
-2.694000e+01 
-2.687600e+01 
-2.679800e+01 
-2.670700e+01 
-2.660300e+01 
-2.648600e+01 
-2.635700e+01 
-2.621400e+01 
-2.605800e+01 
-2.588900e+01 
-2.570700e+01 
-2.551000e+01 
-2.530100e+01 
-2.507700e+01 
-2.484000e+01 
-2.458900e+01 
-2.432300e+01 
-2.404300e+01 
-2.374900e+01 
-2.344100e+01 
-2.312000e+01 
-2.278500e+01 
-2.243700e+01 
-2.207600e+01 
-2.170300e+01 
-2.131800e+01 
-2.092200e+01 
-2.051500e+01 
-2.009800e+01 
-1.967000e+01 
-1.923300e+01 
-1.878600e+01 
-1.833000e+01 
-1.786600e+01 
-1.739300e+01 
-1.691100e+01 
-1.642200e+01 
-1.592500e+01 
-1.542100e+01 
-1.491100e+01 
-1.439500e+01 
-1.387500e+01 
-1.335100e+01 
-1.282500e+01 
-1.229600e+01 
-1.176700e+01 
-1.123800e+01 
-1.071000e+01 
-1.018300e+01 
-9.659000e+00 
-9.136000e+00 
-8.616000e+00 
-8.100000e+00 
-7.587000e+00 
-7.079000e+00 
-6.576000e+00 
-6.078000e+00 
-5.588000e+00 
-5.106000e+00 
-4.632000e+00 
-4.169000e+00 
-3.715000e+00 
-3.273000e+00 
-2.842000e+00 
-2.423000e+00 
-2.017000e+00 
-1.622000e+00 
-1.240000e+00 
-8.710000e-01 
-5.130000e-01 
-1.680000e-01 
1.660000e-01 
4.880000e-01 
7.990000e-01 
1.099000e+00 
1.390000e+00 
1.671000e+00 
1.944000e+00 
2.208000e+00 
2.465000e+00 
2.714000e+00 
2.954000e+00 
3.188000e+00 
3.413000e+00 
3.631000e+00 
3.840000e+00 
4.041000e+00 
4.234000e+00 
4.418000e+00 
4.593000e+00 
4.760000e+00 
4.917000e+00 
5.065000e+00 
5.204000e+00 
5.333000e+00 
5.452000e+00 
5.562000e+00 
5.661000e+00 
5.751000e+00 
5.830000e+00 
5.900000e+00 
5.959000e+00 
6.008000e+00 
6.047000e+00 
6.074000e+00 
6.091000e+00 
6.096000e+00 
6.090000e+00 
6.072000e+00 
6.042000e+00 
6.001000e+00 
5.948000e+00 
5.886000e+00 
5.814000e+00 
5.733000e+00 
5.643000e+00 
5.545000e+00 
5.439000e+00 
5.326000e+00 
5.207000e+00 
5.080000e+00 
4.948000e+00 
4.811000e+00 
4.670000e+00 
4.524000e+00 
4.376000e+00 
4.226000e+00 
4.074000e+00 
3.921000e+00 
3.767000e+00 
3.614000e+00 
3.461000e+00 
3.310000e+00 
3.160000e+00 
3.011000e+00 
2.865000e+00 
2.720000e+00 
2.578000e+00 
2.438000e+00 
2.301000e+00 
2.167000e+00 
2.035000e+00 
1.906000e+00 
1.781000e+00 
1.658000e+00 
1.540000e+00 
1.425000e+00 
1.315000e+00 
1.208000e+00 
1.107000e+00 
1.010000e+00 
9.170000e-01 
8.300000e-01 
7.460000e-01 
6.670000e-01 
5.910000e-01 
5.200000e-01 
4.520000e-01 
3.880000e-01 
3.270000e-01 
2.700000e-01 
2.170000e-01 
1.670000e-01 
1.220000e-01 
8.000000e-02 
4.400000e-02 
1.300000e-02 
-1.300000e-02 
-3.200000e-02 
-4.400000e-02 
-4.800000e-02 
-4.400000e-02 
-3.100000e-02 
-8.000000e-03 
2.500000e-02 
6.700000e-02 
1.190000e-01 
1.810000e-01 
2.530000e-01 
3.340000e-01 
4.240000e-01 
5.240000e-01 
6.330000e-01 
7.510000e-01 
8.760000e-01 
1.009000e+00 
1.148000e+00 
1.293000e+00 
1.444000e+00 
1.601000e+00 
1.761000e+00 
1.926000e+00 
2.095000e+00 
2.268000e+00 
2.445000e+00 
2.625000e+00 
2.808000e+00 
2.995000e+00 
3.185000e+00 
3.379000e+00 
3.575000e+00 
3.773000e+00 
3.974000e+00 
4.177000e+00 
4.382000e+00 
4.589000e+00 
4.798000e+00 
5.009000e+00 
5.222000e+00 
5.438000e+00 
5.656000e+00 
5.877000e+00 
6.100000e+00 
6.325000e+00 
6.554000e+00 
6.784000e+00 
7.017000e+00 
7.252000e+00 
7.488000e+00 
7.726000e+00 
7.965000e+00 
8.205000e+00 
8.445000e+00 
8.684000e+00 
8.922000e+00 
9.158000e+00 
9.392000e+00 
9.621000e+00 
9.847000e+00 
1.006600e+01 
1.028000e+01 
1.048700e+01 
1.068600e+01 
1.087700e+01 
1.105900e+01 
1.123200e+01 
1.139500e+01 
1.154900e+01 
1.169100e+01 
1.182400e+01 
1.194700e+01 
1.206000e+01 
1.216300e+01 
1.225700e+01 
1.234100e+01 
1.241500e+01 
1.248100e+01 
1.253700e+01 
1.258500e+01 
1.262500e+01 
1.265700e+01 
1.268200e+01 
1.270100e+01 
1.271400e+01 
1.272100e+01 
1.272200e+01 
1.271900e+01 
1.271000e+01 
1.269600e+01 
1.267700e+01 
1.265300e+01 
1.262400e+01 
1.259000e+01 
1.255100e+01 
1.250700e+01 
1.246000e+01 
1.240700e+01 
1.235000e+01 
1.228900e+01 
1.222300e+01 
1.215400e+01 
1.208100e+01 
1.200500e+01 
1.192600e+01 
1.184300e+01 
1.175700e+01 
1.166800e+01 
1.157600e+01 
1.148000e+01 
1.137900e+01 
1.127500e+01 
1.116600e+01 
1.105200e+01 
1.093400e+01 
1.081000e+01 
1.068100e+01 
1.054800e+01 
1.041000e+01 
1.026700e+01 
1.012000e+01 
9.968000e+00 
9.813000e+00 
9.653000e+00 
9.490000e+00 
9.322000e+00 
9.151000e+00 
8.976000e+00 
8.797000e+00 
8.615000e+00 
8.429000e+00 
8.240000e+00 
8.047000e+00 
7.850000e+00 
7.650000e+00 
7.447000e+00 
7.240000e+00 
7.030000e+00 
6.816000e+00 
6.599000e+00 
6.378000e+00 
6.154000e+00 
5.926000e+00 
5.696000e+00 
5.462000e+00 
5.226000e+00 
4.988000e+00 
4.750000e+00 
4.510000e+00 
4.271000e+00 
4.033000e+00 
3.796000e+00 
3.563000e+00 
3.332000e+00 
3.105000e+00 
2.882000e+00 
2.665000e+00 
2.451000e+00 
2.243000e+00 
2.039000e+00 
1.839000e+00 
1.644000e+00 
1.451000e+00 
1.262000e+00 
1.074000e+00 
8.890000e-01 
7.050000e-01 
5.230000e-01 
3.430000e-01 
1.650000e-01 
-1.200000e-02 
-1.860000e-01 
-3.570000e-01 
-5.250000e-01 
-6.900000e-01 
-8.510000e-01 
-1.007000e+00 
-1.159000e+00 
-1.306000e+00 
-1.448000e+00 
-1.585000e+00 
-1.716000e+00 
-1.842000e+00 
-1.962000e+00 
-2.078000e+00 
-2.189000e+00 
-2.296000e+00 
-2.399000e+00 
-2.500000e+00 
-2.598000e+00 
-2.693000e+00 
-2.786000e+00 
-2.877000e+00 
-2.965000e+00 
-3.051000e+00 
-3.132000e+00 
-3.211000e+00 
-3.285000e+00 
-3.355000e+00 
-3.420000e+00 
-3.480000e+00 
-3.534000e+00 
-3.583000e+00 
-3.625000e+00 
-3.660000e+00 
-3.688000e+00 
-3.709000e+00 
-3.723000e+00 
-3.728000e+00 
-3.727000e+00 
-3.719000e+00 
-3.704000e+00 
-3.682000e+00 
-3.655000e+00 
-3.622000e+00 
-3.585000e+00 
-3.543000e+00 
-3.498000e+00 
-3.449000e+00 
-3.396000e+00 
-3.341000e+00 
-3.283000e+00 
-3.223000e+00 
-3.160000e+00 
-3.095000e+00 
-3.029000e+00 
-2.960000e+00 
-2.891000e+00 
-2.820000e+00 
-2.749000e+00 
-2.678000e+00 
-2.607000e+00 
-2.536000e+00 
-2.466000e+00 
-2.397000e+00 
-2.330000e+00 
-2.263000e+00 
-2.199000e+00 
-2.135000e+00 
-2.074000e+00 
-2.013000e+00 
-1.954000e+00 
-1.896000e+00 
-1.839000e+00 
-1.783000e+00 
-1.727000e+00 
-1.672000e+00 
-1.617000e+00 
-1.561000e+00 
-1.507000e+00 
-1.452000e+00 
-1.397000e+00 
-1.343000e+00 
-1.289000e+00 
-1.236000e+00 
-1.183000e+00 
-1.131000e+00 
-1.081000e+00 
-1.031000e+00 
-9.820000e-01 
-9.340000e-01 
-8.880000e-01 
-8.430000e-01 
-7.990000e-01 
-7.550000e-01 
-7.130000e-01 
-6.720000e-01 
-6.320000e-01 
-5.940000e-01 
-5.570000e-01 
-5.220000e-01 
-4.890000e-01 
-4.580000e-01 
-4.310000e-01 
-4.060000e-01 
-3.860000e-01 
-3.680000e-01 
-3.550000e-01 
-3.460000e-01 
-3.420000e-01 
-3.410000e-01 
-3.450000e-01 
-3.530000e-01 
-3.660000e-01 
-3.830000e-01 
-4.040000e-01 
-4.290000e-01 
-4.570000e-01 
-4.890000e-01 
-5.230000e-01 
-5.590000e-01 
-5.970000e-01 
-6.370000e-01 
-6.770000e-01 
-7.180000e-01 
-7.590000e-01 
-7.990000e-01 
-8.400000e-01 
-8.800000e-01 
-9.190000e-01 
-9.590000e-01 
-9.980000e-01 
-1.036000e+00 
-1.075000e+00 
-1.114000e+00 
-1.154000e+00 
-1.194000e+00 
-1.235000e+00 
-1.278000e+00 
-1.322000e+00 
-1.369000e+00 
-1.418000e+00 
-1.470000e+00 
-1.526000e+00 
-1.585000e+00 
-1.648000e+00 
-1.714000e+00 
-1.785000e+00 
-1.860000e+00 
-1.939000e+00 
-2.022000e+00 
-2.109000e+00 
-2.199000e+00 
-2.293000e+00 
-2.391000e+00 
-2.491000e+00 
-2.594000e+00 
-2.700000e+00 
-2.808000e+00 
-2.919000e+00 
-3.030000e+00 
-3.144000e+00 
-3.258000e+00 
-3.372000e+00 
-3.487000e+00 
-3.602000e+00 
-3.717000e+00 
-3.832000e+00 
-3.946000e+00 
-4.061000e+00 
-4.174000e+00 
-4.288000e+00 
-4.401000e+00 
-4.513000e+00 
-4.624000e+00 
-4.734000e+00 
-4.842000e+00 
-4.949000e+00 
-5.053000e+00 
-5.154000e+00 
-5.252000e+00 
-5.347000e+00 
-5.438000e+00 
-5.525000e+00 
-5.607000e+00 
-5.683000e+00 
-5.755000e+00 
-5.821000e+00 
-5.881000e+00 
-5.936000e+00 
-5.986000e+00 
-6.030000e+00 
-6.069000e+00 
-6.104000e+00 
-6.134000e+00 
-6.159000e+00 
-6.181000e+00 
-6.200000e+00 
-6.216000e+00 
-6.230000e+00 
-6.241000e+00 
-6.251000e+00 
-6.258000e+00 
-6.262000e+00 
-6.265000e+00 
-6.266000e+00 
-6.263000e+00 
-6.258000e+00 
-6.250000e+00 
-6.238000e+00 
-6.223000e+00 
-6.205000e+00 
-6.183000e+00 
-6.157000e+00 
-6.126000e+00 
-6.091000e+00 
-6.051000e+00 
-6.006000e+00 
-5.956000e+00 
-5.901000e+00 
-5.842000e+00 
-5.778000e+00 
-5.710000e+00 
-5.638000e+00 
-5.562000e+00 
-5.483000e+00 
-5.400000e+00 
-5.315000e+00 
-5.227000e+00 
-5.136000e+00 
-5.044000e+00 
-4.951000e+00 
-4.857000e+00 
-4.762000e+00 
-4.669000e+00 
-4.576000e+00 
-4.485000e+00 
-4.396000e+00 
-4.310000e+00 
-4.227000e+00 
-4.147000e+00 
-4.071000e+00 
-3.998000e+00 
-3.929000e+00 
-3.863000e+00 
-3.801000e+00 
-3.741000e+00 
-3.684000e+00 
-3.629000e+00 
-3.576000e+00 
-3.526000e+00 
-3.476000e+00 
-3.428000e+00 
-3.381000e+00 
-3.335000e+00 
-3.289000e+00 
-3.244000e+00 
-3.200000e+00 
-3.155000e+00 
-3.111000e+00 
-3.067000e+00 
-3.022000e+00 
-2.977000e+00 
-2.932000e+00 
-2.887000e+00 
-2.842000e+00 
-2.796000e+00 
-2.751000e+00 
-2.706000e+00 
-2.663000e+00 
-2.620000e+00 
-2.579000e+00 
-2.539000e+00 
-2.501000e+00 
-2.465000e+00 
-2.431000e+00 
-2.399000e+00 
-2.370000e+00 
-2.343000e+00 
-2.318000e+00 
-2.296000e+00 
-2.276000e+00 
-2.259000e+00 
-2.244000e+00 
-2.231000e+00 
-2.220000e+00 
-2.210000e+00 
-2.201000e+00 
-2.192000e+00 
-2.183000e+00 
-2.175000e+00 
-2.166000e+00 
-2.157000e+00 
-2.147000e+00 
-2.137000e+00 
-2.127000e+00 
-2.117000e+00 
-2.106000e+00 
-2.095000e+00 
-2.084000e+00 
-2.074000e+00 
-2.063000e+00 
-2.053000e+00 
-2.043000e+00 
-2.034000e+00 
-2.026000e+00 
-2.018000e+00 
-2.010000e+00 
-2.003000e+00 
-1.995000e+00 
-1.987000e+00 
-1.979000e+00 
-1.969000e+00 
-1.958000e+00 
-1.945000e+00 
-1.931000e+00 
-1.914000e+00 
-1.894000e+00 
-1.872000e+00 
-1.846000e+00 
-1.817000e+00 
-1.784000e+00 
-1.747000e+00 
-1.707000e+00 
-1.662000e+00 
-1.614000e+00 
-1.561000e+00 
-1.504000e+00 
-1.443000e+00 
-1.378000e+00 
-1.309000e+00 
-1.236000e+00 
-1.159000e+00 
-1.078000e+00 
-9.940000e-01 
-9.060000e-01 
-8.160000e-01 
-7.220000e-01 
-6.260000e-01 
-5.260000e-01 
-4.240000e-01 
-3.200000e-01 
-2.120000e-01 
-1.020000e-01 
1.100000e-02 
1.260000e-01 
2.440000e-01 
3.650000e-01 
4.890000e-01 
6.150000e-01 
7.440000e-01 
8.750000e-01 
1.010000e+00 
1.146000e+00 
1.285000e+00 
1.427000e+00 
1.570000e+00 
1.715000e+00 
1.863000e+00 
2.012000e+00 
2.162000e+00 
2.315000e+00 
2.469000e+00 
2.625000e+00 
2.782000e+00 
2.942000e+00 
3.103000e+00 
3.265000e+00 
3.429000e+00 
3.595000e+00 
3.762000e+00 
3.931000e+00 
4.101000e+00 
4.272000e+00 
4.445000e+00 
4.619000e+00 
4.793000e+00 
4.968000e+00 
5.143000e+00 
5.317000e+00 
5.491000e+00 
5.663000e+00 
5.833000e+00 
6.001000e+00 
6.167000e+00 
6.329000e+00 
6.489000e+00 
6.646000e+00 
6.798000e+00 
6.947000e+00 
7.092000e+00 
7.232000e+00 
7.367000e+00 
7.498000e+00 
7.623000e+00 
7.742000e+00 
7.855000e+00 
7.962000e+00 
8.062000e+00 
8.154000e+00 
8.239000e+00 
8.316000e+00 
8.385000e+00 
8.446000e+00 
8.497000e+00 
8.540000e+00 
8.574000e+00 
8.599000e+00 
8.615000e+00 
8.623000e+00 
8.623000e+00 
8.615000e+00 
8.601000e+00 
8.579000e+00 
8.551000e+00 
8.516000e+00 
8.475000e+00 
8.429000e+00 
8.376000e+00 
8.318000e+00 
8.254000e+00 
8.185000e+00 
8.110000e+00 
8.030000e+00 
7.945000e+00 
7.854000e+00 
7.758000e+00 
7.655000e+00 
7.547000e+00 
7.434000e+00 
7.314000e+00 
7.189000e+00 
7.058000e+00 
6.922000e+00 
6.780000e+00 
6.632000e+00 
6.478000e+00 
6.320000e+00 
6.156000e+00 
5.986000e+00 
5.812000e+00 
5.633000e+00 
5.449000e+00 
5.261000e+00 
5.068000e+00 
4.872000e+00 
4.672000e+00 
4.468000e+00 
4.262000e+00 
4.054000e+00 
3.843000e+00 
3.632000e+00 
3.419000e+00 
3.206000e+00 
2.992000e+00 
2.780000e+00 
2.569000e+00 
2.359000e+00 
2.151000e+00 
1.947000e+00 
1.745000e+00 
1.546000e+00 
1.352000e+00 
1.162000e+00 
9.760000e-01 
7.950000e-01 
6.200000e-01 
4.500000e-01 
2.860000e-01 
1.270000e-01 
-2.600000e-02 
-1.720000e-01 
-3.130000e-01 
-4.480000e-01 
-5.760000e-01 
-6.990000e-01 
-8.160000e-01 
-9.260000e-01 
-1.030000e+00 
-1.129000e+00 
-1.222000e+00 
-1.309000e+00 
-1.390000e+00 
-1.464000e+00 
-1.534000e+00 
-1.597000e+00 
-1.654000e+00 
-1.705000e+00 
-1.750000e+00 
-1.788000e+00 
-1.821000e+00 
-1.847000e+00 
-1.867000e+00 
-1.880000e+00 
-1.887000e+00 
-1.888000e+00 
-1.882000e+00 
-1.870000e+00 
-1.852000e+00 
-1.827000e+00 
-1.796000e+00 
-1.759000e+00 
-1.715000e+00 
-1.664000e+00 
-1.606000e+00 
-1.541000e+00 
-1.469000e+00 
-1.390000e+00 
-1.303000e+00 
-1.208000e+00 
-1.107000e+00 
-9.980000e-01 
-8.830000e-01 
-7.610000e-01 
-6.330000e-01 
-5.000000e-01 
-3.610000e-01 
-2.170000e-01 
-6.800000e-02 
8.500000e-02 
2.430000e-01 
4.040000e-01 
5.680000e-01 
7.350000e-01 
9.030000e-01 
1.073000e+00 
1.243000e+00 
1.413000e+00 
1.581000e+00 
1.748000e+00 
1.912000e+00 
2.073000e+00 
2.230000e+00 
2.383000e+00 
2.530000e+00 
2.670000e+00 
2.805000e+00 
2.931000e+00 
3.051000e+00 
3.162000e+00 
3.266000e+00 
3.361000e+00 
3.448000e+00 
3.526000e+00 
3.597000e+00 
3.660000e+00 
3.715000e+00 
3.763000e+00 
3.804000e+00 
3.837000e+00 
3.864000e+00 
3.884000e+00 
3.897000e+00 
3.903000e+00 
3.903000e+00 
3.896000e+00 
3.883000e+00 
3.863000e+00 
3.837000e+00 
3.803000e+00 
3.764000e+00 
3.717000e+00 
3.665000e+00 
3.605000e+00 
3.539000e+00 
3.467000e+00 
3.388000e+00 
3.303000e+00 
3.212000e+00 
3.115000e+00 
3.012000e+00 
2.903000e+00 
2.788000e+00 
2.666000e+00 
2.538000e+00 
2.404000e+00 
2.263000e+00 
2.116000e+00 
1.962000e+00 
1.801000e+00 
1.633000e+00 
1.459000e+00 
1.279000e+00 
1.092000e+00 
8.990000e-01 
7.000000e-01 
4.950000e-01 
2.850000e-01 
7.000000e-02 
-1.500000e-01 
-3.750000e-01 
-6.030000e-01 
-8.340000e-01 
-1.069000e+00 
-1.306000e+00 
-1.546000e+00 
-1.787000e+00 
-2.031000e+00 
-2.275000e+00 
-2.520000e+00 
-2.766000e+00 
-3.012000e+00 
-3.256000e+00 
-3.500000e+00 
-3.742000e+00 
-3.982000e+00 
-4.219000e+00 
-4.454000e+00 
-4.685000e+00 
-4.911000e+00 
-5.134000e+00 
-5.351000e+00 
-5.562000e+00 
-5.768000e+00 
-5.966000e+00 
-6.158000e+00 
-6.342000e+00 
-6.517000e+00 
-6.684000e+00 
-6.843000e+00 
-6.992000e+00 
-7.132000e+00 
-7.262000e+00 
-7.383000e+00 
-7.494000e+00 
-7.596000e+00 
-7.688000e+00 
-7.771000e+00 
-7.844000e+00 
-7.907000e+00 
-7.960000e+00 
-8.004000e+00 
-8.038000e+00 
-8.061000e+00 
-8.075000e+00 
-8.078000e+00 
-8.072000e+00 
-8.056000e+00 
-8.030000e+00 
-7.995000e+00 
-7.951000e+00 
-7.898000e+00 
-7.837000e+00 
-7.768000e+00 
-7.690000e+00 
-7.603000e+00 
-7.509000e+00 
-7.406000e+00 
-7.296000e+00 
-7.177000e+00 
-7.051000e+00 
-6.918000e+00 
-6.777000e+00 
-6.630000e+00 
-6.476000e+00 
-6.315000e+00 
-6.148000e+00 
-5.975000e+00 
-5.796000e+00 
-5.610000e+00 
-5.419000e+00 
-5.221000e+00 
-5.017000e+00 
-4.807000e+00 
-4.591000e+00 
-4.369000e+00 
-4.141000e+00 
-3.908000e+00 
-3.668000e+00 
-3.424000e+00 
-3.175000e+00 
-2.921000e+00 
-2.664000e+00 
-2.403000e+00 
-2.138000e+00 
-1.871000e+00 
-1.602000e+00 
-1.332000e+00 
-1.060000e+00 
-7.880000e-01 
-5.160000e-01 
-2.450000e-01 
2.500000e-02 
2.940000e-01 
5.600000e-01 
8.240000e-01 
1.086000e+00 
1.343000e+00 
1.597000e+00 
1.847000e+00 
2.093000e+00 
2.334000e+00 
2.570000e+00 
2.801000e+00 
3.026000e+00 
3.246000e+00 
3.459000e+00 
3.666000e+00 
3.866000e+00 
4.059000e+00 
4.245000e+00 
4.424000e+00 
4.596000e+00 
4.760000e+00 
4.916000e+00 
5.063000e+00 
5.203000e+00 
5.335000e+00 
5.459000e+00 
5.574000e+00 
5.681000e+00 
5.780000e+00 
5.871000e+00 
5.954000e+00 
6.029000e+00 
6.096000e+00 
6.155000e+00 
6.207000e+00 
6.251000e+00 
6.286000e+00 
6.314000e+00 
6.334000e+00 
6.346000e+00 
6.349000e+00 
6.344000e+00 
6.330000e+00 
6.307000e+00 
6.275000e+00 
6.233000e+00 
6.182000e+00 
6.120000e+00 
6.049000e+00 
5.968000e+00 
5.877000e+00 
5.775000e+00 
5.663000e+00 
5.541000e+00 
5.409000e+00 
5.268000e+00 
5.118000e+00 
4.960000e+00 
4.793000e+00 
4.619000e+00 
4.438000e+00 
4.249000e+00 
4.055000e+00 
3.854000e+00 
3.648000e+00 
3.435000e+00 
3.218000e+00 
2.996000e+00 
2.768000e+00 
2.537000e+00 
2.301000e+00 
2.062000e+00 
1.820000e+00 
1.575000e+00 
1.328000e+00 
1.079000e+00 
8.290000e-01 
5.780000e-01 
3.260000e-01 
7.400000e-02 
-1.770000e-01 
-4.280000e-01 
-6.770000e-01 
-9.250000e-01 
-1.171000e+00 
-1.415000e+00 
-1.656000e+00 
-1.895000e+00 
-2.130000e+00 
-2.363000e+00 
-2.592000e+00 
-2.818000e+00 
-3.040000e+00 
-3.259000e+00 
-3.473000e+00 
-3.683000e+00 
-3.889000e+00 
-4.090000e+00 
-4.285000e+00 
-4.475000e+00 
-4.660000e+00 
-4.838000e+00 
-5.010000e+00 
-5.175000e+00 
-5.333000e+00 
-5.484000e+00 
-5.626000e+00 
-5.760000e+00 
-5.885000e+00 
-6.001000e+00 
-6.107000e+00 
-6.203000e+00 
-6.289000e+00 
-6.365000e+00 
-6.430000e+00 
-6.484000e+00 
-6.529000e+00 
-6.564000e+00 
-6.588000e+00 
-6.603000e+00 
-6.608000e+00 
-6.603000e+00 
-6.589000e+00 
-6.566000e+00 
-6.534000e+00 
-6.493000e+00 
-6.443000e+00 
-6.384000e+00 
-6.317000e+00 
-6.242000e+00 
-6.159000e+00 
-6.067000e+00 
-5.969000e+00 
-5.863000e+00 
-5.750000e+00 
-5.631000e+00 
-5.505000e+00 
-5.373000e+00 
-5.236000e+00 
-5.093000e+00 
-4.944000e+00 
-4.790000e+00 
-4.631000e+00 
-4.467000e+00 
-4.299000e+00 
-4.126000e+00 
-3.949000e+00 
-3.768000e+00 
-3.583000e+00 
-3.394000e+00 
-3.201000e+00 
-3.005000e+00 
-2.805000e+00 
-2.602000e+00 
-2.397000e+00 
-2.188000e+00 
-1.978000e+00 
-1.765000e+00 
-1.552000e+00 
-1.337000e+00 
-1.121000e+00 
-9.050000e-01 
-6.900000e-01 
-4.760000e-01 
-2.620000e-01 
-5.100000e-02 
1.580000e-01 
3.640000e-01 
5.680000e-01 
7.670000e-01 
9.630000e-01 
1.154000e+00 
1.340000e+00 
1.522000e+00 
1.698000e+00 
1.869000e+00 
2.034000e+00 
2.194000e+00 
2.347000e+00 
2.494000e+00 
2.636000e+00 
2.771000e+00 
2.900000e+00 
3.023000e+00 
3.139000e+00 
3.249000e+00 
3.352000e+00 
3.449000e+00 
3.539000e+00 
3.622000e+00 
3.698000e+00 
3.768000e+00 
3.831000e+00 
3.887000e+00 
3.937000e+00 
3.981000e+00 
4.020000e+00 
4.052000e+00 
4.079000e+00 
4.101000e+00 
4.117000e+00 
4.128000e+00 
4.134000e+00 
4.135000e+00 
4.131000e+00 
4.122000e+00 
4.108000e+00 
4.088000e+00 
4.064000e+00 
4.034000e+00 
3.999000e+00 
3.959000e+00 
3.913000e+00 
3.862000e+00 
3.806000e+00 
3.744000e+00 
3.677000e+00 
3.604000e+00 
3.526000e+00 
3.442000e+00 
3.353000e+00 
3.258000e+00 
3.159000e+00 
3.054000e+00 
2.945000e+00 
2.830000e+00 
2.711000e+00 
2.588000e+00 
2.461000e+00 
2.330000e+00 
2.195000e+00 
2.058000e+00 
1.917000e+00 
1.775000e+00 
1.630000e+00 
1.484000e+00 
1.337000e+00 
1.189000e+00 
1.041000e+00 
8.940000e-01 
7.470000e-01 
6.020000e-01 
4.590000e-01 
3.180000e-01 
1.790000e-01 
4.400000e-02 
-8.800000e-02 
-2.170000e-01 
-3.410000e-01 
-4.620000e-01 
-5.780000e-01 
-6.890000e-01 
-7.970000e-01 
-8.990000e-01 
-9.970000e-01 
-1.090000e+00 
-1.178000e+00 
-1.262000e+00 
-1.341000e+00 
-1.415000e+00 
-1.484000e+00 
-1.548000e+00 
-1.609000e+00 
-1.664000e+00 
-1.715000e+00 
-1.762000e+00 
-1.804000e+00 
-1.841000e+00 
-1.875000e+00 
-1.903000e+00 
-1.928000e+00 
-1.948000e+00 
-1.964000e+00 
-1.975000e+00 
-1.982000e+00 
-1.984000e+00 
-1.982000e+00 
-1.976000e+00 
-1.966000e+00 
-1.951000e+00 
-1.932000e+00 
-1.909000e+00 
-1.881000e+00 
-1.848000e+00 
-1.811000e+00 
-1.770000e+00 
-1.723000e+00 
-1.672000e+00 
-1.616000e+00 
-1.554000e+00 
-1.488000e+00 
-1.417000e+00 
-1.341000e+00 
-1.260000e+00 
-1.174000e+00 
-1.084000e+00 
-9.890000e-01 
-8.910000e-01 
-7.880000e-01 
-6.810000e-01 
-5.720000e-01 
-4.590000e-01 
-3.430000e-01 
-2.260000e-01 
-1.060000e-01 
1.400000e-02 
1.350000e-01 
2.570000e-01 
3.780000e-01 
4.990000e-01 
6.180000e-01 
7.350000e-01 
8.490000e-01 
9.610000e-01 
1.070000e+00 
1.175000e+00 
1.277000e+00 
1.374000e+00 
1.468000e+00 
1.558000e+00 
1.643000e+00 
1.725000e+00 
1.802000e+00 
1.875000e+00 
1.945000e+00 
2.010000e+00 
2.072000e+00 
2.129000e+00 
2.184000e+00 
2.234000e+00 
2.282000e+00 
2.326000e+00 
2.367000e+00 
2.405000e+00 
2.440000e+00 
2.472000e+00 
2.502000e+00 
2.528000e+00 
2.551000e+00 
2.570000e+00 
2.586000e+00 
2.599000e+00 
2.607000e+00 
2.612000e+00 
2.612000e+00 
2.607000e+00 
2.598000e+00 
2.585000e+00 
2.566000e+00 
2.542000e+00 
2.513000e+00 
2.478000e+00 
2.438000e+00 
2.392000e+00 
2.340000e+00 
2.283000e+00 
2.219000e+00 
2.150000e+00 
2.074000e+00 
1.992000e+00 
1.904000e+00 
1.810000e+00 
1.709000e+00 
1.602000e+00 
1.490000e+00 
1.372000e+00 
1.248000e+00 
1.119000e+00 
9.860000e-01 
8.480000e-01 
7.050000e-01 
5.590000e-01 
4.090000e-01 
2.550000e-01 
9.800000e-02 
-6.200000e-02 
-2.240000e-01 
-3.900000e-01 
-5.580000e-01 
-7.280000e-01 
-8.990000e-01 
-1.073000e+00 
-1.247000e+00 
-1.423000e+00 
-1.599000e+00 
-1.776000e+00 
-1.954000e+00 
-2.131000e+00 
-2.309000e+00 
-2.486000e+00 
-2.663000e+00 
-2.839000e+00 
-3.013000e+00 
-3.187000e+00 
-3.359000e+00 
-3.530000e+00 
-3.698000e+00 
-3.864000e+00 
-4.028000e+00 
-4.189000e+00 
-4.348000e+00 
-4.504000e+00 
-4.657000e+00 
-4.808000e+00 
-4.955000e+00 
-5.098000e+00 
-5.238000e+00 
-5.373000e+00 
-5.505000e+00 
-5.632000e+00 
-5.754000e+00 
-5.871000e+00 
-5.982000e+00 
-6.088000e+00 
-6.189000e+00 
-6.283000e+00 
-6.371000e+00 
-6.452000e+00 
-6.526000e+00 
-6.593000e+00 
-6.652000e+00 
-6.702000e+00 
-6.745000e+00 
-6.778000e+00 
-6.802000e+00 
-6.817000e+00 
-6.823000e+00 
-6.818000e+00 
-6.804000e+00 
-6.779000e+00 
-6.743000e+00 
-6.697000e+00 
-6.641000e+00 
-6.573000e+00 
-6.494000e+00 
-6.405000e+00 
-6.305000e+00 
-6.196000e+00 
-6.076000e+00 
-5.947000e+00 
-5.810000e+00 
-5.664000e+00 
-5.510000e+00 
-5.350000e+00 
-5.182000e+00 
-5.009000e+00 
-4.831000e+00 
-4.647000e+00 
-4.459000e+00 
-4.266000e+00 
-4.070000e+00 
-3.870000e+00 
-3.666000e+00 
-3.460000e+00 
-3.250000e+00 
-3.038000e+00 
-2.823000e+00 
-2.606000e+00 
-2.388000e+00 
-2.167000e+00 
-1.945000e+00 
-1.722000e+00 
-1.498000e+00 
-1.274000e+00 
-1.049000e+00 
-8.250000e-01 
-6.000000e-01 
-3.760000e-01 
-1.520000e-01 
7.100000e-02 
2.920000e-01 
5.120000e-01 
7.310000e-01 
9.480000e-01 
1.162000e+00 
1.375000e+00 
1.584000e+00 
1.792000e+00 
1.996000e+00 
2.197000e+00 
2.396000e+00 
2.591000e+00 
2.783000e+00 
2.971000e+00 
3.156000e+00 
3.337000e+00 
3.514000e+00 
3.686000e+00 
3.855000e+00 
4.019000e+00 
4.178000e+00 
4.333000e+00 
4.482000e+00 
4.626000e+00 
4.766000e+00 
4.899000e+00 
5.028000e+00 
5.151000e+00 
5.268000e+00 
5.380000e+00 
5.486000e+00 
5.585000e+00 
5.679000e+00 
5.765000e+00 
5.846000e+00 
5.920000e+00 
5.987000e+00 
6.048000e+00 
6.102000e+00 
6.150000e+00 
6.190000e+00 
6.225000e+00 
6.252000e+00 
6.273000e+00 
6.288000e+00 
6.296000e+00 
6.299000e+00 
6.295000e+00 
6.286000e+00 
6.271000e+00 
6.251000e+00 
6.226000e+00 
6.196000e+00 
6.161000e+00 
6.122000e+00 
6.078000e+00 
6.029000e+00 
5.977000e+00 
5.920000e+00 
5.859000e+00 
5.795000e+00 
5.727000e+00 
5.655000e+00 
5.581000e+00 
5.502000e+00 
5.421000e+00 
5.337000e+00 
5.249000e+00 
5.159000e+00 
5.066000e+00 
4.970000e+00 
4.871000e+00 
4.769000e+00 
4.665000e+00 
4.558000e+00 
4.449000e+00 
4.337000e+00 
4.223000e+00 
4.106000e+00 
3.987000e+00 
3.866000e+00 
3.742000e+00 
3.617000e+00 
3.490000e+00 
3.361000e+00 
3.231000e+00 
3.099000e+00 
2.967000e+00 
2.834000e+00 
2.700000e+00 
2.566000e+00 
2.432000e+00 
2.298000e+00 
2.164000e+00 
2.030000e+00 
1.897000e+00 
1.764000e+00 
1.633000e+00 
1.502000e+00 
1.373000e+00 
1.246000e+00 
1.120000e+00 
9.960000e-01 
8.730000e-01 
7.530000e-01 
6.350000e-01 
5.180000e-01 
4.040000e-01 
2.920000e-01 
1.830000e-01 
7.600000e-02 
-2.900000e-02 
-1.310000e-01 
-2.300000e-01 
-3.270000e-01 
-4.210000e-01 
-5.130000e-01 
-6.010000e-01 
-6.870000e-01 
-7.700000e-01 
-8.500000e-01 
-9.260000e-01 
-1 
-1.070000e+00 
-1.137000e+00 
-1.200000e+00 
-1.259000e+00 
-1.315000e+00 
-1.367000e+00 
-1.415000e+00 
-1.459000e+00 
-1.499000e+00 
-1.535000e+00 
-1.567000e+00 
-1.595000e+00 
-1.619000e+00 
-1.639000e+00 
-1.655000e+00 
-1.666000e+00 
-1.674000e+00 
-1.677000e+00 
-1.676000e+00 
-1.671000e+00 
-1.661000e+00 
-1.648000e+00 
-1.630000e+00 
-1.608000e+00 
-1.582000e+00 
-1.551000e+00 
-1.518000e+00 
-1.480000e+00 
-1.439000e+00 
-1.394000e+00 
-1.347000e+00 
-1.297000e+00 
-1.244000e+00 
-1.189000e+00 
-1.132000e+00 
-1.073000e+00 
-1.013000e+00 
-9.520000e-01 
-8.900000e-01 
-8.270000e-01 
-7.650000e-01 
-7.020000e-01 
-6.400000e-01 
-5.770000e-01 
-5.160000e-01 
-4.560000e-01 
-3.960000e-01 
-3.380000e-01 
-2.820000e-01 
-2.270000e-01 
-1.730000e-01 
-1.220000e-01 
-7.100000e-02 
-2.300000e-02 
2.400000e-02 
6.800000e-02 
1.120000e-01 
1.530000e-01 
1.920000e-01 
2.300000e-01 
2.660000e-01 
2.990000e-01 
3.310000e-01 
3.610000e-01 
3.900000e-01 
4.160000e-01 
4.410000e-01 
4.640000e-01 
4.850000e-01 
5.050000e-01 
5.230000e-01 
5.400000e-01 
5.550000e-01 
5.690000e-01 
5.810000e-01 
5.910000e-01 
6.000000e-01 
6.080000e-01 
6.140000e-01 
6.180000e-01 
6.210000e-01 
6.230000e-01 
6.230000e-01 
6.210000e-01 
6.180000e-01 
6.140000e-01 
6.080000e-01 
6.000000e-01 
5.900000e-01 
5.790000e-01 
5.660000e-01 
5.510000e-01 
5.340000e-01 
5.150000e-01 
4.940000e-01 
4.710000e-01 
4.460000e-01 
4.200000e-01 
3.920000e-01 
3.620000e-01 
3.310000e-01 
2.980000e-01 
2.640000e-01 
2.290000e-01 
1.940000e-01 
1.570000e-01 
1.190000e-01 
8.100000e-02 
4.200000e-02 
3.000000e-03 
-3.600000e-02 
-7.600000e-02 
-1.150000e-01 
-1.540000e-01 
-1.920000e-01 
-2.300000e-01 
-2.660000e-01 
-3.010000e-01 
-3.360000e-01 
-3.680000e-01 
-3.990000e-01 
-4.280000e-01 
-4.550000e-01 
-4.810000e-01 
-5.040000e-01 
-5.250000e-01 
-5.440000e-01 
-5.610000e-01 
-5.750000e-01 
-5.870000e-01 
-5.970000e-01 
-6.040000e-01 
-6.100000e-01 
-6.130000e-01 
-6.140000e-01 
-6.140000e-01 
-6.110000e-01 
-6.070000e-01 
-6.010000e-01 
-5.930000e-01 
-5.840000e-01 
-5.730000e-01 
-5.610000e-01 
-5.470000e-01 
-5.310000e-01 
-5.130000e-01 
-4.940000e-01 
-4.740000e-01 
-4.510000e-01 
-4.270000e-01 
-4.020000e-01 
-3.750000e-01 
-3.460000e-01 
-3.160000e-01 
-2.840000e-01 
-2.510000e-01 
-2.160000e-01 
-1.800000e-01 
-1.430000e-01 
-1.040000e-01 
-6.400000e-02 
-2.300000e-02 
1.900000e-02 
6.300000e-02 
1.080000e-01 
1.530000e-01 
2.000000e-01 
2.480000e-01 
2.960000e-01 
3.450000e-01 
3.950000e-01 
4.450000e-01 
4.960000e-01 
5.460000e-01 
5.960000e-01 
6.460000e-01 
6.950000e-01 
7.440000e-01 
7.910000e-01 
8.370000e-01 
8.820000e-01 
9.260000e-01 
9.690000e-01 
1.010000e+00 
1.049000e+00 
1.087000e+00 
1.123000e+00 
1.157000e+00 
1.190000e+00 
1.221000e+00 
1.251000e+00 
1.280000e+00 
1.307000e+00 
1.333000e+00 
1.358000e+00 
1.382000e+00 
1.405000e+00 
1.427000e+00 
1.449000e+00 
1.469000e+00 
1.488000e+00 
1.507000e+00 
1.525000e+00 
1.542000e+00 
1.557000e+00 
1.572000e+00 
1.586000e+00 
1.598000e+00 
1.609000e+00 
1.619000e+00 
1.627000e+00 
1.634000e+00 
1.639000e+00 
1.643000e+00 
1.644000e+00 
1.644000e+00 
1.641000e+00 
1.637000e+00 
1.630000e+00 
1.621000e+00 
1.609000e+00 
1.594000e+00 
1.576000e+00 
1.555000e+00 
1.530000e+00 
1.503000e+00 
1.471000e+00 
1.437000e+00 
1.399000e+00 
1.358000e+00 
1.314000e+00 
1.267000e+00 
1.217000e+00 
1.165000e+00 
1.110000e+00 
1.053000e+00 
9.940000e-01 
9.340000e-01 
8.710000e-01 
8.070000e-01 
7.410000e-01 
6.740000e-01 
6.050000e-01 
5.360000e-01 
4.650000e-01 
3.920000e-01 
3.180000e-01 
2.430000e-01 
1.670000e-01 
8.900000e-02 
9.000000e-03 
-7.100000e-02 
-1.540000e-01 
-2.370000e-01 
-3.220000e-01 
-4.080000e-01 
-4.960000e-01 
-5.840000e-01 
-6.740000e-01 
-7.650000e-01 
-8.570000e-01 
-9.490000e-01 
-1.042000e+00 
-1.135000e+00 
-1.229000e+00 
-1.323000e+00 
-1.417000e+00 
-1.511000e+00 
-1.605000e+00 
-1.698000e+00 
-1.791000e+00 
-1.883000e+00 
-1.974000e+00 
-2.065000e+00 
-2.155000e+00 
-2.243000e+00 
-2.331000e+00 
-2.417000e+00 
-2.502000e+00 
-2.586000e+00 
-2.667000e+00 
-2.747000e+00 
-2.825000e+00 
-2.901000e+00 
-2.975000e+00 
-3.047000e+00 
-3.116000e+00 
-3.182000e+00 
-3.246000e+00 
-3.308000e+00 
-3.367000e+00 
-3.423000e+00 
-3.476000e+00 
-3.526000e+00 
-3.573000e+00 
-3.618000e+00 
-3.659000e+00 
-3.697000e+00 
-3.733000e+00 
-3.766000e+00 
-3.795000e+00 
-3.822000e+00 
-3.845000e+00 
-3.865000e+00 
-3.882000e+00 
-3.896000e+00 
-3.907000e+00 
-3.914000e+00 
-3.918000e+00 
-3.919000e+00 
-3.916000e+00 
-3.910000e+00 
-3.901000e+00 
-3.888000e+00 
-3.873000e+00 
-3.854000e+00 
-3.832000e+00 
-3.807000e+00 
-3.779000e+00 
-3.749000e+00 
-3.715000e+00 
-3.679000e+00 
-3.641000e+00 
-3.599000e+00 
-3.555000e+00 
-3.509000e+00 
-3.460000e+00 
-3.408000e+00 
-3.355000e+00 
-3.298000e+00 
-3.239000e+00 
-3.178000e+00 
-3.114000e+00 
-3.048000e+00 
-2.980000e+00 
-2.910000e+00 
-2.838000e+00 
-2.764000e+00 
-2.688000e+00 
-2.611000e+00 
-2.533000e+00 
-2.453000e+00 
-2.372000e+00 
-2.290000e+00 
-2.208000e+00 
-2.126000e+00 
-2.043000e+00 
-1.960000e+00 
-1.877000e+00 
-1.794000e+00 
-1.712000e+00 
-1.629000e+00 
-1.547000e+00 
-1.465000e+00 
-1.384000e+00 
-1.303000e+00 
-1.223000e+00 
-1.143000e+00 
-1.064000e+00 
-9.850000e-01 
-9.070000e-01 
-8.290000e-01 
-7.520000e-01 
-6.760000e-01 
-6.000000e-01 
-5.240000e-01 
-4.490000e-01 
-3.750000e-01 
-3.010000e-01 
-2.270000e-01 
-1.530000e-01 
-7.900000e-02 
-6.000000e-03 
6.700000e-02 
1.400000e-01 
2.130000e-01 
2.850000e-01 
3.580000e-01 
4.300000e-01 
5.010000e-01 
5.720000e-01 
6.430000e-01 
7.130000e-01 
7.820000e-01 
8.500000e-01 
9.170000e-01 
9.830000e-01 
1.047000e+00 
1.111000e+00 
1.173000e+00 
1.233000e+00 
1.291000e+00 
1.348000e+00 
1.403000e+00 
1.456000e+00 
1.507000e+00 
1.556000e+00 
1.603000e+00 
1.648000e+00 
1.692000e+00 
1.733000e+00 
1.773000e+00 
1.811000e+00 
1.847000e+00 
1.881000e+00 
1.914000e+00 
1.944000e+00 
1.973000e+00 
2 
2.025000e+00 
2.048000e+00 
2.070000e+00 
2.089000e+00 
2.106000e+00 
2.122000e+00 
2.135000e+00 
2.147000e+00 
2.156000e+00 
2.164000e+00 
2.170000e+00 
2.174000e+00 
2.176000e+00 
2.176000e+00 
2.175000e+00 
2.171000e+00 
2.166000e+00 
2.159000e+00 
2.151000e+00 
2.140000e+00 
2.127000e+00 
2.113000e+00 
2.096000e+00 
2.078000e+00 
2.057000e+00 
2.035000e+00 
2.010000e+00 
1.983000e+00 
1.954000e+00 
1.922000e+00 
1.888000e+00 
1.853000e+00 
1.815000e+00 
1.776000e+00 
1.734000e+00 
1.691000e+00 
1.646000e+00 
1.600000e+00 
1.553000e+00 
1.504000e+00 
1.455000e+00 
1.405000e+00 
1.354000e+00 
1.304000e+00 
1.253000e+00 
1.202000e+00 
1.151000e+00 
1.101000e+00 
1.052000e+00 
1.004000e+00 
9.560000e-01 
9.110000e-01 
8.660000e-01 
8.240000e-01 
7.830000e-01 
7.440000e-01 
7.070000e-01 
6.730000e-01 
6.400000e-01 
6.100000e-01 
5.810000e-01 
5.550000e-01 
5.300000e-01 
5.070000e-01 
4.860000e-01 
4.670000e-01 
4.490000e-01 
4.330000e-01 
4.180000e-01 
4.050000e-01 
3.940000e-01 
3.830000e-01 
3.740000e-01 
3.660000e-01 
3.590000e-01 
3.540000e-01 
3.500000e-01 
3.460000e-01 
3.440000e-01 
3.430000e-01 
3.430000e-01 
3.440000e-01 
3.460000e-01 
3.490000e-01 
3.530000e-01 
3.590000e-01 
3.650000e-01 
3.730000e-01 
3.820000e-01 
3.930000e-01 
4.050000e-01 
4.180000e-01 
4.320000e-01 
4.480000e-01 
4.650000e-01 
4.840000e-01 
5.030000e-01 
5.240000e-01 
5.450000e-01 
5.680000e-01 
5.910000e-01 
6.150000e-01 
6.400000e-01 
6.650000e-01 
6.900000e-01 
7.160000e-01 
7.420000e-01 
7.690000e-01 
7.950000e-01 
8.210000e-01 
8.470000e-01 
8.730000e-01 
8.980000e-01 
9.230000e-01 
9.480000e-01 
9.710000e-01 
9.940000e-01 
1.016000e+00 
1.036000e+00 
1.056000e+00 
1.074000e+00 
1.090000e+00 
1.105000e+00 
1.117000e+00 
1.128000e+00 
1.137000e+00 
1.143000e+00 
1.148000e+00 
1.150000e+00 
1.150000e+00 
1.147000e+00 
1.142000e+00 
1.135000e+00 
1.125000e+00 
1.113000e+00 
1.098000e+00 
1.082000e+00 
1.063000e+00 
1.042000e+00 
1.019000e+00 
9.940000e-01 
9.680000e-01 
9.390000e-01 
9.090000e-01 
8.770000e-01 
8.430000e-01 
8.080000e-01 
7.710000e-01 
7.320000e-01 
6.920000e-01 
6.500000e-01 
6.070000e-01 
5.620000e-01 
5.160000e-01 
4.680000e-01 
4.200000e-01 
3.700000e-01 
3.190000e-01 
2.670000e-01 
2.150000e-01 
1.610000e-01 
1.070000e-01 
5.200000e-02 
-4.000000e-03 
-6.000000e-02 
-1.170000e-01 
-1.740000e-01 
-2.320000e-01 
-2.900000e-01 
-3.480000e-01 
-4.070000e-01 
-4.650000e-01 
-5.240000e-01 
-5.820000e-01 
-6.410000e-01 
-6.990000e-01 
-7.580000e-01 
-8.160000e-01 
-8.740000e-01 
-9.320000e-01 
-9.900000e-01 
-1.048000e+00 
-1.105000e+00 
-1.162000e+00 
-1.219000e+00 
-1.274000e+00 
-1.329000e+00 
-1.383000e+00 
-1.435000e+00 
-1.486000e+00 
-1.535000e+00 
-1.582000e+00 
-1.627000e+00 
-1.669000e+00 
-1.710000e+00 
-1.747000e+00 
-1.782000e+00 
-1.814000e+00 
-1.843000e+00 
-1.870000e+00 
-1.893000e+00 
-1.914000e+00 
-1.932000e+00 
-1.947000e+00 
-1.959000e+00 
-1.969000e+00 
-1.977000e+00 
-1.982000e+00 
-1.985000e+00 
-1.986000e+00 
-1.985000e+00 
-1.982000e+00 
-1.977000e+00 
-1.971000e+00 
-1.963000e+00 
-1.953000e+00 
-1.942000e+00 
-1.929000e+00 
-1.914000e+00 
-1.898000e+00 
-1.880000e+00 
-1.860000e+00 
-1.839000e+00 
-1.816000e+00 
-1.791000e+00 
-1.765000e+00 
-1.737000e+00 
-1.708000e+00 
-1.677000e+00 
-1.645000e+00 
-1.611000e+00 
-1.575000e+00 
-1.539000e+00 
-1.500000e+00 
-1.460000e+00 
-1.418000e+00 
-1.375000e+00 
-1.330000e+00 
-1.283000e+00 
-1.234000e+00 
-1.184000e+00 
-1.132000e+00 
-1.078000e+00 
-1.023000e+00 
-9.660000e-01 
-9.080000e-01 
-8.490000e-01 
-7.890000e-01 
-7.280000e-01 
-6.660000e-01 
-6.040000e-01 
-5.420000e-01 
-4.800000e-01 
-4.180000e-01 
-3.570000e-01 
-2.960000e-01 
-2.360000e-01 
-1.770000e-01 
-1.200000e-01 
-6.300000e-02 
-8.000000e-03 
4.600000e-02 
9.900000e-02 
1.500000e-01 
2.000000e-01 
2.480000e-01 
2.940000e-01 
3.380000e-01 
3.810000e-01 
4.210000e-01 
4.600000e-01 
4.960000e-01 
5.310000e-01 
5.630000e-01 
5.930000e-01 
6.210000e-01 
6.470000e-01 
6.700000e-01 
6.910000e-01 
7.100000e-01 
7.260000e-01 
7.400000e-01 
7.520000e-01 
7.610000e-01 
7.680000e-01 
7.720000e-01 
7.740000e-01 
7.740000e-01 
7.710000e-01 
7.650000e-01 
7.580000e-01 
7.470000e-01 
7.350000e-01 
7.200000e-01 
7.020000e-01 
6.820000e-01 
6.580000e-01 
6.320000e-01 
6.030000e-01 
5.700000e-01 
5.340000e-01 
4.950000e-01 
4.510000e-01 
4.030000e-01 
3.520000e-01 
2.960000e-01 
2.370000e-01 
1.740000e-01 
1.070000e-01 
3.700000e-02 
-3.500000e-02 
-1.110000e-01 
-1.890000e-01 
-2.690000e-01 
-3.520000e-01 
-4.360000e-01 
-5.230000e-01 
-6.110000e-01 
-7.000000e-01 
-7.910000e-01 
-8.830000e-01 
-9.760000e-01 
-1.070000e+00 
-1.165000e+00 
-1.260000e+00 
-1.356000e+00 
-1.452000e+00 
-1.549000e+00 
-1.645000e+00 
-1.742000e+00 
-1.839000e+00 
-1.936000e+00 
-2.032000e+00 
-2.128000e+00 
-2.224000e+00 
-2.319000e+00 
-2.413000e+00 
-2.506000e+00 
-2.598000e+00 
-2.689000e+00 
-2.778000e+00 
-2.866000e+00 
-2.953000e+00 
-3.038000e+00 
-3.121000e+00 
-3.202000e+00 
-3.281000e+00 
-3.358000e+00 
-3.433000e+00 
-3.505000e+00 
-3.575000e+00 
-3.642000e+00 
-3.706000e+00 
-3.768000e+00 
-3.826000e+00 
-3.881000e+00 
-3.933000e+00 
-3.982000e+00 
-4.027000e+00 
-4.069000e+00 
-4.106000e+00 
-4.140000e+00 
-4.171000e+00 
-4.197000e+00 
-4.219000e+00 
-4.238000e+00 
-4.252000e+00 
-4.262000e+00 
-4.269000e+00 
-4.271000e+00 
-4.268000e+00 
-4.262000e+00 
-4.251000e+00 
-4.236000e+00 
-4.216000e+00 
-4.191000e+00 
-4.162000e+00 
-4.128000e+00 
-4.090000e+00 
-4.047000e+00 
-4 
-3.948000e+00 
-3.892000e+00 
-3.832000e+00 
-3.768000e+00 
-3.701000e+00 
-3.629000e+00 
-3.554000e+00 
-3.475000e+00 
-3.393000e+00 
-3.308000e+00 
-3.219000e+00 
-3.127000e+00 
-3.032000e+00 
-2.934000e+00 
-2.833000e+00 
-2.730000e+00 
-2.623000e+00 
-2.514000e+00 
-2.403000e+00 
-2.289000e+00 
-2.173000e+00 
-2.055000e+00 
-1.935000e+00 
-1.814000e+00 
-1.690000e+00 
-1.566000e+00 
-1.440000e+00 
-1.312000e+00 
-1.184000e+00 
-1.055000e+00 
-9.250000e-01 
-7.940000e-01 
-6.630000e-01 
-5.310000e-01 
-3.990000e-01 
-2.670000e-01 
-1.340000e-01 
-2.000000e-03 
1.300000e-01 
2.620000e-01 
3.950000e-01 
5.260000e-01 
6.580000e-01 
7.890000e-01 
9.200000e-01 
1.050000e+00 
1.180000e+00 
1.309000e+00 
1.437000e+00 
1.564000e+00 
1.690000e+00 
1.815000e+00 
1.939000e+00 
2.061000e+00 
2.182000e+00 
2.301000e+00 
2.418000e+00 
2.533000e+00 
2.647000e+00 
2.757000e+00 
2.866000e+00 
2.972000e+00 
3.076000e+00 
3.176000e+00 
3.274000e+00 
3.369000e+00 
3.461000e+00 
3.550000e+00 
3.636000e+00 
3.719000e+00 
3.799000e+00 
3.876000e+00 
3.950000e+00 
4.021000e+00 
4.089000e+00 
4.154000e+00 
4.216000e+00 
4.275000e+00 
4.330000e+00 
4.383000e+00 
4.433000e+00 
4.479000e+00 
4.523000e+00 
4.563000e+00 
4.601000e+00 
4.635000e+00 
4.667000e+00 
4.695000e+00 
4.721000e+00 
4.745000e+00 
4.765000e+00 
4.783000e+00 
4.798000e+00 
4.811000e+00 
4.821000e+00 
4.830000e+00 
4.836000e+00 
4.840000e+00 
4.842000e+00 
4.842000e+00 
4.841000e+00 
4.838000e+00 
4.834000e+00 
4.828000e+00 
4.821000e+00 
4.813000e+00 
4.803000e+00 
4.793000e+00 
4.781000e+00 
4.768000e+00 
4.754000e+00 
4.739000e+00 
4.723000e+00 
4.707000e+00 
4.689000e+00 
4.671000e+00 
4.652000e+00 
4.632000e+00 
4.611000e+00 
4.590000e+00 
4.569000e+00 
4.546000e+00 
4.523000e+00 
4.500000e+00 
4.476000e+00 
4.452000e+00 
4.427000e+00 
4.402000e+00 
4.376000e+00 
4.350000e+00 
4.323000e+00 
4.296000e+00 
4.269000e+00 
4.241000e+00 
4.213000e+00 
4.185000e+00 
4.156000e+00 
4.127000e+00 
4.098000e+00 
4.069000e+00 
4.039000e+00 
4.009000e+00 
3.979000e+00 
3.949000e+00 
3.919000e+00 
3.888000e+00 
3.858000e+00 
3.827000e+00 
3.797000e+00 
3.767000e+00 
3.737000e+00 
3.707000e+00 
3.676000e+00 
3.645000e+00 
3.615000e+00 
3.583000e+00 
3.551000e+00 
3.519000e+00 
3.486000e+00 
3.452000e+00 
3.418000e+00 
3.383000e+00 
3.347000e+00 
3.311000e+00 
3.274000e+00 
3.236000e+00 
3.197000e+00 
3.158000e+00 
3.118000e+00 
3.077000e+00 
3.035000e+00 
2.993000e+00 
2.949000e+00 
2.905000e+00 
2.860000e+00 
2.815000e+00 
2.768000e+00 
2.720000e+00 
2.672000e+00 
2.622000e+00 
2.572000e+00 
2.521000e+00 
2.469000e+00 
2.416000e+00 
2.362000e+00 
2.308000e+00 
2.253000e+00 
2.197000e+00 
2.140000e+00 
2.082000e+00 
2.023000e+00 
1.964000e+00 
1.903000e+00 
1.842000e+00 
1.780000e+00 
1.717000e+00 
1.653000e+00 
1.589000e+00 
1.524000e+00 
1.459000e+00 
1.393000e+00 
1.327000e+00 
1.261000e+00 
1.194000e+00 
1.128000e+00 
1.061000e+00 
9.940000e-01 
9.270000e-01 
8.610000e-01 
7.950000e-01 
7.300000e-01 
6.660000e-01 
6.030000e-01 
5.400000e-01 
4.790000e-01 
4.200000e-01 
3.610000e-01 
3.050000e-01 
2.490000e-01 
1.950000e-01 
1.430000e-01 
9.300000e-02 
4.400000e-02 
-4.000000e-03 
-4.900000e-02 
-9.400000e-02 
-1.370000e-01 
-1.780000e-01 
-2.180000e-01 
-2.570000e-01 
-2.950000e-01 
-3.320000e-01 
-3.680000e-01 
-4.030000e-01 
-4.370000e-01 
-4.700000e-01 
-5.030000e-01 
-5.350000e-01 
-5.660000e-01 
-5.970000e-01 
-6.280000e-01 
-6.580000e-01 
-6.870000e-01 
-7.150000e-01 
-7.430000e-01 
-7.700000e-01 
-7.960000e-01 
-8.210000e-01 
-8.450000e-01 
-8.670000e-01 
-8.880000e-01 
-9.070000e-01 
-9.250000e-01 
-9.410000e-01 
-9.560000e-01 
-9.680000e-01 
-9.780000e-01 
-9.870000e-01 
-9.930000e-01 
-9.970000e-01 
-9.980000e-01 
-9.970000e-01 
-9.950000e-01 
-9.900000e-01 
-9.830000e-01 
-9.750000e-01 
-9.660000e-01 
-9.550000e-01 
-9.430000e-01 
-9.300000e-01 
-9.160000e-01 
-9.020000e-01 
-8.870000e-01 
-8.720000e-01 
-8.560000e-01 
-8.400000e-01 
-8.250000e-01 
-8.090000e-01 
-7.930000e-01 
-7.770000e-01 
-7.610000e-01 
-7.460000e-01 
-7.310000e-01 
-7.160000e-01 
-7.010000e-01 
-6.870000e-01 
-6.730000e-01 
-6.600000e-01 
-6.470000e-01 
-6.350000e-01 
-6.230000e-01 
-6.130000e-01 
-6.030000e-01 
-5.940000e-01 
-5.850000e-01 
-5.770000e-01 
-5.700000e-01 
-5.640000e-01 
-5.580000e-01 
-5.530000e-01 
-5.490000e-01 
-5.450000e-01 
-5.430000e-01 
-5.410000e-01 
-5.410000e-01 
-5.420000e-01 
-5.450000e-01 
-5.490000e-01 
-5.540000e-01 
-5.610000e-01 
-5.710000e-01 
-5.820000e-01 
-5.950000e-01 
-6.100000e-01 
-6.280000e-01 
-6.490000e-01 
-6.720000e-01 
-6.980000e-01 
-7.260000e-01 
-7.570000e-01 
-7.910000e-01 
-8.280000e-01 
-8.670000e-01 
-9.090000e-01 
-9.530000e-01 
-9.990000e-01 
-1.048000e+00 
-1.099000e+00 
-1.151000e+00 
-1.207000e+00 
-1.263000e+00 
-1.322000e+00 
-1.382000e+00 
-1.443000e+00 
-1.505000e+00 
-1.568000e+00 
-1.632000e+00 
-1.697000e+00 
-1.762000e+00 
-1.827000e+00 
-1.893000e+00 
-1.959000e+00 
-2.026000e+00 
-2.092000e+00 
-2.158000e+00 
-2.224000e+00 
-2.290000e+00 
-2.356000e+00 
-2.421000e+00 
-2.487000e+00 
-2.552000e+00 
-2.618000e+00 
-2.683000e+00 
-2.749000e+00 
-2.815000e+00 
-2.882000e+00 
-2.948000e+00 
-3.015000e+00 
-3.082000e+00 
-3.150000e+00 
-3.218000e+00 
-3.285000e+00 
-3.353000e+00 
-3.420000e+00 
-3.488000e+00 
-3.555000e+00 
-3.621000e+00 
-3.687000e+00 
-3.752000e+00 
-3.817000e+00 
-3.880000e+00 
-3.942000e+00 
-4.004000e+00 
-4.064000e+00 
-4.123000e+00 
-4.180000e+00 
-4.236000e+00 
-4.291000e+00 
-4.344000e+00 
-4.395000e+00 
-4.444000e+00 
-4.491000e+00 
-4.535000e+00 
-4.577000e+00 
-4.617000e+00 
-4.653000e+00 
-4.687000e+00 
-4.718000e+00 
-4.746000e+00 
-4.770000e+00 
-4.792000e+00 
-4.810000e+00 
-4.824000e+00 
-4.836000e+00 
-4.844000e+00 
-4.849000e+00 
-4.851000e+00 
-4.849000e+00 
-4.845000e+00 
-4.838000e+00 
-4.827000e+00 
-4.814000e+00 
-4.799000e+00 
-4.780000e+00 
-4.759000e+00 
-4.736000e+00 
-4.710000e+00 
-4.681000e+00 
-4.650000e+00 
-4.616000e+00 
-4.580000e+00 
-4.541000e+00 
-4.499000e+00 
-4.455000e+00 
-4.408000e+00 
-4.358000e+00 
-4.306000e+00 
-4.251000e+00 
-4.194000e+00 
-4.134000e+00 
-4.072000e+00 
-4.008000e+00 
-3.941000e+00 
-3.872000e+00 
-3.800000e+00 
-3.727000e+00 
-3.651000e+00 
-3.573000e+00 
-3.492000e+00 
-3.410000e+00 
-3.326000e+00 
-3.241000e+00 
-3.154000e+00 
-3.066000e+00 
-2.976000e+00 
-2.886000e+00 
-2.795000e+00 
-2.702000e+00 
-2.610000e+00 
-2.517000e+00 
-2.424000e+00 
-2.330000e+00 
-2.237000e+00 
-2.145000e+00 
-2.053000e+00 
-1.961000e+00 
-1.870000e+00 
-1.780000e+00 
-1.689000e+00 
-1.599000e+00 
-1.510000e+00 
-1.420000e+00 
-1.331000e+00 
-1.241000e+00 
-1.151000e+00 
-1.062000e+00 
-9.730000e-01 
-8.840000e-01 
-7.950000e-01 
-7.070000e-01 
-6.190000e-01 
-5.320000e-01 
-4.450000e-01 
-3.590000e-01 
-2.730000e-01 
-1.880000e-01 
-1.030000e-01 
-1.900000e-02 
6.400000e-02 
1.450000e-01 
2.260000e-01 
3.060000e-01 
3.840000e-01 
4.610000e-01 
5.370000e-01 
6.110000e-01 
6.830000e-01 
7.530000e-01 
8.220000e-01 
8.890000e-01 
9.540000e-01 
1.017000e+00 
1.078000e+00 
1.136000e+00 
1.192000e+00 
1.245000e+00 
1.296000e+00 
1.344000e+00 
1.388000e+00 
1.430000e+00 
1.469000e+00 
1.506000e+00 
1.539000e+00 
1.571000e+00 
1.600000e+00 
1.627000e+00 
1.651000e+00 
1.674000e+00 
1.694000e+00 
1.713000e+00 
1.730000e+00 
1.744000e+00 
1.757000e+00 
1.768000e+00 
1.776000e+00 
1.783000e+00 
1.787000e+00 
1.789000e+00 
1.789000e+00 
1.787000e+00 
1.783000e+00 
1.776000e+00 
1.767000e+00 
1.755000e+00 
1.741000e+00 
1.725000e+00 
1.706000e+00 
1.685000e+00 
1.661000e+00 
1.635000e+00 
1.606000e+00 
1.575000e+00 
1.542000e+00 
1.506000e+00 
1.468000e+00 
1.428000e+00 
1.386000e+00 
1.342000e+00 
1.295000e+00 
1.247000e+00 
1.197000e+00 
1.146000e+00 
1.092000e+00 
1.037000e+00 
9.810000e-01 
9.230000e-01 
8.630000e-01 
8.020000e-01 
7.400000e-01 
6.780000e-01 
6.140000e-01 
5.490000e-01 
4.840000e-01 
4.180000e-01 
3.520000e-01 
2.860000e-01 
2.200000e-01 
1.530000e-01 
8.700000e-02 
2.200000e-02 
-4.300000e-02 
-1.080000e-01 
-1.710000e-01 
-2.340000e-01 
-2.950000e-01 
-3.550000e-01 
-4.140000e-01 
-4.720000e-01 
-5.280000e-01 
-5.830000e-01 
-6.370000e-01 
-6.890000e-01 
-7.390000e-01 
-7.880000e-01 
-8.350000e-01 
-8.800000e-01 
-9.230000e-01 
-9.640000e-01 
-1.003000e+00 
-1.040000e+00 
-1.074000e+00 
-1.105000e+00 
-1.133000e+00 
-1.158000e+00 
-1.180000e+00 
-1.198000e+00 
-1.213000e+00 
-1.225000e+00 
-1.233000e+00 
-1.238000e+00 
-1.239000e+00 
-1.236000e+00 
-1.230000e+00 
-1.220000e+00 
-1.207000e+00 
-1.190000e+00 
-1.171000e+00 
-1.148000e+00 
-1.122000e+00 
-1.093000e+00 
-1.061000e+00 
-1.027000e+00 
-9.890000e-01 
-9.490000e-01 
-9.060000e-01 
-8.600000e-01 
-8.110000e-01 
-7.590000e-01 
-7.050000e-01 
-6.470000e-01 
-5.880000e-01 
-5.250000e-01 
-4.600000e-01 
-3.930000e-01 
-3.240000e-01 
-2.520000e-01 
-1.790000e-01 
-1.030000e-01 
-2.500000e-02 
5.500000e-02 
1.370000e-01 
2.210000e-01 
3.070000e-01 
3.940000e-01 
4.840000e-01 
5.750000e-01 
6.680000e-01 
7.630000e-01 
8.600000e-01 
9.590000e-01 
1.060000e+00 
1.161000e+00 
1.265000e+00 
1.369000e+00 
1.474000e+00 
1.579000e+00 
1.684000e+00 
1.790000e+00 
1.895000e+00 
2.001000e+00 
2.105000e+00 
2.209000e+00 
2.312000e+00 
2.414000e+00 
2.515000e+00 
2.614000e+00 
2.712000e+00 
2.808000e+00 
2.902000e+00 
2.994000e+00 
3.083000e+00 
3.171000e+00 
3.256000e+00 
3.339000e+00 
3.419000e+00 
3.497000e+00 
3.573000e+00 
3.646000e+00 
3.716000e+00 
3.783000e+00 
3.847000e+00 
3.907000e+00 
3.964000e+00 
4.017000e+00 
4.067000e+00 
4.112000e+00 
4.154000e+00 
4.191000e+00 
4.225000e+00 
4.254000e+00 
4.279000e+00 
4.301000e+00 
4.319000e+00 
4.332000e+00 
4.343000e+00 
4.349000e+00 
4.352000e+00 
4.352000e+00 
4.348000e+00 
4.341000e+00 
4.330000e+00 
4.317000e+00 
4.300000e+00 
4.280000e+00 
4.257000e+00 
4.231000e+00 
4.203000e+00 
4.171000e+00 
4.137000e+00 
4.100000e+00 
4.060000e+00 
4.018000e+00 
3.973000e+00 
3.925000e+00 
3.875000e+00 
3.823000e+00 
3.768000e+00 
3.711000e+00 
3.652000e+00 
3.592000e+00 
3.529000e+00 
3.465000e+00 
3.399000e+00 
3.331000e+00 
3.262000e+00 
3.191000e+00 
3.119000e+00 
3.046000e+00 
2.971000e+00 
2.895000e+00 
2.819000e+00 
2.741000e+00 
2.663000e+00 
2.584000e+00 
2.505000e+00 
2.425000e+00 
2.346000e+00 
2.266000e+00 
2.186000e+00 
2.106000e+00 
2.026000e+00 
1.947000e+00 
1.868000e+00 
1.790000e+00 
1.712000e+00 
1.635000e+00 
1.559000e+00 
1.484000e+00 
1.410000e+00 
1.337000e+00 
1.266000e+00 
1.196000e+00 
1.127000e+00 
1.061000e+00 
9.960000e-01 
9.330000e-01 
8.730000e-01 
8.140000e-01 
7.570000e-01 
7.030000e-01 
6.500000e-01 
5.990000e-01 
5.490000e-01 
5.020000e-01 
4.580000e-01 
4.150000e-01 
3.750000e-01 
3.370000e-01 
3.020000e-01 
2.680000e-01 
2.370000e-01 
2.070000e-01 
1.790000e-01 
1.520000e-01 
1.270000e-01 
1.030000e-01 
8.100000e-02 
6.000000e-02 
4.100000e-02 
2.300000e-02 
7.000000e-03 
-9.000000e-03 
-2.300000e-02 
-3.600000e-02 
-4.700000e-02 
-5.700000e-02 
-6.600000e-02 
-7.400000e-02 
-8.000000e-02 
-8.400000e-02 
-8.700000e-02 
-8.800000e-02 
-8.700000e-02 
-8.500000e-02 
-8.200000e-02 
-7.600000e-02 
-6.900000e-02 
-6.100000e-02 
-5.200000e-02 
-4.100000e-02 
-2.900000e-02 
-1.600000e-02 
-2.000000e-03 
1.200000e-02 
2.700000e-02 
4.200000e-02 
5.700000e-02 
7.300000e-02 
8.900000e-02 
1.040000e-01 
1.190000e-01 
1.340000e-01 
1.480000e-01 
1.620000e-01 
1.750000e-01 
1.870000e-01 
1.990000e-01 
2.100000e-01 
2.190000e-01 
2.280000e-01 
2.360000e-01 
2.420000e-01 
2.470000e-01 
2.510000e-01 
2.540000e-01 
2.550000e-01 
2.550000e-01 
2.540000e-01 
2.520000e-01 
2.480000e-01 
2.430000e-01 
2.370000e-01 
2.290000e-01 
2.200000e-01 
2.100000e-01 
1.990000e-01 
1.860000e-01 
1.720000e-01 
1.570000e-01 
1.400000e-01 
1.230000e-01 
1.030000e-01 
8.300000e-02 
6.100000e-02 
3.800000e-02 
1.400000e-02 
-1.200000e-02 
-3.900000e-02 
-6.800000e-02 
-9.800000e-02 
-1.300000e-01 
-1.640000e-01 
-1.990000e-01 
-2.350000e-01 
-2.740000e-01 
-3.130000e-01 
-3.540000e-01 
-3.970000e-01 
-4.410000e-01 
-4.860000e-01 
-5.330000e-01 
-5.810000e-01 
-6.310000e-01 
-6.810000e-01 
-7.330000e-01 
-7.850000e-01 
-8.380000e-01 
-8.910000e-01 
-9.460000e-01 
-1 
-1.055000e+00 
-1.111000e+00 
-1.166000e+00 
-1.222000e+00 
-1.279000e+00 
-1.335000e+00 
-1.392000e+00 
-1.449000e+00 
-1.505000e+00 
-1.562000e+00 
-1.618000e+00 
-1.674000e+00 
-1.729000e+00 
-1.784000e+00 
-1.838000e+00 
-1.891000e+00 
-1.942000e+00 
-1.993000e+00 
-2.043000e+00 
-2.092000e+00 
-2.139000e+00 
-2.185000e+00 
-2.230000e+00 
-2.273000e+00 
-2.314000e+00 
-2.353000e+00 
-2.391000e+00 
-2.426000e+00 
-2.460000e+00 
-2.490000e+00 
-2.519000e+00 
-2.545000e+00 
-2.568000e+00 
-2.589000e+00 
-2.606000e+00 
-2.620000e+00 
-2.631000e+00 
-2.639000e+00 
-2.643000e+00 
-2.645000e+00 
-2.642000e+00 
-2.637000e+00 
-2.628000e+00 
-2.616000e+00 
-2.601000e+00 
-2.583000e+00 
-2.561000e+00 
-2.536000e+00 
-2.509000e+00 
-2.478000e+00 
-2.445000e+00 
-2.408000e+00 
-2.370000e+00 
-2.329000e+00 
-2.285000e+00 
-2.239000e+00 
-2.190000e+00 
-2.139000e+00 
-2.086000e+00 
-2.031000e+00 
-1.974000e+00 
-1.915000e+00 
-1.855000e+00 
-1.792000e+00 
-1.729000e+00 
-1.664000e+00 
-1.598000e+00 
-1.531000e+00 
-1.463000e+00 
-1.394000e+00 
-1.324000e+00 
-1.254000e+00 
-1.184000e+00 
-1.113000e+00 
-1.042000e+00 
-9.710000e-01 
-8.990000e-01 
-8.280000e-01 
-7.570000e-01 
-6.860000e-01 
-6.150000e-01 
-5.450000e-01 
-4.750000e-01 
-4.060000e-01 
-3.380000e-01 
-2.700000e-01 
-2.040000e-01 
-1.390000e-01 
-7.500000e-02 
-1.200000e-02 
5.000000e-02 
1.100000e-01 
1.700000e-01 
2.280000e-01 
2.840000e-01 
3.400000e-01 
3.940000e-01 
4.470000e-01 
4.980000e-01 
5.480000e-01 
5.960000e-01 
6.420000e-01 
6.870000e-01 
7.300000e-01 
7.700000e-01 
8.090000e-01 
8.450000e-01 
8.790000e-01 
9.110000e-01 
9.400000e-01 
9.670000e-01 
9.910000e-01 
1.012000e+00 
1.031000e+00 
1.046000e+00 
1.059000e+00 
1.069000e+00 
1.075000e+00 
1.078000e+00 
1.078000e+00 
1.075000e+00 
1.069000e+00 
1.060000e+00 
1.048000e+00 
1.033000e+00 
1.015000e+00 
9.960000e-01 
9.730000e-01 
9.480000e-01 
9.210000e-01 
8.920000e-01 
8.610000e-01 
8.270000e-01 
7.920000e-01 
7.550000e-01 
7.170000e-01 
6.760000e-01 
6.340000e-01 
5.900000e-01 
5.450000e-01 
4.980000e-01 
4.500000e-01 
4.000000e-01 
3.490000e-01 
2.970000e-01 
2.440000e-01 
1.900000e-01 
1.350000e-01 
7.800000e-02 
2.100000e-02 
-3.700000e-02 
-9.600000e-02 
-1.560000e-01 
-2.170000e-01 
-2.780000e-01 
-3.400000e-01 
-4.030000e-01 
-4.660000e-01 
-5.300000e-01 
-5.940000e-01 
-6.580000e-01 
-7.230000e-01 
-7.870000e-01 
-8.510000e-01 
-9.150000e-01 
-9.780000e-01 
-1.041000e+00 
-1.103000e+00 
-1.163000e+00 
-1.223000e+00 
-1.282000e+00 
-1.339000e+00 
-1.396000e+00 
-1.451000e+00 
-1.504000e+00 
-1.556000e+00 
-1.606000e+00 
-1.654000e+00 
-1.701000e+00 
-1.745000e+00 
-1.787000e+00 
-1.828000e+00 
-1.866000e+00 
-1.902000e+00 
-1.935000e+00 
-1.967000e+00 
-1.996000e+00 
-2.023000e+00 
-2.047000e+00 
-2.069000e+00 
-2.087000e+00 
-2.103000e+00 
-2.116000e+00 
-2.125000e+00 
-2.132000e+00 
-2.136000e+00 
-2.136000e+00 
-2.134000e+00 
-2.129000e+00 
-2.122000e+00 
-2.111000e+00 
-2.098000e+00 
-2.083000e+00 
-2.066000e+00 
-2.046000e+00 
-2.025000e+00 
-2.001000e+00 
-1.976000e+00 
-1.949000e+00 
-1.921000e+00 
-1.891000e+00 
-1.859000e+00 
-1.826000e+00 
-1.792000e+00 
-1.756000e+00 
-1.719000e+00 
-1.680000e+00 
-1.641000e+00 
-1.601000e+00 
-1.559000e+00 
-1.517000e+00 
-1.474000e+00 
-1.431000e+00 
-1.386000e+00 
-1.342000e+00 
-1.297000e+00 
-1.252000e+00 
-1.206000e+00 
-1.161000e+00 
-1.115000e+00 
-1.070000e+00 
-1.025000e+00 
-9.800000e-01 
-9.360000e-01 
-8.910000e-01 
-8.480000e-01 
-8.050000e-01 
-7.620000e-01 
-7.210000e-01 
-6.800000e-01 
-6.410000e-01 
-6.030000e-01 
-5.660000e-01 
-5.300000e-01 
-4.960000e-01 
-4.640000e-01 
-4.330000e-01 
-4.040000e-01 
-3.770000e-01 
-3.520000e-01 
-3.290000e-01 
-3.070000e-01 
-2.880000e-01 
-2.710000e-01 
-2.550000e-01 
-2.420000e-01 
-2.310000e-01 
-2.210000e-01 
-2.140000e-01 
-2.080000e-01 
-2.040000e-01 
-2.020000e-01 
-2.020000e-01 
-2.030000e-01 
-2.060000e-01 
-2.110000e-01 
-2.170000e-01 
-2.240000e-01 
-2.330000e-01 
-2.430000e-01 
-2.540000e-01 
-2.670000e-01 
-2.800000e-01 
-2.940000e-01 
-3.100000e-01 
-3.260000e-01 
-3.420000e-01 
-3.600000e-01 
-3.770000e-01 
-3.950000e-01 
-4.130000e-01 
-4.310000e-01 
-4.500000e-01 
-4.680000e-01 
-4.860000e-01 
-5.050000e-01 
-5.230000e-01 
-5.410000e-01 
-5.600000e-01 
-5.780000e-01 
-5.950000e-01 
-6.130000e-01 
-6.290000e-01 
-6.460000e-01 
-6.620000e-01 
-6.770000e-01 
-6.920000e-01 
-7.060000e-01 
-7.190000e-01 
-7.320000e-01 
-7.440000e-01 
-7.550000e-01 
-7.650000e-01 
-7.750000e-01 
-7.830000e-01 
-7.910000e-01 
-7.970000e-01 
-8.030000e-01 
-8.070000e-01 
-8.090000e-01 
-8.110000e-01 
-8.110000e-01 
-8.090000e-01 
-8.070000e-01 
-8.020000e-01 
-7.960000e-01 
-7.890000e-01 
-7.790000e-01 
-7.680000e-01 
-7.560000e-01 
-7.420000e-01 
-7.260000e-01 
-7.090000e-01 
-6.900000e-01 
-6.700000e-01 
-6.490000e-01 
-6.260000e-01 
-6.010000e-01 
-5.750000e-01 
-5.480000e-01 
-5.190000e-01 
-4.880000e-01 
-4.570000e-01 
-4.230000e-01 
-3.880000e-01 
-3.520000e-01 
-3.140000e-01 
-2.750000e-01 
-2.340000e-01 
-1.910000e-01 
-1.480000e-01 
-1.030000e-01 
-5.700000e-02 
-9.000000e-03 
4.000000e-02 
9.000000e-02 
1.410000e-01 
1.930000e-01 
2.470000e-01 
3.010000e-01 
3.560000e-01 
4.120000e-01 
4.690000e-01 
5.270000e-01 
5.850000e-01 
6.440000e-01 
7.040000e-01 
7.640000e-01 
8.250000e-01 
8.860000e-01 
9.470000e-01 
1.008000e+00 
1.068000e+00 
1.129000e+00 
1.190000e+00 
1.251000e+00 
1.311000e+00 
1.372000e+00 
1.432000e+00 
1.492000e+00 
1.552000e+00 
1.612000e+00 
1.672000e+00 
1.731000e+00 
1.791000e+00 
1.849000e+00 
1.908000e+00 
1.966000e+00 
2.023000e+00 
2.080000e+00 
2.137000e+00 
2.192000e+00 
2.247000e+00 
2.301000e+00 
2.355000e+00 
2.407000e+00 
2.458000e+00 
2.509000e+00 
2.558000e+00 
2.605000e+00 
2.651000e+00 
2.696000e+00 
2.739000e+00 
2.781000e+00 
2.821000e+00 
2.859000e+00 
2.895000e+00 
2.929000e+00 
2.962000e+00 
2.992000e+00 
3.020000e+00 
3.047000e+00 
3.071000e+00 
3.093000e+00 
3.114000e+00 
3.132000e+00 
3.148000e+00 
3.161000e+00 
3.173000e+00 
3.182000e+00 
3.190000e+00 
3.195000e+00 
3.198000e+00 
3.198000e+00 
3.197000e+00 
3.194000e+00 
3.189000e+00 
3.181000e+00 
3.172000e+00 
3.161000e+00 
3.148000e+00 
3.133000e+00 
3.117000e+00 
3.098000e+00 
3.078000e+00 
3.056000e+00 
3.032000e+00 
3.006000e+00 
2.979000e+00 
2.950000e+00 
2.919000e+00 
2.887000e+00 
2.853000e+00 
2.818000e+00 
2.781000e+00 
2.743000e+00 
2.703000e+00 
2.662000e+00 
2.620000e+00 
2.576000e+00 
2.531000e+00 
2.485000e+00 
2.438000e+00 
2.390000e+00 
2.341000e+00 
2.292000e+00 
2.241000e+00 
2.190000e+00 
2.139000e+00 
2.087000e+00 
2.035000e+00 
1.982000e+00 
1.930000e+00 
1.877000e+00 
1.825000e+00 
1.772000e+00 
1.720000e+00 
1.668000e+00 
1.617000e+00 
1.566000e+00 
1.516000e+00 
1.466000e+00 
1.417000e+00 
1.368000e+00 
1.321000e+00 
1.273000e+00 
1.227000e+00 
1.181000e+00 
1.137000e+00 
1.092000e+00 
1.049000e+00 
1.007000e+00 
9.650000e-01 
9.250000e-01 
8.860000e-01 
8.480000e-01 
8.110000e-01 
7.750000e-01 
7.410000e-01 
7.080000e-01 
6.770000e-01 
6.460000e-01 
6.180000e-01 
5.900000e-01 
5.650000e-01 
5.400000e-01 
5.170000e-01 
4.940000e-01 
4.730000e-01 
4.530000e-01 
4.340000e-01 
4.160000e-01 
3.980000e-01 
3.810000e-01 
3.650000e-01 
3.500000e-01 
3.340000e-01 
3.200000e-01 
3.050000e-01 
2.910000e-01 
2.780000e-01 
2.640000e-01 
2.510000e-01 
2.380000e-01 
2.250000e-01 
2.120000e-01 
1.990000e-01 
1.860000e-01 
1.730000e-01 
1.600000e-01 
1.470000e-01 
1.330000e-01 
1.180000e-01 
1.040000e-01 
8.800000e-02 
7.200000e-02 
5.500000e-02 
3.800000e-02 
2.000000e-02 
1.000000e-03 
-1.800000e-02 
-3.800000e-02 
-5.800000e-02 
-7.900000e-02 
-1.010000e-01 
-1.230000e-01 
-1.460000e-01 
-1.690000e-01 
-1.920000e-01 
-2.150000e-01 
-2.390000e-01 
-2.630000e-01 
-2.880000e-01 
-3.130000e-01 
-3.380000e-01 
-3.630000e-01 
-3.880000e-01 
-4.140000e-01 
-4.390000e-01 
-4.650000e-01 
-4.900000e-01 
-5.160000e-01 
-5.410000e-01 
-5.670000e-01 
-5.920000e-01 
-6.170000e-01 
-6.420000e-01 
-6.670000e-01 
-6.910000e-01 
-7.160000e-01 
-7.400000e-01 
-7.630000e-01 
-7.870000e-01 
-8.100000e-01 
-8.320000e-01 
-8.550000e-01 
-8.770000e-01 
-8.980000e-01 
-9.190000e-01 
-9.390000e-01 
-9.580000e-01 
-9.770000e-01 
-9.940000e-01 
-1.011000e+00 
-1.027000e+00 
-1.042000e+00 
-1.055000e+00 
-1.068000e+00 
-1.079000e+00 
-1.089000e+00 
-1.097000e+00 
-1.104000e+00 
-1.110000e+00 
-1.113000e+00 
-1.116000e+00 
-1.117000e+00 
-1.117000e+00 
-1.116000e+00 
-1.113000e+00 
-1.109000e+00 
-1.104000e+00 
-1.098000e+00 
-1.090000e+00 
-1.082000e+00 
-1.072000e+00 
-1.061000e+00 
-1.048000e+00 
-1.035000e+00 
-1.020000e+00 
-1.005000e+00 
-9.880000e-01 
-9.700000e-01 
-9.520000e-01 
-9.330000e-01 
-9.130000e-01 
-8.920000e-01 
-8.700000e-01 
-8.480000e-01 
-8.260000e-01 
-8.020000e-01 
-7.790000e-01 
-7.540000e-01 
-7.290000e-01 
-7.040000e-01 
-6.780000e-01 
-6.520000e-01 
-6.260000e-01 
-5.990000e-01 
-5.720000e-01 
-5.440000e-01 
-5.170000e-01 
-4.890000e-01 
-4.610000e-01 
-4.330000e-01 
-4.060000e-01 
-3.780000e-01 
-3.510000e-01 
-3.240000e-01 
-2.980000e-01 
-2.720000e-01 
-2.470000e-01 
-2.230000e-01 
-2.000000e-01 
-1.780000e-01 
-1.580000e-01 
-1.390000e-01 
-1.210000e-01 
-1.050000e-01 
-9.000000e-02 
-7.600000e-02 
-6.400000e-02 
-5.300000e-02 
-4.400000e-02 
-3.500000e-02 
-2.800000e-02 
-2.200000e-02 
-1.800000e-02 
-1.400000e-02 
-1.100000e-02 
-9.000000e-03 
-8.000000e-03 
-8.000000e-03 
-9.000000e-03 
-1.100000e-02 
-1.400000e-02 
-1.700000e-02 
-2.200000e-02 
-2.700000e-02 
-3.300000e-02 
-3.900000e-02 
-4.700000e-02 
-5.500000e-02 
-6.400000e-02 
-7.400000e-02 
-8.500000e-02 
-9.600000e-02 
-1.080000e-01 
-1.200000e-01 
-1.330000e-01 
-1.480000e-01 
-1.620000e-01 
-1.780000e-01 
-1.940000e-01 
-2.110000e-01 
-2.290000e-01 
-2.470000e-01 
-2.660000e-01 
-2.860000e-01 
-3.060000e-01 
-3.260000e-01 
-3.470000e-01 
-3.680000e-01 
-3.890000e-01 
-4.100000e-01 
-4.320000e-01 
-4.530000e-01 
-4.740000e-01 
-4.950000e-01 
-5.160000e-01 
-5.370000e-01 
-5.570000e-01 
-5.770000e-01 
-5.970000e-01 
-6.160000e-01 
-6.350000e-01 
-6.530000e-01 
-6.710000e-01 
-6.890000e-01 
-7.060000e-01 
-7.220000e-01 
-7.380000e-01 
-7.530000e-01 
-7.680000e-01 
-7.820000e-01 
-7.960000e-01 
-8.090000e-01 
-8.220000e-01 
-8.350000e-01 
-8.470000e-01 
-8.590000e-01 
-8.700000e-01 
-8.810000e-01 
-8.910000e-01 
-9.020000e-01 
-9.120000e-01 
-9.220000e-01 
-9.310000e-01 
-9.400000e-01 
-9.500000e-01 
-9.580000e-01 
-9.670000e-01 
-9.750000e-01 
-9.840000e-01 
-9.920000e-01 
-9.990000e-01 
-1.007000e+00 
-1.014000e+00 
-1.021000e+00 
-1.028000e+00 
-1.035000e+00 
-1.042000e+00 
-1.048000e+00 
-1.054000e+00 
-1.061000e+00 
-1.067000e+00 
-1.074000e+00 
-1.080000e+00 
-1.087000e+00 
-1.094000e+00 
-1.100000e+00 
-1.108000e+00 
-1.115000e+00 
-1.122000e+00 
-1.130000e+00 
-1.138000e+00 
-1.146000e+00 
-1.155000e+00 
-1.164000e+00 
-1.173000e+00 
-1.182000e+00 
-1.191000e+00 
-1.201000e+00 
-1.210000e+00 
-1.220000e+00 
-1.230000e+00 
-1.239000e+00 
-1.249000e+00 
-1.259000e+00 
-1.269000e+00 
-1.279000e+00 
-1.289000e+00 
-1.299000e+00 
-1.309000e+00 
-1.319000e+00 
-1.329000e+00 
-1.340000e+00 
-1.350000e+00 
-1.361000e+00 
-1.371000e+00 
-1.382000e+00 
-1.392000e+00 
-1.402000e+00 
-1.412000e+00 
-1.422000e+00 
-1.432000e+00 
-1.441000e+00 
-1.450000e+00 
-1.459000e+00 
-1.467000e+00 
-1.474000e+00 
-1.482000e+00 
-1.488000e+00 
-1.494000e+00 
-1.500000e+00 
-1.505000e+00 
-1.509000e+00 
-1.512000e+00 
-1.515000e+00 
-1.517000e+00 
-1.519000e+00 
-1.519000e+00 
-1.519000e+00 
-1.517000e+00 
-1.515000e+00 
-1.512000e+00 
-1.508000e+00 
-1.503000e+00 
-1.498000e+00 
-1.491000e+00 
-1.484000e+00 
-1.476000e+00 
-1.468000e+00 
-1.459000e+00 
-1.449000e+00 
-1.439000e+00 
-1.429000e+00 
-1.418000e+00 
-1.406000e+00 
-1.394000e+00 
-1.380000e+00 
-1.367000e+00 
-1.352000e+00 
-1.337000e+00 
-1.321000e+00 
-1.305000e+00 
-1.288000e+00 
-1.270000e+00 
-1.251000e+00 
-1.232000e+00 
-1.212000e+00 
-1.192000e+00 
-1.171000e+00 
-1.150000e+00 
-1.128000e+00 
-1.105000e+00 
-1.083000e+00 
-1.060000e+00 
-1.036000e+00 
-1.013000e+00 
-9.890000e-01 
-9.640000e-01 
-9.400000e-01 
-9.140000e-01 
-8.890000e-01 
-8.630000e-01 
-8.370000e-01 
-8.110000e-01 
-7.840000e-01 
-7.570000e-01 
-7.300000e-01 
-7.030000e-01 
-6.760000e-01 
-6.490000e-01 
-6.220000e-01 
-5.950000e-01 
-5.680000e-01 
-5.420000e-01 
-5.160000e-01 
-4.910000e-01 
-4.650000e-01 
-4.410000e-01 
-4.160000e-01 
-3.930000e-01 
-3.690000e-01 
-3.460000e-01 
-3.240000e-01 
-3.030000e-01 
-2.820000e-01 
-2.620000e-01 
-2.430000e-01 
-2.260000e-01 
-2.090000e-01 
-1.930000e-01 
-1.780000e-01 
-1.650000e-01 
-1.530000e-01 
-1.430000e-01 
-1.340000e-01 
-1.260000e-01 
-1.200000e-01 
-1.150000e-01 
-1.120000e-01 
-1.110000e-01 
-1.110000e-01 
-1.130000e-01 
-1.160000e-01 
-1.210000e-01 
-1.270000e-01 
-1.350000e-01 
-1.440000e-01 
-1.540000e-01 
-1.660000e-01 
-1.790000e-01 
-1.930000e-01 
-2.080000e-01 
-2.250000e-01 
-2.430000e-01 
-2.620000e-01 
-2.820000e-01 
-3.040000e-01 
-3.260000e-01 
-3.500000e-01 
-3.740000e-01 
-3.990000e-01 
-4.250000e-01 
-4.520000e-01 
-4.790000e-01 
-5.070000e-01 
-5.350000e-01 
-5.640000e-01 
-5.930000e-01 
-6.230000e-01 
-6.530000e-01 
-6.830000e-01 
-7.130000e-01 
-7.430000e-01 
-7.740000e-01 
-8.040000e-01 
-8.340000e-01 
-8.640000e-01 
-8.940000e-01 
-9.240000e-01 
-9.530000e-01 
-9.810000e-01 
-1.009000e+00 
-1.036000e+00 
-1.062000e+00 
-1.087000e+00 
-1.111000e+00 
-1.133000e+00 
-1.155000e+00 
-1.175000e+00 
-1.193000e+00 
-1.210000e+00 
-1.226000e+00 
-1.239000e+00 
-1.251000e+00 
-1.260000e+00 
-1.268000e+00 
-1.274000e+00 
-1.277000e+00 
-1.278000e+00 
-1.276000e+00 
-1.273000e+00 
-1.266000e+00 
-1.257000e+00 
-1.245000e+00 
-1.230000e+00 
-1.213000e+00 
-1.193000e+00 
-1.170000e+00 
-1.144000e+00 
-1.116000e+00 
-1.085000e+00 
-1.051000e+00 
-1.014000e+00 
-9.750000e-01 
-9.330000e-01 
-8.890000e-01 
-8.430000e-01 
-7.940000e-01 
-7.440000e-01 
-6.910000e-01 
-6.360000e-01 
-5.800000e-01 
-5.220000e-01 
-4.620000e-01 
-4.010000e-01 
-3.380000e-01 
-2.740000e-01 
-2.090000e-01 
-1.420000e-01 
-7.500000e-02 
-6.000000e-03 
6.400000e-02 
1.340000e-01 
2.060000e-01 
2.780000e-01 
3.510000e-01 
4.250000e-01 
4.990000e-01 
5.740000e-01 
6.500000e-01 
7.260000e-01 
8.020000e-01 
8.790000e-01 
9.560000e-01 
1.033000e+00 
1.110000e+00 
1.188000e+00 
1.265000e+00 
1.342000e+00 
1.420000e+00 
1.497000e+00 
1.573000e+00 
1.650000e+00 
1.725000e+00 
1.800000e+00 
1.875000e+00 
1.948000e+00 
2.020000e+00 
2.091000e+00 
2.161000e+00 
2.230000e+00 
2.297000e+00 
2.362000e+00 
2.426000e+00 
2.488000e+00 
2.548000e+00 
2.606000e+00 
2.662000e+00 
2.716000e+00 
2.768000e+00 
2.818000e+00 
2.865000e+00 
2.909000e+00 
2.952000e+00 
2.991000e+00 
3.029000e+00 
3.063000e+00 
3.096000e+00 
3.125000e+00 
3.152000e+00 
3.177000e+00 
3.198000e+00 
3.218000e+00 
3.235000e+00 
3.249000e+00 
3.261000e+00 
3.271000e+00 
3.278000e+00 
3.284000e+00 
3.287000e+00 
3.287000e+00 
3.286000e+00 
3.283000e+00 
3.277000e+00 
3.270000e+00 
3.261000e+00 
3.250000e+00 
3.237000e+00 
3.222000e+00 
3.205000e+00 
3.187000e+00 
3.167000e+00 
3.146000e+00 
3.123000e+00 
3.099000e+00 
3.073000e+00 
3.046000e+00 
3.017000e+00 
2.988000e+00 
2.957000e+00 
2.925000e+00 
2.893000e+00 
2.859000e+00 
2.824000e+00 
2.788000e+00 
2.752000e+00 
2.715000e+00 
2.677000e+00 
2.639000e+00 
2.601000e+00 
2.562000e+00 
2.524000e+00 
2.485000e+00 
2.446000e+00 
2.408000e+00 
2.370000e+00 
2.332000e+00 
2.295000e+00 
2.258000e+00 
2.222000e+00 
2.187000e+00 
2.152000e+00 
2.118000e+00 
2.084000e+00 
2.052000e+00 
2.020000e+00 
1.989000e+00 
1.958000e+00 
1.929000e+00 
1.900000e+00 
1.872000e+00 
1.844000e+00 
1.818000e+00 
1.792000e+00 
1.767000e+00 
1.743000e+00 
1.720000e+00 
1.697000e+00 
1.675000e+00 
1.654000e+00 
1.633000e+00 
1.613000e+00 
1.593000e+00 
1.574000e+00 
1.555000e+00 
1.536000e+00 
1.518000e+00 
1.499000e+00 
1.481000e+00 
1.463000e+00 
1.445000e+00 
1.427000e+00 
1.409000e+00 
1.390000e+00 
1.372000e+00 
1.354000e+00 
1.336000e+00 
1.318000e+00 
1.300000e+00 
1.282000e+00 
1.264000e+00 
1.246000e+00 
1.228000e+00 
1.209000e+00 
1.190000e+00 
1.171000e+00 
1.151000e+00 
1.131000e+00 
1.111000e+00 
1.090000e+00 
1.069000e+00 
1.047000e+00 
1.025000e+00 
1.002000e+00 
9.780000e-01 
9.550000e-01 
9.300000e-01 
9.050000e-01 
8.800000e-01 
8.540000e-01 
8.270000e-01 
8.000000e-01 
7.720000e-01 
7.440000e-01 
7.160000e-01 
6.870000e-01 
6.570000e-01 
6.270000e-01 
5.960000e-01 
5.650000e-01 
5.330000e-01 
5.010000e-01 
4.680000e-01 
4.350000e-01 
4.010000e-01 
3.670000e-01 
3.330000e-01 
2.980000e-01 
2.630000e-01 
2.280000e-01 
1.920000e-01 
1.570000e-01 
1.210000e-01 
8.500000e-02 
5.000000e-02 
1.400000e-02 
-2.100000e-02 
-5.600000e-02 
-9.100000e-02 
-1.260000e-01 
-1.600000e-01 
-1.930000e-01 
-2.260000e-01 
-2.580000e-01 
-2.890000e-01 
-3.190000e-01 
-3.480000e-01 
-3.770000e-01 
-4.040000e-01 
-4.300000e-01 
-4.550000e-01 
-4.790000e-01 
-5.020000e-01 
-5.240000e-01 
-5.440000e-01 
-5.640000e-01 
-5.820000e-01 
-6.000000e-01 
-6.160000e-01 
-6.320000e-01 
-6.470000e-01 
-6.610000e-01 
-6.740000e-01 
-6.870000e-01 
-6.990000e-01 
-7.100000e-01 
-7.210000e-01 
-7.320000e-01 
-7.410000e-01 
-7.510000e-01 
-7.590000e-01 
-7.670000e-01 
-7.750000e-01 
-7.830000e-01 
-7.900000e-01 
-7.960000e-01 
-8.030000e-01 
-8.090000e-01 
-8.140000e-01 
-8.200000e-01 
-8.250000e-01 
-8.300000e-01 
-8.350000e-01 
-8.400000e-01 
-8.450000e-01 
