1 
1.000000e-02 
-1.100000e-05 
-8.000000e-06 
2.000000e-06 
3.900000e-05 
6.800000e-05 
5.600000e-05 
6.900000e-05 
1.670000e-04 
2.750000e-04 
1.990000e-04 
5.000000e-05 
5.700000e-05 
6.000000e-05 
-7.300000e-05 
-4.150000e-04 
-6.270000e-04 
-3.120000e-04 
5.900000e-05 
-3.200000e-04 
-1.331000e-03 
-1.992000e-03 
-1.212000e-03 
5.910000e-04 
1.364000e-03 
1.396000e-03 
1.775000e-03 
1.961000e-03 
1.068000e-03 
5.070000e-04 
1.902000e-03 
2.069000e-03 
2.810000e-04 
-5.540000e-04 
3.410000e-04 
2.799000e-03 
4.728000e-03 
3.853000e-03 
1.164000e-03 
-1.293000e-03 
-8.930000e-04 
1.890000e-04 
-4.156000e-03 
-9.772000e-03 
-9.781000e-03 
-6.012000e-03 
-2.176000e-03 
6.500000e-04 
3.183000e-03 
5.064000e-03 
3.896000e-03 
1.064000e-03 
7.920000e-04 
2.035000e-03 
2.004000e-03 
-3.160000e-04 
-2.036000e-03 
8.210000e-04 
5.802000e-03 
9.624000e-03 
9.375000e-03 
4.655000e-03 
1.646000e-03 
9.830000e-04 
-1.618000e-03 
-3.638000e-03 
-4.186000e-03 
-5.488000e-03 
-5.218000e-03 
-2.375000e-03 
2.031000e-03 
6.537000e-03 
8.675000e-03 
5.765000e-03 
-1.400000e-03 
-5.008000e-03 
-4.215000e-03 
-5.873000e-03 
-8.052000e-03 
-7.070000e-03 
-4.203000e-03 
1.091000e-03 
5.855000e-03 
6.520000e-03 
6.546000e-03 
5.461000e-03 
2.243000e-03 
1.494000e-03 
1.963000e-03 
4.210000e-04 
-2.167000e-03 
-4.017000e-03 
-1.536000e-03 
4.952000e-03 
8.014000e-03 
5.402000e-03 
3.451000e-03 
2.840000e-03 
-2.200000e-05 
-4.200000e-03 
-6.778000e-03 
-5.198000e-03 
-4.611000e-03 
-7.979000e-03 
-6.112000e-03 
1.755000e-03 
6.819000e-03 
5.974000e-03 
4.067000e-03 
6.707000e-03 
7.764000e-03 
2.707000e-03 
-2.625000e-03 
-3.846000e-03 
-1.618000e-03 
-1.512000e-03 
-2.788000e-03 
-1.842000e-03 
2.277000e-03 
8.425000e-03 
8.251000e-03 
4.348000e-03 
3.916000e-03 
1.446000e-03 
-2.328000e-03 
-1.784000e-03 
8.850000e-04 
4.318000e-03 
6.787000e-03 
6.147000e-03 
3.789000e-03 
1.816000e-03 
3.578000e-03 
3.856000e-03 
-1.319000e-03 
-4.494000e-03 
-6.537000e-03 
-1.202700e-02 
-1.914200e-02 
-1.921000e-02 
-7.518000e-03 
2.558000e-03 
7.111000e-03 
1.066800e-02 
1.051900e-02 
1.336000e-02 
1.700200e-02 
1.190500e-02 
5.521000e-03 
5.753000e-03 
5.996000e-03 
-2.900000e-05 
-6.116000e-03 
-1.102200e-02 
-1.344700e-02 
-3.436000e-03 
1.094200e-02 
1.807800e-02 
1.932900e-02 
1.147600e-02 
-1.140000e-04 
-8.680000e-03 
-1.948700e-02 
-2.482200e-02 
-1.645600e-02 
-5.947000e-03 
-3.599000e-03 
-3.215000e-03 
3.472000e-03 
1.050900e-02 
1.677100e-02 
2.744800e-02 
3.244200e-02 
2.476600e-02 
4.804000e-03 
-1.756200e-02 
-2.637000e-02 
-2.649800e-02 
-2.011000e-02 
-8.559000e-03 
-2.418000e-03 
3.583000e-03 
1.244300e-02 
1.876600e-02 
2.220500e-02 
2.372300e-02 
2.502200e-02 
2.337400e-02 
1.386400e-02 
6.990000e-04 
-6.035000e-03 
-7.369000e-03 
-1.079000e-02 
-1.008800e-02 
-3.807000e-03 
-1.519000e-03 
-4.899000e-03 
-1.415000e-02 
-2.349800e-02 
-2.206700e-02 
-1.410300e-02 
-9.802000e-03 
-7.545000e-03 
-1.353000e-03 
9.821000e-03 
2.027500e-02 
2.332600e-02 
1.781900e-02 
1.224400e-02 
9.519000e-03 
4.293000e-03 
4.408000e-03 
4.105000e-03 
-4.746000e-03 
-9.212000e-03 
-9.050000e-03 
-1.263400e-02 
-1.534900e-02 
-1.076900e-02 
-3.658000e-03 
1.786000e-03 
-4.310000e-04 
-5.846000e-03 
-5.200000e-05 
7.375000e-03 
9.359000e-03 
1.332800e-02 
1.692700e-02 
1.513500e-02 
1.023500e-02 
6.890000e-03 
6.034000e-03 
6.095000e-03 
8.833000e-03 
1.398900e-02 
1.120100e-02 
6.110000e-04 
-1.245500e-02 
-2.402400e-02 
-2.387400e-02 
-1.600100e-02 
-7.073000e-03 
1.590000e-04 
1.647000e-03 
-3.785000e-03 
-1.379000e-02 
-1.627100e-02 
-8.812000e-03 
-5.086000e-03 
-2.790000e-03 
8.419000e-03 
1.524000e-02 
9.372000e-03 
4.120000e-04 
-7.003000e-03 
-3.908000e-03 
1.124900e-02 
2.328700e-02 
2.050500e-02 
2.087000e-03 
-9.173000e-03 
-9.274000e-03 
-2.219000e-02 
-2.876600e-02 
-1.671000e-02 
-2.846000e-03 
1.606400e-02 
2.772100e-02 
2.900700e-02 
2.542500e-02 
6.990000e-03 
-6.638000e-03 
-8.776000e-03 
-5.383000e-03 
5.010000e-04 
-7.813000e-03 
-1.154500e-02 
2.745000e-03 
1.108000e-02 
5.558000e-03 
3.799000e-03 
1.343700e-02 
2.112500e-02 
2.047600e-02 
6.128000e-03 
-1.712700e-02 
-2.633800e-02 
-2.305400e-02 
-2.112900e-02 
-1.660600e-02 
-4.698000e-03 
3.148000e-03 
2.075000e-03 
4.724000e-03 
5.840000e-03 
8.670000e-04 
-3.574000e-03 
-7.941000e-03 
-5.719000e-03 
-8.510000e-04 
4.871000e-03 
2.218800e-02 
3.271400e-02 
2.232900e-02 
1.522100e-02 
2.103000e-02 
2.520900e-02 
1.707300e-02 
-6.770000e-04 
-1.909100e-02 
-3.247900e-02 
-2.539200e-02 
-1.926000e-03 
4.592000e-03 
-1.658900e-02 
-3.589200e-02 
-2.837400e-02 
-4.364000e-03 
1.193500e-02 
7.001000e-03 
4.002000e-03 
1.270600e-02 
1.257300e-02 
5.902000e-03 
-8.490000e-04 
2.913000e-03 
2.050000e-02 
3.779600e-02 
3.684500e-02 
1.239500e-02 
-2.572300e-02 
-6.878400e-02 
-7.671200e-02 
-4.138400e-02 
-1.502100e-02 
-1.080800e-02 
1.151000e-03 
2.493400e-02 
3.974900e-02 
4.927200e-02 
4.705600e-02 
2.303400e-02 
7.350000e-04 
1.320000e-04 
1.508300e-02 
-1.488000e-03 
-4.169200e-02 
-4.619700e-02 
-2.617500e-02 
-5.108000e-03 
5.664000e-03 
5.689000e-03 
3.088000e-03 
-1.105900e-02 
-1.854100e-02 
-1.404900e-02 
-2.064800e-02 
-3.402200e-02 
-3.668600e-02 
-3.232600e-02 
-2.030600e-02 
1.030300e-02 
2.877000e-02 
2.576000e-02 
2.821200e-02 
1.727400e-02 
-1.350900e-02 
-3.276400e-02 
-3.021300e-02 
-2.060200e-02 
-2.347600e-02 
-4.003200e-02 
-5.677900e-02 
-5.780800e-02 
-4.234200e-02 
-2.528400e-02 
-1.287600e-02 
-2.502100e-02 
-4.938100e-02 
-4.054700e-02 
-1.016500e-02 
7.529000e-03 
3.931000e-03 
1.322300e-02 
4.823700e-02 
6.734000e-02 
7.455800e-02 
7.661400e-02 
5.730400e-02 
3.250200e-02 
1.955700e-02 
4.929000e-03 
-2.133400e-02 
-1.592400e-02 
1.965200e-02 
3.445800e-02 
3.146600e-02 
2.210800e-02 
2.103000e-03 
-1.756500e-02 
-1.221700e-02 
6.628000e-03 
1.504700e-02 
2.349600e-02 
2.772100e-02 
1.542600e-02 
-8.413000e-03 
-2.052000e-02 
-8.363000e-03 
1.015300e-02 
1.698600e-02 
1.320300e-02 
1.759200e-02 
3.243400e-02 
3.846300e-02 
2.683300e-02 
1.963200e-02 
2.009800e-02 
6.595000e-03 
-1.270700e-02 
-3.803100e-02 
-7.888200e-02 
-1.049340e-01 
-9.334800e-02 
-7.776200e-02 
-7.529100e-02 
-7.068800e-02 
-6.266900e-02 
-5.200700e-02 
-3.946400e-02 
-1.646700e-02 
1.664100e-02 
4.245600e-02 
5.250300e-02 
4.969800e-02 
3.981900e-02 
2.504100e-02 
8.730000e-03 
-1.297900e-02 
-3.518400e-02 
-4.319800e-02 
-4.701500e-02 
-6.447900e-02 
-8.240900e-02 
-8.237400e-02 
-7.560100e-02 
-6.732700e-02 
-6.684500e-02 
-7.882400e-02 
-7.774300e-02 
-6.516500e-02 
-5.965800e-02 
-7.460200e-02 
-9.861200e-02 
-1.029940e-01 
-9.941400e-02 
-1.020010e-01 
-1.032720e-01 
-1.035440e-01 
-1.072730e-01 
-1.140980e-01 
-1.183690e-01 
-1.074610e-01 
-8.365800e-02 
-6.381000e-02 
-4.739100e-02 
-2.987800e-02 
-1.683600e-02 
-8.033000e-03 
2.110000e-03 
1.253800e-02 
2.836400e-02 
5.836400e-02 
9.700200e-02 
1.369900e-01 
1.651150e-01 
1.629670e-01 
1.331250e-01 
9.174000e-02 
5.093500e-02 
2.122100e-02 
5.870000e-04 
-1.673000e-02 
-2.585000e-02 
-3.653900e-02 
-5.058600e-02 
-5.552200e-02 
-5.909200e-02 
-6.041300e-02 
-5.435200e-02 
-4.969700e-02 
-4.043300e-02 
-1.772400e-02 
6.130000e-03 
7.730000e-03 
-1.128300e-02 
-1.545700e-02 
1.185100e-02 
4.679800e-02 
6.507200e-02 
7.158000e-02 
8.035100e-02 
9.599100e-02 
1.140400e-01 
1.261010e-01 
1.325780e-01 
1.333140e-01 
1.284390e-01 
1.245690e-01 
1.220710e-01 
1.178850e-01 
1.131020e-01 
1.070850e-01 
9.728500e-02 
8.201700e-02 
6.997900e-02 
7.971800e-02 
1.012060e-01 
1.133850e-01 
1.264530e-01 
1.509800e-01 
1.849880e-01 
2.235610e-01 
2.552420e-01 
2.726330e-01 
2.753880e-01 
2.660350e-01 
2.426520e-01 
2.036620e-01 
1.537950e-01 
9.872300e-02 
4.469600e-02 
-9.016000e-03 
-6.214800e-02 
-1.072810e-01 
-1.288550e-01 
-1.031630e-01 
-3.913700e-02 
5.110000e-04 
-2.473200e-02 
-4.633700e-02 
-2.134200e-02 
-1.264800e-02 
-1.007000e-02 
-1.812000e-03 
-2.794600e-02 
-6.579900e-02 
-1.049170e-01 
-1.361860e-01 
-1.580550e-01 
-1.845100e-01 
-2.029600e-01 
-2.027330e-01 
-1.805740e-01 
-1.654890e-01 
-1.628840e-01 
-1.497080e-01 
-1.185220e-01 
-7.143600e-02 
-2.815800e-02 
-3.080000e-04 
2.080200e-02 
3.455900e-02 
3.527400e-02 
3.351500e-02 
3.887600e-02 
5.569500e-02 
7.541900e-02 
8.590500e-02 
8.187200e-02 
5.671200e-02 
1.768300e-02 
-8.388000e-03 
-2.599000e-03 
-1.104000e-03 
-4.236900e-02 
-9.500400e-02 
-1.228460e-01 
-1.250160e-01 
-1.126230e-01 
-1.079340e-01 
-1.121470e-01 
-1.081300e-01 
-9.400700e-02 
-7.329200e-02 
-6.698900e-02 
-9.057200e-02 
-1.235870e-01 
-1.429380e-01 
-1.524530e-01 
-1.715500e-01 
-1.992950e-01 
-2.178720e-01 
-2.143830e-01 
-1.986430e-01 
-1.922590e-01 
-1.972890e-01 
-2.087750e-01 
-2.199000e-01 
-2.189640e-01 
-2.090160e-01 
-1.969410e-01 
-1.843780e-01 
-1.759080e-01 
-1.678620e-01 
-1.540960e-01 
-1.352650e-01 
-1.204590e-01 
-1.157430e-01 
-1.070500e-01 
-9.118100e-02 
-7.209000e-02 
-3.700600e-02 
4.911000e-03 
3.883500e-02 
6.794300e-02 
8.787700e-02 
1.014390e-01 
1.168640e-01 
1.374340e-01 
1.720310e-01 
2.160960e-01 
2.463480e-01 
2.501550e-01 
2.275000e-01 
1.851760e-01 
1.488180e-01 
1.352530e-01 
1.377340e-01 
1.492810e-01 
1.623200e-01 
1.751310e-01 
1.876930e-01 
1.955390e-01 
1.979950e-01 
1.917810e-01 
1.799390e-01 
1.611820e-01 
1.328090e-01 
9.418900e-02 
4.341000e-02 
9.530000e-04 
-1.525000e-02 
-5.731000e-03 
3.647700e-02 
1.092720e-01 
1.418810e-01 
1.129440e-01 
1.169940e-01 
1.462940e-01 
1.468420e-01 
1.490550e-01 
1.491930e-01 
1.437840e-01 
1.460940e-01 
1.491480e-01 
1.591320e-01 
1.629190e-01 
1.518760e-01 
1.394390e-01 
1.328180e-01 
1.284330e-01 
1.114630e-01 
8.136400e-02 
6.798900e-02 
8.098000e-02 
7.747800e-02 
4.773200e-02 
2.956200e-02 
2.684500e-02 
2.720900e-02 
3.838200e-02 
5.833600e-02 
7.516400e-02 
9.023100e-02 
1.099130e-01 
1.301130e-01 
1.429540e-01 
1.433550e-01 
1.249700e-01 
9.390000e-02 
6.505700e-02 
4.536500e-02 
3.887500e-02 
4.183200e-02 
4.036000e-02 
2.790100e-02 
9.104000e-03 
-1.717800e-02 
-5.393900e-02 
-9.180700e-02 
-1.228090e-01 
-1.423200e-01 
-1.466210e-01 
-1.413410e-01 
-1.352750e-01 
-1.311920e-01 
-1.283390e-01 
-1.319410e-01 
-1.426330e-01 
-1.484280e-01 
-1.418390e-01 
-1.218210e-01 
-9.330100e-02 
-7.108500e-02 
-6.317700e-02 
-6.569100e-02 
-6.803600e-02 
-6.165400e-02 
-4.963100e-02 
-3.211400e-02 
-9.649000e-03 
6.381000e-03 
1.012200e-02 
9.893000e-03 
1.531300e-02 
1.354400e-02 
-8.660000e-03 
-4.079900e-02 
-6.820100e-02 
-8.188300e-02 
-7.530600e-02 
-4.542800e-02 
-1.865400e-02 
-1.948000e-02 
-2.508500e-02 
-9.920000e-03 
2.036100e-02 
4.875300e-02 
7.265700e-02 
9.318800e-02 
1.088930e-01 
1.234030e-01 
1.312030e-01 
1.298900e-01 
1.202530e-01 
9.034100e-02 
4.000500e-02 
-7.868000e-03 
-3.649300e-02 
-6.017300e-02 
-9.218700e-02 
-1.162720e-01 
-1.247590e-01 
-1.285060e-01 
-1.233270e-01 
-1.125670e-01 
-1.162920e-01 
-1.282720e-01 
-1.255410e-01 
-9.275300e-02 
-4.449800e-02 
-9.260000e-03 
9.237000e-03 
2.381700e-02 
4.858800e-02 
7.970000e-02 
1.012710e-01 
1.006750e-01 
8.107500e-02 
5.707800e-02 
4.239800e-02 
4.694600e-02 
5.914200e-02 
5.391300e-02 
1.685400e-02 
-4.513800e-02 
-1.047920e-01 
-1.327360e-01 
-1.286950e-01 
-1.138860e-01 
-1.042820e-01 
-1.067220e-01 
-1.148530e-01 
-1.123670e-01 
-8.926100e-02 
-5.812600e-02 
-3.948800e-02 
-3.429600e-02 
-2.434400e-02 
-4.104000e-03 
1.135600e-02 
1.644800e-02 
8.068000e-03 
-1.564500e-02 
-4.107000e-02 
-5.745400e-02 
-5.433900e-02 
-2.194400e-02 
1.204300e-02 
1.553800e-02 
1.756000e-02 
3.979200e-02 
4.377100e-02 
3.963300e-02 
6.716100e-02 
1.046340e-01 
1.341520e-01 
1.477510e-01 
1.461520e-01 
1.391520e-01 
1.038000e-01 
2.253700e-02 
-9.058700e-02 
-1.987400e-01 
-2.808760e-01 
-2.989630e-01 
-2.157170e-01 
-1.439180e-01 
-1.855230e-01 
-2.178110e-01 
-1.802960e-01 
-1.607150e-01 
-1.357490e-01 
-1.160800e-01 
-1.192000e-01 
-9.304500e-02 
-7.358700e-02 
-5.311400e-02 
-3.506300e-02 
-3.390000e-02 
-2.979100e-02 
-2.502900e-02 
-1.154200e-02 
-2.648300e-02 
-6.690200e-02 
-1.029250e-01 
-1.312860e-01 
-1.680440e-01 
-2.065940e-01 
-2.151080e-01 
-2.028140e-01 
-1.681010e-01 
-1.106230e-01 
-4.541700e-02 
-8.380000e-04 
1.486700e-02 
3.520000e-02 
6.571500e-02 
9.971000e-02 
1.550960e-01 
2.336920e-01 
3.137740e-01 
3.673840e-01 
3.707410e-01 
3.272300e-01 
2.554500e-01 
1.809920e-01 
1.234400e-01 
9.619600e-02 
9.903700e-02 
9.597100e-02 
8.031200e-02 
7.350700e-02 
6.974100e-02 
6.414500e-02 
5.942900e-02 
5.927500e-02 
6.418900e-02 
6.206700e-02 
5.183300e-02 
3.427400e-02 
1.265100e-02 
3.193000e-03 
6.062000e-03 
9.861000e-03 
-8.555000e-03 
-5.366900e-02 
-8.216500e-02 
-6.448200e-02 
-1.164200e-02 
1.883400e-02 
-8.462000e-03 
-3.116200e-02 
-5.999000e-03 
2.791600e-02 
3.208800e-02 
1.255400e-02 
-7.303000e-03 
-8.327000e-03 
1.668200e-02 
4.038500e-02 
3.763700e-02 
2.541700e-02 
1.554700e-02 
2.042000e-03 
-1.680700e-02 
-3.423700e-02 
-3.311400e-02 
-1.879000e-02 
-7.337000e-03 
-7.674000e-03 
-1.849000e-02 
-1.930300e-02 
2.658000e-03 
3.086400e-02 
3.972300e-02 
4.413400e-02 
5.969600e-02 
7.194800e-02 
7.772500e-02 
7.650300e-02 
7.063300e-02 
6.516300e-02 
5.244500e-02 
2.759600e-02 
8.110000e-04 
-1.435400e-02 
-2.032700e-02 
-2.463600e-02 
-2.642100e-02 
-3.151600e-02 
-4.821200e-02 
-6.901000e-02 
-8.138100e-02 
-8.620500e-02 
-8.277700e-02 
-6.546900e-02 
-5.720100e-02 
-7.745300e-02 
-1.020570e-01 
-1.119440e-01 
-1.179080e-01 
-1.259060e-01 
-1.272130e-01 
-1.208910e-01 
-1.099710e-01 
-9.531000e-02 
-8.210400e-02 
-7.463300e-02 
-7.521900e-02 
-7.677000e-02 
-7.296900e-02 
-6.319100e-02 
-4.547900e-02 
-2.937700e-02 
-1.891200e-02 
-7.778000e-03 
1.756000e-03 
2.630000e-04 
-1.739500e-02 
-3.895100e-02 
-4.786400e-02 
-4.160500e-02 
-4.183700e-02 
-6.376300e-02 
-8.430800e-02 
-8.365200e-02 
-6.729500e-02 
-5.174300e-02 
-5.311000e-02 
-6.469900e-02 
-7.103300e-02 
-6.677800e-02 
-4.813800e-02 
-2.841200e-02 
-1.559400e-02 
5.376000e-03 
3.401300e-02 
6.222200e-02 
9.192900e-02 
1.133900e-01 
1.121610e-01 
9.698500e-02 
8.754800e-02 
9.058200e-02 
9.316600e-02 
8.869600e-02 
9.426600e-02 
1.158530e-01 
1.344740e-01 
1.282000e-01 
9.924600e-02 
6.566300e-02 
4.136100e-02 
3.622200e-02 
4.479300e-02 
5.823300e-02 
7.535000e-02 
9.284700e-02 
1.069830e-01 
1.102230e-01 
9.572000e-02 
6.853400e-02 
3.970200e-02 
2.040600e-02 
1.252000e-02 
5.211000e-03 
-8.716000e-03 
-2.534600e-02 
-3.473200e-02 
-3.029600e-02 
-1.705300e-02 
-1.395000e-02 
-3.334900e-02 
-6.024700e-02 
-7.783100e-02 
-8.693300e-02 
-9.297600e-02 
-9.748300e-02 
-9.564400e-02 
-8.928500e-02 
-8.265500e-02 
-6.204600e-02 
-2.840300e-02 
-4.981000e-03 
7.039000e-03 
2.320400e-02 
4.635700e-02 
6.732800e-02 
8.330800e-02 
9.889200e-02 
1.134210e-01 
1.244980e-01 
1.346820e-01 
1.488110e-01 
1.683800e-01 
1.924370e-01 
2.154650e-01 
2.271430e-01 
2.200190e-01 
1.897780e-01 
1.396540e-01 
8.655500e-02 
4.557000e-02 
1.897600e-02 
6.671000e-03 
2.996000e-03 
-5.018000e-03 
-2.101700e-02 
-3.465400e-02 
-3.918900e-02 
-3.957100e-02 
-4.046700e-02 
-4.766900e-02 
-6.138400e-02 
-6.177800e-02 
-3.319200e-02 
1.702000e-03 
7.611000e-03 
-1.432500e-02 
-3.370300e-02 
-2.746700e-02 
-8.755000e-03 
-5.851000e-03 
-1.742400e-02 
-2.622200e-02 
-2.684900e-02 
-2.657000e-02 
-3.017700e-02 
-3.193300e-02 
-3.161500e-02 
-3.224400e-02 
-2.555700e-02 
-8.248000e-03 
3.854000e-03 
-5.276000e-03 
-2.523100e-02 
-4.230400e-02 
-6.262200e-02 
-8.281800e-02 
-9.357000e-02 
-8.813000e-02 
-6.394500e-02 
-4.043900e-02 
-3.505700e-02 
-3.364100e-02 
-1.894500e-02 
-9.739000e-03 
-2.379900e-02 
-3.927000e-02 
-3.337100e-02 
-1.098900e-02 
1.441400e-02 
3.624300e-02 
5.678900e-02 
8.332500e-02 
1.017430e-01 
9.555500e-02 
8.226900e-02 
6.941500e-02 
3.902600e-02 
-1.284800e-02 
-6.666900e-02 
-1.155890e-01 
-1.547150e-01 
-1.603540e-01 
-1.398140e-01 
-1.131560e-01 
-8.270300e-02 
-5.123300e-02 
-2.398700e-02 
-1.516800e-02 
-3.069500e-02 
-5.349300e-02 
-6.912700e-02 
-6.867500e-02 
-5.363700e-02 
-3.588400e-02 
-1.737500e-02 
-1.072000e-02 
-2.870000e-02 
-5.459700e-02 
-6.252600e-02 
-5.814100e-02 
-6.735500e-02 
-8.821000e-02 
-1.057220e-01 
-1.154260e-01 
-1.154360e-01 
-1.050360e-01 
-9.665000e-02 
-1.037810e-01 
-1.159790e-01 
-1.203600e-01 
-1.038230e-01 
-6.482300e-02 
-3.313300e-02 
-1.949900e-02 
-3.746000e-03 
2.568100e-02 
6.171000e-02 
9.555900e-02 
1.184360e-01 
1.256970e-01 
1.363990e-01 
1.655770e-01 
2.006410e-01 
2.273740e-01 
2.452210e-01 
2.552220e-01 
2.552960e-01 
2.440720e-01 
2.164790e-01 
1.681310e-01 
1.087690e-01 
5.805700e-02 
1.791900e-02 
-2.095800e-02 
-6.195100e-02 
-1.022330e-01 
-1.185840e-01 
-1.061190e-01 
-8.683600e-02 
-7.741200e-02 
-7.736300e-02 
-6.193300e-02 
-4.698700e-02 
-5.711400e-02 
-7.302500e-02 
-9.317100e-02 
-1.124520e-01 
-1.270840e-01 
-1.492580e-01 
-1.695600e-01 
-1.694150e-01 
-1.411800e-01 
-1.029910e-01 
-7.257900e-02 
-6.000800e-02 
-6.590600e-02 
-8.067100e-02 
-9.740000e-02 
-1.110720e-01 
-1.316420e-01 
-1.506970e-01 
-1.527530e-01 
-1.375610e-01 
-1.122470e-01 
-9.214400e-02 
-7.634500e-02 
-5.963400e-02 
-4.127100e-02 
-1.664300e-02 
1.331900e-02 
3.950600e-02 
5.835800e-02 
7.768300e-02 
1.075610e-01 
1.488570e-01 
1.854160e-01 
2.057660e-01 
2.207400e-01 
2.489860e-01 
2.863830e-01 
3.107100e-01 
3.126550e-01 
2.954830e-01 
2.656870e-01 
2.259070e-01 
1.762450e-01 
1.224910e-01 
7.733800e-02 
4.398800e-02 
1.370000e-02 
-1.833600e-02 
-5.139800e-02 
-7.927800e-02 
-9.844900e-02 
-1.135700e-01 
-1.273190e-01 
-1.384070e-01 
-1.403760e-01 
-1.343370e-01 
-1.374930e-01 
-1.484420e-01 
-1.457260e-01 
-1.229040e-01 
-9.150000e-02 
-5.945100e-02 
-2.307600e-02 
1.441700e-02 
2.760000e-02 
5.270000e-03 
-1.506200e-02 
-4.190000e-04 
3.734100e-02 
7.153100e-02 
9.565200e-02 
1.251590e-01 
1.562380e-01 
1.724030e-01 
1.773920e-01 
1.802700e-01 
1.850850e-01 
1.875930e-01 
1.849560e-01 
1.799710e-01 
1.723620e-01 
1.629160e-01 
1.518670e-01 
1.408620e-01 
1.301200e-01 
1.140340e-01 
9.971500e-02 
9.812600e-02 
1.097700e-01 
1.312420e-01 
1.504470e-01 
1.592460e-01 
1.607960e-01 
1.535330e-01 
1.282980e-01 
9.005500e-02 
4.701600e-02 
8.120000e-04 
-4.441500e-02 
-8.490500e-02 
-1.147680e-01 
-1.264910e-01 
-1.151150e-01 
-1.068770e-01 
-1.232510e-01 
-1.427360e-01 
-1.550890e-01 
-1.661790e-01 
-1.701670e-01 
-1.810470e-01 
-2.162880e-01 
-2.572070e-01 
-2.801920e-01 
-2.761500e-01 
-2.573980e-01 
-2.417050e-01 
-2.337350e-01 
-2.237300e-01 
-2.011450e-01 
-1.693850e-01 
-1.311340e-01 
-9.348900e-02 
-6.930900e-02 
-6.519600e-02 
-5.963900e-02 
-2.664300e-02 
2.937400e-02 
9.541400e-02 
1.540860e-01 
1.916800e-01 
2.143220e-01 
2.320450e-01 
2.445520e-01 
2.493890e-01 
2.481930e-01 
2.464450e-01 
2.451600e-01 
2.426810e-01 
2.401780e-01 
2.339570e-01 
2.207190e-01 
2.008880e-01 
1.733900e-01 
1.239580e-01 
5.176100e-02 
-1.622600e-02 
-7.323700e-02 
-1.263690e-01 
-1.851980e-01 
-2.626360e-01 
-3.342470e-01 
-3.548040e-01 
-3.265390e-01 
-2.863710e-01 
-2.692550e-01 
-2.792720e-01 
-2.645780e-01 
-2.228690e-01 
-1.795180e-01 
-1.330650e-01 
-1.076520e-01 
-9.070800e-02 
-6.009500e-02 
-3.145100e-02 
-7.967000e-03 
2.797000e-03 
1.458000e-03 
1.898700e-02 
4.595400e-02 
5.941200e-02 
6.367000e-02 
6.565700e-02 
7.183800e-02 
8.869800e-02 
1.218920e-01 
1.504900e-01 
1.574680e-01 
1.579430e-01 
1.654970e-01 
1.726510e-01 
1.771300e-01 
1.820930e-01 
1.817130e-01 
1.781690e-01 
1.737260e-01 
1.694420e-01 
1.658390e-01 
1.632990e-01 
1.637690e-01 
1.643550e-01 
1.644080e-01 
1.578830e-01 
1.372720e-01 
1.207250e-01 
1.205130e-01 
1.236740e-01 
1.226690e-01 
1.107200e-01 
9.226800e-02 
7.166500e-02 
4.407300e-02 
7.837000e-03 
-4.619500e-02 
-1.023220e-01 
-1.408240e-01 
-1.631100e-01 
-1.702450e-01 
-1.940950e-01 
-2.311040e-01 
-2.485320e-01 
-2.636620e-01 
-2.596870e-01 
-2.272580e-01 
-1.936700e-01 
-1.746880e-01 
-1.607520e-01 
-1.309480e-01 
-1.014160e-01 
-7.484000e-02 
-4.303700e-02 
-9.885000e-03 
1.942000e-02 
3.690900e-02 
4.553100e-02 
5.837800e-02 
7.402100e-02 
8.318700e-02 
8.518000e-02 
7.919900e-02 
6.134000e-02 
2.862200e-02 
-8.301000e-03 
-2.668200e-02 
-1.805800e-02 
-8.881000e-03 
-2.011800e-02 
-3.997400e-02 
-5.187200e-02 
-5.221900e-02 
-4.319800e-02 
-3.888200e-02 
-5.986500e-02 
-9.480900e-02 
-1.129220e-01 
-1.013390e-01 
-7.484000e-02 
-6.110900e-02 
-7.142200e-02 
-9.401800e-02 
-1.074700e-01 
-1.049350e-01 
-9.315500e-02 
-8.535900e-02 
-8.689800e-02 
-7.953800e-02 
-5.210600e-02 
-1.537200e-02 
1.761500e-02 
4.156800e-02 
5.595400e-02 
6.848600e-02 
7.739500e-02 
8.448700e-02 
9.418400e-02 
9.311400e-02 
8.322200e-02 
7.896300e-02 
8.508200e-02 
8.757700e-02 
8.099000e-02 
7.502600e-02 
6.979700e-02 
6.463500e-02 
6.284300e-02 
6.831700e-02 
7.352400e-02 
6.704600e-02 
5.609700e-02 
5.809100e-02 
7.818100e-02 
1.027290e-01 
1.134220e-01 
1.065850e-01 
8.746300e-02 
6.168900e-02 
3.804900e-02 
2.529000e-02 
2.613400e-02 
3.094300e-02 
2.432100e-02 
-5.900000e-05 
-2.806200e-02 
-4.373700e-02 
-5.179300e-02 
-6.057000e-02 
-7.257200e-02 
-8.379000e-02 
-8.283400e-02 
-6.616100e-02 
-3.848100e-02 
-1.392500e-02 
-1.450400e-02 
-3.205400e-02 
-3.378600e-02 
-2.274100e-02 
-2.326600e-02 
-2.791000e-02 
-2.174600e-02 
-1.621700e-02 
-2.039000e-02 
-1.933300e-02 
-6.421000e-03 
1.057000e-03 
-4.749000e-03 
-9.521000e-03 
-6.007000e-03 
-3.219000e-03 
-1.015500e-02 
-2.447600e-02 
-3.143900e-02 
-2.605100e-02 
-2.109600e-02 
-2.097400e-02 
-1.416900e-02 
3.892000e-03 
1.609800e-02 
3.410000e-03 
-2.473100e-02 
-4.138500e-02 
-4.034500e-02 
-3.713600e-02 
-3.677100e-02 
-3.490000e-02 
-3.562300e-02 
-3.948400e-02 
-4.066500e-02 
-4.485000e-02 
-6.147500e-02 
-8.179100e-02 
-8.839000e-02 
-7.801900e-02 
-6.276700e-02 
-5.334600e-02 
-5.031600e-02 
-4.702100e-02 
-3.887000e-02 
-2.438000e-02 
-6.093000e-03 
4.527000e-03 
7.283000e-03 
8.798000e-03 
1.027000e-02 
1.410500e-02 
1.975400e-02 
2.346100e-02 
1.772900e-02 
-4.120000e-04 
-2.255800e-02 
-3.369000e-02 
-2.824200e-02 
-1.452100e-02 
-1.824000e-03 
-9.960000e-04 
-1.507300e-02 
-2.648500e-02 
-2.196400e-02 
-1.860300e-02 
-3.019400e-02 
-3.754400e-02 
-2.395000e-02 
-2.750000e-04 
1.863100e-02 
2.787700e-02 
2.895600e-02 
1.941100e-02 
-1.800000e-05 
-1.389200e-02 
-1.657800e-02 
-1.265800e-02 
-2.503000e-03 
1.435700e-02 
2.976300e-02 
3.981900e-02 
5.042000e-02 
5.349900e-02 
4.671100e-02 
4.199300e-02 
4.217900e-02 
4.125900e-02 
4.043600e-02 
4.437700e-02 
4.635200e-02 
4.168700e-02 
3.784400e-02 
4.468300e-02 
5.493300e-02 
5.226800e-02 
3.670600e-02 
1.873400e-02 
6.402000e-03 
1.553000e-03 
-2.732000e-03 
-1.679100e-02 
-3.424500e-02 
-4.055000e-02 
-3.310800e-02 
-1.754800e-02 
-3.337000e-03 
2.930000e-03 
3.748000e-03 
3.827000e-03 
2.862000e-03 
7.682000e-03 
2.251700e-02 
4.205800e-02 
5.930800e-02 
6.170100e-02 
5.301600e-02 
4.515000e-02 
4.279200e-02 
5.171800e-02 
5.937900e-02 
4.938900e-02 
2.813100e-02 
1.123100e-02 
6.491000e-03 
4.464000e-03 
-5.400000e-03 
-1.534700e-02 
-1.907600e-02 
-2.027600e-02 
-1.682600e-02 
-8.411000e-03 
-1.205000e-03 
1.772000e-03 
2.563000e-03 
2.034000e-03 
-3.288000e-03 
-5.773000e-03 
6.502000e-03 
2.753100e-02 
4.156700e-02 
4.427000e-02 
4.051000e-02 
2.795500e-02 
8.036000e-03 
-9.282000e-03 
-1.723400e-02 
-2.076900e-02 
-2.941100e-02 
-4.056500e-02 
-4.379400e-02 
-3.907100e-02 
-4.227000e-02 
-5.495300e-02 
-6.245200e-02 
-6.066000e-02 
-5.394800e-02 
-4.811700e-02 
-4.374000e-02 
-4.000700e-02 
-4.093400e-02 
-4.689100e-02 
-4.866600e-02 
-4.165100e-02 
-3.567900e-02 
-3.744900e-02 
-4.165400e-02 
-3.726200e-02 
-2.931800e-02 
-3.079400e-02 
-3.482900e-02 
-3.636700e-02 
-4.006500e-02 
-4.193400e-02 
-3.604800e-02 
-2.730900e-02 
-2.273300e-02 
-1.999300e-02 
-1.872100e-02 
-2.510100e-02 
-3.729100e-02 
-4.849500e-02 
-5.576100e-02 
-5.778000e-02 
-5.680500e-02 
-5.400200e-02 
-4.860900e-02 
-4.422800e-02 
-3.961300e-02 
-3.268200e-02 
-3.011000e-02 
-3.297800e-02 
-3.522600e-02 
-3.366200e-02 
-2.704500e-02 
-1.200500e-02 
8.447000e-03 
2.504600e-02 
3.606800e-02 
4.139200e-02 
4.545800e-02 
5.113300e-02 
5.084800e-02 
4.380600e-02 
4.090400e-02 
5.079800e-02 
6.169400e-02 
6.233400e-02 
6.117800e-02 
5.908300e-02 
5.264500e-02 
5.062600e-02 
5.220600e-02 
5.299000e-02 
5.512700e-02 
4.882600e-02 
2.990300e-02 
1.373300e-02 
8.262000e-03 
3.415000e-03 
-2.262000e-03 
-1.300000e-05 
4.379000e-03 
3.497000e-03 
4.535000e-03 
1.087400e-02 
1.487000e-02 
1.277500e-02 
3.698000e-03 
-5.556000e-03 
-1.800000e-03 
3.905000e-03 
-2.727000e-03 
-9.026000e-03 
-4.737000e-03 
3.455000e-03 
4.746000e-03 
2.925000e-03 
1.066000e-02 
2.476700e-02 
3.493100e-02 
3.694700e-02 
3.378900e-02 
3.219400e-02 
3.722400e-02 
4.735800e-02 
5.677300e-02 
6.036400e-02 
5.989400e-02 
6.376300e-02 
6.187800e-02 
4.388600e-02 
2.600000e-02 
1.699400e-02 
7.735000e-03 
-9.910000e-04 
-5.059000e-03 
-8.306000e-03 
-1.347800e-02 
-2.599600e-02 
-4.223700e-02 
-4.870200e-02 
-4.502700e-02 
-3.924100e-02 
-3.352400e-02 
-2.800500e-02 
-2.646800e-02 
-2.773600e-02 
-2.713300e-02 
-2.967300e-02 
-3.820400e-02 
-3.949000e-02 
-2.511400e-02 
-8.947000e-03 
-4.774000e-03 
-5.219000e-03 
-4.230000e-04 
2.610000e-04 
-1.122000e-02 
-1.779800e-02 
-7.898000e-03 
2.807000e-03 
2.620000e-03 
-3.329000e-03 
-6.262000e-03 
-1.850000e-03 
-1.115000e-03 
-1.463600e-02 
-2.391300e-02 
-9.545000e-03 
1.519600e-02 
2.848200e-02 
2.801300e-02 
2.371100e-02 
2.227600e-02 
2.297000e-02 
1.608900e-02 
-3.234000e-03 
-1.770100e-02 
-1.694100e-02 
-1.702800e-02 
-2.384900e-02 
-3.217100e-02 
-4.581700e-02 
-6.160800e-02 
-6.878400e-02 
-6.745700e-02 
-6.276700e-02 
-5.071900e-02 
-3.321700e-02 
-2.203900e-02 
-2.147100e-02 
-2.753100e-02 
-3.040300e-02 
-2.523700e-02 
-2.394300e-02 
-3.465600e-02 
-4.667800e-02 
-5.228000e-02 
-5.065100e-02 
-3.893800e-02 
-2.037600e-02 
-2.833000e-03 
1.087700e-02 
2.302100e-02 
2.923300e-02 
2.723000e-02 
2.661300e-02 
2.986300e-02 
3.430900e-02 
4.173900e-02 
4.769500e-02 
4.807900e-02 
4.788700e-02 
5.082800e-02 
5.234400e-02 
4.457900e-02 
2.574500e-02 
1.289000e-03 
-1.672800e-02 
-2.168000e-02 
-2.254200e-02 
-2.358400e-02 
-1.863200e-02 
-5.800000e-03 
8.813000e-03 
1.328600e-02 
8.354000e-03 
7.242000e-03 
1.112500e-02 
1.682100e-02 
2.286700e-02 
2.691500e-02 
3.229400e-02 
3.872700e-02 
3.756000e-02 
2.848400e-02 
2.310700e-02 
2.075800e-02 
1.240600e-02 
6.078000e-03 
1.305700e-02 
2.531400e-02 
3.112600e-02 
3.217900e-02 
2.992700e-02 
2.415700e-02 
2.364300e-02 
3.202900e-02 
4.469900e-02 
5.812700e-02 
6.367200e-02 
5.455200e-02 
3.947300e-02 
2.832400e-02 
1.766100e-02 
8.979000e-03 
1.353800e-02 
3.016300e-02 
4.115900e-02 
3.364200e-02 
1.573100e-02 
5.063000e-03 
4.913000e-03 
4.235000e-03 
5.964000e-03 
2.101900e-02 
3.921000e-02 
4.368300e-02 
3.636500e-02 
2.866200e-02 
2.016500e-02 
7.564000e-03 
-3.517000e-03 
-8.537000e-03 
-1.050700e-02 
-1.520400e-02 
-1.938500e-02 
-2.061400e-02 
-2.474200e-02 
-3.129800e-02 
-3.056900e-02 
-1.721900e-02 
-3.115000e-03 
1.550000e-04 
1.313000e-03 
1.251000e-02 
2.611000e-02 
3.154500e-02 
3.080400e-02 
2.462000e-02 
1.796800e-02 
1.496200e-02 
1.090400e-02 
6.419000e-03 
8.270000e-04 
-8.797000e-03 
-1.852900e-02 
-2.405900e-02 
-2.918800e-02 
-4.024100e-02 
-5.122300e-02 
-5.184000e-02 
-4.479800e-02 
-4.129200e-02 
-4.339500e-02 
-4.095800e-02 
-3.029500e-02 
-1.898700e-02 
-1.204900e-02 
-1.017200e-02 
-1.248700e-02 
-1.346300e-02 
-9.801000e-03 
-5.051000e-03 
5.960000e-04 
6.604000e-03 
4.563000e-03 
-5.383000e-03 
-1.211300e-02 
-1.288400e-02 
-9.645000e-03 
-3.445000e-03 
1.150000e-04 
-4.000000e-05 
3.070000e-04 
2.282000e-03 
3.686000e-03 
1.458000e-03 
-4.683000e-03 
-9.613000e-03 
-8.912000e-03 
-5.711000e-03 
-4.255000e-03 
-4.579000e-03 
-7.132000e-03 
-1.354500e-02 
-1.932400e-02 
-1.990700e-02 
-2.015400e-02 
-2.645700e-02 
-3.678500e-02 
-4.154000e-02 
-3.805500e-02 
-3.517300e-02 
-3.816700e-02 
-3.956800e-02 
-3.026700e-02 
-1.570700e-02 
-1.200300e-02 
-2.062600e-02 
-2.278300e-02 
-1.283500e-02 
-3.847000e-03 
-2.909000e-03 
-9.061000e-03 
-1.628200e-02 
-1.687200e-02 
-1.110800e-02 
-9.826000e-03 
-1.528700e-02 
-1.387400e-02 
-4.969000e-03 
-1.467000e-03 
-4.387000e-03 
-3.887000e-03 
-3.560000e-03 
-1.295100e-02 
-2.202900e-02 
-2.148400e-02 
-1.680100e-02 
-1.470000e-02 
-1.548200e-02 
-1.203000e-02 
1.570000e-04 
1.272500e-02 
1.724300e-02 
1.697400e-02 
2.012900e-02 
2.979300e-02 
3.926600e-02 
4.373000e-02 
4.490200e-02 
4.727800e-02 
5.123700e-02 
5.348900e-02 
5.172300e-02 
3.741000e-02 
1.497500e-02 
7.124000e-03 
1.397100e-02 
1.593200e-02 
1.045200e-02 
2.837000e-03 
-2.166000e-03 
8.260000e-04 
7.987000e-03 
1.368700e-02 
1.596000e-02 
1.900900e-02 
1.981700e-02 
1.130400e-02 
2.243000e-03 
-5.176000e-03 
-1.289400e-02 
-1.562100e-02 
-1.322200e-02 
-1.055300e-02 
-1.321700e-02 
-1.802100e-02 
-2.018300e-02 
-1.661200e-02 
-5.970000e-03 
2.867000e-03 
3.451000e-03 
-3.270000e-04 
-2.780000e-04 
4.829000e-03 
7.775000e-03 
7.351000e-03 
6.536000e-03 
9.561000e-03 
2.124800e-02 
3.243600e-02 
3.174400e-02 
1.962800e-02 
2.176000e-03 
-1.200700e-02 
-1.650300e-02 
-9.487000e-03 
-2.600000e-05 
-2.100000e-04 
-5.405000e-03 
-3.483000e-03 
3.051000e-03 
4.886000e-03 
1.381000e-03 
-1.999000e-03 
2.000000e-06 
5.312000e-03 
8.166000e-03 
8.163000e-03 
9.392000e-03 
1.212800e-02 
1.402500e-02 
1.598400e-02 
1.608500e-02 
9.448000e-03 
6.720000e-04 
-2.982000e-03 
-4.775000e-03 
-7.910000e-03 
-1.008800e-02 
-1.141100e-02 
-1.673100e-02 
-2.283800e-02 
-2.291600e-02 
-1.845300e-02 
-1.303800e-02 
-5.841000e-03 
8.903000e-03 
2.245100e-02 
2.029600e-02 
9.615000e-03 
2.893000e-03 
2.971000e-03 
7.059000e-03 
7.161000e-03 
1.861000e-03 
-1.313000e-03 
-1.869000e-03 
-5.410000e-03 
-1.215400e-02 
-1.781100e-02 
-1.577200e-02 
-5.656000e-03 
2.522000e-03 
4.017000e-03 
3.832000e-03 
7.158000e-03 
1.145600e-02 
1.230200e-02 
9.738000e-03 
6.593000e-03 
4.700000e-03 
3.824000e-03 
4.655000e-03 
5.620000e-03 
5.786000e-03 
4.751000e-03 
4.908000e-03 
9.431000e-03 
1.445500e-02 
1.852500e-02 
1.937700e-02 
1.396200e-02 
8.464000e-03 
6.466000e-03 
3.266000e-03 
-1.271000e-03 
-1.128000e-03 
1.896000e-03 
-7.350000e-04 
-6.749000e-03 
-5.553000e-03 
1.965000e-03 
6.655000e-03 
2.357000e-03 
-8.496000e-03 
-1.370900e-02 
-1.308100e-02 
-1.311400e-02 
-1.381700e-02 
-1.713900e-02 
-2.029600e-02 
-1.943300e-02 
-1.688200e-02 
-1.729900e-02 
-1.738600e-02 
-1.050900e-02 
-1.376000e-03 
3.918000e-03 
5.491000e-03 
6.361000e-03 
6.979000e-03 
4.688000e-03 
4.230000e-04 
-3.804000e-03 
-9.694000e-03 
-1.553700e-02 
-1.565600e-02 
-1.172800e-02 
-9.319000e-03 
-9.980000e-03 
-1.104200e-02 
-1.124200e-02 
-1.434300e-02 
-1.957600e-02 
-2.118900e-02 
-1.726100e-02 
-1.024700e-02 
-2.572000e-03 
5.720000e-03 
1.127600e-02 
7.644000e-03 
-1.755000e-03 
-5.718000e-03 
-5.587000e-03 
-1.138300e-02 
-2.121100e-02 
-2.639000e-02 
-2.469300e-02 
-2.043500e-02 
-1.955100e-02 
-2.080800e-02 
-1.754500e-02 
-8.713000e-03 
2.968000e-03 
1.399100e-02 
1.937500e-02 
1.801300e-02 
1.341200e-02 
8.227000e-03 
2.355000e-03 
-3.513000e-03 
-6.421000e-03 
-6.613000e-03 
-7.380000e-03 
-6.420000e-03 
-2.631000e-03 
-7.288000e-03 
-2.109700e-02 
-2.777900e-02 
-2.423700e-02 
-1.988000e-02 
-2.154100e-02 
-2.358500e-02 
-1.656100e-02 
-4.929000e-03 
4.826000e-03 
8.443000e-03 
7.538000e-03 
8.139000e-03 
7.496000e-03 
3.529000e-03 
-2.947000e-03 
-1.240200e-02 
-2.101000e-02 
-2.600700e-02 
-3.054000e-02 
-3.416400e-02 
-3.304900e-02 
-2.814500e-02 
-2.147400e-02 
-1.480200e-02 
-1.187300e-02 
-1.135600e-02 
-7.721000e-03 
-2.066000e-03 
2.160000e-03 
4.613000e-03 
3.749000e-03 
-6.020000e-04 
-3.361000e-03 
-1.174000e-03 
-1.109000e-03 
-6.277000e-03 
-9.743000e-03 
-1.163900e-02 
-1.124500e-02 
-2.436000e-03 
9.239000e-03 
1.409800e-02 
1.284500e-02 
9.525000e-03 
7.948000e-03 
1.215700e-02 
1.668600e-02 
1.276000e-02 
5.069000e-03 
2.621000e-03 
6.132000e-03 
1.023500e-02 
8.885000e-03 
3.943000e-03 
2.502000e-03 
4.181000e-03 
3.649000e-03 
-7.140000e-04 
-3.619000e-03 
3.990000e-04 
2.577000e-03 
-2.188000e-03 
-2.425000e-03 
6.441000e-03 
1.392500e-02 
1.265400e-02 
7.993000e-03 
6.530000e-03 
1.146000e-02 
1.893300e-02 
2.254300e-02 
2.701700e-02 
3.824300e-02 
4.715500e-02 
4.443600e-02 
3.599500e-02 
2.566600e-02 
1.337900e-02 
2.286000e-03 
-2.533000e-03 
2.840000e-03 
1.094600e-02 
1.437500e-02 
1.312800e-02 
9.381000e-03 
7.969000e-03 
1.059200e-02 
1.327600e-02 
1.431200e-02 
1.791600e-02 
2.472000e-02 
3.111500e-02 
3.480300e-02 
3.358300e-02 
2.941800e-02 
2.725800e-02 
2.821100e-02 
3.003300e-02 
2.940200e-02 
2.694800e-02 
2.645200e-02 
2.539600e-02 
1.743100e-02 
4.354000e-03 
-4.321000e-03 
-3.658000e-03 
9.650000e-04 
2.580000e-03 
3.533000e-03 
6.566000e-03 
6.460000e-03 
1.760000e-03 
-4.359000e-03 
-9.984000e-03 
-1.232600e-02 
-1.016300e-02 
-5.414000e-03 
-3.031000e-03 
-3.743000e-03 
-3.901000e-03 
-6.072000e-03 
-1.031500e-02 
-1.111200e-02 
-8.309000e-03 
-4.666000e-03 
1.034000e-03 
8.263000e-03 
1.349700e-02 
1.770400e-02 
2.006000e-02 
1.831600e-02 
1.929500e-02 
2.601300e-02 
2.836700e-02 
2.339100e-02 
1.577900e-02 
5.893000e-03 
-1.438000e-03 
-2.834000e-03 
-4.555000e-03 
-8.264000e-03 
-9.603000e-03 
-9.670000e-03 
-1.089200e-02 
-1.041600e-02 
-7.124000e-03 
-6.089000e-03 
-9.271000e-03 
-1.189700e-02 
-1.224600e-02 
-1.297500e-02 
-1.542600e-02 
-1.888800e-02 
-2.290500e-02 
-2.789000e-02 
-3.228300e-02 
-3.388300e-02 
-3.370000e-02 
-3.493100e-02 
-3.761700e-02 
-3.897500e-02 
-3.777900e-02 
-3.621900e-02 
-3.694000e-02 
-3.806300e-02 
-3.836000e-02 
-3.926400e-02 
-4.005600e-02 
-3.712900e-02 
-3.002600e-02 
-2.362300e-02 
-1.933300e-02 
-1.553300e-02 
-1.180400e-02 
-8.864000e-03 
-7.439000e-03 
-5.291000e-03 
-1.531000e-03 
5.480000e-04 
1.251000e-03 
3.467000e-03 
5.832000e-03 
6.535000e-03 
4.091000e-03 
1.212000e-03 
4.040000e-03 
9.342000e-03 
1.129000e-02 
1.198100e-02 
1.359900e-02 
1.577500e-02 
1.902500e-02 
2.117900e-02 
1.947800e-02 
1.318700e-02 
3.914000e-03 
-4.164000e-03 
-1.147600e-02 
-1.868500e-02 
-2.073100e-02 
-1.662800e-02 
-1.168300e-02 
-8.097000e-03 
-4.778000e-03 
-6.770000e-04 
6.692000e-03 
1.508200e-02 
1.726100e-02 
1.431500e-02 
1.355300e-02 
1.508400e-02 
1.505200e-02 
1.410800e-02 
1.427200e-02 
1.565500e-02 
2.044000e-02 
2.835500e-02 
3.439300e-02 
3.852400e-02 
4.223700e-02 
4.474500e-02 
4.497800e-02 
4.043100e-02 
3.264400e-02 
2.635900e-02 
2.219800e-02 
1.774700e-02 
1.317200e-02 
1.041000e-02 
7.826000e-03 
3.481000e-03 
-9.300000e-05 
3.860000e-04 
4.932000e-03 
8.107000e-03 
4.421000e-03 
-9.970000e-04 
-3.400000e-04 
2.543000e-03 
-1.087000e-03 
-9.845000e-03 
-1.593200e-02 
-1.712300e-02 
-1.502400e-02 
-1.120600e-02 
-7.547000e-03 
-6.799000e-03 
-7.602000e-03 
-4.176000e-03 
1.158000e-03 
-6.040000e-04 
-8.114000e-03 
-1.199900e-02 
-1.210600e-02 
-1.214000e-02 
-1.039700e-02 
-5.602000e-03 
8.850000e-04 
6.280000e-03 
7.732000e-03 
6.125000e-03 
5.439000e-03 
6.923000e-03 
8.552000e-03 
9.590000e-03 
1.192000e-02 
1.249400e-02 
7.298000e-03 
5.080000e-04 
-5.837000e-03 
-1.340600e-02 
-1.965800e-02 
-2.055400e-02 
-1.921900e-02 
-2.281600e-02 
-2.853800e-02 
-2.691100e-02 
-1.585100e-02 
-5.169000e-03 
-3.786000e-03 
-6.373000e-03 
-6.353000e-03 
-6.487000e-03 
-6.704000e-03 
-5.522000e-03 
-2.859000e-03 
2.048000e-03 
4.911000e-03 
5.651000e-03 
8.470000e-03 
1.365000e-02 
1.834100e-02 
2.079900e-02 
2.126400e-02 
1.785400e-02 
1.259200e-02 
8.015000e-03 
4.586000e-03 
5.310000e-03 
9.936000e-03 
1.461900e-02 
1.667200e-02 
1.705200e-02 
1.702100e-02 
1.631800e-02 
1.580600e-02 
1.540700e-02 
1.508100e-02 
1.573100e-02 
1.768800e-02 
1.917300e-02 
1.655900e-02 
1.140600e-02 
1.013800e-02 
1.421500e-02 
1.793700e-02 
1.822200e-02 
1.606500e-02 
1.080200e-02 
5.093000e-03 
1.393000e-03 
-1.546000e-03 
-3.515000e-03 
-4.932000e-03 
-5.458000e-03 
-6.486000e-03 
-9.187000e-03 
-1.025300e-02 
-9.660000e-03 
-7.295000e-03 
-1.358000e-03 
7.030000e-03 
1.509800e-02 
1.865500e-02 
1.483700e-02 
5.905000e-03 
-1.127000e-03 
-1.177000e-03 
5.789000e-03 
1.495600e-02 
1.857600e-02 
1.546700e-02 
1.051200e-02 
4.803000e-03 
-2.845000e-03 
-1.074800e-02 
-1.702100e-02 
-1.929500e-02 
-1.587900e-02 
-9.583000e-03 
-4.497000e-03 
-1.820000e-03 
3.010000e-04 
8.150000e-04 
-3.035000e-03 
-5.897000e-03 
-3.163000e-03 
-1.164000e-03 
-5.097000e-03 
-1.308100e-02 
-2.102900e-02 
-2.483100e-02 
-2.440800e-02 
-2.470900e-02 
-2.712800e-02 
-2.565400e-02 
-1.771000e-02 
-1.027500e-02 
-9.084000e-03 
-1.227500e-02 
-1.518200e-02 
-1.309200e-02 
-6.398000e-03 
5.560000e-04 
4.627000e-03 
5.845000e-03 
5.381000e-03 
8.320000e-04 
-6.231000e-03 
-1.249600e-02 
-1.726900e-02 
-1.971500e-02 
-2.272300e-02 
-2.898200e-02 
-3.600100e-02 
-3.685800e-02 
-3.160900e-02 
-2.807300e-02 
-2.821900e-02 
-2.660600e-02 
-1.828300e-02 
-9.750000e-03 
-7.489000e-03 
-6.226000e-03 
-2.349000e-03 
1.248000e-03 
1.660000e-03 
-9.810000e-04 
-4.228000e-03 
-4.173000e-03 
-2.772000e-03 
-4.462000e-03 
-6.398000e-03 
-7.635000e-03 
-6.579000e-03 
-2.257000e-03 
-1.276000e-03 
-2.773000e-03 
-1.957000e-03 
-4.100000e-04 
5.180000e-04 
5.150000e-04 
4.160000e-04 
1.928000e-03 
4.744000e-03 
7.433000e-03 
7.433000e-03 
2.669000e-03 
-3.977000e-03 
-5.979000e-03 
-2.830000e-03 
1.560000e-03 
7.197000e-03 
1.247800e-02 
1.335600e-02 
9.461000e-03 
3.886000e-03 
-9.150000e-04 
-3.602000e-03 
-4.160000e-03 
-5.218000e-03 
-5.646000e-03 
-3.239000e-03 
-4.600000e-04 
6.410000e-04 
4.260000e-04 
1.175000e-03 
5.012000e-03 
1.101900e-02 
1.707200e-02 
2.104900e-02 
2.118400e-02 
1.912200e-02 
1.878300e-02 
2.112600e-02 
2.231900e-02 
2.078500e-02 
1.859000e-02 
1.436800e-02 
7.289000e-03 
-3.770000e-04 
-5.581000e-03 
-4.846000e-03 
1.400000e-04 
4.093000e-03 
7.058000e-03 
1.032200e-02 
9.418000e-03 
2.678000e-03 
-3.335000e-03 
-3.720000e-03 
-1.418000e-03 
-1.501000e-03 
-1.436000e-03 
1.953000e-03 
3.690000e-03 
4.199000e-03 
7.091000e-03 
1.106300e-02 
1.555400e-02 
1.850500e-02 
1.894300e-02 
1.867700e-02 
1.868300e-02 
1.811800e-02 
1.621500e-02 
1.563700e-02 
1.788500e-02 
2.204500e-02 
2.626900e-02 
2.749000e-02 
2.576300e-02 
2.478000e-02 
2.376700e-02 
1.644900e-02 
5.537000e-03 
4.200000e-05 
-2.264000e-03 
-5.553000e-03 
-6.369000e-03 
-5.040000e-03 
-4.132000e-03 
-3.654000e-03 
-5.807000e-03 
-1.102300e-02 
-1.689500e-02 
-2.208700e-02 
-2.563900e-02 
-2.716000e-02 
-2.561800e-02 
-2.331700e-02 
-2.461600e-02 
-2.736800e-02 
-2.758600e-02 
-2.478500e-02 
-2.191000e-02 
-2.126500e-02 
-1.890800e-02 
-1.202000e-02 
-5.901000e-03 
-4.218000e-03 
-2.910000e-03 
6.000000e-04 
3.770000e-03 
5.210000e-03 
7.220000e-03 
1.115700e-02 
1.379300e-02 
1.181800e-02 
6.452000e-03 
-3.110000e-04 
-7.864000e-03 
-1.335600e-02 
-1.504200e-02 
-1.439600e-02 
-1.197200e-02 
-9.163000e-03 
-8.606000e-03 
-1.034600e-02 
-1.119200e-02 
-9.219000e-03 
-6.689000e-03 
-6.204000e-03 
-8.053000e-03 
-9.900000e-03 
-9.403000e-03 
-7.380000e-03 
-5.349000e-03 
-3.760000e-03 
-3.686000e-03 
-5.943000e-03 
-7.878000e-03 
-7.781000e-03 
-7.860000e-03 
-7.583000e-03 
-5.771000e-03 
-4.939000e-03 
-5.198000e-03 
-4.169000e-03 
-3.056000e-03 
-4.106000e-03 
-4.919000e-03 
-3.511000e-03 
-2.202000e-03 
-3.560000e-04 
2.141000e-03 
1.447000e-03 
-4.550000e-04 
-8.280000e-04 
-1.241000e-03 
-4.100000e-05 
2.658000e-03 
4.327000e-03 
6.196000e-03 
7.430000e-03 
6.626000e-03 
5.645000e-03 
5.735000e-03 
8.547000e-03 
1.311500e-02 
1.457600e-02 
1.250300e-02 
9.238000e-03 
6.008000e-03 
6.514000e-03 
9.844000e-03 
9.705000e-03 
7.629000e-03 
7.863000e-03 
8.096000e-03 
7.045000e-03 
4.892000e-03 
-5.040000e-04 
-6.547000e-03 
-1.091600e-02 
-1.630300e-02 
-2.007700e-02 
-1.962900e-02 
-1.869200e-02 
-1.795200e-02 
-1.293300e-02 
-3.576000e-03 
1.582000e-03 
-1.516000e-03 
-7.119000e-03 
-1.144700e-02 
-1.422300e-02 
-1.547400e-02 
-1.542900e-02 
-1.374300e-02 
-1.385200e-02 
-1.714500e-02 
-1.958600e-02 
-2.085700e-02 
-2.128100e-02 
-1.921200e-02 
-1.433600e-02 
-8.885000e-03 
-5.334000e-03 
-2.811000e-03 
-9.420000e-04 
1.498000e-03 
6.000000e-03 
1.009400e-02 
1.289900e-02 
1.594200e-02 
1.941900e-02 
2.228300e-02 
2.291300e-02 
1.947800e-02 
1.200900e-02 
4.656000e-03 
2.024000e-03 
3.295000e-03 
5.506000e-03 
8.382000e-03 
1.082900e-02 
1.183000e-02 
1.191800e-02 
1.106800e-02 
1.031600e-02 
1.169200e-02 
1.575100e-02 
1.876900e-02 
1.718600e-02 
1.360300e-02 
1.103200e-02 
9.117000e-03 
6.106000e-03 
1.487000e-03 
-2.278000e-03 
-3.454000e-03 
-1.115000e-03 
4.098000e-03 
8.796000e-03 
1.121300e-02 
1.176200e-02 
1.211400e-02 
1.215400e-02 
1.138600e-02 
1.336200e-02 
1.777800e-02 
1.939700e-02 
1.750400e-02 
1.369200e-02 
9.354000e-03 
7.351000e-03 
6.669000e-03 
4.670000e-03 
3.649000e-03 
5.911000e-03 
8.838000e-03 
9.264000e-03 
8.472000e-03 
8.270000e-03 
7.552000e-03 
8.216000e-03 
1.457100e-02 
2.212200e-02 
2.209400e-02 
1.450100e-02 
6.507000e-03 
2.175000e-03 
-1.524000e-03 
-5.972000e-03 
-9.104000e-03 
-1.070800e-02 
-1.269200e-02 
-1.495800e-02 
-1.441100e-02 
-1.177000e-02 
-1.076800e-02 
-1.192600e-02 
-1.140900e-02 
-7.198000e-03 
-2.825000e-03 
-1.354000e-03 
-2.051000e-03 
-2.096000e-03 
-6.610000e-04 
5.700000e-04 
2.411000e-03 
5.686000e-03 
7.419000e-03 
6.143000e-03 
4.356000e-03 
3.874000e-03 
3.803000e-03 
3.530000e-03 
3.207000e-03 
1.647000e-03 
-2.029000e-03 
-5.786000e-03 
-6.532000e-03 
-4.391000e-03 
-2.622000e-03 
-2.361000e-03 
-2.260000e-03 
-3.106000e-03 
-4.556000e-03 
-3.747000e-03 
-1.690000e-03 
-9.800000e-04 
-7.010000e-04 
1.487000e-03 
5.948000e-03 
9.248000e-03 
8.502000e-03 
6.367000e-03 
4.353000e-03 
1.105000e-03 
-8.410000e-04 
-4.690000e-04 
-1.751000e-03 
-4.612000e-03 
-4.321000e-03 
2.160000e-04 
4.648000e-03 
5.632000e-03 
4.903000e-03 
4.722000e-03 
5.722000e-03 
7.130000e-03 
5.674000e-03 
2.232000e-03 
2.401000e-03 
6.189000e-03 
9.340000e-03 
9.241000e-03 
6.668000e-03 
5.497000e-03 
5.550000e-03 
4.147000e-03 
1.928000e-03 
4.230000e-04 
-4.170000e-04 
-2.750000e-03 
-6.461000e-03 
-1.014600e-02 
-1.492800e-02 
-1.971400e-02 
-2.304600e-02 
-2.505600e-02 
-2.410400e-02 
-1.960500e-02 
-1.366900e-02 
-9.438000e-03 
-8.435000e-03 
-9.491000e-03 
-1.062400e-02 
-9.565000e-03 
-6.871000e-03 
-5.001000e-03 
-4.431000e-03 
-6.942000e-03 
-1.273500e-02 
-1.714700e-02 
-1.853200e-02 
-1.925700e-02 
-1.939600e-02 
-1.761100e-02 
-1.612400e-02 
-1.699500e-02 
-1.704900e-02 
-1.546300e-02 
-1.486400e-02 
-1.429800e-02 
-1.160200e-02 
-7.479000e-03 
-3.751000e-03 
8.900000e-04 
8.044000e-03 
1.484300e-02 
1.768000e-02 
1.627600e-02 
1.302800e-02 
1.076800e-02 
9.660000e-03 
7.649000e-03 
6.260000e-03 
6.971000e-03 
6.570000e-03 
3.841000e-03 
-1.020000e-03 
-7.230000e-03 
-1.056800e-02 
-9.173000e-03 
-5.580000e-03 
-1.848000e-03 
3.633000e-03 
1.174700e-02 
1.825200e-02 
2.024600e-02 
2.009900e-02 
2.022000e-02 
2.157600e-02 
2.406500e-02 
2.454000e-02 
2.138100e-02 
1.656800e-02 
1.330000e-02 
1.297600e-02 
1.211800e-02 
1.057900e-02 
1.137700e-02 
1.155400e-02 
9.674000e-03 
9.352000e-03 
9.982000e-03 
8.387000e-03 
6.304000e-03 
7.076000e-03 
1.059100e-02 
1.433500e-02 
1.457300e-02 
1.056600e-02 
6.151000e-03 
3.297000e-03 
1.918000e-03 
1.949000e-03 
1.564000e-03 
1.516000e-03 
5.152000e-03 
1.092200e-02 
1.515000e-02 
1.804600e-02 
1.961900e-02 
1.832900e-02 
1.569500e-02 
1.354100e-02 
1.064800e-02 
6.462000e-03 
1.837000e-03 
-2.816000e-03 
-6.070000e-03 
-7.671000e-03 
-8.905000e-03 
-8.572000e-03 
-6.188000e-03 
-3.090000e-03 
-1.250000e-04 
1.992000e-03 
2.305000e-03 
-2.840000e-04 
-4.650000e-03 
-8.575000e-03 
-9.766000e-03 
-7.228000e-03 
-4.094000e-03 
-1.344000e-03 
2.214000e-03 
3.686000e-03 
2.108000e-03 
-5.100000e-04 
-3.578000e-03 
-5.602000e-03 
-4.984000e-03 
-2.882000e-03 
-3.069000e-03 
-6.266000e-03 
-8.997000e-03 
-1.038700e-02 
-1.209900e-02 
-1.512000e-02 
-1.882600e-02 
-2.096500e-02 
-2.131600e-02 
-2.166500e-02 
-2.066900e-02 
-1.645500e-02 
-1.063900e-02 
-5.530000e-03 
-3.255000e-03 
-2.683000e-03 
2.070000e-04 
3.072000e-03 
1.697000e-03 
-1.395000e-03 
-2.113000e-03 
-1.120000e-03 
-2.392000e-03 
-6.054000e-03 
-8.156000e-03 
-7.310000e-03 
-6.398000e-03 
-8.669000e-03 
-1.317200e-02 
-1.536000e-02 
-1.487000e-02 
-1.707400e-02 
-2.230600e-02 
-2.425900e-02 
-2.201400e-02 
-1.923600e-02 
-1.667500e-02 
-1.528300e-02 
-1.376500e-02 
-1.070300e-02 
-1.005000e-02 
-1.229900e-02 
-1.357600e-02 
-1.279700e-02 
-1.063900e-02 
-7.891000e-03 
-5.354000e-03 
-3.146000e-03 
-1.767000e-03 
-6.920000e-04 
8.030000e-04 
1.335000e-03 
9.790000e-04 
6.730000e-04 
-1.225000e-03 
-4.829000e-03 
-6.940000e-03 
-6.753000e-03 
-5.383000e-03 
-4.486000e-03 
-6.276000e-03 
-9.212000e-03 
-1.090700e-02 
-1.087200e-02 
-8.330000e-03 
-4.487000e-03 
-1.761000e-03 
-1.600000e-04 
1.701000e-03 
4.331000e-03 
7.003000e-03 
8.214000e-03 
7.249000e-03 
6.329000e-03 
7.997000e-03 
1.073800e-02 
1.176500e-02 
1.161300e-02 
1.155400e-02 
1.126700e-02 
1.115900e-02 
1.124900e-02 
1.019500e-02 
8.006000e-03 
5.813000e-03 
4.104000e-03 
3.891000e-03 
5.845000e-03 
7.697000e-03 
8.188000e-03 
9.149000e-03 
1.051100e-02 
1.077000e-02 
9.878000e-03 
7.511000e-03 
4.582000e-03 
3.801000e-03 
4.803000e-03 
5.651000e-03 
6.303000e-03 
7.124000e-03 
8.192000e-03 
8.896000e-03 
9.078000e-03 
8.669000e-03 
6.225000e-03 
2.987000e-03 
1.844000e-03 
1.380000e-03 
8.430000e-04 
3.356000e-03 
8.998000e-03 
1.467100e-02 
1.778800e-02 
1.706700e-02 
1.324000e-02 
8.568000e-03 
4.813000e-03 
2.767000e-03 
3.509000e-03 
5.849000e-03 
6.843000e-03 
6.266000e-03 
4.919000e-03 
2.719000e-03 
4.870000e-04 
-1.039000e-03 
-1.777000e-03 
-1.400000e-05 
4.425000e-03 
6.768000e-03 
4.401000e-03 
1.859000e-03 
2.201000e-03 
1.963000e-03 
-1.375000e-03 
-6.342000e-03 
-9.271000e-03 
-6.951000e-03 
-2.182000e-03 
1.101000e-03 
3.033000e-03 
3.957000e-03 
4.162000e-03 
3.727000e-03 
3.667000e-03 
4.699000e-03 
4.968000e-03 
4.223000e-03 
3.872000e-03 
3.698000e-03 
2.377000e-03 
1.360000e-03 
2.339000e-03 
4.160000e-03 
5.252000e-03 
4.618000e-03 
3.531000e-03 
2.417000e-03 
7.210000e-04 
-8.190000e-04 
-3.165000e-03 
-5.770000e-03 
-6.093000e-03 
-5.210000e-03 
-4.843000e-03 
-4.077000e-03 
-3.150000e-03 
-3.049000e-03 
-3.400000e-03 
-3.054000e-03 
-2.035000e-03 
-2.300000e-03 
-3.619000e-03 
-4.254000e-03 
-4.098000e-03 
-3.782000e-03 
-3.734000e-03 
-3.731000e-03 
-3.707000e-03 
-2.764000e-03 
-7.100000e-05 
2.749000e-03 
3.401000e-03 
1.549000e-03 
1.300000e-04 
1.135000e-03 
2.812000e-03 
3.150000e-03 
2.174000e-03 
1.167000e-03 
-2.100000e-05 
-1.501000e-03 
-3.149000e-03 
-5.150000e-03 
-5.239000e-03 
-3.887000e-03 
-4.178000e-03 
-5.314000e-03 
-5.455000e-03 
-3.693000e-03 
-1.173000e-03 
-1.108000e-03 
-2.309000e-03 
-1.299000e-03 
8.430000e-04 
1.663000e-03 
4.350000e-04 
-2.465000e-03 
-4.871000e-03 
-5.055000e-03 
-4.971000e-03 
-7.759000e-03 
-1.153700e-02 
-1.185100e-02 
-8.524000e-03 
-4.603000e-03 
-3.530000e-03 
-4.639000e-03 
-4.395000e-03 
-3.165000e-03 
-1.849000e-03 
-1.432000e-03 
-4.044000e-03 
-6.749000e-03 
-6.903000e-03 
-6.611000e-03 
-6.231000e-03 
-5.485000e-03 
-4.912000e-03 
-4.402000e-03 
-4.901000e-03 
-7.322000e-03 
-9.291000e-03 
-8.120000e-03 
-6.016000e-03 
-6.105000e-03 
-7.426000e-03 
-7.336000e-03 
-5.283000e-03 
-2.960000e-03 
-2.665000e-03 
-4.709000e-03 
-6.297000e-03 
-4.707000e-03 
-4.470000e-04 
2.737000e-03 
3.418000e-03 
4.253000e-03 
5.507000e-03 
4.633000e-03 
1.812000e-03 
-1.040000e-03 
-2.721000e-03 
-3.465000e-03 
-4.972000e-03 
-5.763000e-03 
-4.678000e-03 
-2.717000e-03 
-2.120000e-04 
1.288000e-03 
2.966000e-03 
6.229000e-03 
8.384000e-03 
8.817000e-03 
9.525000e-03 
9.949000e-03 
9.421000e-03 
9.120000e-03 
8.990000e-03 
8.754000e-03 
8.745000e-03 
8.678000e-03 
7.767000e-03 
6.565000e-03 
6.304000e-03 
6.098000e-03 
5.170000e-03 
3.875000e-03 
1.792000e-03 
-9.310000e-04 
-3.123000e-03 
-4.759000e-03 
-6.184000e-03 
-6.589000e-03 
-5.803000e-03 
-5.113000e-03 
-5.377000e-03 
-5.114000e-03 
-3.132000e-03 
-8.630000e-04 
1.256000e-03 
3.429000e-03 
5.386000e-03 
7.750000e-03 
1.020200e-02 
1.185000e-02 
1.188800e-02 
1.065100e-02 
9.385000e-03 
7.768000e-03 
6.186000e-03 
5.743000e-03 
6.177000e-03 
6.323000e-03 
4.922000e-03 
2.803000e-03 
1.978000e-03 
2.582000e-03 
3.114000e-03 
2.834000e-03 
2.300000e-03 
8.340000e-04 
-2.168000e-03 
-5.353000e-03 
-8.109000e-03 
-1.006000e-02 
-1.079400e-02 
-1.140900e-02 
-1.190700e-02 
-1.138000e-02 
-1.053700e-02 
-1.096100e-02 
-1.274200e-02 
-1.279000e-02 
-9.795000e-03 
-6.643000e-03 
-4.680000e-03 
-3.511000e-03 
-2.485000e-03 
-5.110000e-04 
1.871000e-03 
3.330000e-03 
3.653000e-03 
3.355000e-03 
2.809000e-03 
2.598000e-03 
2.415000e-03 
1.381000e-03 
-1.650000e-04 
-2.308000e-03 
-4.721000e-03 
-6.909000e-03 
-9.391000e-03 
-1.142300e-02 
-1.179800e-02 
-1.048000e-02 
-7.917000e-03 
-4.986000e-03 
-2.996000e-03 
-2.379000e-03 
-1.939000e-03 
-9.480000e-04 
-3.990000e-04 
-9.000000e-06 
1.170000e-03 
2.311000e-03 
3.102000e-03 
3.584000e-03 
2.350000e-03 
-1.014000e-03 
-4.544000e-03 
-7.389000e-03 
-1.019900e-02 
-1.213200e-02 
-1.248900e-02 
-1.205900e-02 
-1.121100e-02 
-1.013100e-02 
-9.080000e-03 
-7.866000e-03 
-6.870000e-03 
-6.276000e-03 
-5.300000e-03 
-4.913000e-03 
-5.268000e-03 
-4.008000e-03 
-1.581000e-03 
6.350000e-04 
2.531000e-03 
4.654000e-03 
6.562000e-03 
6.247000e-03 
4.673000e-03 
3.583000e-03 
3.680000e-03 
5.457000e-03 
8.288000e-03 
1.094400e-02 
1.163400e-02 
9.549000e-03 
6.385000e-03 
4.726000e-03 
5.331000e-03 
7.757000e-03 
1.043500e-02 
1.092000e-02 
9.506000e-03 
8.449000e-03 
7.405000e-03 
5.121000e-03 
3.772000e-03 
4.953000e-03 
6.664000e-03 
7.765000e-03 
9.244000e-03 
1.121400e-02 
1.206400e-02 
1.111600e-02 
9.792000e-03 
9.657000e-03 
1.100800e-02 
1.268500e-02 
1.285700e-02 
1.086700e-02 
7.775000e-03 
4.822000e-03 
2.859000e-03 
2.226000e-03 
2.562000e-03 
3.449000e-03 
4.813000e-03 
5.964000e-03 
6.464000e-03 
7.476000e-03 
9.160000e-03 
9.961000e-03 
8.830000e-03 
6.972000e-03 
6.155000e-03 
5.728000e-03 
4.746000e-03 
3.345000e-03 
1.514000e-03 
-9.300000e-05 
-8.080000e-04 
-9.660000e-04 
-4.240000e-04 
3.550000e-04 
-1.880000e-04 
-1.532000e-03 
-1.941000e-03 
-1.321000e-03 
-6.000000e-04 
-6.210000e-04 
-1.549000e-03 
-2.754000e-03 
-3.578000e-03 
-4.151000e-03 
-5.405000e-03 
-7.756000e-03 
-1.032600e-02 
-1.170800e-02 
-1.090200e-02 
-8.604000e-03 
-7.040000e-03 
-6.772000e-03 
-6.135000e-03 
-5.026000e-03 
-5.460000e-03 
-7.773000e-03 
-9.947000e-03 
-1.083400e-02 
-1.118500e-02 
-1.199700e-02 
-1.361400e-02 
-1.504900e-02 
-1.444800e-02 
-1.249800e-02 
-1.149600e-02 
-1.083400e-02 
-9.389000e-03 
-8.506000e-03 
-8.988000e-03 
-9.806000e-03 
-9.310000e-03 
-7.256000e-03 
-6.160000e-03 
-6.651000e-03 
-7.188000e-03 
-8.276000e-03 
-9.764000e-03 
-1.081400e-02 
-1.130900e-02 
-1.066800e-02 
-9.148000e-03 
-7.794000e-03 
-6.958000e-03 
-6.275000e-03 
-5.294000e-03 
-3.649000e-03 
-2.389000e-03 
-2.357000e-03 
-1.957000e-03 
-8.070000e-04 
-3.750000e-04 
-4.780000e-04 
4.500000e-05 
1.808000e-03 
4.883000e-03 
7.332000e-03 
7.831000e-03 
7.843000e-03 
7.335000e-03 
5.453000e-03 
3.344000e-03 
2.316000e-03 
2.787000e-03 
3.859000e-03 
4.761000e-03 
6.454000e-03 
9.381000e-03 
1.249000e-02 
1.455600e-02 
1.516600e-02 
1.446600e-02 
1.298600e-02 
1.159600e-02 
1.016300e-02 
7.944000e-03 
5.761000e-03 
5.653000e-03 
7.181000e-03 
8.075000e-03 
8.105000e-03 
8.560000e-03 
1.015100e-02 
1.174700e-02 
1.186700e-02 
1.134500e-02 
1.185800e-02 
1.241800e-02 
1.095300e-02 
8.776000e-03 
7.916000e-03 
7.641000e-03 
7.541000e-03 
7.716000e-03 
7.163000e-03 
6.071000e-03 
4.883000e-03 
3.086000e-03 
1.426000e-03 
1.056000e-03 
2.318000e-03 
4.628000e-03 
6.401000e-03 
6.971000e-03 
6.969000e-03 
6.592000e-03 
6.250000e-03 
6.871000e-03 
7.819000e-03 
8.454000e-03 
9.219000e-03 
1.037100e-02 
1.207400e-02 
1.309200e-02 
1.254200e-02 
1.169900e-02 
1.113000e-02 
1.050400e-02 
9.415000e-03 
7.300000e-03 
4.629000e-03 
2.404000e-03 
7.030000e-04 
-1.285000e-03 
-3.166000e-03 
-3.856000e-03 
-3.805000e-03 
-3.635000e-03 
-3.646000e-03 
-3.438000e-03 
-2.840000e-03 
-2.917000e-03 
-3.858000e-03 
-4.894000e-03 
-4.902000e-03 
-4.041000e-03 
-3.434000e-03 
-3.688000e-03 
-5.200000e-03 
-6.768000e-03 
-7.014000e-03 
-6.390000e-03 
-6.335000e-03 
-7.357000e-03 
-8.570000e-03 
-9.264000e-03 
-9.292000e-03 
-9.096000e-03 
-8.683000e-03 
-7.662000e-03 
-6.302000e-03 
-4.606000e-03 
-2.544000e-03 
-9.200000e-04 
-6.150000e-04 
-1.532000e-03 
-2.322000e-03 
-1.813000e-03 
-6.830000e-04 
6.900000e-05 
4.530000e-04 
4.330000e-04 
-2.450000e-04 
-1.552000e-03 
-3.218000e-03 
-4.657000e-03 
-5.698000e-03 
-6.862000e-03 
-7.828000e-03 
-8.723000e-03 
-1.053300e-02 
-1.184600e-02 
-1.104400e-02 
-9.440000e-03 
-8.337000e-03 
-7.472000e-03 
-5.981000e-03 
-3.893000e-03 
-3.232000e-03 
-4.771000e-03 
-6.917000e-03 
-8.235000e-03 
-8.023000e-03 
-7.302000e-03 
-6.859000e-03 
-5.789000e-03 
-5.299000e-03 
-6.701000e-03 
-8.691000e-03 
-1.047700e-02 
-1.122400e-02 
-1.061100e-02 
-1.080700e-02 
-1.214700e-02 
-1.245800e-02 
-1.185500e-02 
-1.236400e-02 
-1.374300e-02 
-1.385000e-02 
-1.212900e-02 
-9.678000e-03 
-8.247000e-03 
-8.286000e-03 
-7.962000e-03 
-7.129000e-03 
-6.643000e-03 
-4.571000e-03 
-2.160000e-04 
3.235000e-03 
4.321000e-03 
4.480000e-03 
4.522000e-03 
4.642000e-03 
4.654000e-03 
4.109000e-03 
3.524000e-03 
3.694000e-03 
4.171000e-03 
3.806000e-03 
1.835000e-03 
-9.470000e-04 
-2.304000e-03 
-1.623000e-03 
-7.510000e-04 
-7.200000e-04 
-7.980000e-04 
-8.920000e-04 
-1.229000e-03 
-1.452000e-03 
-1.428000e-03 
-1.048000e-03 
-2.100000e-04 
1.415000e-03 
3.871000e-03 
5.836000e-03 
6.650000e-03 
6.946000e-03 
6.298000e-03 
4.701000e-03 
3.722000e-03 
3.579000e-03 
4.015000e-03 
5.539000e-03 
7.498000e-03 
9.059000e-03 
9.505000e-03 
8.458000e-03 
6.771000e-03 
4.548000e-03 
2.150000e-03 
8.550000e-04 
9.630000e-04 
2.208000e-03 
3.533000e-03 
3.855000e-03 
4.132000e-03 
5.418000e-03 
6.878000e-03 
8.052000e-03 
9.430000e-03 
1.029500e-02 
9.358000e-03 
7.607000e-03 
6.823000e-03 
6.115000e-03 
4.863000e-03 
3.942000e-03 
3.416000e-03 
3.372000e-03 
3.294000e-03 
2.316000e-03 
1.391000e-03 
1.180000e-03 
6.750000e-04 
1.680000e-04 
6.790000e-04 
1.249000e-03 
6.600000e-04 
-1.136000e-03 
-3.262000e-03 
-4.193000e-03 
-3.404000e-03 
-1.784000e-03 
-5.050000e-04 
4.350000e-04 
1.963000e-03 
3.474000e-03 
3.968000e-03 
4.429000e-03 
5.328000e-03 
5.414000e-03 
4.128000e-03 
2.323000e-03 
9.530000e-04 
7.000000e-06 
-8.270000e-04 
-2.023000e-03 
-3.383000e-03 
-3.647000e-03 
-3.310000e-03 
-4.124000e-03 
-6.068000e-03 
-7.990000e-03 
-9.500000e-03 
-1.038900e-02 
-1.006800e-02 
-8.283000e-03 
-5.429000e-03 
-2.327000e-03 
1.800000e-05 
4.230000e-04 
-4.560000e-04 
-8.630000e-04 
-8.800000e-04 
-8.490000e-04 
-5.030000e-04 
3.500000e-04 
1.708000e-03 
3.197000e-03 
4.026000e-03 
3.158000e-03 
1.174000e-03 
-6.120000e-04 
-2.511000e-03 
-4.623000e-03 
-6.385000e-03 
-7.565000e-03 
-7.804000e-03 
-7.510000e-03 
-6.985000e-03 
-5.616000e-03 
-4.078000e-03 
-3.921000e-03 
-4.815000e-03 
-5.554000e-03 
-5.962000e-03 
-6.152000e-03 
-7.370000e-03 
-9.956000e-03 
-1.126900e-02 
-1.043200e-02 
-8.912000e-03 
-7.870000e-03 
-7.841000e-03 
-7.933000e-03 
-6.847000e-03 
-3.959000e-03 
-5.390000e-04 
1.021000e-03 
1.090000e-03 
1.592000e-03 
2.652000e-03 
3.339000e-03 
3.449000e-03 
3.886000e-03 
4.775000e-03 
4.117000e-03 
1.256000e-03 
-1.828000e-03 
-4.147000e-03 
-5.948000e-03 
-6.922000e-03 
-6.481000e-03 
-4.244000e-03 
-9.410000e-04 
1.327000e-03 
1.815000e-03 
2.134000e-03 
2.989000e-03 
2.995000e-03 
1.850000e-03 
8.470000e-04 
4.690000e-04 
8.960000e-04 
1.199000e-03 
-7.560000e-04 
-3.912000e-03 
-5.295000e-03 
-5.148000e-03 
-5.304000e-03 
-5.963000e-03 
-6.248000e-03 
-5.337000e-03 
-3.165000e-03 
-3.720000e-04 
2.136000e-03 
3.870000e-03 
5.343000e-03 
7.180000e-03 
8.834000e-03 
9.157000e-03 
8.756000e-03 
8.389000e-03 
7.265000e-03 
5.964000e-03 
5.209000e-03 
4.277000e-03 
3.164000e-03 
2.410000e-03 
1.785000e-03 
1.368000e-03 
1.920000e-03 
3.331000e-03 
4.783000e-03 
5.377000e-03 
5.116000e-03 
4.854000e-03 
4.866000e-03 
4.779000e-03 
3.946000e-03 
2.437000e-03 
1.202000e-03 
3.370000e-04 
-1.068000e-03 
-2.337000e-03 
-1.615000e-03 
2.280000e-04 
7.920000e-04 
3.360000e-04 
2.680000e-04 
8.540000e-04 
2.054000e-03 
2.938000e-03 
2.924000e-03 
3.003000e-03 
2.915000e-03 
2.243000e-03 
1.896000e-03 
1.899000e-03 
1.951000e-03 
2.262000e-03 
3.175000e-03 
4.823000e-03 
6.917000e-03 
9.201000e-03 
1.174600e-02 
1.401800e-02 
1.493500e-02 
1.523300e-02 
1.567000e-02 
1.535100e-02 
1.433200e-02 
1.337600e-02 
1.293600e-02 
1.284800e-02 
1.205300e-02 
1.050000e-02 
9.294000e-03 
8.467000e-03 
7.242000e-03 
5.881000e-03 
4.681000e-03 
3.307000e-03 
2.117000e-03 
1.464000e-03 
1.457000e-03 
1.815000e-03 
1.375000e-03 
2.500000e-05 
-1.231000e-03 
-1.520000e-03 
-8.740000e-04 
-4.580000e-04 
-4.050000e-04 
4.480000e-04 
2.460000e-03 
4.323000e-03 
5.367000e-03 
6.530000e-03 
7.685000e-03 
8.201000e-03 
8.138000e-03 
7.810000e-03 
7.620000e-03 
7.762000e-03 
7.690000e-03 
6.359000e-03 
4.473000e-03 
3.144000e-03 
2.109000e-03 
1.414000e-03 
1.330000e-03 
1.660000e-03 
1.769000e-03 
8.050000e-04 
-8.910000e-04 
-1.424000e-03 
-3.750000e-04 
-2.900000e-05 
-1.354000e-03 
-2.306000e-03 
-2.154000e-03 
-2.256000e-03 
-2.595000e-03 
-2.897000e-03 
-3.589000e-03 
-4.576000e-03 
-5.806000e-03 
-6.686000e-03 
-6.390000e-03 
-5.903000e-03 
-6.317000e-03 
-7.224000e-03 
-8.550000e-03 
-1.013800e-02 
-1.155500e-02 
-1.241800e-02 
-1.211500e-02 
-1.164000e-02 
-1.166500e-02 
-1.108700e-02 
-9.917000e-03 
-9.229000e-03 
-8.925000e-03 
-8.317000e-03 
-7.691000e-03 
-7.405000e-03 
-7.400000e-03 
-7.057000e-03 
-5.490000e-03 
-3.697000e-03 
-3.788000e-03 
-5.635000e-03 
-7.466000e-03 
-8.045000e-03 
-7.440000e-03 
-6.919000e-03 
-6.485000e-03 
-6.080000e-03 
-7.067000e-03 
-8.845000e-03 
-9.931000e-03 
-1.039700e-02 
-1.048300e-02 
-1.051400e-02 
-1.043900e-02 
-9.931000e-03 
-1.008000e-02 
-1.098500e-02 
-1.205100e-02 
-1.370000e-02 
-1.430100e-02 
-1.255200e-02 
-9.705000e-03 
-7.833000e-03 
-7.132000e-03 
-6.077000e-03 
-4.991000e-03 
-3.967000e-03 
-3.229000e-03 
-3.628000e-03 
-4.478000e-03 
-4.263000e-03 
-3.081000e-03 
-3.658000e-03 
-5.613000e-03 
-6.358000e-03 
-6.001000e-03 
-5.231000e-03 
-4.689000e-03 
-4.315000e-03 
-3.638000e-03 
-3.207000e-03 
-3.730000e-03 
-5.126000e-03 
-6.063000e-03 
-6.070000e-03 
-5.553000e-03 
-4.116000e-03 
-2.214000e-03 
-8.590000e-04 
7.190000e-04 
2.449000e-03 
2.542000e-03 
1.634000e-03 
7.800000e-04 
-8.600000e-05 
-5.060000e-04 
-4.060000e-04 
-1.820000e-04 
-2.520000e-04 
-4.570000e-04 
-9.400000e-04 
-1.508000e-03 
-1.033000e-03 
4.910000e-04 
2.219000e-03 
3.391000e-03 
4.149000e-03 
5.008000e-03 
6.054000e-03 
7.359000e-03 
8.596000e-03 
9.313000e-03 
9.219000e-03 
8.594000e-03 
7.950000e-03 
6.986000e-03 
5.942000e-03 
5.614000e-03 
5.597000e-03 
4.679000e-03 
2.250000e-03 
-5.310000e-04 
-2.371000e-03 
-3.690000e-03 
-4.202000e-03 
-2.668000e-03 
5.760000e-04 
3.667000e-03 
5.397000e-03 
6.554000e-03 
7.567000e-03 
7.634000e-03 
5.919000e-03 
2.653000e-03 
4.360000e-04 
1.480000e-04 
9.800000e-05 
2.800000e-05 
9.000000e-05 
4.870000e-04 
1.573000e-03 
2.952000e-03 
3.941000e-03 
4.024000e-03 
4.106000e-03 
5.291000e-03 
6.424000e-03 
6.849000e-03 
6.378000e-03 
5.681000e-03 
6.164000e-03 
6.852000e-03 
6.675000e-03 
6.718000e-03 
7.329000e-03 
8.291000e-03 
8.896000e-03 
8.487000e-03 
8.092000e-03 
8.072000e-03 
8.023000e-03 
8.217000e-03 
8.417000e-03 
8.318000e-03 
7.917000e-03 
7.392000e-03 
7.652000e-03 
8.730000e-03 
9.452000e-03 
9.709000e-03 
9.855000e-03 
9.678000e-03 
9.597000e-03 
9.383000e-03 
8.145000e-03 
6.852000e-03 
6.252000e-03 
6.026000e-03 
6.241000e-03 
5.338000e-03 
2.564000e-03 
6.600000e-05 
-1.003000e-03 
-8.100000e-04 
-1.470000e-04 
4.000000e-04 
1.116000e-03 
1.410000e-03 
1.422000e-03 
1.666000e-03 
1.459000e-03 
5.000000e-04 
-8.500000e-04 
-1.505000e-03 
-7.990000e-04 
8.230000e-04 
2.325000e-03 
3.116000e-03 
4.634000e-03 
6.973000e-03 
7.690000e-03 
6.551000e-03 
4.829000e-03 
2.554000e-03 
1.990000e-04 
-1.426000e-03 
-2.698000e-03 
-3.951000e-03 
-4.562000e-03 
-4.560000e-03 
-4.894000e-03 
-5.794000e-03 
-6.377000e-03 
-6.278000e-03 
-5.985000e-03 
-5.379000e-03 
-4.507000e-03 
-3.267000e-03 
-1.888000e-03 
-1.689000e-03 
-2.080000e-03 
-1.317000e-03 
4.270000e-04 
1.608000e-03 
1.271000e-03 
-2.150000e-04 
-1.772000e-03 
-2.680000e-03 
-3.873000e-03 
-6.004000e-03 
-6.994000e-03 
-6.078000e-03 
-5.258000e-03 
-5.422000e-03 
-6.030000e-03 
-5.990000e-03 
-4.938000e-03 
-3.645000e-03 
-2.681000e-03 
-2.302000e-03 
-2.121000e-03 
-2.380000e-03 
-3.264000e-03 
-3.435000e-03 
-3.087000e-03 
-3.147000e-03 
-3.517000e-03 
-3.972000e-03 
-4.014000e-03 
-3.995000e-03 
-4.254000e-03 
-4.307000e-03 
-3.895000e-03 
-3.303000e-03 
-2.912000e-03 
-2.477000e-03 
-2.290000e-03 
-2.827000e-03 
-3.570000e-03 
-4.146000e-03 
-4.711000e-03 
-4.820000e-03 
-3.928000e-03 
-2.803000e-03 
-2.922000e-03 
-4.578000e-03 
-5.887000e-03 
-6.079000e-03 
-6.190000e-03 
-5.772000e-03 
-4.832000e-03 
-4.223000e-03 
-3.606000e-03 
-2.658000e-03 
-1.218000e-03 
3.830000e-04 
1.600000e-03 
2.483000e-03 
2.770000e-03 
2.736000e-03 
2.782000e-03 
2.871000e-03 
3.186000e-03 
3.031000e-03 
2.300000e-03 
1.933000e-03 
1.769000e-03 
1.783000e-03 
2.227000e-03 
2.299000e-03 
1.720000e-03 
1.352000e-03 
1.519000e-03 
1.540000e-03 
1.209000e-03 
1.059000e-03 
1.007000e-03 
1.068000e-03 
1.700000e-03 
2.456000e-03 
2.917000e-03 
3.020000e-03 
2.491000e-03 
2.057000e-03 
2.386000e-03 
2.704000e-03 
2.305000e-03 
1.503000e-03 
8.970000e-04 
7.040000e-04 
6.270000e-04 
5.710000e-04 
8.940000e-04 
1.303000e-03 
1.499000e-03 
1.409000e-03 
7.700000e-04 
2.410000e-04 
3.290000e-04 
8.180000e-04 
1.610000e-03 
2.078000e-03 
2.251000e-03 
2.875000e-03 
3.338000e-03 
3.132000e-03 
2.561000e-03 
1.869000e-03 
1.728000e-03 
2.073000e-03 
2.231000e-03 
2.390000e-03 
2.452000e-03 
1.968000e-03 
1.356000e-03 
9.320000e-04 
3.520000e-04 
-3.480000e-04 
-8.680000e-04 
-1.202000e-03 
-1.407000e-03 
-1.557000e-03 
-1.416000e-03 
-9.000000e-04 
-5.380000e-04 
-2.390000e-04 
5.600000e-04 
1.633000e-03 
2.327000e-03 
2.340000e-03 
2.055000e-03 
2.310000e-03 
2.894000e-03 
2.803000e-03 
2.065000e-03 
1.214000e-03 
7.080000e-04 
7.920000e-04 
7.140000e-04 
-8.200000e-05 
-8.770000e-04 
-9.220000e-04 
-4.820000e-04 
-4.830000e-04 
-1.045000e-03 
-1.682000e-03 
-2.439000e-03 
-2.976000e-03 
-2.899000e-03 
-2.695000e-03 
-2.622000e-03 
-2.469000e-03 
-2.346000e-03 
-2.300000e-03 
-1.910000e-03 
-1.342000e-03 
-1.287000e-03 
-1.616000e-03 
-1.762000e-03 
-1.735000e-03 
-1.805000e-03 
-2.020000e-03 
-2.168000e-03 
-1.842000e-03 
-1.167000e-03 
-6.890000e-04 
-4.310000e-04 
-2.270000e-04 
-3.320000e-04 
-8.670000e-04 
-1.427000e-03 
-1.970000e-03 
-2.412000e-03 
-2.492000e-03 
-2.675000e-03 
-2.881000e-03 
-2.794000e-03 
-2.699000e-03 
-2.501000e-03 
-2.251000e-03 
-2.138000e-03 
-1.951000e-03 
-1.673000e-03 
-1.461000e-03 
-1.362000e-03 
-1.316000e-03 
-1.288000e-03 
-1.425000e-03 
-1.710000e-03 
-1.759000e-03 
-1.295000e-03 
-6.680000e-04 
-3.600000e-04 
-1.320000e-04 
2.360000e-04 
4.390000e-04 
4.600000e-04 
4.150000e-04 
2.450000e-04 
9.000000e-05 
-3.500000e-05 
-2.690000e-04 
-2.790000e-04 
7.600000e-05 
4.940000e-04 
9.350000e-04 
1.353000e-03 
1.730000e-03 
2.169000e-03 
2.505000e-03 
2.594000e-03 
2.562000e-03 
2.511000e-03 
2.336000e-03 
1.921000e-03 
1.358000e-03 
8.720000e-04 
5.810000e-04 
4.120000e-04 
2.800000e-04 
1.620000e-04 
9.400000e-05 
1.210000e-04 
1.500000e-04 
1.760000e-04 
3.390000e-04 
6.210000e-04 
8.440000e-04 
8.900000e-04 
8.980000e-04 
1.021000e-03 
1.207000e-03 
1.382000e-03 
1.487000e-03 
1.521000e-03 
1.541000e-03 
1.564000e-03 
1.540000e-03 
1.453000e-03 
1.362000e-03 
1.276000e-03 
1.187000e-03 
1.120000e-03 
1.032000e-03 
8.900000e-04 
7.910000e-04 
7.770000e-04 
7.530000e-04 
7.140000e-04 
6.710000e-04 
5.790000e-04 
4.830000e-04 
3.800000e-04 
2.300000e-04 
1.800000e-04 
2.950000e-04 
3.830000e-04 
3.970000e-04 
4.330000e-04 
4.910000e-04 
5.680000e-04 
6.080000e-04 
5.660000e-04 
5.040000e-04 
4.520000e-04 
4.300000e-04 
4.380000e-04 
4.230000e-04 
3.820000e-04 
3.440000e-04 
3.060000e-04 
2.480000e-04 
1.860000e-04 
1.590000e-04 
1.510000e-04 
1.340000e-04 
1.200000e-04 
1.310000e-04 
1.800000e-04 
2.410000e-04 
2.820000e-04 
3.320000e-04 
3.850000e-04 
3.850000e-04 
3.300000e-04 
2.640000e-04 
1.900000e-04 
1.030000e-04 
2.900000e-05 
1.400000e-05 
4.500000e-05 
6.000000e-05 
3.200000e-05 
-2.400000e-05 
-6.600000e-05 
-7.600000e-05 
-8.300000e-05 
-9.000000e-05 
-9.100000e-05 
-9.700000e-05 
-1.000000e-04 
-9.700000e-05 
-9.500000e-05 
-9.200000e-05 
-9.200000e-05 
-8.800000e-05 
-7.700000e-05 
-7.200000e-05 
-8.300000e-05 
-1.000000e-04 
-1.140000e-04 
-1.210000e-04 
-1.230000e-04 
-1.280000e-04 
-1.400000e-04 
-1.470000e-04 
-1.460000e-04 
-1.500000e-04 
-1.570000e-04 
-1.610000e-04 
-1.590000e-04 
-1.560000e-04 
-1.600000e-04 
-1.670000e-04 
-1.710000e-04 
-1.710000e-04 
-1.720000e-04 
-1.780000e-04 
-1.850000e-04 
-1.900000e-04 
-1.960000e-04 
-2.020000e-04 
-2.040000e-04 
-2.090000e-04 
-2.190000e-04 
-2.290000e-04 
-2.350000e-04 
-2.380000e-04 
-2.420000e-04 
-2.490000e-04 
-2.530000e-04 
-2.550000e-04 
-2.570000e-04 
-2.600000e-04 
-2.640000e-04 
-2.670000e-04 
-2.710000e-04 
-2.740000e-04 
-2.770000e-04 
-2.810000e-04 
-2.840000e-04 
-2.870000e-04 
-2.910000e-04 
-2.940000e-04 
-2.970000e-04 
-3.010000e-04 
-3.040000e-04 
-3.070000e-04 
-3.100000e-04 
-3.120000e-04 
-3.150000e-04 
-3.180000e-04 
-3.200000e-04 
-3.230000e-04 
-3.250000e-04 
-3.270000e-04 
-3.300000e-04 
-3.320000e-04 
-3.340000e-04 
-3.360000e-04 
-3.380000e-04 
-3.400000e-04 
-3.410000e-04 
-3.430000e-04 
-3.450000e-04 
-3.460000e-04 
-3.480000e-04 
-3.490000e-04 
