1 
1.000000e-02 
3.770000e-04 
3.770000e-04 
3.790000e-04 
3.850000e-04 
3.980000e-04 
4.030000e-04 
3.650000e-04 
3.600000e-04 
3.570000e-04 
1.760000e-04 
-1.000000e-05 
1.000000e-06 
3.700000e-05 
-8.000000e-06 
-9.600000e-05 
-3.100000e-05 
2.260000e-04 
4.510000e-04 
6.080000e-04 
7.900000e-04 
1.020000e-03 
8.640000e-04 
7.860000e-04 
1.147000e-03 
1.065000e-03 
1.011000e-03 
1.470000e-03 
1.319000e-03 
-9.300000e-05 
-1.013000e-03 
-1.490000e-04 
3.590000e-04 
-8.440000e-04 
-2.644000e-03 
-3.762000e-03 
-3.335000e-03 
-2.580000e-03 
-2.238000e-03 
-2.066000e-03 
-2.415000e-03 
-2.045000e-03 
-3.770000e-04 
2.137000e-03 
3.294000e-03 
1.551000e-03 
-1.310000e-04 
5.380000e-04 
1.899000e-03 
2.748000e-03 
3.226000e-03 
2.296000e-03 
1.913000e-03 
3.423000e-03 
4.106000e-03 
2.550000e-03 
2.500000e-04 
3.180000e-04 
1.330000e-03 
2.090000e-04 
-2.850000e-04 
8.190000e-04 
1.503000e-03 
2.020000e-03 
2.120000e-03 
1.470000e-03 
8.150000e-04 
1.594000e-03 
2.817000e-03 
1.443000e-03 
-1.629000e-03 
-2.839000e-03 
-7.230000e-04 
2.125000e-03 
3.076000e-03 
2.124000e-03 
9.290000e-04 
7.510000e-04 
1.370000e-04 
-1.172000e-03 
-2.684000e-03 
-3.283000e-03 
-2.284000e-03 
-2.757000e-03 
-3.597000e-03 
-2.147000e-03 
-1.260000e-03 
-2.145000e-03 
-2.472000e-03 
-1.989000e-03 
-1.491000e-03 
-1.801000e-03 
-3.384000e-03 
-3.170000e-03 
-3.820000e-04 
2.413000e-03 
4.232000e-03 
4.943000e-03 
5.098000e-03 
4.481000e-03 
2.887000e-03 
2.308000e-03 
3.582000e-03 
4.162000e-03 
2.035000e-03 
-1.475000e-03 
-2.858000e-03 
-1.958000e-03 
-2.745000e-03 
-3.850000e-03 
-2.291000e-03 
7.730000e-04 
3.191000e-03 
2.446000e-03 
8.640000e-04 
1.073000e-03 
1.698000e-03 
1.627000e-03 
1.760000e-04 
-3.710000e-04 
5.290000e-04 
2.310000e-04 
-4.540000e-04 
-1.423000e-03 
-2.504000e-03 
-2.868000e-03 
-4.422000e-03 
-3.740000e-03 
-1.618000e-03 
-3.943000e-03 
-8.728000e-03 
-1.354200e-02 
-1.410100e-02 
-1.087600e-02 
-8.115000e-03 
-4.158000e-03 
-1.096000e-03 
3.670000e-04 
2.174000e-03 
3.558000e-03 
3.011000e-03 
2.386000e-03 
5.022000e-03 
8.224000e-03 
8.607000e-03 
5.923000e-03 
3.287000e-03 
2.490000e-03 
1.704000e-03 
2.354000e-03 
4.205000e-03 
3.094000e-03 
6.740000e-04 
-1.810000e-04 
6.610000e-04 
3.589000e-03 
4.551000e-03 
4.349000e-03 
8.621000e-03 
1.338000e-02 
1.360100e-02 
1.029100e-02 
1.240000e-03 
-7.632000e-03 
-7.560000e-03 
-2.900000e-03 
2.716000e-03 
3.525000e-03 
8.560000e-04 
1.730000e-04 
-1.260000e-03 
-3.916000e-03 
-9.430000e-03 
-1.140700e-02 
-7.842000e-03 
-6.543000e-03 
-7.502000e-03 
-7.525000e-03 
-5.728000e-03 
-2.874000e-03 
-3.460000e-04 
9.050000e-04 
3.667000e-03 
5.713000e-03 
6.230000e-03 
3.536000e-03 
-3.225000e-03 
-5.370000e-03 
-5.502000e-03 
-8.866000e-03 
-1.435200e-02 
-1.650800e-02 
-1.088800e-02 
-3.641000e-03 
-4.400000e-05 
1.788000e-03 
4.485000e-03 
7.753000e-03 
1.053100e-02 
1.167500e-02 
1.189300e-02 
8.899000e-03 
1.525000e-03 
-4.019000e-03 
-5.609000e-03 
-2.594000e-03 
1.510000e-03 
-2.300000e-05 
-2.712000e-03 
-2.949000e-03 
-4.668000e-03 
-9.859000e-03 
-1.156100e-02 
-6.405000e-03 
-2.843000e-03 
-2.294000e-03 
-4.267000e-03 
-5.078000e-03 
5.760000e-04 
7.584000e-03 
1.451800e-02 
2.100200e-02 
2.268600e-02 
1.790000e-02 
1.081900e-02 
4.953000e-03 
9.300000e-04 
3.020000e-04 
2.380000e-04 
-1.514000e-03 
-7.614000e-03 
-1.528600e-02 
-1.578000e-02 
-1.002400e-02 
-1.113000e-03 
3.276000e-03 
1.700000e-05 
-2.325000e-03 
-4.315000e-03 
-7.040000e-03 
-7.674000e-03 
-4.030000e-03 
4.404000e-03 
1.116800e-02 
1.319800e-02 
1.170600e-02 
7.354000e-03 
3.921000e-03 
1.904000e-03 
-3.174000e-03 
-5.336000e-03 
-2.170000e-04 
3.044000e-03 
5.020000e-03 
8.139000e-03 
8.479000e-03 
4.129000e-03 
-3.272000e-03 
-2.057000e-03 
3.047000e-03 
1.911000e-03 
4.973000e-03 
6.814000e-03 
-3.920000e-04 
-7.084000e-03 
-7.782000e-03 
1.876000e-03 
1.029900e-02 
6.095000e-03 
4.028000e-03 
4.817000e-03 
7.300000e-04 
-2.890000e-03 
-4.054000e-03 
3.770000e-04 
7.822000e-03 
8.727000e-03 
1.983000e-03 
-8.676000e-03 
-1.883300e-02 
-2.569400e-02 
-2.865700e-02 
-2.358500e-02 
-1.468800e-02 
-1.236000e-02 
-1.155100e-02 
-8.735000e-03 
-6.014000e-03 
-2.159000e-03 
-1.676000e-03 
-2.831000e-03 
9.100000e-05 
5.629000e-03 
1.295500e-02 
1.970400e-02 
2.030700e-02 
1.834600e-02 
1.536600e-02 
8.454000e-03 
4.201000e-03 
-8.420000e-04 
-9.644000e-03 
-1.113200e-02 
-3.775000e-03 
6.766000e-03 
1.631200e-02 
2.044500e-02 
1.608000e-02 
7.014000e-03 
5.499000e-03 
1.461700e-02 
1.939600e-02 
1.288200e-02 
5.773000e-03 
6.302000e-03 
1.306600e-02 
1.637600e-02 
1.533000e-02 
1.733800e-02 
2.123300e-02 
2.417700e-02 
1.909600e-02 
5.719000e-03 
-8.317000e-03 
-2.326000e-02 
-3.215100e-02 
-2.622000e-02 
-1.349500e-02 
-7.743000e-03 
-1.297400e-02 
-1.990100e-02 
-1.785000e-02 
-1.492800e-02 
-1.346200e-02 
-8.331000e-03 
-8.003000e-03 
1.580000e-04 
1.513200e-02 
1.382200e-02 
5.022000e-03 
-4.511000e-03 
-7.906000e-03 
-1.021000e-03 
-4.903000e-03 
-1.618400e-02 
-2.008800e-02 
-1.855300e-02 
-1.585700e-02 
-1.497000e-02 
-1.509300e-02 
-1.497900e-02 
-1.637900e-02 
-1.716900e-02 
-5.563000e-03 
1.494800e-02 
2.559900e-02 
2.211400e-02 
1.769600e-02 
2.043900e-02 
2.188700e-02 
1.416300e-02 
4.066000e-03 
1.008600e-02 
2.822300e-02 
3.933500e-02 
4.627900e-02 
4.685400e-02 
3.631100e-02 
2.439700e-02 
1.480400e-02 
1.265200e-02 
1.608500e-02 
1.328600e-02 
7.478000e-03 
1.090000e-04 
-1.285800e-02 
-1.485900e-02 
5.161000e-03 
2.473300e-02 
2.174500e-02 
3.813000e-03 
-8.834000e-03 
-5.493000e-03 
8.062000e-03 
1.424700e-02 
1.043000e-02 
5.269000e-03 
8.870000e-04 
-4.249000e-03 
-7.821000e-03 
3.062000e-03 
1.181000e-02 
7.340000e-04 
-6.294000e-03 
-6.430000e-04 
6.062000e-03 
6.740000e-03 
-4.424000e-03 
-2.773000e-02 
-5.046900e-02 
-5.835000e-02 
-5.753500e-02 
-5.685800e-02 
-5.423300e-02 
-4.765800e-02 
-3.906000e-02 
-3.490300e-02 
-3.150700e-02 
-2.955400e-02 
-2.780200e-02 
-1.097800e-02 
8.623000e-03 
1.147300e-02 
3.521000e-03 
-4.605000e-03 
-1.193400e-02 
-1.485200e-02 
-9.051000e-03 
-4.404000e-03 
-7.932000e-03 
-2.098400e-02 
-4.089100e-02 
-5.459700e-02 
-5.858800e-02 
-5.730700e-02 
-5.683000e-02 
-6.655000e-02 
-7.349800e-02 
-6.574400e-02 
-5.874300e-02 
-5.903700e-02 
-5.504000e-02 
-4.040100e-02 
-2.337700e-02 
-1.368600e-02 
-1.859900e-02 
-3.302500e-02 
-3.962100e-02 
-4.058200e-02 
-4.517100e-02 
-4.383700e-02 
-2.886600e-02 
-7.745000e-03 
1.367000e-02 
2.590400e-02 
2.844700e-02 
3.796300e-02 
5.692100e-02 
8.330100e-02 
1.052820e-01 
1.086400e-01 
1.028730e-01 
9.567600e-02 
9.143500e-02 
8.541800e-02 
6.754200e-02 
4.644300e-02 
3.257000e-02 
1.774100e-02 
-8.295000e-03 
-2.778700e-02 
-2.540000e-02 
-1.101000e-02 
-1.666000e-03 
-1.409000e-03 
1.267100e-02 
4.695900e-02 
8.045700e-02 
9.566700e-02 
8.743400e-02 
7.450000e-02 
7.078400e-02 
6.772700e-02 
6.448600e-02 
6.413100e-02 
6.468200e-02 
6.443200e-02 
5.968000e-02 
5.485300e-02 
5.788500e-02 
6.438300e-02 
6.333800e-02 
5.422200e-02 
4.280700e-02 
2.676000e-02 
1.041400e-02 
-3.884000e-03 
-2.035900e-02 
-2.515000e-02 
-1.015400e-02 
1.542400e-02 
4.108200e-02 
5.861700e-02 
6.973800e-02 
7.853500e-02 
8.397900e-02 
8.644100e-02 
8.759100e-02 
8.697800e-02 
8.879900e-02 
9.503200e-02 
9.707000e-02 
8.578000e-02 
5.756000e-02 
1.467300e-02 
-4.027200e-02 
-1.022840e-01 
-1.614690e-01 
-2.121370e-01 
-2.482420e-01 
-2.632950e-01 
-2.609760e-01 
-2.455590e-01 
-2.117810e-01 
-1.542390e-01 
-8.911800e-02 
-3.988000e-02 
1.218000e-03 
4.738000e-02 
8.159200e-02 
9.232700e-02 
8.514500e-02 
5.595600e-02 
1.209500e-02 
-3.318500e-02 
-7.820800e-02 
-1.194750e-01 
-1.539200e-01 
-1.745440e-01 
-1.786030e-01 
-1.743800e-01 
-1.746020e-01 
-1.886820e-01 
-2.032090e-01 
-1.936040e-01 
-1.522120e-01 
-9.976600e-02 
-6.495200e-02 
-4.017600e-02 
4.688000e-03 
5.448200e-02 
6.652800e-02 
5.480200e-02 
3.990800e-02 
2.042100e-02 
1.626800e-02 
2.379400e-02 
3.276700e-02 
4.197200e-02 
5.228000e-02 
7.036100e-02 
8.079600e-02 
7.142800e-02 
5.038400e-02 
2.961300e-02 
6.498000e-03 
-2.268500e-02 
-5.551800e-02 
-8.606000e-02 
-9.828700e-02 
-9.031300e-02 
-7.265700e-02 
-4.779100e-02 
-1.748200e-02 
8.232000e-03 
2.716600e-02 
3.720200e-02 
3.452200e-02 
2.765700e-02 
1.240300e-02 
-1.229700e-02 
-3.308900e-02 
-5.043000e-02 
-7.144500e-02 
-8.484800e-02 
-7.412000e-02 
-4.536300e-02 
-4.729000e-03 
2.416900e-02 
2.619800e-02 
2.783000e-02 
3.668300e-02 
4.429200e-02 
4.332000e-02 
3.904900e-02 
3.256300e-02 
1.757700e-02 
4.291000e-03 
-7.595000e-03 
-1.725000e-02 
-1.491900e-02 
2.084000e-03 
3.039000e-02 
6.591700e-02 
1.055100e-01 
1.510770e-01 
1.997990e-01 
2.414070e-01 
2.741720e-01 
2.915970e-01 
2.923710e-01 
2.760410e-01 
2.349010e-01 
1.764550e-01 
1.175130e-01 
8.764600e-02 
8.502700e-02 
7.188300e-02 
6.827800e-02 
8.751300e-02 
8.118800e-02 
5.392100e-02 
4.261600e-02 
3.660200e-02 
2.891700e-02 
2.486300e-02 
1.102100e-02 
-1.262800e-02 
-4.225500e-02 
-7.337400e-02 
-9.514500e-02 
-1.042450e-01 
-8.766800e-02 
-4.484100e-02 
1.166900e-02 
6.618400e-02 
9.753500e-02 
1.025710e-01 
9.819400e-02 
8.343300e-02 
4.295900e-02 
-6.235000e-03 
-5.350700e-02 
-1.006320e-01 
-1.424200e-01 
-1.792710e-01 
-2.003160e-01 
-2.005700e-01 
-1.756240e-01 
-1.270200e-01 
-7.724500e-02 
-4.605300e-02 
-3.161600e-02 
-2.322400e-02 
-3.806200e-02 
-7.578000e-02 
-1.009840e-01 
-1.029580e-01 
-1.050700e-01 
-1.149570e-01 
-1.181620e-01 
-1.172200e-01 
-1.078000e-01 
-8.988700e-02 
-7.163200e-02 
-5.869800e-02 
-6.074700e-02 
-6.776500e-02 
-7.962500e-02 
-9.713300e-02 
-1.144950e-01 
-1.311950e-01 
-1.395440e-01 
-1.371040e-01 
-1.272030e-01 
-1.236200e-01 
-1.281340e-01 
-1.216560e-01 
-9.768700e-02 
-6.379800e-02 
-3.495400e-02 
-2.254400e-02 
-1.678200e-02 
-8.201000e-03 
-4.355000e-03 
-1.396600e-02 
-3.222600e-02 
-4.798000e-02 
-5.518100e-02 
-5.636500e-02 
-5.842800e-02 
-5.878800e-02 
-5.667200e-02 
-5.557600e-02 
-5.500900e-02 
-5.117500e-02 
-3.739400e-02 
-1.988200e-02 
-1.086700e-02 
-9.919000e-03 
-9.689000e-03 
-4.801000e-03 
5.554000e-03 
1.998900e-02 
4.110400e-02 
7.584100e-02 
1.247130e-01 
1.720160e-01 
2.048200e-01 
2.240120e-01 
2.227320e-01 
1.934680e-01 
1.474800e-01 
1.116960e-01 
1.065020e-01 
1.199490e-01 
1.332840e-01 
1.486720e-01 
1.576380e-01 
1.439790e-01 
1.184730e-01 
1.002840e-01 
9.689500e-02 
1.000690e-01 
9.396200e-02 
7.294700e-02 
3.961100e-02 
1.606000e-03 
-2.663600e-02 
-3.340400e-02 
-3.335600e-02 
-4.179800e-02 
-4.891700e-02 
-4.633400e-02 
-3.001400e-02 
-4.450000e-03 
1.786300e-02 
2.912900e-02 
3.064100e-02 
3.800900e-02 
5.672900e-02 
7.181200e-02 
6.979400e-02 
4.342000e-02 
-6.869000e-03 
-6.469800e-02 
-1.041070e-01 
-1.174270e-01 
-1.238620e-01 
-1.318370e-01 
-1.286030e-01 
-1.031980e-01 
-6.196600e-02 
-3.260300e-02 
-2.556000e-02 
-3.408300e-02 
-5.428100e-02 
-6.581400e-02 
-5.603300e-02 
-3.595200e-02 
-1.994700e-02 
-4.739000e-03 
1.766000e-02 
4.128400e-02 
5.831400e-02 
6.164300e-02 
5.418100e-02 
4.228900e-02 
3.784000e-02 
4.784700e-02 
6.128500e-02 
7.136300e-02 
7.382900e-02 
6.201800e-02 
3.379700e-02 
2.092000e-03 
-1.879900e-02 
-2.665400e-02 
-2.373200e-02 
-1.008900e-02 
1.444200e-02 
4.378600e-02 
7.403600e-02 
9.058200e-02 
7.962300e-02 
5.287400e-02 
1.980500e-02 
-1.650900e-02 
-4.288800e-02 
-5.210200e-02 
-5.397500e-02 
-5.526700e-02 
-5.786300e-02 
-6.755400e-02 
-8.210100e-02 
-1.012610e-01 
-1.289850e-01 
-1.533320e-01 
-1.490140e-01 
-1.026510e-01 
-4.926000e-02 
-2.600700e-02 
-4.712000e-03 
2.521500e-02 
3.916400e-02 
4.434500e-02 
4.581400e-02 
4.768200e-02 
4.916400e-02 
3.397200e-02 
7.520000e-04 
-3.575200e-02 
-4.861600e-02 
-3.966800e-02 
-3.499700e-02 
-2.974800e-02 
-2.027600e-02 
-4.145800e-02 
-7.887200e-02 
-7.655200e-02 
-5.494900e-02 
-4.693300e-02 
-2.409200e-02 
1.487900e-02 
5.218100e-02 
9.998100e-02 
1.437910e-01 
1.814760e-01 
2.071670e-01 
2.023930e-01 
1.660630e-01 
9.450500e-02 
2.786500e-02 
-5.159000e-03 
-1.545700e-02 
-2.485200e-02 
-3.101800e-02 
-1.397200e-02 
1.748000e-02 
4.615200e-02 
5.714000e-02 
5.753200e-02 
5.813600e-02 
5.450400e-02 
5.106500e-02 
6.404700e-02 
8.904700e-02 
1.055530e-01 
1.080170e-01 
1.059430e-01 
9.986800e-02 
8.784500e-02 
7.745900e-02 
5.538200e-02 
1.571000e-02 
-2.931700e-02 
-5.599700e-02 
-5.704500e-02 
-4.982900e-02 
-3.965000e-02 
-3.195800e-02 
-2.704300e-02 
-3.695200e-02 
-5.434600e-02 
-5.791800e-02 
-5.973500e-02 
-6.182700e-02 
-6.160900e-02 
-5.864600e-02 
-5.173900e-02 
-4.844300e-02 
-4.936400e-02 
-4.820700e-02 
-3.984800e-02 
-3.230900e-02 
-3.118200e-02 
-2.719600e-02 
-1.673700e-02 
-4.159000e-03 
2.262000e-03 
-7.920000e-03 
-2.525600e-02 
-2.518000e-02 
-1.395300e-02 
-1.566500e-02 
-2.442600e-02 
-2.447100e-02 
-2.222200e-02 
-2.743400e-02 
-3.851900e-02 
-4.871900e-02 
-5.613300e-02 
-6.232400e-02 
-6.396000e-02 
-6.346900e-02 
-6.202500e-02 
-6.325400e-02 
-7.488600e-02 
-8.959100e-02 
-9.792100e-02 
-9.658100e-02 
-8.515700e-02 
-6.549500e-02 
-4.245000e-02 
-1.782900e-02 
5.691000e-03 
1.942200e-02 
2.258600e-02 
1.592600e-02 
2.330000e-03 
-8.765000e-03 
-1.383900e-02 
-1.972000e-02 
-2.679700e-02 
-2.956500e-02 
-2.912800e-02 
-2.087100e-02 
-1.028400e-02 
-3.545000e-03 
6.968000e-03 
1.581600e-02 
1.928400e-02 
2.189200e-02 
2.099100e-02 
1.052200e-02 
-4.227000e-03 
-1.169400e-02 
-1.445200e-02 
-1.119200e-02 
5.133000e-03 
2.040000e-02 
1.909300e-02 
1.286200e-02 
1.729300e-02 
2.511600e-02 
2.491000e-02 
2.201400e-02 
1.973800e-02 
1.530500e-02 
1.191500e-02 
1.488800e-02 
2.731400e-02 
4.226900e-02 
5.594100e-02 
6.916000e-02 
8.134700e-02 
9.315600e-02 
1.013300e-01 
1.115600e-01 
1.249960e-01 
1.363250e-01 
1.431810e-01 
1.402480e-01 
1.324690e-01 
1.268940e-01 
1.234110e-01 
1.160180e-01 
1.012440e-01 
8.488000e-02 
7.453000e-02 
7.382600e-02 
7.504000e-02 
7.269200e-02 
7.139600e-02 
7.383200e-02 
8.120700e-02 
8.649700e-02 
8.151900e-02 
7.148000e-02 
6.501300e-02 
6.221800e-02 
5.895100e-02 
5.568200e-02 
4.379800e-02 
1.834000e-02 
-1.337000e-02 
-4.451400e-02 
-7.078900e-02 
-9.684100e-02 
-1.176720e-01 
-1.241560e-01 
-1.191410e-01 
-1.079220e-01 
-9.520600e-02 
-8.482000e-02 
-7.767800e-02 
-7.005200e-02 
-5.970200e-02 
-4.981600e-02 
-4.273500e-02 
-3.468000e-02 
-2.420000e-02 
-1.131300e-02 
7.455000e-03 
3.169400e-02 
5.937900e-02 
9.087900e-02 
1.257200e-01 
1.558890e-01 
1.719270e-01 
1.729560e-01 
1.572390e-01 
1.250750e-01 
8.722600e-02 
5.486100e-02 
2.923100e-02 
8.184000e-03 
-9.400000e-04 
-1.785000e-03 
-9.887000e-03 
-2.578800e-02 
-4.670000e-02 
-6.745700e-02 
-8.048000e-02 
-8.395900e-02 
-7.303000e-02 
-5.322700e-02 
-3.824900e-02 
-2.505400e-02 
-5.131000e-03 
1.867500e-02 
4.805100e-02 
7.967900e-02 
1.001510e-01 
1.071390e-01 
9.803700e-02 
7.076900e-02 
3.236300e-02 
-7.179000e-03 
-3.854700e-02 
-5.217700e-02 
-4.700300e-02 
-3.290600e-02 
-1.165800e-02 
7.433000e-03 
6.677000e-03 
-1.040600e-02 
-3.435000e-02 
-6.533500e-02 
-9.837700e-02 
-1.218670e-01 
-1.275020e-01 
-1.165700e-01 
-9.862100e-02 
-8.311700e-02 
-7.265800e-02 
-6.858700e-02 
-7.529300e-02 
-8.683400e-02 
-9.260200e-02 
-8.609200e-02 
-6.877300e-02 
-5.776600e-02 
-5.241100e-02 
-3.571900e-02 
-1.090900e-02 
1.323100e-02 
3.081300e-02 
4.478700e-02 
6.155400e-02 
7.601900e-02 
8.606400e-02 
8.934500e-02 
8.110800e-02 
6.539600e-02 
5.465700e-02 
5.156700e-02 
4.658500e-02 
3.574700e-02 
2.062400e-02 
7.345000e-03 
-1.428000e-03 
-1.602000e-02 
-4.154900e-02 
-7.023500e-02 
-9.112400e-02 
-1.042920e-01 
-1.166600e-01 
-1.160360e-01 
-9.476600e-02 
-6.158400e-02 
-3.179900e-02 
-1.739500e-02 
-1.082900e-02 
-5.864000e-03 
7.930000e-04 
9.201000e-03 
1.668300e-02 
2.470400e-02 
2.849900e-02 
2.571600e-02 
2.276800e-02 
2.729100e-02 
3.643600e-02 
4.431100e-02 
5.602200e-02 
7.022100e-02 
8.220300e-02 
9.476000e-02 
1.094660e-01 
1.307810e-01 
1.506750e-01 
1.587930e-01 
1.636080e-01 
1.632450e-01 
1.561410e-01 
1.462280e-01 
1.253290e-01 
9.873900e-02 
7.884700e-02 
6.847100e-02 
6.435500e-02 
6.118100e-02 
5.648300e-02 
5.235200e-02 
5.491800e-02 
6.362000e-02 
7.399400e-02 
7.949300e-02 
7.164900e-02 
5.379300e-02 
3.386300e-02 
1.188300e-02 
-1.305800e-02 
-3.120600e-02 
-3.146500e-02 
-1.819400e-02 
7.700000e-05 
1.915200e-02 
3.782300e-02 
5.188900e-02 
5.486500e-02 
5.064400e-02 
4.927500e-02 
5.033000e-02 
4.671800e-02 
4.294700e-02 
4.229500e-02 
4.072800e-02 
3.130100e-02 
5.780000e-03 
-3.737800e-02 
-9.033600e-02 
-1.377580e-01 
-1.674310e-01 
-1.727950e-01 
-1.654270e-01 
-1.550930e-01 
-1.239330e-01 
-7.792800e-02 
-5.132100e-02 
-5.084200e-02 
-5.918900e-02 
-6.177400e-02 
-5.559800e-02 
-4.678300e-02 
-4.478100e-02 
-4.498400e-02 
-3.722200e-02 
-3.253300e-02 
-3.471000e-02 
-4.060600e-02 
-4.596800e-02 
-4.629600e-02 
-5.061700e-02 
-5.865600e-02 
-6.713200e-02 
-7.020200e-02 
-6.024000e-02 
-4.134400e-02 
-1.766400e-02 
1.151900e-02 
4.025000e-02 
6.345900e-02 
8.652600e-02 
1.069470e-01 
1.159260e-01 
1.115070e-01 
1.042990e-01 
1.019360e-01 
1.008360e-01 
9.608000e-02 
8.789600e-02 
8.626500e-02 
9.186200e-02 
9.546200e-02 
9.392600e-02 
8.576200e-02 
7.057500e-02 
5.693400e-02 
4.784200e-02 
3.078200e-02 
6.140000e-04 
-3.474700e-02 
-6.708100e-02 
-9.140900e-02 
-1.058150e-01 
-1.150190e-01 
-1.232370e-01 
-1.216070e-01 
-1.003860e-01 
-6.440300e-02 
-3.136800e-02 
-1.237300e-02 
-2.209000e-03 
1.159700e-02 
2.856200e-02 
3.285000e-02 
2.875300e-02 
2.843100e-02 
3.013000e-02 
3.816800e-02 
5.194200e-02 
5.999500e-02 
5.827000e-02 
4.595600e-02 
2.269100e-02 
-1.438000e-03 
-1.882100e-02 
-3.657300e-02 
-5.541000e-02 
-6.655400e-02 
-7.043800e-02 
-6.793700e-02 
-6.100800e-02 
-5.650400e-02 
-4.710400e-02 
-3.415100e-02 
-2.754500e-02 
-2.211400e-02 
-2.489100e-02 
-3.570900e-02 
-3.443600e-02 
-2.948700e-02 
-3.739300e-02 
-5.434200e-02 
-7.389400e-02 
-8.760200e-02 
-9.321300e-02 
-9.529000e-02 
-9.439200e-02 
-8.327300e-02 
-6.422700e-02 
-4.600700e-02 
-2.926100e-02 
-1.762600e-02 
-8.672000e-03 
-7.396000e-03 
-1.836700e-02 
-3.466600e-02 
-5.135900e-02 
-6.304400e-02 
-7.580700e-02 
-8.847900e-02 
-9.768400e-02 
-1.026010e-01 
-9.335400e-02 
-7.538600e-02 
-4.893000e-02 
-1.485700e-02 
7.636000e-03 
1.981900e-02 
3.994000e-02 
6.584300e-02 
7.618200e-02 
6.987300e-02 
5.576800e-02 
3.587100e-02 
1.821100e-02 
2.402000e-03 
-7.825000e-03 
-1.336100e-02 
-2.249300e-02 
-3.316400e-02 
-3.867900e-02 
-2.757300e-02 
-1.081300e-02 
-1.650000e-03 
1.277000e-03 
-3.052000e-03 
-4.229000e-03 
-3.130000e-04 
2.520000e-04 
-4.759000e-03 
-1.103000e-02 
-1.314500e-02 
-1.231900e-02 
-4.827000e-03 
9.857000e-03 
2.225600e-02 
2.693500e-02 
3.075400e-02 
4.342000e-02 
6.529000e-02 
8.745200e-02 
9.721700e-02 
9.141200e-02 
7.392200e-02 
4.757100e-02 
1.558300e-02 
-1.704900e-02 
-4.483800e-02 
-7.235400e-02 
-1.100230e-01 
-1.525380e-01 
-1.886220e-01 
-2.122110e-01 
-1.922190e-01 
-1.124220e-01 
-3.874100e-02 
-1.926100e-02 
-2.232500e-02 
-1.828800e-02 
2.163200e-02 
6.703000e-02 
6.086500e-02 
4.702800e-02 
3.533800e-02 
1.355700e-02 
8.532000e-03 
2.289000e-03 
-1.914900e-02 
-3.490300e-02 
-2.207200e-02 
-4.373000e-03 
-1.306000e-03 
-3.277000e-03 
-5.909000e-03 
6.560000e-04 
1.516000e-03 
-1.151300e-02 
-3.255200e-02 
-5.204500e-02 
-5.843500e-02 
-5.854900e-02 
-6.255700e-02 
-7.245800e-02 
-7.826400e-02 
-7.744000e-02 
-7.143000e-02 
-6.336000e-02 
-5.994200e-02 
-5.944400e-02 
-6.034500e-02 
-6.284000e-02 
-6.744100e-02 
-7.085900e-02 
-6.967600e-02 
-6.579600e-02 
-5.724800e-02 
-3.715800e-02 
-1.773600e-02 
-1.668800e-02 
-1.993300e-02 
-2.070200e-02 
-2.374100e-02 
-2.606400e-02 
-3.002300e-02 
-3.194400e-02 
-3.903500e-02 
-4.317400e-02 
-2.597900e-02 
-6.531000e-03 
5.448000e-03 
1.133400e-02 
1.853900e-02 
4.191900e-02 
6.115400e-02 
7.234300e-02 
8.643300e-02 
8.818600e-02 
8.219900e-02 
8.164500e-02 
8.483700e-02 
8.271400e-02 
7.739200e-02 
7.654800e-02 
7.446700e-02 
7.402200e-02 
7.268800e-02 
6.333400e-02 
4.787800e-02 
2.443600e-02 
3.980000e-03 
-4.981000e-03 
-5.877000e-03 
5.189000e-03 
2.016200e-02 
3.139900e-02 
3.853500e-02 
3.811100e-02 
3.540500e-02 
3.667300e-02 
4.338000e-02 
5.009200e-02 
5.475000e-02 
6.024800e-02 
6.234000e-02 
5.777300e-02 
4.921800e-02 
3.802000e-02 
2.087300e-02 
1.930000e-04 
-1.601800e-02 
-2.473300e-02 
-2.152300e-02 
-6.534000e-03 
1.041900e-02 
2.331200e-02 
2.768900e-02 
2.631500e-02 
2.718100e-02 
2.586100e-02 
1.704300e-02 
9.137000e-03 
7.086000e-03 
5.862000e-03 
3.988000e-03 
3.790000e-04 
-3.679000e-03 
-7.134000e-03 
-1.134100e-02 
-1.793700e-02 
-2.987400e-02 
-4.215500e-02 
-4.997000e-02 
-5.086400e-02 
-4.591000e-02 
-4.017600e-02 
-3.256200e-02 
-2.489300e-02 
-1.765100e-02 
-9.371000e-03 
-3.399000e-03 
-2.179000e-03 
-4.921000e-03 
-6.807000e-03 
-7.627000e-03 
-4.828000e-03 
8.441000e-03 
2.665100e-02 
4.081400e-02 
4.950300e-02 
5.180300e-02 
4.422400e-02 
2.528000e-02 
3.525000e-03 
-9.739000e-03 
-1.303200e-02 
-8.946000e-03 
-3.179000e-03 
3.880000e-03 
1.637800e-02 
2.939400e-02 
4.174900e-02 
5.088900e-02 
4.819800e-02 
3.491900e-02 
1.668100e-02 
-1.760000e-03 
-1.383700e-02 
-1.573400e-02 
-1.275500e-02 
-7.156000e-03 
-2.153000e-03 
-1.263200e-02 
-3.195100e-02 
-4.319800e-02 
-5.232900e-02 
-6.177200e-02 
-6.121700e-02 
-5.052400e-02 
-3.917300e-02 
-3.164700e-02 
-2.391700e-02 
-1.517300e-02 
-1.049400e-02 
-7.119000e-03 
-4.862000e-03 
-3.815000e-03 
-1.020000e-04 
1.123000e-03 
2.932000e-03 
1.042200e-02 
1.956000e-02 
2.807600e-02 
3.138700e-02 
2.735100e-02 
1.889500e-02 
5.073000e-03 
-1.196900e-02 
-2.338700e-02 
-2.519000e-02 
-1.970400e-02 
-4.686000e-03 
1.731400e-02 
3.500800e-02 
4.660700e-02 
5.329900e-02 
5.655000e-02 
5.744400e-02 
5.494600e-02 
4.710500e-02 
3.242500e-02 
2.046200e-02 
1.650300e-02 
1.951500e-02 
2.700900e-02 
2.975100e-02 
2.290500e-02 
1.230900e-02 
4.018000e-03 
-4.505000e-03 
-1.368300e-02 
-2.266700e-02 
-3.053400e-02 
-4.020800e-02 
-5.372900e-02 
-5.878700e-02 
-5.171200e-02 
-3.803500e-02 
-1.832800e-02 
2.400000e-04 
9.195000e-03 
1.332500e-02 
1.344600e-02 
8.111000e-03 
4.404000e-03 
-4.290000e-04 
-1.012900e-02 
-2.104500e-02 
-2.814900e-02 
-2.665100e-02 
-1.951600e-02 
-1.517100e-02 
-1.553300e-02 
-1.977400e-02 
-2.900300e-02 
-3.840200e-02 
-4.466600e-02 
-5.184100e-02 
-6.097500e-02 
-6.687100e-02 
-6.979000e-02 
-7.341700e-02 
-7.602400e-02 
-7.370700e-02 
-6.483100e-02 
-5.055200e-02 
-3.586600e-02 
-2.695000e-02 
-2.142700e-02 
-1.922500e-02 
-1.997700e-02 
-1.876400e-02 
-1.910500e-02 
-2.266400e-02 
-2.808800e-02 
-3.385400e-02 
-3.523500e-02 
-3.238500e-02 
-3.154100e-02 
-3.103700e-02 
-2.770600e-02 
-2.688200e-02 
-2.831400e-02 
-2.853300e-02 
-2.423500e-02 
-1.622300e-02 
-9.456000e-03 
-6.973000e-03 
-7.108000e-03 
-3.099000e-03 
4.317000e-03 
1.386500e-02 
2.263600e-02 
2.560400e-02 
2.540000e-02 
2.016500e-02 
9.875000e-03 
1.152000e-03 
-4.063000e-03 
-8.127000e-03 
-1.167200e-02 
-1.205500e-02 
-8.117000e-03 
-3.269000e-03 
-2.880000e-03 
-5.065000e-03 
-9.551000e-03 
-1.539000e-02 
-1.790800e-02 
-2.156300e-02 
-2.083200e-02 
-1.222700e-02 
-1.405000e-03 
1.055400e-02 
1.974100e-02 
2.764700e-02 
3.316200e-02 
3.715500e-02 
4.118600e-02 
4.204200e-02 
3.901200e-02 
3.152200e-02 
2.488900e-02 
1.714500e-02 
8.722000e-03 
4.240000e-03 
2.148000e-03 
5.127000e-03 
1.509100e-02 
3.079900e-02 
4.434600e-02 
5.052900e-02 
5.324400e-02 
5.062600e-02 
3.924800e-02 
2.638400e-02 
1.748400e-02 
1.237000e-02 
1.291800e-02 
1.488200e-02 
1.589100e-02 
1.938100e-02 
2.363700e-02 
2.345000e-02 
2.160400e-02 
2.691300e-02 
3.606900e-02 
4.500900e-02 
5.230500e-02 
5.244600e-02 
5.068200e-02 
4.906800e-02 
4.574700e-02 
4.518500e-02 
4.831600e-02 
5.713200e-02 
6.855200e-02 
7.580300e-02 
7.738600e-02 
7.547100e-02 
6.964500e-02 
5.557900e-02 
3.827200e-02 
2.393800e-02 
1.275400e-02 
5.290000e-03 
6.120000e-04 
-3.693000e-03 
-8.664000e-03 
-1.421000e-02 
-1.818800e-02 
-1.730600e-02 
-1.326000e-02 
-9.010000e-03 
-4.831000e-03 
1.020000e-03 
1.031000e-02 
2.257000e-02 
3.628400e-02 
4.548800e-02 
4.442600e-02 
3.701300e-02 
3.196700e-02 
2.666300e-02 
1.437800e-02 
-2.633000e-03 
-2.197700e-02 
-3.994500e-02 
-5.312000e-02 
-6.130900e-02 
-6.343100e-02 
-6.094600e-02 
-5.517100e-02 
-4.713200e-02 
-4.053900e-02 
-3.267700e-02 
-2.043900e-02 
-9.804000e-03 
-3.164000e-03 
2.139000e-03 
4.907000e-03 
3.570000e-03 
-7.010000e-04 
-6.320000e-03 
-1.054300e-02 
-1.494400e-02 
-2.332400e-02 
-2.979900e-02 
-3.016900e-02 
-2.871900e-02 
-2.765500e-02 
-2.617900e-02 
-2.225600e-02 
-1.942000e-02 
-1.896400e-02 
-1.540200e-02 
-9.211000e-03 
-1.377000e-03 
5.775000e-03 
1.084100e-02 
1.548400e-02 
1.791800e-02 
1.898600e-02 
1.896600e-02 
1.507800e-02 
6.098000e-03 
-5.625000e-03 
-1.791300e-02 
-3.067900e-02 
-4.113100e-02 
-4.771100e-02 
-5.049800e-02 
-4.833400e-02 
-4.252000e-02 
-3.929800e-02 
-4.125900e-02 
-4.118300e-02 
-3.854700e-02 
-3.587800e-02 
-2.779400e-02 
-1.511200e-02 
-2.531000e-03 
9.494000e-03 
2.254600e-02 
3.599000e-02 
4.523200e-02 
4.535800e-02 
3.569400e-02 
2.117500e-02 
1.062800e-02 
1.020900e-02 
1.330900e-02 
1.349300e-02 
1.237100e-02 
9.109000e-03 
2.194000e-03 
-6.723000e-03 
-1.505700e-02 
-2.279300e-02 
-3.230700e-02 
-4.079500e-02 
-3.934000e-02 
-2.700100e-02 
-9.392000e-03 
4.587000e-03 
6.026000e-03 
2.057000e-03 
6.990000e-04 
-3.347000e-03 
-1.070500e-02 
-1.743500e-02 
-2.352200e-02 
-2.570200e-02 
-2.343500e-02 
-2.295200e-02 
-2.478600e-02 
-2.394100e-02 
-2.092000e-02 
-1.655000e-02 
-9.215000e-03 
-1.300000e-05 
1.182700e-02 
2.464300e-02 
3.245900e-02 
3.441200e-02 
3.541300e-02 
3.694900e-02 
3.691500e-02 
3.143700e-02 
1.884300e-02 
6.759000e-03 
-1.551000e-03 
-1.012600e-02 
-1.977500e-02 
-2.963400e-02 
-3.815500e-02 
-4.483200e-02 
-5.156600e-02 
-5.625500e-02 
-5.395900e-02 
-4.695200e-02 
-3.663100e-02 
-2.078800e-02 
-6.225000e-03 
2.616000e-03 
9.870000e-03 
1.620700e-02 
2.098700e-02 
2.159900e-02 
1.564900e-02 
8.620000e-03 
6.237000e-03 
9.137000e-03 
1.475800e-02 
2.104300e-02 
2.460100e-02 
2.485700e-02 
2.960700e-02 
3.618800e-02 
3.501100e-02 
2.977200e-02 
2.643700e-02 
2.793600e-02 
3.442100e-02 
3.944800e-02 
4.327900e-02 
4.693500e-02 
4.420300e-02 
3.849600e-02 
3.635100e-02 
3.582600e-02 
3.618100e-02 
3.735600e-02 
3.716800e-02 
3.653200e-02 
3.556700e-02 
3.141000e-02 
2.404900e-02 
1.910900e-02 
2.144700e-02 
2.781400e-02 
3.307400e-02 
3.412000e-02 
3.038800e-02 
2.642000e-02 
2.674700e-02 
2.937000e-02 
3.200200e-02 
3.715200e-02 
4.169400e-02 
3.935700e-02 
2.868000e-02 
1.447000e-02 
3.653000e-03 
-3.739000e-03 
-6.319000e-03 
-2.992000e-03 
-1.283000e-03 
-4.667000e-03 
-8.809000e-03 
-1.108600e-02 
-1.439900e-02 
-2.151500e-02 
-2.953900e-02 
-3.381400e-02 
-3.466500e-02 
-3.610600e-02 
-3.730900e-02 
-3.518400e-02 
-3.030900e-02 
-2.346600e-02 
-1.787500e-02 
-1.657800e-02 
-1.802600e-02 
-2.060300e-02 
-2.282000e-02 
-2.450800e-02 
-2.884800e-02 
-3.638500e-02 
-4.035100e-02 
-3.766000e-02 
-3.284100e-02 
-3.071600e-02 
-2.945400e-02 
-2.265400e-02 
-1.226500e-02 
-1.543000e-03 
7.947000e-03 
1.410000e-02 
1.782800e-02 
1.671600e-02 
1.016600e-02 
8.400000e-04 
-7.860000e-03 
-1.340100e-02 
-1.751300e-02 
-1.895400e-02 
-1.649000e-02 
-1.109700e-02 
-2.214000e-03 
6.693000e-03 
9.144000e-03 
4.809000e-03 
-2.482000e-03 
-8.420000e-03 
-8.168000e-03 
-2.984000e-03 
2.969000e-03 
8.251000e-03 
9.637000e-03 
3.816000e-03 
-5.347000e-03 
-1.193200e-02 
-1.549100e-02 
-1.574400e-02 
-1.271800e-02 
-9.852000e-03 
-7.135000e-03 
-3.087000e-03 
-1.099000e-03 
-1.118000e-03 
1.457000e-03 
8.533000e-03 
1.860600e-02 
2.482100e-02 
2.492200e-02 
2.184900e-02 
1.500600e-02 
6.518000e-03 
-1.270000e-03 
-8.772000e-03 
-1.750300e-02 
-2.668100e-02 
-3.330100e-02 
-3.592300e-02 
-3.261500e-02 
-2.327000e-02 
-1.232300e-02 
-6.832000e-03 
-6.598000e-03 
-6.165000e-03 
-3.758000e-03 
2.230000e-04 
1.178000e-03 
-1.312000e-03 
-1.536000e-03 
1.009000e-03 
5.860000e-04 
-4.635000e-03 
-7.651000e-03 
-4.776000e-03 
1.705000e-03 
6.815000e-03 
8.217000e-03 
7.479000e-03 
6.170000e-03 
7.424000e-03 
8.465000e-03 
7.504000e-03 
5.728000e-03 
6.060000e-04 
-6.673000e-03 
-1.332900e-02 
-1.702200e-02 
-1.812500e-02 
-1.816900e-02 
-1.652000e-02 
-1.375300e-02 
-1.115700e-02 
-7.847000e-03 
-2.084000e-03 
6.645000e-03 
1.917400e-02 
3.043000e-02 
3.315300e-02 
2.556100e-02 
1.355000e-02 
5.407000e-03 
7.280000e-04 
-4.859000e-03 
-1.311700e-02 
-2.231600e-02 
-2.738200e-02 
-2.443300e-02 
-1.909900e-02 
-1.804400e-02 
-1.615400e-02 
-8.671000e-03 
-5.990000e-04 
5.167000e-03 
9.626000e-03 
1.239900e-02 
1.312500e-02 
1.118400e-02 
9.400000e-03 
9.384000e-03 
1.193300e-02 
1.894200e-02 
2.672800e-02 
3.342400e-02 
3.659600e-02 
3.356400e-02 
2.782600e-02 
1.973500e-02 
1.205100e-02 
7.154000e-03 
4.415000e-03 
6.034000e-03 
1.214400e-02 
2.357700e-02 
3.412400e-02 
3.830800e-02 
3.843300e-02 
3.522700e-02 
3.047400e-02 
2.474300e-02 
1.850500e-02 
1.097900e-02 
3.551000e-03 
1.299000e-03 
1.987000e-03 
2.135000e-03 
3.190000e-03 
4.802000e-03 
5.968000e-03 
5.680000e-03 
4.114000e-03 
7.122000e-03 
1.268300e-02 
1.221100e-02 
6.994000e-03 
5.980000e-04 
-5.775000e-03 
-1.154000e-02 
-1.843300e-02 
-2.507300e-02 
-2.646100e-02 
-2.261000e-02 
-2.015900e-02 
-2.357900e-02 
-2.862700e-02 
-2.993400e-02 
-2.763600e-02 
-2.119700e-02 
-1.515500e-02 
-1.467100e-02 
-1.677200e-02 
-1.739300e-02 
-1.336900e-02 
-8.718000e-03 
-7.341000e-03 
-7.014000e-03 
-6.756000e-03 
-5.133000e-03 
-7.560000e-04 
2.219000e-03 
-1.222000e-03 
-5.693000e-03 
-4.996000e-03 
-2.390000e-03 
-1.670000e-03 
-1.261000e-03 
-8.400000e-05 
1.382000e-03 
3.937000e-03 
4.285000e-03 
5.140000e-04 
-2.707000e-03 
-4.065000e-03 
-4.214000e-03 
-3.751000e-03 
-4.409000e-03 
-4.134000e-03 
-2.842000e-03 
-2.791000e-03 
-4.309000e-03 
-5.873000e-03 
-5.470000e-03 
-2.570000e-03 
7.090000e-04 
1.969000e-03 
2.766000e-03 
2.827000e-03 
2.100000e-03 
1.511000e-03 
-2.080000e-04 
-3.550000e-03 
-9.164000e-03 
-1.537900e-02 
-2.050100e-02 
-2.555900e-02 
-2.985100e-02 
-3.159100e-02 
-3.124000e-02 
-2.862500e-02 
-2.340700e-02 
-1.971400e-02 
-1.849300e-02 
-1.727400e-02 
-1.829700e-02 
-2.091800e-02 
-2.106700e-02 
-1.935000e-02 
-1.532100e-02 
-8.596000e-03 
-6.183000e-03 
-9.267000e-03 
-1.224900e-02 
-1.491100e-02 
-1.618300e-02 
-1.492400e-02 
-1.358400e-02 
-1.307500e-02 
-1.081400e-02 
-6.403000e-03 
-4.054000e-03 
-3.003000e-03 
-3.100000e-05 
1.679000e-03 
7.700000e-04 
1.520000e-03 
5.026000e-03 
1.058800e-02 
1.629900e-02 
1.787600e-02 
1.471900e-02 
8.270000e-03 
1.035000e-03 
-1.236000e-03 
2.166000e-03 
6.465000e-03 
1.025400e-02 
1.388500e-02 
1.899800e-02 
2.544200e-02 
2.957900e-02 
3.124700e-02 
3.060200e-02 
2.689800e-02 
2.086900e-02 
1.407200e-02 
1.043200e-02 
1.019200e-02 
1.091600e-02 
1.288000e-02 
1.450000e-02 
1.403100e-02 
1.170200e-02 
8.898000e-03 
8.832000e-03 
9.547000e-03 
5.439000e-03 
-6.660000e-04 
-3.479000e-03 
-2.057000e-03 
4.303000e-03 
1.181900e-02 
1.403300e-02 
1.256500e-02 
1.174800e-02 
1.040600e-02 
7.104000e-03 
3.107000e-03 
1.447000e-03 
2.259000e-03 
3.025000e-03 
5.262000e-03 
8.949000e-03 
1.056100e-02 
1.161100e-02 
1.373900e-02 
1.558800e-02 
1.522100e-02 
9.456000e-03 
1.530000e-03 
-2.958000e-03 
-4.319000e-03 
-6.158000e-03 
-1.051300e-02 
-1.533500e-02 
-2.016300e-02 
-2.587200e-02 
-2.889700e-02 
-2.752300e-02 
-2.596100e-02 
-2.438800e-02 
-1.975500e-02 
-1.320800e-02 
-8.280000e-03 
-5.901000e-03 
-2.383000e-03 
4.455000e-03 
1.202400e-02 
1.851300e-02 
2.375600e-02 
2.631100e-02 
2.784700e-02 
2.859800e-02 
2.361500e-02 
1.161500e-02 
-2.367000e-03 
-1.107500e-02 
-1.314500e-02 
-1.004500e-02 
-4.193000e-03 
-2.718000e-03 
-5.293000e-03 
-5.329000e-03 
-2.657000e-03 
-6.840000e-04 
-9.430000e-04 
-2.323000e-03 
-2.646000e-03 
-1.251000e-03 
2.077000e-03 
7.195000e-03 
1.132600e-02 
1.130700e-02 
9.307000e-03 
1.117700e-02 
1.436000e-02 
1.214300e-02 
5.939000e-03 
-1.568000e-03 
-9.194000e-03 
-1.385400e-02 
-1.518600e-02 
-1.405400e-02 
-1.049900e-02 
-7.857000e-03 
-7.412000e-03 
-3.819000e-03 
5.201000e-03 
1.444400e-02 
2.074100e-02 
2.309900e-02 
2.054500e-02 
1.641700e-02 
1.242900e-02 
8.151000e-03 
5.276000e-03 
4.061000e-03 
3.597000e-03 
4.365000e-03 
5.876000e-03 
6.974000e-03 
6.907000e-03 
3.557000e-03 
-2.096000e-03 
-5.282000e-03 
-3.386000e-03 
7.500000e-04 
3.260000e-03 
4.376000e-03 
4.258000e-03 
3.113000e-03 
1.397000e-03 
-4.880000e-04 
-2.130000e-04 
3.311000e-03 
8.771000e-03 
1.144400e-02 
9.940000e-03 
8.387000e-03 
8.189000e-03 
9.435000e-03 
1.039700e-02 
1.016900e-02 
1.160500e-02 
1.454800e-02 
1.598500e-02 
1.455200e-02 
1.346800e-02 
1.485700e-02 
1.445700e-02 
9.571000e-03 
2.083000e-03 
-3.857000e-03 
-5.231000e-03 
-3.058000e-03 
-1.300000e-05 
1.228000e-03 
5.430000e-04 
-4.660000e-04 
-1.577000e-03 
-3.029000e-03 
-3.752000e-03 
-3.527000e-03 
-4.090000e-03 
-5.301000e-03 
-6.996000e-03 
-8.757000e-03 
-8.774000e-03 
-7.171000e-03 
-4.284000e-03 
-9.040000e-04 
1.144000e-03 
1.780000e-04 
-4.939000e-03 
-1.140800e-02 
-1.700400e-02 
-2.272100e-02 
-2.495700e-02 
-2.168600e-02 
-1.770300e-02 
-1.556200e-02 
-1.392800e-02 
-1.266800e-02 
-1.327800e-02 
-1.468400e-02 
-1.486600e-02 
-1.485000e-02 
-1.566900e-02 
-1.400600e-02 
-7.935000e-03 
-3.562000e-03 
-5.283000e-03 
-9.130000e-03 
-1.125600e-02 
-1.171400e-02 
-1.006400e-02 
-6.813000e-03 
-3.209000e-03 
1.554000e-03 
6.675000e-03 
1.083500e-02 
1.215300e-02 
8.473000e-03 
2.598000e-03 
-1.212000e-03 
-1.043000e-03 
3.014000e-03 
9.271000e-03 
1.565900e-02 
2.094600e-02 
2.352600e-02 
1.997700e-02 
1.111900e-02 
2.879000e-03 
-1.775000e-03 
-4.515000e-03 
-5.666000e-03 
-3.562000e-03 
4.730000e-04 
4.019000e-03 
6.845000e-03 
9.383000e-03 
1.098100e-02 
1.109500e-02 
1.062600e-02 
1.264400e-02 
1.797500e-02 
2.245800e-02 
2.504900e-02 
2.664600e-02 
2.555300e-02 
2.024100e-02 
1.103800e-02 
1.875000e-03 
-4.507000e-03 
-9.568000e-03 
-1.225000e-02 
-9.704000e-03 
-4.532000e-03 
-9.320000e-04 
1.108000e-03 
2.468000e-03 
4.829000e-03 
8.416000e-03 
8.742000e-03 
4.174000e-03 
-2.785000e-03 
-9.991000e-03 
-1.441400e-02 
-1.377600e-02 
-9.987000e-03 
-7.018000e-03 
-6.739000e-03 
-7.150000e-03 
-4.835000e-03 
-8.780000e-04 
1.475000e-03 
2.486000e-03 
1.287000e-03 
-3.854000e-03 
-1.083900e-02 
-1.750600e-02 
-2.372900e-02 
-2.991100e-02 
-3.485800e-02 
-3.710000e-02 
-3.683500e-02 
-3.444900e-02 
-3.157600e-02 
-2.963400e-02 
-2.867300e-02 
-2.757700e-02 
-2.497900e-02 
-2.227700e-02 
-2.019900e-02 
-1.790200e-02 
-1.447000e-02 
-8.871000e-03 
-4.744000e-03 
-5.564000e-03 
-7.533000e-03 
-6.062000e-03 
-2.251000e-03 
1.973000e-03 
6.520000e-03 
9.160000e-03 
1.056100e-02 
1.248500e-02 
1.367400e-02 
1.348100e-02 
1.081200e-02 
6.977000e-03 
5.522000e-03 
7.509000e-03 
1.049600e-02 
1.207400e-02 
1.215300e-02 
1.086500e-02 
8.779000e-03 
7.933000e-03 
9.370000e-03 
1.121600e-02 
1.268900e-02 
1.345100e-02 
1.247600e-02 
9.498000e-03 
4.825000e-03 
8.400000e-04 
-8.480000e-04 
-1.150000e-03 
-5.010000e-04 
7.160000e-04 
6.550000e-04 
-4.700000e-05 
-3.900000e-05 
1.355000e-03 
4.771000e-03 
7.627000e-03 
8.188000e-03 
5.857000e-03 
3.346000e-03 
3.697000e-03 
4.654000e-03 
4.513000e-03 
2.560000e-03 
7.100000e-05 
-7.590000e-04 
1.249000e-03 
5.259000e-03 
8.217000e-03 
8.233000e-03 
4.347000e-03 
-7.860000e-04 
-4.649000e-03 
-6.459000e-03 
-4.291000e-03 
-3.070000e-04 
1.512000e-03 
-2.230000e-04 
-4.371000e-03 
-8.695000e-03 
-1.171200e-02 
-1.178000e-02 
-9.895000e-03 
-8.334000e-03 
-5.961000e-03 
-3.218000e-03 
-8.210000e-04 
9.600000e-04 
4.730000e-04 
-3.110000e-04 
-1.093000e-03 
-2.353000e-03 
-1.982000e-03 
-1.800000e-03 
-2.333000e-03 
-5.880000e-04 
4.511000e-03 
1.208500e-02 
1.808400e-02 
2.125000e-02 
2.211000e-02 
1.866500e-02 
1.369000e-02 
1.033200e-02 
9.160000e-03 
8.720000e-03 
8.240000e-03 
9.237000e-03 
1.014400e-02 
1.033300e-02 
8.766000e-03 
4.916000e-03 
1.234000e-03 
1.995000e-03 
9.661000e-03 
1.852100e-02 
2.292900e-02 
2.247500e-02 
1.701000e-02 
6.571000e-03 
-3.410000e-03 
-9.920000e-03 
-1.652900e-02 
-2.229700e-02 
-2.555800e-02 
-2.591600e-02 
-2.127800e-02 
-1.361100e-02 
-6.931000e-03 
-2.187000e-03 
8.920000e-04 
2.145000e-03 
1.030000e-03 
-1.435000e-03 
-1.250000e-03 
2.977000e-03 
8.311000e-03 
1.252000e-02 
1.586600e-02 
1.822100e-02 
1.887200e-02 
1.822600e-02 
1.559700e-02 
1.152600e-02 
9.019000e-03 
8.891000e-03 
7.995000e-03 
3.381000e-03 
-2.036000e-03 
-5.055000e-03 
-7.227000e-03 
-7.445000e-03 
-4.590000e-03 
-1.121000e-03 
1.956000e-03 
3.887000e-03 
4.014000e-03 
2.767000e-03 
1.715000e-03 
2.335000e-03 
5.371000e-03 
7.749000e-03 
7.105000e-03 
6.642000e-03 
7.364000e-03 
8.787000e-03 
7.436000e-03 
4.907000e-03 
7.040000e-03 
1.158600e-02 
1.614500e-02 
1.766900e-02 
1.555900e-02 
1.122300e-02 
4.140000e-03 
-3.811000e-03 
-1.000500e-02 
-1.119100e-02 
-9.037000e-03 
-7.502000e-03 
-7.359000e-03 
-7.414000e-03 
-6.061000e-03 
-4.792000e-03 
-4.582000e-03 
-5.724000e-03 
-7.648000e-03 
-7.545000e-03 
-5.059000e-03 
-1.518000e-03 
2.700000e-03 
5.587000e-03 
5.763000e-03 
3.970000e-03 
2.830000e-04 
-2.478000e-03 
-3.346000e-03 
-2.535000e-03 
1.129000e-03 
3.826000e-03 
2.685000e-03 
-1.313000e-03 
-5.739000e-03 
-7.568000e-03 
-5.924000e-03 
-4.648000e-03 
-6.528000e-03 
-9.326000e-03 
-1.240800e-02 
-1.531600e-02 
-1.549500e-02 
-1.147700e-02 
-6.516000e-03 
-3.709000e-03 
-1.740000e-03 
8.870000e-04 
4.959000e-03 
7.973000e-03 
8.257000e-03 
7.718000e-03 
8.152000e-03 
1.049600e-02 
1.215900e-02 
1.184400e-02 
1.028500e-02 
7.654000e-03 
6.193000e-03 
6.659000e-03 
8.710000e-03 
1.109800e-02 
1.238700e-02 
1.230200e-02 
8.891000e-03 
3.623000e-03 
5.480000e-04 
-7.100000e-05 
-5.380000e-04 
-3.257000e-03 
-6.127000e-03 
-4.650000e-03 
-8.080000e-04 
1.722000e-03 
3.336000e-03 
5.106000e-03 
7.253000e-03 
8.278000e-03 
8.243000e-03 
8.243000e-03 
6.848000e-03 
3.325000e-03 
-1.581000e-03 
-6.242000e-03 
-9.065000e-03 
-9.017000e-03 
-7.151000e-03 
-5.884000e-03 
-4.910000e-03 
-4.775000e-03 
-5.938000e-03 
-6.439000e-03 
-4.880000e-03 
-1.004000e-03 
2.303000e-03 
2.426000e-03 
3.600000e-04 
-2.024000e-03 
-3.018000e-03 
-3.396000e-03 
-4.476000e-03 
-4.033000e-03 
-2.613000e-03 
-3.465000e-03 
-5.430000e-03 
-6.503000e-03 
-6.474000e-03 
-7.461000e-03 
-1.158000e-02 
-1.565500e-02 
-1.783900e-02 
-1.906300e-02 
-1.786200e-02 
-1.434800e-02 
-1.026400e-02 
-7.862000e-03 
-8.908000e-03 
-1.164100e-02 
-1.399500e-02 
-1.519800e-02 
-1.525000e-02 
-1.391900e-02 
-1.065000e-02 
-7.044000e-03 
-5.922000e-03 
-7.490000e-03 
-8.617000e-03 
-8.443000e-03 
-8.578000e-03 
-9.656000e-03 
-1.178400e-02 
-1.334000e-02 
-1.207500e-02 
-8.606000e-03 
-5.197000e-03 
-1.898000e-03 
2.506000e-03 
7.642000e-03 
1.143600e-02 
1.227900e-02 
1.091600e-02 
8.143000e-03 
4.454000e-03 
1.810000e-03 
2.448000e-03 
5.818000e-03 
7.711000e-03 
7.561000e-03 
8.220000e-03 
7.739000e-03 
4.066000e-03 
-3.190000e-04 
-2.553000e-03 
-1.152000e-03 
3.056000e-03 
7.504000e-03 
1.147200e-02 
1.468500e-02 
1.591200e-02 
1.648800e-02 
1.767600e-02 
1.812500e-02 
1.668400e-02 
1.306500e-02 
9.330000e-03 
7.088000e-03 
6.038000e-03 
7.121000e-03 
1.022800e-02 
1.357200e-02 
1.545400e-02 
1.614600e-02 
1.697100e-02 
1.643100e-02 
1.446800e-02 
1.291900e-02 
1.024500e-02 
7.153000e-03 
5.659000e-03 
5.768000e-03 
7.319000e-03 
7.231000e-03 
5.207000e-03 
4.441000e-03 
5.733000e-03 
8.767000e-03 
1.218900e-02 
1.409400e-02 
1.441600e-02 
1.338800e-02 
1.108300e-02 
8.467000e-03 
5.729000e-03 
3.688000e-03 
2.880000e-03 
2.145000e-03 
1.707000e-03 
2.839000e-03 
5.016000e-03 
6.116000e-03 
6.236000e-03 
6.905000e-03 
6.764000e-03 
4.565000e-03 
2.354000e-03 
2.635000e-03 
5.502000e-03 
7.133000e-03 
4.723000e-03 
4.270000e-04 
-3.403000e-03 
-6.957000e-03 
-1.075300e-02 
-1.253800e-02 
-1.114700e-02 
-9.617000e-03 
-8.589000e-03 
-6.653000e-03 
-4.523000e-03 
-3.789000e-03 
-4.653000e-03 
-5.535000e-03 
-6.751000e-03 
-8.187000e-03 
-7.921000e-03 
-6.032000e-03 
-3.383000e-03 
-4.680000e-04 
1.526000e-03 
1.132000e-03 
-9.110000e-04 
-2.836000e-03 
-4.573000e-03 
-7.003000e-03 
-1.117700e-02 
-1.761400e-02 
-2.414500e-02 
-2.686400e-02 
-2.541400e-02 
-2.123800e-02 
-1.475900e-02 
-8.728000e-03 
-4.961000e-03 
-3.049000e-03 
-3.516000e-03 
-5.695000e-03 
-8.060000e-03 
-9.134000e-03 
-8.795000e-03 
-8.743000e-03 
-8.380000e-03 
-6.883000e-03 
-5.405000e-03 
-4.889000e-03 
-6.236000e-03 
-7.778000e-03 
-7.192000e-03 
-5.766000e-03 
-3.822000e-03 
-1.933000e-03 
-2.546000e-03 
-5.401000e-03 
-9.184000e-03 
-1.254900e-02 
-1.527700e-02 
-1.761900e-02 
-1.794200e-02 
-1.708000e-02 
-1.626600e-02 
-1.539000e-02 
-1.434600e-02 
-1.175800e-02 
-8.620000e-03 
-5.192000e-03 
-3.790000e-04 
4.473000e-03 
8.126000e-03 
1.023700e-02 
1.032100e-02 
8.088000e-03 
5.212000e-03 
3.773000e-03 
4.189000e-03 
4.313000e-03 
3.380000e-03 
2.554000e-03 
1.321000e-03 
1.150000e-04 
-1.013000e-03 
-2.007000e-03 
-2.980000e-03 
-5.206000e-03 
-7.595000e-03 
-9.081000e-03 
-9.341000e-03 
-8.253000e-03 
-7.780000e-03 
-8.191000e-03 
-6.714000e-03 
-2.462000e-03 
1.979000e-03 
4.738000e-03 
6.284000e-03 
6.668000e-03 
5.402000e-03 
4.081000e-03 
4.979000e-03 
6.470000e-03 
6.631000e-03 
5.389000e-03 
2.993000e-03 
1.326000e-03 
1.059000e-03 
2.432000e-03 
4.984000e-03 
6.087000e-03 
4.976000e-03 
3.305000e-03 
3.264000e-03 
4.300000e-03 
4.907000e-03 
6.508000e-03 
9.652000e-03 
1.311000e-02 
1.577500e-02 
1.690000e-02 
1.625700e-02 
1.331600e-02 
8.962000e-03 
6.237000e-03 
6.795000e-03 
8.935000e-03 
1.040600e-02 
1.037900e-02 
8.850000e-03 
7.573000e-03 
7.546000e-03 
7.307000e-03 
7.322000e-03 
8.762000e-03 
1.060400e-02 
1.209300e-02 
1.260400e-02 
1.130000e-02 
8.772000e-03 
7.008000e-03 
7.334000e-03 
8.916000e-03 
9.905000e-03 
9.351000e-03 
8.818000e-03 
9.653000e-03 
1.066600e-02 
1.077700e-02 
1.010900e-02 
9.489000e-03 
8.175000e-03 
5.108000e-03 
1.494000e-03 
-2.087000e-03 
-5.028000e-03 
-6.362000e-03 
-6.639000e-03 
-6.504000e-03 
-6.096000e-03 
-4.843000e-03 
-3.135000e-03 
-2.376000e-03 
-2.858000e-03 
-3.945000e-03 
-5.114000e-03 
-7.553000e-03 
-1.089500e-02 
-1.346400e-02 
-1.578000e-02 
-1.781600e-02 
-1.899100e-02 
-1.861000e-02 
-1.657200e-02 
-1.362100e-02 
-9.443000e-03 
-4.758000e-03 
-1.002000e-03 
4.940000e-04 
-1.700000e-05 
-1.507000e-03 
-5.041000e-03 
-8.307000e-03 
-8.674000e-03 
-7.092000e-03 
-4.126000e-03 
-6.280000e-04 
2.093000e-03 
2.293000e-03 
3.920000e-04 
-1.283000e-03 
-1.788000e-03 
-1.303000e-03 
-7.350000e-04 
-8.040000e-04 
-1.555000e-03 
-1.814000e-03 
-1.779000e-03 
-3.040000e-03 
-5.046000e-03 
-6.392000e-03 
-6.342000e-03 
-5.130000e-03 
-2.380000e-03 
2.205000e-03 
5.829000e-03 
6.861000e-03 
7.051000e-03 
7.557000e-03 
8.370000e-03 
9.905000e-03 
1.183800e-02 
1.176400e-02 
8.471000e-03 
4.160000e-03 
2.171000e-03 
1.992000e-03 
9.970000e-04 
-5.750000e-04 
-2.636000e-03 
-4.584000e-03 
-5.187000e-03 
-4.509000e-03 
-2.541000e-03 
5.370000e-04 
4.029000e-03 
6.256000e-03 
5.861000e-03 
3.432000e-03 
2.670000e-04 
-2.149000e-03 
-2.863000e-03 
-1.955000e-03 
6.280000e-04 
2.811000e-03 
2.650000e-03 
1.641000e-03 
1.310000e-03 
2.258000e-03 
3.737000e-03 
4.921000e-03 
5.984000e-03 
5.613000e-03 
2.675000e-03 
-2.095000e-03 
-6.901000e-03 
-9.283000e-03 
-8.729000e-03 
-6.268000e-03 
-2.766000e-03 
6.390000e-04 
2.830000e-03 
2.850000e-03 
2.001000e-03 
2.166000e-03 
2.657000e-03 
2.653000e-03 
1.599000e-03 
-1.122000e-03 
-4.404000e-03 
-6.664000e-03 
-7.471000e-03 
-7.007000e-03 
-6.041000e-03 
-5.356000e-03 
-5.127000e-03 
-5.720000e-03 
-6.491000e-03 
-5.452000e-03 
-2.404000e-03 
1.288000e-03 
4.202000e-03 
3.575000e-03 
-1.037000e-03 
-6.484000e-03 
-1.100700e-02 
-1.378600e-02 
-1.485600e-02 
-1.491800e-02 
-1.323300e-02 
-9.551000e-03 
-4.699000e-03 
5.100000e-05 
3.291000e-03 
4.832000e-03 
5.603000e-03 
5.843000e-03 
5.926000e-03 
6.766000e-03 
7.895000e-03 
8.876000e-03 
8.834000e-03 
5.964000e-03 
1.472000e-03 
-1.240000e-03 
-9.350000e-04 
8.710000e-04 
1.957000e-03 
1.783000e-03 
9.000000e-04 
-9.130000e-04 
-2.886000e-03 
-2.788000e-03 
8.270000e-04 
6.047000e-03 
9.039000e-03 
8.894000e-03 
7.422000e-03 
6.549000e-03 
5.796000e-03 
4.490000e-03 
4.405000e-03 
5.477000e-03 
5.925000e-03 
4.912000e-03 
2.726000e-03 
5.660000e-04 
-6.690000e-04 
-1.190000e-03 
-1.645000e-03 
-1.752000e-03 
-1.126000e-03 
2.340000e-04 
2.276000e-03 
4.066000e-03 
3.911000e-03 
2.317000e-03 
1.381000e-03 
1.060000e-03 
7.850000e-04 
2.160000e-04 
-1.155000e-03 
-3.125000e-03 
-4.294000e-03 
-2.941000e-03 
1.800000e-04 
2.996000e-03 
3.618000e-03 
1.863000e-03 
-1.760000e-04 
-1.885000e-03 
-3.171000e-03 
-3.267000e-03 
-2.348000e-03 
-1.120000e-03 
-6.570000e-04 
-9.450000e-04 
-1.386000e-03 
-1.852000e-03 
-2.487000e-03 
-4.075000e-03 
-5.093000e-03 
-3.594000e-03 
-8.960000e-04 
1.077000e-03 
1.650000e-03 
1.218000e-03 
7.830000e-04 
1.130000e-03 
1.931000e-03 
2.716000e-03 
3.378000e-03 
3.195000e-03 
2.432000e-03 
1.760000e-03 
8.780000e-04 
2.510000e-04 
5.960000e-04 
1.961000e-03 
4.549000e-03 
7.753000e-03 
9.958000e-03 
1.050900e-02 
1.003300e-02 
9.334000e-03 
8.724000e-03 
8.114000e-03 
6.939000e-03 
4.852000e-03 
3.055000e-03 
2.524000e-03 
2.971000e-03 
4.512000e-03 
7.149000e-03 
1.029400e-02 
1.309100e-02 
1.456600e-02 
1.455400e-02 
1.337500e-02 
1.199400e-02 
1.050900e-02 
8.085000e-03 
5.388000e-03 
2.687000e-03 
1.110000e-04 
-1.283000e-03 
-9.750000e-04 
3.630000e-04 
1.465000e-03 
1.620000e-03 
1.309000e-03 
1.480000e-03 
1.971000e-03 
3.201000e-03 
4.505000e-03 
4.222000e-03 
3.465000e-03 
3.087000e-03 
3.049000e-03 
3.073000e-03 
2.601000e-03 
2.201000e-03 
1.475000e-03 
-9.020000e-04 
-4.935000e-03 
-8.774000e-03 
-1.059000e-02 
-1.009300e-02 
-7.568000e-03 
-4.301000e-03 
-1.698000e-03 
-5.260000e-04 
-9.700000e-04 
-1.951000e-03 
-2.302000e-03 
-1.517000e-03 
-5.660000e-04 
-4.670000e-04 
-9.550000e-04 
-1.946000e-03 
-3.034000e-03 
-3.858000e-03 
-4.336000e-03 
-3.900000e-03 
-3.675000e-03 
-5.025000e-03 
-6.930000e-03 
-9.187000e-03 
-1.164900e-02 
-1.315700e-02 
-1.252800e-02 
-9.415000e-03 
-6.481000e-03 
-5.180000e-03 
-5.116000e-03 
-6.203000e-03 
-8.162000e-03 
-1.060400e-02 
-1.154700e-02 
-1.010500e-02 
-7.367000e-03 
-4.674000e-03 
-2.508000e-03 
-7.590000e-04 
-2.640000e-04 
-1.012000e-03 
-2.367000e-03 
-3.617000e-03 
-3.688000e-03 
-2.936000e-03 
-2.826000e-03 
-3.195000e-03 
-3.300000e-03 
-3.430000e-03 
-4.287000e-03 
-6.331000e-03 
-8.402000e-03 
-9.541000e-03 
-9.211000e-03 
-7.657000e-03 
-6.631000e-03 
-6.622000e-03 
-6.972000e-03 
-6.282000e-03 
-4.781000e-03 
-3.739000e-03 
-2.584000e-03 
-1.026000e-03 
1.788000e-03 
5.154000e-03 
6.646000e-03 
6.791000e-03 
6.702000e-03 
6.998000e-03 
8.109000e-03 
8.981000e-03 
9.134000e-03 
9.794000e-03 
1.099900e-02 
1.167100e-02 
1.225300e-02 
1.268500e-02 
1.295600e-02 
1.397900e-02 
1.437200e-02 
1.278100e-02 
9.987000e-03 
7.401000e-03 
5.611000e-03 
3.393000e-03 
8.300000e-04 
-6.830000e-04 
-5.550000e-04 
1.450000e-03 
4.383000e-03 
6.972000e-03 
8.460000e-03 
8.495000e-03 
7.570000e-03 
5.780000e-03 
3.104000e-03 
1.422000e-03 
1.817000e-03 
3.124000e-03 
4.440000e-03 
4.856000e-03 
5.083000e-03 
6.575000e-03 
8.097000e-03 
8.227000e-03 
7.082000e-03 
4.842000e-03 
1.955000e-03 
-5.780000e-04 
-2.875000e-03 
-5.415000e-03 
-7.123000e-03 
-7.253000e-03 
-6.891000e-03 
-6.777000e-03 
-5.887000e-03 
-3.486000e-03 
-1.680000e-04 
2.942000e-03 
4.751000e-03 
5.326000e-03 
5.513000e-03 
5.542000e-03 
4.848000e-03 
3.325000e-03 
2.067000e-03 
9.320000e-04 
-9.500000e-04 
-3.267000e-03 
-6.130000e-03 
-8.826000e-03 
-1.056300e-02 
-1.110700e-02 
-9.908000e-03 
-8.480000e-03 
-8.116000e-03 
-8.605000e-03 
-9.553000e-03 
-1.059700e-02 
-1.143800e-02 
-1.106200e-02 
-9.865000e-03 
-9.811000e-03 
-1.117400e-02 
-1.281500e-02 
-1.384800e-02 
-1.334100e-02 
-1.112200e-02 
-8.136000e-03 
-5.889000e-03 
-5.281000e-03 
-5.635000e-03 
-6.344000e-03 
-6.374000e-03 
-5.310000e-03 
-4.746000e-03 
-4.927000e-03 
-5.166000e-03 
-5.547000e-03 
-6.081000e-03 
-6.644000e-03 
-6.617000e-03 
-5.502000e-03 
-4.360000e-03 
-3.781000e-03 
-3.214000e-03 
-3.016000e-03 
-3.220000e-03 
-3.696000e-03 
-4.123000e-03 
-4.064000e-03 
-4.390000e-03 
-5.473000e-03 
-6.386000e-03 
-6.008000e-03 
-4.723000e-03 
-3.354000e-03 
-1.662000e-03 
5.560000e-04 
3.112000e-03 
5.559000e-03 
7.928000e-03 
1.020800e-02 
1.181500e-02 
1.240200e-02 
1.161800e-02 
9.498000e-03 
7.583000e-03 
7.402000e-03 
8.684000e-03 
9.987000e-03 
9.932000e-03 
8.961000e-03 
8.220000e-03 
7.370000e-03 
6.014000e-03 
4.354000e-03 
2.504000e-03 
8.320000e-04 
5.500000e-05 
5.180000e-04 
1.488000e-03 
1.901000e-03 
1.666000e-03 
1.021000e-03 
1.750000e-04 
-5.250000e-04 
-1.426000e-03 
-2.275000e-03 
-1.988000e-03 
-1.420000e-04 
3.028000e-03 
6.339000e-03 
8.743000e-03 
1.044700e-02 
1.147200e-02 
1.115500e-02 
9.105000e-03 
6.319000e-03 
4.288000e-03 
3.808000e-03 
4.889000e-03 
6.158000e-03 
6.556000e-03 
5.847000e-03 
4.244000e-03 
2.846000e-03 
2.348000e-03 
2.386000e-03 
2.276000e-03 
1.714000e-03 
4.460000e-04 
-1.050000e-03 
-2.241000e-03 
-3.312000e-03 
-3.175000e-03 
-1.701000e-03 
-6.990000e-04 
-2.390000e-04 
-1.200000e-04 
-6.450000e-04 
-1.542000e-03 
-2.498000e-03 
-2.495000e-03 
-2.140000e-03 
-2.732000e-03 
-3.820000e-03 
-5.097000e-03 
-6.413000e-03 
-7.110000e-03 
-6.589000e-03 
-5.390000e-03 
-4.606000e-03 
-4.232000e-03 
-4.185000e-03 
-5.156000e-03 
-6.878000e-03 
-8.007000e-03 
-8.096000e-03 
-7.892000e-03 
-7.685000e-03 
-7.196000e-03 
-6.737000e-03 
-6.784000e-03 
-6.989000e-03 
-6.512000e-03 
-5.552000e-03 
-4.254000e-03 
-2.281000e-03 
-1.930000e-04 
9.990000e-04 
7.600000e-04 
9.500000e-05 
-1.710000e-04 
1.240000e-04 
5.180000e-04 
2.030000e-04 
-8.060000e-04 
-2.884000e-03 
-4.590000e-03 
-4.922000e-03 
-4.784000e-03 
-4.238000e-03 
-3.872000e-03 
-3.689000e-03 
-3.346000e-03 
-3.019000e-03 
-2.924000e-03 
-2.877000e-03 
-2.352000e-03 
-1.234000e-03 
5.790000e-04 
2.837000e-03 
4.971000e-03 
6.267000e-03 
6.710000e-03 
6.770000e-03 
6.621000e-03 
6.135000e-03 
5.084000e-03 
3.970000e-03 
2.825000e-03 
1.627000e-03 
7.800000e-04 
3.190000e-04 
3.550000e-04 
5.890000e-04 
7.190000e-04 
4.510000e-04 
-3.300000e-05 
-4.070000e-04 
-8.040000e-04 
-9.050000e-04 
-8.780000e-04 
-3.700000e-04 
9.820000e-04 
2.581000e-03 
4.212000e-03 
5.224000e-03 
5.725000e-03 
6.589000e-03 
7.506000e-03 
8.081000e-03 
8.308000e-03 
8.430000e-03 
8.617000e-03 
8.492000e-03 
7.399000e-03 
5.331000e-03 
3.799000e-03 
3.488000e-03 
4.086000e-03 
4.924000e-03 
4.325000e-03 
2.334000e-03 
-1.660000e-04 
-2.928000e-03 
-5.217000e-03 
-6.249000e-03 
-5.778000e-03 
-4.578000e-03 
-3.126000e-03 
-1.130000e-03 
1.416000e-03 
3.784000e-03 
5.273000e-03 
6.189000e-03 
6.628000e-03 
5.978000e-03 
3.967000e-03 
1.206000e-03 
-1.533000e-03 
-3.730000e-03 
-5.135000e-03 
-6.355000e-03 
-7.516000e-03 
-8.080000e-03 
-8.022000e-03 
-7.955000e-03 
-9.242000e-03 
-1.173800e-02 
-1.378200e-02 
-1.483300e-02 
-1.518600e-02 
-1.488300e-02 
-1.372500e-02 
-1.206800e-02 
-1.005200e-02 
-7.385000e-03 
-5.045000e-03 
-3.542000e-03 
-2.343000e-03 
-2.307000e-03 
-3.610000e-03 
-5.005000e-03 
-6.183000e-03 
-6.735000e-03 
-6.095000e-03 
-4.430000e-03 
-2.491000e-03 
-1.760000e-03 
-2.569000e-03 
-3.358000e-03 
-2.799000e-03 
-1.295000e-03 
-3.150000e-04 
-4.870000e-04 
-1.144000e-03 
-1.270000e-03 
-5.780000e-04 
7.200000e-05 
2.470000e-04 
6.380000e-04 
1.248000e-03 
1.424000e-03 
1.198000e-03 
7.950000e-04 
-7.500000e-05 
-1.716000e-03 
-3.272000e-03 
-3.694000e-03 
-3.434000e-03 
-2.838000e-03 
-1.525000e-03 
-7.000000e-05 
6.980000e-04 
6.840000e-04 
2.390000e-04 
2.350000e-04 
1.124000e-03 
2.491000e-03 
3.804000e-03 
4.385000e-03 
4.546000e-03 
5.173000e-03 
5.395000e-03 
4.231000e-03 
2.190000e-03 
3.280000e-04 
-4.930000e-04 
-7.440000e-04 
-9.900000e-04 
-6.880000e-04 
3.590000e-04 
1.947000e-03 
3.186000e-03 
3.176000e-03 
2.098000e-03 
1.240000e-04 
-2.084000e-03 
-3.671000e-03 
-4.305000e-03 
-3.461000e-03 
-9.840000e-04 
2.051000e-03 
4.052000e-03 
4.809000e-03 
4.934000e-03 
4.328000e-03 
2.923000e-03 
1.550000e-03 
8.670000e-04 
8.110000e-04 
1.534000e-03 
2.888000e-03 
4.266000e-03 
5.249000e-03 
5.498000e-03 
4.693000e-03 
2.966000e-03 
1.510000e-03 
1.119000e-03 
1.259000e-03 
1.727000e-03 
2.272000e-03 
2.418000e-03 
2.148000e-03 
1.315000e-03 
3.630000e-04 
7.100000e-05 
2.880000e-04 
6.410000e-04 
8.050000e-04 
4.170000e-04 
-3.150000e-04 
-1.205000e-03 
-2.130000e-03 
-2.889000e-03 
-3.353000e-03 
-3.315000e-03 
-3.097000e-03 
-2.574000e-03 
-1.347000e-03 
-2.180000e-04 
2.720000e-04 
7.460000e-04 
1.244000e-03 
1.256000e-03 
8.250000e-04 
2.750000e-04 
1.820000e-04 
4.760000e-04 
7.700000e-04 
1.596000e-03 
2.810000e-03 
3.275000e-03 
2.528000e-03 
1.415000e-03 
8.710000e-04 
4.080000e-04 
-3.550000e-04 
-5.890000e-04 
9.900000e-05 
1.035000e-03 
1.333000e-03 
8.170000e-04 
2.630000e-04 
5.040000e-04 
1.029000e-03 
8.230000e-04 
3.000000e-06 
-1.001000e-03 
-1.905000e-03 
-2.399000e-03 
-2.478000e-03 
-2.115000e-03 
-1.259000e-03 
-2.080000e-04 
5.560000e-04 
4.800000e-04 
-3.930000e-04 
-1.272000e-03 
-1.468000e-03 
-6.140000e-04 
1.077000e-03 
3.036000e-03 
4.556000e-03 
5.264000e-03 
5.413000e-03 
4.714000e-03 
3.277000e-03 
1.879000e-03 
1.036000e-03 
8.880000e-04 
8.870000e-04 
6.310000e-04 
-2.950000e-04 
-1.615000e-03 
-2.324000e-03 
-1.738000e-03 
4.500000e-04 
3.511000e-03 
6.439000e-03 
7.958000e-03 
7.348000e-03 
5.728000e-03 
4.082000e-03 
2.518000e-03 
1.137000e-03 
1.210000e-04 
-4.200000e-04 
-1.840000e-04 
8.470000e-04 
1.876000e-03 
2.358000e-03 
2.288000e-03 
2.162000e-03 
2.369000e-03 
2.189000e-03 
1.265000e-03 
1.390000e-04 
-8.520000e-04 
-1.329000e-03 
-7.470000e-04 
7.490000e-04 
2.215000e-03 
3.168000e-03 
3.537000e-03 
2.957000e-03 
1.648000e-03 
-1.220000e-04 
-2.115000e-03 
-3.256000e-03 
-3.207000e-03 
-2.562000e-03 
-1.692000e-03 
-6.630000e-04 
6.640000e-04 
1.988000e-03 
2.709000e-03 
2.741000e-03 
2.305000e-03 
1.344000e-03 
-1.280000e-04 
-1.391000e-03 
-1.794000e-03 
-1.713000e-03 
-1.531000e-03 
-1.074000e-03 
-5.500000e-04 
-4.060000e-04 
-5.830000e-04 
-6.950000e-04 
-7.450000e-04 
-9.160000e-04 
-1.308000e-03 
-1.950000e-03 
-2.566000e-03 
-3.155000e-03 
-3.742000e-03 
-3.921000e-03 
-3.658000e-03 
-2.805000e-03 
-1.211000e-03 
4.380000e-04 
1.532000e-03 
1.570000e-03 
8.370000e-04 
-1.900000e-05 
-1.219000e-03 
-2.335000e-03 
-3.058000e-03 
-3.763000e-03 
-4.306000e-03 
-4.225000e-03 
-3.476000e-03 
-2.796000e-03 
-2.353000e-03 
-1.879000e-03 
-1.548000e-03 
-1.265000e-03 
-1.179000e-03 
-1.696000e-03 
-2.528000e-03 
-3.213000e-03 
-3.024000e-03 
-1.588000e-03 
1.740000e-04 
1.583000e-03 
2.292000e-03 
2.331000e-03 
1.996000e-03 
9.380000e-04 
-4.040000e-04 
-1.582000e-03 
-2.699000e-03 
-3.662000e-03 
-4.730000e-03 
-5.220000e-03 
-4.648000e-03 
-3.496000e-03 
-2.081000e-03 
-1.311000e-03 
-9.010000e-04 
-3.380000e-04 
-2.080000e-04 
1.320000e-04 
9.290000e-04 
1.131000e-03 
1.740000e-04 
-1.567000e-03 
-2.683000e-03 
-2.120000e-03 
-9.510000e-04 
-6.730000e-04 
-1.145000e-03 
-1.635000e-03 
-1.538000e-03 
-5.480000e-04 
4.400000e-04 
3.560000e-04 
-4.790000e-04 
-1.462000e-03 
-2.030000e-03 
-1.882000e-03 
-1.608000e-03 
-1.029000e-03 
-4.200000e-05 
5.600000e-04 
4.110000e-04 
-5.240000e-04 
-1.539000e-03 
-1.783000e-03 
-1.598000e-03 
-1.801000e-03 
-1.773000e-03 
-4.780000e-04 
8.590000e-04 
1.260000e-03 
1.765000e-03 
3.022000e-03 
4.206000e-03 
4.080000e-03 
2.777000e-03 
1.181000e-03 
-2.600000e-05 
-7.230000e-04 
-1.702000e-03 
-3.276000e-03 
-4.758000e-03 
-5.220000e-03 
-4.670000e-03 
-4.243000e-03 
-4.425000e-03 
-4.586000e-03 
-4.159000e-03 
-3.268000e-03 
-2.347000e-03 
-1.474000e-03 
-6.380000e-04 
2.370000e-04 
1.445000e-03 
2.432000e-03 
2.428000e-03 
1.510000e-03 
1.550000e-04 
-1.340000e-03 
-3.208000e-03 
-5.266000e-03 
-6.489000e-03 
-6.331000e-03 
-5.505000e-03 
-4.753000e-03 
-4.095000e-03 
-3.411000e-03 
-2.737000e-03 
-2.201000e-03 
-1.826000e-03 
-1.586000e-03 
-1.328000e-03 
-1.115000e-03 
-1.364000e-03 
-2.143000e-03 
-3.030000e-03 
-3.553000e-03 
-3.788000e-03 
-3.536000e-03 
-2.195000e-03 
-5.310000e-04 
9.700000e-05 
-4.560000e-04 
-1.175000e-03 
-1.035000e-03 
-2.780000e-04 
1.520000e-04 
1.750000e-04 
2.910000e-04 
6.080000e-04 
1.027000e-03 
1.018000e-03 
2.430000e-04 
-1.054000e-03 
-2.773000e-03 
-4.444000e-03 
-5.721000e-03 
-6.099000e-03 
-5.154000e-03 
-3.904000e-03 
-3.156000e-03 
-2.853000e-03 
-2.796000e-03 
-2.803000e-03 
-2.674000e-03 
-2.003000e-03 
-7.010000e-04 
6.690000e-04 
1.652000e-03 
2.259000e-03 
2.368000e-03 
2.385000e-03 
3.117000e-03 
4.282000e-03 
5.219000e-03 
5.856000e-03 
6.265000e-03 
6.425000e-03 
5.824000e-03 
4.591000e-03 
3.339000e-03 
1.548000e-03 
-7.960000e-04 
-2.984000e-03 
-4.388000e-03 
-4.777000e-03 
-5.102000e-03 
-5.650000e-03 
-5.667000e-03 
-4.846000e-03 
-3.201000e-03 
-1.438000e-03 
-5.860000e-04 
-6.160000e-04 
-8.570000e-04 
-9.120000e-04 
-1.005000e-03 
-1.524000e-03 
-2.291000e-03 
-2.931000e-03 
-3.380000e-03 
-3.923000e-03 
-4.719000e-03 
-5.322000e-03 
-5.239000e-03 
-4.762000e-03 
-4.263000e-03 
-3.533000e-03 
-2.991000e-03 
-2.985000e-03 
-2.609000e-03 
-1.426000e-03 
1.000000e-06 
9.020000e-04 
1.419000e-03 
2.727000e-03 
4.317000e-03 
4.860000e-03 
4.531000e-03 
3.729000e-03 
2.986000e-03 
3.006000e-03 
3.338000e-03 
3.447000e-03 
3.571000e-03 
3.402000e-03 
2.738000e-03 
2.196000e-03 
2.329000e-03 
3.021000e-03 
3.351000e-03 
3.088000e-03 
3.195000e-03 
3.798000e-03 
4.330000e-03 
4.767000e-03 
4.755000e-03 
3.946000e-03 
2.786000e-03 
1.831000e-03 
1.263000e-03 
1.276000e-03 
1.912000e-03 
2.617000e-03 
2.913000e-03 
2.587000e-03 
1.776000e-03 
1.068000e-03 
1.162000e-03 
2.365000e-03 
4.098000e-03 
5.717000e-03 
6.876000e-03 
7.481000e-03 
7.623000e-03 
7.500000e-03 
7.776000e-03 
8.439000e-03 
8.275000e-03 
6.367000e-03 
3.418000e-03 
8.280000e-04 
-7.710000e-04 
-1.274000e-03 
-9.530000e-04 
-4.250000e-04 
2.900000e-04 
1.493000e-03 
2.465000e-03 
2.518000e-03 
2.246000e-03 
2.537000e-03 
3.306000e-03 
3.662000e-03 
3.376000e-03 
2.868000e-03 
2.292000e-03 
1.648000e-03 
8.540000e-04 
-1.050000e-04 
-6.730000e-04 
-6.340000e-04 
-3.940000e-04 
-1.960000e-04 
-1.350000e-04 
-2.560000e-04 
-6.620000e-04 
-1.091000e-03 
-1.548000e-03 
-2.074000e-03 
-2.319000e-03 
-2.587000e-03 
-2.777000e-03 
-2.560000e-03 
-1.852000e-03 
-4.910000e-04 
7.610000e-04 
1.325000e-03 
1.402000e-03 
1.096000e-03 
7.610000e-04 
5.070000e-04 
1.530000e-04 
-1.000000e-05 
4.390000e-04 
9.710000e-04 
8.790000e-04 
5.140000e-04 
1.850000e-04 
-2.300000e-05 
-1.020000e-04 
-3.230000e-04 
-6.410000e-04 
-7.000000e-04 
-6.370000e-04 
-1.026000e-03 
-1.930000e-03 
-3.089000e-03 
-4.371000e-03 
-5.532000e-03 
-6.226000e-03 
-6.435000e-03 
-6.078000e-03 
-5.369000e-03 
-4.935000e-03 
-4.930000e-03 
-5.114000e-03 
-4.811000e-03 
-3.578000e-03 
-1.633000e-03 
4.680000e-04 
1.988000e-03 
2.790000e-03 
3.265000e-03 
3.197000e-03 
2.251000e-03 
1.129000e-03 
3.630000e-04 
-3.790000e-04 
-1.208000e-03 
-1.813000e-03 
-2.026000e-03 
-2.084000e-03 
-2.252000e-03 
-2.516000e-03 
-2.530000e-03 
-2.096000e-03 
-1.746000e-03 
-2.098000e-03 
-3.241000e-03 
-4.333000e-03 
-4.342000e-03 
-3.794000e-03 
-3.251000e-03 
-2.895000e-03 
-2.378000e-03 
-1.938000e-03 
-1.163000e-03 
-9.180000e-04 
-9.110000e-04 
-7.390000e-04 
-8.320000e-04 
-1.027000e-03 
-1.238000e-03 
-1.091000e-03 
-7.570000e-04 
-9.460000e-04 
-1.211000e-03 
-1.250000e-03 
-1.392000e-03 
-1.643000e-03 
-1.711000e-03 
-1.802000e-03 
-2.139000e-03 
-2.179000e-03 
-1.700000e-03 
-7.220000e-04 
2.770000e-04 
5.900000e-04 
1.010000e-04 
-1.563000e-03 
-3.597000e-03 
-4.456000e-03 
-4.398000e-03 
-3.983000e-03 
-3.667000e-03 
-4.046000e-03 
-4.588000e-03 
-4.451000e-03 
-3.725000e-03 
-3.291000e-03 
-3.355000e-03 
-3.212000e-03 
-3.217000e-03 
-4.016000e-03 
-4.658000e-03 
-4.326000e-03 
-3.426000e-03 
-2.698000e-03 
-2.704000e-03 
-2.873000e-03 
-2.287000e-03 
-1.408000e-03 
-1.230000e-03 
-1.736000e-03 
-2.388000e-03 
-2.859000e-03 
-3.107000e-03 
-3.312000e-03 
-3.295000e-03 
-2.968000e-03 
-2.383000e-03 
-1.710000e-03 
-1.126000e-03 
-8.000000e-04 
-1.016000e-03 
-1.142000e-03 
-1.063000e-03 
-9.520000e-04 
-8.040000e-04 
-9.800000e-04 
-7.170000e-04 
5.000000e-06 
7.870000e-04 
1.812000e-03 
2.370000e-03 
2.372000e-03 
2.475000e-03 
2.880000e-03 
3.175000e-03 
2.842000e-03 
2.140000e-03 
1.911000e-03 
2.538000e-03 
3.120000e-03 
2.737000e-03 
1.801000e-03 
1.307000e-03 
1.640000e-03 
2.042000e-03 
1.884000e-03 
1.830000e-03 
2.442000e-03 
3.362000e-03 
3.943000e-03 
3.963000e-03 
3.583000e-03 
2.682000e-03 
1.480000e-03 
4.740000e-04 
-2.380000e-04 
-3.770000e-04 
3.640000e-04 
1.468000e-03 
2.354000e-03 
3.130000e-03 
3.677000e-03 
3.731000e-03 
3.465000e-03 
2.974000e-03 
2.295000e-03 
1.577000e-03 
9.440000e-04 
5.710000e-04 
4.370000e-04 
6.660000e-04 
1.327000e-03 
1.793000e-03 
2.041000e-03 
2.576000e-03 
3.016000e-03 
2.976000e-03 
2.965000e-03 
3.609000e-03 
4.706000e-03 
5.499000e-03 
5.861000e-03 
6.311000e-03 
6.818000e-03 
6.717000e-03 
6.179000e-03 
5.842000e-03 
5.503000e-03 
4.915000e-03 
4.111000e-03 
3.324000e-03 
2.777000e-03 
2.237000e-03 
1.850000e-03 
1.586000e-03 
1.134000e-03 
8.420000e-04 
7.340000e-04 
5.130000e-04 
3.400000e-05 
-7.620000e-04 
-1.510000e-03 
-1.977000e-03 
-1.961000e-03 
-1.442000e-03 
-9.340000e-04 
-4.930000e-04 
8.500000e-05 
6.940000e-04 
1.182000e-03 
1.419000e-03 
1.408000e-03 
1.293000e-03 
1.137000e-03 
9.460000e-04 
6.320000e-04 
1.290000e-04 
-2.280000e-04 
-4.020000e-04 
-6.860000e-04 
-8.760000e-04 
-8.920000e-04 
-9.750000e-04 
-9.160000e-04 
-6.280000e-04 
-4.690000e-04 
-3.790000e-04 
-2.870000e-04 
-2.200000e-04 
1.260000e-04 
6.080000e-04 
8.670000e-04 
8.630000e-04 
6.760000e-04 
5.360000e-04 
4.580000e-04 
3.090000e-04 
3.270000e-04 
7.710000e-04 
1.378000e-03 
1.847000e-03 
2.188000e-03 
2.325000e-03 
2.169000e-03 
1.597000e-03 
6.240000e-04 
-2.950000e-04 
-9.770000e-04 
-1.441000e-03 
-1.667000e-03 
-1.960000e-03 
-2.200000e-03 
-2.050000e-03 
-1.783000e-03 
-1.638000e-03 
-1.450000e-03 
-1.215000e-03 
-1.112000e-03 
-9.420000e-04 
-8.160000e-04 
-1.023000e-03 
-1.214000e-03 
-1.016000e-03 
-2.870000e-04 
6.430000e-04 
1.315000e-03 
1.736000e-03 
1.956000e-03 
2.055000e-03 
2.151000e-03 
2.112000e-03 
1.864000e-03 
1.726000e-03 
1.866000e-03 
1.968000e-03 
1.764000e-03 
1.468000e-03 
1.339000e-03 
1.189000e-03 
7.840000e-04 
3.550000e-04 
3.020000e-04 
5.730000e-04 
8.650000e-04 
1.052000e-03 
1.177000e-03 
1.178000e-03 
9.190000e-04 
7.140000e-04 
7.990000e-04 
1.044000e-03 
1.358000e-03 
1.541000e-03 
1.465000e-03 
1.373000e-03 
1.567000e-03 
1.939000e-03 
2.230000e-03 
2.391000e-03 
2.514000e-03 
2.698000e-03 
2.883000e-03 
3.003000e-03 
3.011000e-03 
2.980000e-03 
2.940000e-03 
2.814000e-03 
2.713000e-03 
2.631000e-03 
2.629000e-03 
2.713000e-03 
2.673000e-03 
2.519000e-03 
2.261000e-03 
1.905000e-03 
1.465000e-03 
9.690000e-04 
4.910000e-04 
4.600000e-05 
-1.990000e-04 
-1.350000e-04 
1.730000e-04 
7.360000e-04 
1.371000e-03 
1.784000e-03 
1.963000e-03 
1.957000e-03 
1.766000e-03 
1.433000e-03 
1.011000e-03 
6.010000e-04 
2.930000e-04 
9.100000e-05 
5.600000e-05 
2.520000e-04 
5.080000e-04 
6.070000e-04 
5.410000e-04 
4.060000e-04 
2.880000e-04 
1.740000e-04 
-6.800000e-05 
-3.640000e-04 
-5.660000e-04 
-7.140000e-04 
-8.350000e-04 
-9.390000e-04 
-1.019000e-03 
-1.029000e-03 
-9.130000e-04 
-7.170000e-04 
-5.650000e-04 
-4.030000e-04 
-1.320000e-04 
1.470000e-04 
3.450000e-04 
5.560000e-04 
8.170000e-04 
1.060000e-03 
1.267000e-03 
1.433000e-03 
1.522000e-03 
1.471000e-03 
1.280000e-03 
1.020000e-03 
7.900000e-04 
7.070000e-04 
7.660000e-04 
8.520000e-04 
9.300000e-04 
9.910000e-04 
9.900000e-04 
9.340000e-04 
8.650000e-04 
8.170000e-04 
7.680000e-04 
6.850000e-04 
6.110000e-04 
5.300000e-04 
4.110000e-04 
3.510000e-04 
4.000000e-04 
5.070000e-04 
6.270000e-04 
6.840000e-04 
6.430000e-04 
5.860000e-04 
5.530000e-04 
5.080000e-04 
4.540000e-04 
4.130000e-04 
3.950000e-04 
3.660000e-04 
2.900000e-04 
2.100000e-04 
1.710000e-04 
1.510000e-04 
1.100000e-04 
3.800000e-05 
-4.200000e-05 
-1.060000e-04 
-1.480000e-04 
-1.800000e-04 
-1.920000e-04 
-1.850000e-04 
-1.770000e-04 
-1.580000e-04 
-1.260000e-04 
-9.300000e-05 
-7.000000e-05 
-6.900000e-05 
-8.100000e-05 
-1.060000e-04 
-1.500000e-04 
-2.150000e-04 
-3.000000e-04 
-3.720000e-04 
-4.130000e-04 
-4.170000e-04 
-3.960000e-04 
-3.710000e-04 
-3.530000e-04 
-3.610000e-04 
-3.930000e-04 
-4.360000e-04 
-4.700000e-04 
-4.850000e-04 
-4.880000e-04 
-4.870000e-04 
-4.760000e-04 
-4.570000e-04 
-4.400000e-04 
-4.310000e-04 
-4.250000e-04 
-4.330000e-04 
-4.570000e-04 
-4.800000e-04 
-4.900000e-04 
-5.000000e-04 
-5.180000e-04 
-5.380000e-04 
-5.490000e-04 
-5.580000e-04 
-5.680000e-04 
-5.770000e-04 
-5.880000e-04 
-5.980000e-04 
-6.050000e-04 
-6.140000e-04 
-6.240000e-04 
-6.280000e-04 
-6.260000e-04 
-6.290000e-04 
-6.430000e-04 
-6.600000e-04 
-6.720000e-04 
-6.770000e-04 
-6.790000e-04 
-6.810000e-04 
-6.840000e-04 
-6.890000e-04 
-6.970000e-04 
-7.070000e-04 
-7.160000e-04 
-7.250000e-04 
-7.340000e-04 
-7.430000e-04 
-7.490000e-04 
-7.530000e-04 
-7.560000e-04 
-7.610000e-04 
-7.670000e-04 
-7.720000e-04 
-7.770000e-04 
-7.800000e-04 
-7.840000e-04 
-7.890000e-04 
-7.940000e-04 
-7.980000e-04 
-8.020000e-04 
-8.060000e-04 
-8.090000e-04 
-8.130000e-04 
-8.170000e-04 
-8.210000e-04 
-8.250000e-04 
-8.280000e-04 
-8.310000e-04 
-8.340000e-04 
-8.370000e-04 
-8.400000e-04 
-8.440000e-04 
-8.470000e-04 
-8.490000e-04 
-8.520000e-04 
-8.550000e-04 
-8.570000e-04 
-8.600000e-04 
-8.620000e-04 
-8.640000e-04 
-8.660000e-04 
-8.680000e-04 
-8.690000e-04 
-8.710000e-04 
-8.720000e-04 
-8.740000e-04 
-8.750000e-04 
-8.760000e-04 
-8.760000e-04 
-8.770000e-04 
-8.780000e-04 
-8.780000e-04 
