1 
2.000000e-02 
8.292000e-03 
1.224400e-02 
1.211600e-02 
3.713000e-03 
-7.850000e-03 
-1.074200e-02 
-4.217000e-03 
9.756000e-03 
2.254400e-02 
1.532200e-02 
4.415000e-03 
-1.050500e-02 
-1.611200e-02 
-1.614000e-03 
1.467900e-02 
1.566600e-02 
6.127000e-03 
7.674000e-03 
-8.082000e-03 
-7.191000e-03 
1.548700e-02 
-3.529000e-03 
-1.122400e-02 
1.105100e-02 
-8.493000e-03 
-9.607000e-03 
2.477400e-02 
2.360700e-02 
9.032000e-03 
-2.355400e-02 
-4.428100e-02 
-1.510800e-02 
1.255600e-02 
4.873000e-03 
-5.388000e-03 
9.618000e-03 
-4.748000e-03 
-3.943000e-03 
9.943000e-03 
-2.874700e-02 
-2.516700e-02 
-4.966000e-03 
-4.564000e-03 
7.041000e-03 
-7.120000e-04 
2.229300e-02 
2.974100e-02 
4.029000e-03 
-3.745400e-02 
-3.870000e-02 
-2.058000e-02 
-4.800000e-04 
3.897000e-02 
1.494600e-02 
-4.798000e-03 
-2.981000e-02 
-3.397900e-02 
7.826000e-03 
1.653300e-02 
-4.427000e-03 
-4.297000e-03 
-1.635400e-02 
-2.498600e-02 
1.114200e-02 
2.921800e-02 
2.421900e-02 
8.273000e-03 
-2.470600e-02 
-2.821400e-02 
8.888000e-03 
1.259300e-02 
-1.937800e-02 
1.124200e-02 
1.730700e-02 
-2.614700e-02 
-1.569400e-02 
4.526000e-03 
3.322000e-03 
9.218000e-03 
-1.585600e-02 
-4.596800e-02 
-2.211100e-02 
2.340000e-04 
8.691800e-02 
6.136000e-02 
-7.470200e-02 
-1.246230e-01 
-9.594800e-02 
1.610200e-02 
9.304500e-02 
8.726300e-02 
-4.793100e-02 
-1.198100e-01 
-4.252000e-02 
3.380100e-02 
3.995300e-02 
4.054700e-02 
2.729600e-02 
-5.716300e-02 
-7.734800e-02 
-9.756900e-02 
-3.384300e-02 
4.855900e-02 
9.499000e-02 
2.317600e-02 
-9.667500e-02 
-1.249300e-02 
7.652000e-03 
-3.717300e-02 
-2.945500e-02 
-2.636400e-02 
4.229300e-02 
2.965500e-02 
-2.164600e-02 
3.535800e-02 
8.936400e-02 
5.256200e-02 
-7.113800e-02 
-9.196000e-02 
3.713000e-03 
6.373700e-02 
1.091040e-01 
8.046000e-02 
-7.083600e-02 
-1.102410e-01 
4.196900e-02 
9.022900e-02 
-5.658800e-02 
-9.318800e-02 
-4.282900e-02 
5.103000e-03 
5.397700e-02 
-9.057000e-03 
-5.734000e-03 
-2.349200e-02 
5.670100e-02 
1.596120e-01 
4.748200e-02 
9.928000e-03 
7.119000e-02 
7.950600e-02 
3.861800e-02 
-6.690600e-02 
-9.927700e-02 
-6.107800e-02 
5.070300e-02 
-2.523000e-03 
-3.864900e-02 
2.819600e-02 
2.314000e-03 
2.222500e-02 
1.812300e-02 
-6.273400e-02 
-6.126900e-02 
4.900000e-04 
2.631000e-02 
4.724100e-02 
7.320000e-03 
-1.917700e-02 
-1.397300e-02 
5.113400e-02 
3.896100e-02 
-4.601200e-02 
-1.191200e-02 
-9.368000e-03 
1.200900e-02 
2.235400e-02 
1.526100e-02 
2.410000e-02 
-1.724200e-02 
1.610100e-02 
-2.991900e-02 
-7.227200e-02 
2.443700e-02 
7.411900e-02 
3.496100e-02 
-1.852800e-02 
8.765000e-03 
-2.444100e-02 
-3.828100e-02 
4.195600e-02 
5.860600e-02 
8.735000e-03 
-6.570300e-02 
-7.313900e-02 
8.086000e-03 
5.428500e-02 
9.074600e-02 
6.520600e-02 
-6.859800e-02 
-8.896900e-02 
2.162100e-02 
7.392200e-02 
2.460000e-03 
-4.650700e-02 
5.731000e-03 
5.549400e-02 
2.111200e-02 
-2.988400e-02 
-4.073700e-02 
-2.773700e-02 
-1.043100e-02 
-5.872300e-02 
-2.413000e-03 
2.385200e-02 
-7.975000e-03 
6.542800e-02 
4.747900e-02 
-5.882200e-02 
-8.153200e-02 
-1.987600e-02 
4.140400e-02 
9.578000e-03 
-7.790000e-03 
7.958000e-03 
-4.981000e-03 
4.420000e-04 
-1.103900e-02 
9.522000e-03 
3.913400e-02 
1.175000e-03 
-2.849000e-02 
6.062000e-03 
3.348100e-02 
1.939900e-02 
-1.653600e-02 
-8.634000e-03 
3.871500e-02 
4.874900e-02 
4.860000e-02 
1.187200e-02 
-1.229200e-02 
3.816600e-02 
8.003500e-02 
6.502300e-02 
3.380200e-02 
6.958800e-02 
4.331700e-02 
-3.400500e-02 
-2.804000e-03 
2.370200e-02 
1.438500e-02 
4.994300e-02 
1.080800e-02 
-3.751100e-02 
9.380000e-03 
2.940400e-02 
3.942300e-02 
5.830700e-02 
4.962400e-02 
3.528200e-02 
6.191700e-02 
6.084200e-02 
2.401000e-02 
5.680500e-02 
4.401200e-02 
-5.558000e-03 
-1.099000e-02 
-2.899900e-02 
2.510000e-02 
2.474900e-02 
-1.224500e-02 
2.864000e-02 
8.138000e-03 
-4.436100e-02 
-2.631200e-02 
9.931000e-03 
-5.660900e-02 
-1.084720e-01 
-6.714800e-02 
-9.861000e-03 
4.392300e-02 
4.743400e-02 
-1.909000e-02 
-1.028250e-01 
-1.172330e-01 
-8.430200e-02 
-7.847100e-02 
-2.962500e-02 
-3.561800e-02 
-5.285400e-02 
-4.915300e-02 
8.204000e-03 
2.042780e-01 
2.947210e-01 
1.546310e-01 
-8.904700e-02 
-1.904390e-01 
-1.343150e-01 
2.439200e-02 
1.027250e-01 
2.202750e-01 
1.740900e-01 
8.054800e-02 
1.176490e-01 
-1.277440e-01 
-2.346340e-01 
-2.726930e-01 
-2.663630e-01 
-3.214900e-02 
1.433790e-01 
2.387990e-01 
2.042100e-01 
2.944300e-02 
-8.694700e-02 
-2.666910e-01 
-2.546760e-01 
8.974700e-02 
1.512740e-01 
-1.566760e-01 
-2.677130e-01 
-6.620000e-04 
1.482640e-01 
2.266570e-01 
1.872250e-01 
-1.029100e-01 
-1.600300e-01 
1.162040e-01 
1.635580e-01 
2.369600e-02 
-1.032090e-01 
-2.200460e-01 
-2.106420e-01 
-1.247240e-01 
-5.390000e-03 
2.552300e-02 
5.538000e-02 
2.073610e-01 
-2.689300e-02 
-2.826220e-01 
-1.803990e-01 
-6.756200e-02 
4.220400e-02 
1.740150e-01 
9.784400e-02 
1.362600e-02 
1.084380e-01 
7.043000e-03 
-1.075500e-02 
-5.754600e-02 
-1.439100e-01 
-8.863300e-02 
-5.902200e-02 
-5.888400e-02 
-1.357140e-01 
-1.578040e-01 
-1.263380e-01 
-1.049190e-01 
9.901900e-02 
2.100990e-01 
-9.177400e-02 
-1.770560e-01 
1.226280e-01 
1.826040e-01 
-5.720300e-02 
-1.909850e-01 
-6.267700e-02 
-9.402000e-03 
-6.880100e-02 
-6.236700e-02 
8.062000e-03 
6.182300e-02 
7.670500e-02 
7.764000e-02 
1.129630e-01 
3.931500e-02 
-2.500840e-01 
-1.527390e-01 
2.574310e-01 
3.234280e-01 
2.360750e-01 
1.195220e-01 
-4.417200e-02 
-5.423000e-02 
8.935700e-02 
1.262470e-01 
-3.902000e-03 
-5.261600e-02 
-5.250000e-04 
1.280000e-04 
-7.389900e-02 
-9.381400e-02 
-5.843900e-02 
4.956900e-02 
1.226930e-01 
6.061100e-02 
3.283000e-02 
-1.290110e-01 
-1.661020e-01 
6.551000e-03 
9.316200e-02 
7.817200e-02 
-5.117200e-02 
-1.324480e-01 
-1.186790e-01 
-1.447000e-02 
5.997300e-02 
3.332000e-03 
-9.241600e-02 
-1.197670e-01 
-2.233600e-02 
5.192500e-02 
7.013000e-02 
-2.865600e-02 
-9.859900e-02 
-8.173200e-02 
-1.007030e-01 
-8.511300e-02 
-8.457500e-02 
-5.469200e-02 
-1.692820e-01 
-2.636060e-01 
-8.484600e-02 
4.342000e-03 
-9.800900e-02 
-4.354100e-02 
1.471830e-01 
1.576010e-01 
1.676050e-01 
1.560930e-01 
2.929300e-02 
-5.853000e-02 
-9.695000e-02 
-7.540700e-02 
3.404200e-02 
5.154900e-02 
1.312300e-02 
4.037100e-02 
5.412400e-02 
1.537070e-01 
1.077200e-01 
-1.517550e-01 
-1.625830e-01 
4.443800e-02 
1.179400e-01 
-2.443300e-02 
-6.716300e-02 
3.610200e-02 
-3.821600e-02 
-1.304100e-01 
-2.186320e-01 
-1.712960e-01 
9.955000e-02 
1.793070e-01 
2.591820e-01 
2.963140e-01 
8.869800e-02 
-6.760900e-02 
-5.047400e-02 
9.454000e-02 
2.624100e-01 
3.230340e-01 
2.478810e-01 
1.539930e-01 
7.526300e-02 
-1.017400e-02 
1.125770e-01 
2.643530e-01 
-4.813500e-02 
-2.464610e-01 
-1.389200e-01 
-1.891330e-01 
-2.492900e-01 
-2.379270e-01 
-2.688230e-01 
-1.769620e-01 
2.866500e-02 
2.183090e-01 
2.418990e-01 
2.333280e-01 
3.533060e-01 
3.349690e-01 
2.404230e-01 
1.236490e-01 
-4.951600e-02 
-2.868000e-02 
1.017100e-01 
-1.079240e-01 
-2.349390e-01 
-6.849400e-02 
3.998500e-02 
1.472120e-01 
1.487500e-01 
-3.897200e-02 
-2.276740e-01 
-2.226780e-01 
-9.950600e-02 
1.741900e-02 
1.301180e-01 
1.912770e-01 
1.451670e-01 
-3.709500e-02 
-2.011610e-01 
-2.755650e-01 
-3.719430e-01 
-3.926290e-01 
-3.666640e-01 
-2.410320e-01 
1.320260e-01 
1.308450e-01 
-2.023280e-01 
-1.812200e-01 
2.112630e-01 
2.105790e-01 
-2.611130e-01 
-2.020030e-01 
1.302160e-01 
4.740000e-04 
-1.418990e-01 
-2.978930e-01 
-3.192710e-01 
-8.481000e-03 
8.341700e-02 
-1.683140e-01 
-2.628990e-01 
6.170600e-02 
1.015170e-01 
-2.856000e-01 
-1.858090e-01 
2.562190e-01 
3.755360e-01 
3.166440e-01 
2.815500e-01 
3.350330e-01 
3.371810e-01 
1.612140e-01 
-1.756650e-01 
-9.549600e-02 
1.603060e-01 
1.396140e-01 
2.962050e-01 
2.415540e-01 
-5.016500e-02 
-1.629270e-01 
5.363900e-02 
2.728540e-01 
3.579910e-01 
2.163460e-01 
-1.476270e-01 
-2.809820e-01 
-2.340850e-01 
-2.293720e-01 
1.930000e-02 
2.164470e-01 
-2.897900e-02 
-1.332040e-01 
-4.585600e-02 
1.788650e-01 
3.463060e-01 
3.975370e-01 
3.474090e-01 
1.551880e-01 
-3.857900e-02 
-1.035550e-01 
-1.415790e-01 
-6.522300e-02 
2.920030e-01 
7.193300e-02 
-1.443790e-01 
-3.329600e-02 
5.481500e-02 
1.566400e-01 
6.588600e-02 
6.762300e-02 
-6.826000e-02 
-2.109300e-02 
1.018340e-01 
1.426850e-01 
1.049640e-01 
-2.040880e-01 
-2.725540e-01 
1.198500e-02 
-1.962200e-02 
-3.893650e-01 
-2.156090e-01 
1.618600e-01 
1.250480e-01 
1.250950e-01 
1.622620e-01 
2.312790e-01 
1.883920e-01 
-1.060960e-01 
-2.166900e-01 
-2.249400e-01 
-2.150680e-01 
-2.460780e-01 
-2.908140e-01 
-6.705300e-02 
1.430870e-01 
1.187220e-01 
-9.486300e-02 
-2.014840e-01 
-4.549600e-02 
-1.072890e-01 
-2.003820e-01 
-2.268390e-01 
-5.178400e-02 
1.526780e-01 
1.345210e-01 
1.942680e-01 
2.549760e-01 
1.101060e-01 
-5.355000e-03 
-5.101600e-02 
7.664700e-02 
1.701300e-01 
3.608600e-02 
-1.424040e-01 
-3.790650e-01 
-2.522290e-01 
-6.445800e-02 
-1.241620e-01 
-6.121200e-02 
-8.512300e-02 
-1.532230e-01 
7.362500e-02 
3.715600e-02 
-3.388540e-01 
-4.266590e-01 
-1.128280e-01 
3.456200e-02 
-1.908040e-01 
-9.355300e-02 
2.930000e-03 
-3.157300e-02 
5.007700e-02 
1.120080e-01 
1.236160e-01 
2.180700e-02 
-9.247500e-02 
-1.161550e-01 
-3.128600e-02 
2.735000e-02 
5.626900e-02 
6.004800e-02 
-9.717000e-03 
-1.802170e-01 
-2.073930e-01 
8.240400e-02 
2.360880e-01 
2.145190e-01 
2.754000e-03 
-7.141400e-02 
9.452900e-02 
-1.579500e-02 
6.614200e-02 
8.915900e-02 
-2.690630e-01 
-1.502040e-01 
6.379900e-02 
1.841090e-01 
3.131590e-01 
3.145120e-01 
2.380550e-01 
-7.134500e-02 
-2.233530e-01 
9.930800e-02 
1.208150e-01 
-1.141640e-01 
3.528700e-02 
1.659060e-01 
1.416350e-01 
-2.205300e-02 
-4.399400e-02 
1.819120e-01 
2.571670e-01 
1.898540e-01 
-6.613500e-02 
-1.231710e-01 
1.422060e-01 
1.862680e-01 
8.924800e-02 
-4.813000e-02 
-8.580000e-03 
1.369140e-01 
-4.876700e-02 
-1.343060e-01 
-7.532600e-02 
4.568300e-02 
1.470980e-01 
4.748000e-03 
-1.409350e-01 
-1.819820e-01 
-9.554900e-02 
-1.927000e-02 
1.502300e-02 
7.922300e-02 
1.158710e-01 
1.602210e-01 
1.766850e-01 
8.989200e-02 
-8.031000e-03 
-8.517400e-02 
-8.928100e-02 
-1.924800e-02 
5.399200e-02 
7.098800e-02 
5.269300e-02 
1.260790e-01 
1.849980e-01 
1.792410e-01 
2.840000e-03 
-1.494020e-01 
2.033400e-02 
1.102030e-01 
1.547300e-02 
-1.261400e-02 
1.522900e-02 
2.151500e-02 
2.080500e-02 
-7.946600e-02 
-1.161250e-01 
2.983900e-02 
8.424800e-02 
2.482000e-03 
-5.922000e-03 
-4.336500e-02 
-8.975200e-02 
9.995000e-03 
3.076800e-02 
1.133750e-01 
1.488610e-01 
-5.706800e-02 
-2.521970e-01 
-2.669840e-01 
-1.679990e-01 
-1.451420e-01 
-9.981800e-02 
6.606000e-02 
1.663700e-01 
1.231060e-01 
-8.509200e-02 
-2.072960e-01 
-8.799400e-02 
6.381300e-02 
1.594900e-01 
7.794200e-02 
-5.825300e-02 
-1.383230e-01 
-2.396440e-01 
-1.756090e-01 
-1.104740e-01 
-1.917640e-01 
-1.828110e-01 
-4.859600e-02 
2.163800e-02 
1.102100e-01 
1.108380e-01 
-5.484500e-02 
1.685900e-02 
-1.548200e-02 
-2.605830e-01 
-2.809510e-01 
8.056000e-03 
8.133500e-02 
-1.324390e-01 
4.299200e-02 
1.415460e-01 
-1.727000e-03 
-1.248340e-01 
-1.399090e-01 
1.127450e-01 
1.630850e-01 
1.127310e-01 
1.006660e-01 
-2.779220e-01 
-2.583130e-01 
1.367180e-01 
-1.918000e-02 
-1.417820e-01 
2.690900e-02 
-6.574500e-02 
-1.319900e-01 
-6.007800e-02 
-5.656000e-03 
3.749400e-02 
1.513800e-02 
4.641200e-02 
6.907600e-02 
2.642200e-02 
-9.060000e-04 
-1.001400e-02 
3.097000e-02 
5.227300e-02 
-1.685400e-02 
-2.290600e-02 
6.817600e-02 
8.307900e-02 
-3.135300e-02 
-2.132000e-02 
8.582500e-02 
-2.874800e-02 
-9.294600e-02 
-2.173100e-02 
5.761600e-02 
1.028280e-01 
1.291040e-01 
1.571970e-01 
1.781680e-01 
1.199520e-01 
-4.264600e-02 
-5.713900e-02 
2.881900e-02 
5.339300e-02 
2.694200e-02 
2.519200e-02 
7.199800e-02 
7.896000e-02 
3.773900e-02 
-2.726000e-03 
-4.841400e-02 
-4.654200e-02 
1.277000e-03 
2.130000e-02 
-1.012900e-02 
-9.065700e-02 
-1.482740e-01 
-1.510740e-01 
-3.800300e-02 
7.888400e-02 
1.485530e-01 
1.036490e-01 
-1.016230e-01 
-2.298490e-01 
-1.732910e-01 
-5.100000e-05 
5.786200e-02 
3.464200e-02 
-8.116700e-02 
-1.592760e-01 
-3.533400e-02 
7.332300e-02 
1.616410e-01 
2.296310e-01 
1.420690e-01 
-8.025300e-02 
-2.530380e-01 
-2.525580e-01 
-1.136160e-01 
-1.928300e-02 
2.133600e-02 
4.448500e-02 
5.221000e-02 
1.036830e-01 
6.710100e-02 
-8.013400e-02 
-4.676700e-02 
9.557500e-02 
1.068180e-01 
5.862000e-02 
1.100300e-02 
-1.916100e-02 
-7.253000e-03 
7.285400e-02 
1.054840e-01 
5.071200e-02 
-5.553000e-03 
-5.651800e-02 
-4.236600e-02 
2.295700e-02 
6.014000e-02 
7.348000e-02 
5.135600e-02 
-3.226000e-03 
-2.220900e-02 
-1.673600e-02 
-2.799900e-02 
1.675100e-02 
7.484400e-02 
1.176180e-01 
9.317800e-02 
-2.241000e-02 
-1.177310e-01 
-9.203300e-02 
2.474200e-02 
8.715500e-02 
1.172670e-01 
1.163870e-01 
3.030200e-02 
-7.304400e-02 
-1.528600e-01 
-1.258120e-01 
1.555000e-03 
7.716600e-02 
7.279700e-02 
1.050700e-02 
-5.966200e-02 
-1.509030e-01 
-1.091740e-01 
1.462300e-02 
4.181500e-02 
3.317300e-02 
7.533000e-03 
-4.378000e-03 
-5.428500e-02 
-3.830000e-02 
5.721100e-02 
6.110500e-02 
5.663500e-02 
6.070400e-02 
-7.210000e-04 
-8.582100e-02 
-1.254290e-01 
-7.998900e-02 
-9.772000e-03 
1.859800e-02 
2.183600e-02 
-7.470000e-04 
-8.223200e-02 
-7.944300e-02 
-1.425500e-02 
1.905600e-02 
5.722400e-02 
4.454500e-02 
-4.040600e-02 
-3.224200e-02 
6.302700e-02 
3.068900e-02 
-1.123100e-02 
2.055200e-02 
2.617000e-03 
-1.163400e-02 
-8.623000e-03 
-2.334200e-02 
-2.727000e-03 
3.764400e-02 
4.457400e-02 
4.497000e-02 
3.283500e-02 
-9.021000e-03 
-3.194600e-02 
4.710000e-03 
4.818500e-02 
3.664400e-02 
1.293600e-02 
-2.038700e-02 
-2.526300e-02 
-1.494200e-02 
2.631000e-02 
7.328200e-02 
7.225800e-02 
7.314000e-03 
-7.138000e-02 
-7.015600e-02 
-7.609000e-03 
5.723300e-02 
1.073670e-01 
1.081870e-01 
7.724100e-02 
1.347000e-03 
-3.286000e-02 
-4.180000e-04 
-1.307000e-03 
-1.342100e-02 
1.937400e-02 
2.467900e-02 
-4.024900e-02 
-3.111900e-02 
-1.762300e-02 
4.045000e-03 
7.457200e-02 
4.758500e-02 
1.328900e-02 
-5.342200e-02 
-6.024700e-02 
5.202300e-02 
7.822000e-02 
1.095290e-01 
1.517170e-01 
5.223900e-02 
-6.480900e-02 
-9.772200e-02 
-1.222500e-01 
-7.705500e-02 
1.032580e-01 
1.189440e-01 
6.173000e-03 
-5.720400e-02 
-4.167300e-02 
1.580400e-02 
1.738400e-02 
1.138600e-02 
3.190200e-02 
5.412100e-02 
3.702900e-02 
1.621900e-02 
-7.958200e-02 
-4.077500e-02 
6.742200e-02 
6.733500e-02 
6.089300e-02 
-3.423700e-02 
-3.829600e-02 
-4.738000e-03 
-2.305500e-02 
1.305900e-02 
2.122400e-02 
5.785300e-02 
5.906100e-02 
2.121000e-03 
-2.347200e-02 
-1.547400e-02 
5.661000e-03 
-1.116800e-02 
8.834000e-03 
2.723400e-02 
2.707500e-02 
3.993200e-02 
2.064600e-02 
-5.940000e-03 
-4.652800e-02 
-5.004900e-02 
-7.873000e-03 
-3.278000e-03 
-2.436300e-02 
-5.621100e-02 
-4.554400e-02 
-4.339700e-02 
-6.808300e-02 
-1.979900e-02 
2.357900e-02 
3.880000e-04 
-7.856700e-02 
-7.978800e-02 
-1.111400e-02 
-1.816600e-02 
-3.672000e-02 
-1.009900e-02 
-1.891000e-03 
4.163000e-03 
4.204900e-02 
3.775600e-02 
-2.818900e-02 
-5.260000e-02 
-6.060000e-03 
3.046900e-02 
2.998300e-02 
1.119000e-03 
-2.768500e-02 
-1.902900e-02 
-3.819000e-03 
-1.078800e-02 
-2.405500e-02 
-5.770700e-02 
-1.030670e-01 
-6.787100e-02 
1.213300e-02 
-4.302100e-02 
-7.369000e-02 
-3.074300e-02 
-5.093000e-03 
2.692100e-02 
3.981400e-02 
3.886400e-02 
4.678300e-02 
6.274400e-02 
6.237900e-02 
2.752500e-02 
-1.069100e-02 
-4.154000e-03 
4.146100e-02 
4.177500e-02 
2.147000e-03 
-6.452800e-02 
-7.417400e-02 
2.002400e-02 
5.132200e-02 
3.145300e-02 
-2.617000e-03 
-1.937800e-02 
-3.289300e-02 
-6.862200e-02 
-5.020800e-02 
-1.418100e-02 
-9.740000e-03 
-8.033000e-03 
3.574500e-02 
4.709100e-02 
-8.610000e-03 
-5.348100e-02 
-5.576800e-02 
9.050000e-04 
3.720800e-02 
3.882100e-02 
1.145200e-02 
-2.612000e-03 
3.285000e-02 
1.839300e-02 
-4.115900e-02 
-3.081200e-02 
2.332400e-02 
4.489100e-02 
2.741000e-02 
4.294000e-03 
4.537000e-03 
6.342000e-03 
2.451600e-02 
2.903100e-02 
-1.091000e-03 
-3.320000e-03 
-6.231000e-03 
-5.732600e-02 
-6.549500e-02 
-1.349900e-02 
3.432700e-02 
7.976400e-02 
5.347400e-02 
-4.058100e-02 
-6.606700e-02 
-7.228000e-02 
-6.249100e-02 
-1.178500e-02 
1.255200e-02 
-4.399000e-03 
-2.720700e-02 
-7.781000e-03 
3.283700e-02 
4.137600e-02 
-7.484000e-03 
-4.861500e-02 
-4.002400e-02 
1.135800e-02 
2.100500e-02 
1.653000e-03 
9.088000e-03 
-5.230000e-03 
-2.916300e-02 
-1.722000e-02 
2.984400e-02 
6.346100e-02 
4.535700e-02 
1.113700e-02 
6.009000e-03 
1.932000e-03 
3.041000e-02 
4.653800e-02 
2.467000e-02 
8.221000e-03 
-3.610000e-04 
6.538000e-03 
-8.339000e-03 
-4.362000e-02 
-5.675900e-02 
-2.775900e-02 
7.175000e-03 
4.269800e-02 
5.103000e-02 
2.592300e-02 
-2.984500e-02 
-7.412400e-02 
-4.141400e-02 
-9.377000e-03 
1.901300e-02 
4.576400e-02 
3.489500e-02 
-9.300000e-05 
-3.827500e-02 
-3.715400e-02 
8.770000e-03 
8.831000e-03 
-1.855200e-02 
1.538600e-02 
8.540800e-02 
9.296500e-02 
4.045400e-02 
-1.071500e-02 
-6.028300e-02 
-4.947200e-02 
1.521200e-02 
3.815800e-02 
4.752000e-02 
3.811200e-02 
-2.217100e-02 
-1.001360e-01 
-1.142560e-01 
-7.301200e-02 
-8.584700e-02 
-5.783000e-02 
2.765600e-02 
7.381800e-02 
7.132200e-02 
-3.199600e-02 
-1.096820e-01 
-9.861400e-02 
-8.902500e-02 
-2.379300e-02 
4.775600e-02 
8.988700e-02 
6.407500e-02 
-2.504900e-02 
-6.538200e-02 
-3.566500e-02 
2.017200e-02 
-3.030000e-03 
-1.845200e-02 
-1.808500e-02 
-2.415400e-02 
2.262100e-02 
6.277600e-02 
5.120700e-02 
2.307400e-02 
3.281300e-02 
2.584400e-02 
2.025000e-02 
2.544300e-02 
3.078000e-02 
2.975900e-02 
-8.354000e-03 
-4.354000e-02 
-4.818700e-02 
-5.350000e-04 
8.584000e-03 
-2.126500e-02 
-4.469300e-02 
-4.620700e-02 
-5.154000e-03 
3.702800e-02 
6.723100e-02 
2.606400e-02 
-5.949900e-02 
-1.170440e-01 
-1.159960e-01 
-3.601000e-02 
3.056000e-02 
8.151300e-02 
9.187500e-02 
2.871600e-02 
-2.335600e-02 
-6.946400e-02 
-6.187500e-02 
2.767000e-02 
8.453900e-02 
1.283200e-01 
9.071800e-02 
-1.393700e-02 
-9.773000e-02 
-1.038870e-01 
-4.141200e-02 
-5.327100e-02 
-3.071300e-02 
3.218200e-02 
4.834000e-03 
-4.824100e-02 
4.861000e-03 
6.057100e-02 
5.080300e-02 
4.196000e-02 
8.113000e-03 
-4.377300e-02 
-2.953300e-02 
-3.270200e-02 
-3.376200e-02 
2.416500e-02 
7.753100e-02 
9.202800e-02 
8.195000e-02 
5.265100e-02 
-3.107300e-02 
-3.125100e-02 
3.540600e-02 
1.865800e-02 
1.335900e-02 
2.047200e-02 
1.994000e-03 
7.404000e-03 
-4.010000e-03 
-5.850000e-04 
2.159100e-02 
1.850400e-02 
1.253200e-02 
1.157600e-02 
2.726500e-02 
4.017000e-03 
-4.472300e-02 
-3.938500e-02 
1.036900e-02 
1.250300e-02 
8.206000e-03 
-6.351000e-03 
-2.971200e-02 
1.654700e-02 
5.620700e-02 
1.180100e-01 
7.089900e-02 
-1.133770e-01 
-2.046050e-01 
-1.560770e-01 
-3.022500e-02 
5.737100e-02 
1.285070e-01 
1.090340e-01 
1.405000e-02 
-4.290100e-02 
-3.599800e-02 
9.197000e-03 
6.709000e-03 
1.574200e-02 
1.978000e-02 
1.289300e-02 
4.689800e-02 
8.155200e-02 
7.757300e-02 
3.393800e-02 
2.687300e-02 
6.414000e-03 
-8.092900e-02 
-6.198100e-02 
3.511200e-02 
9.534100e-02 
2.843700e-02 
-1.413020e-01 
-1.276410e-01 
-2.808000e-03 
6.200500e-02 
1.154890e-01 
1.090270e-01 
1.750800e-02 
-6.005400e-02 
-1.278500e-01 
-1.603520e-01 
-8.188200e-02 
-1.933200e-02 
5.810900e-02 
7.329000e-02 
-6.152400e-02 
-1.339830e-01 
-1.620260e-01 
-1.000540e-01 
6.094600e-02 
1.424490e-01 
1.331880e-01 
6.230800e-02 
-1.468100e-02 
-3.150900e-02 
1.838900e-02 
1.930400e-02 
-6.901000e-03 
-2.057200e-02 
-1.776200e-02 
-4.996300e-02 
5.655000e-03 
1.006240e-01 
2.033300e-02 
2.773600e-02 
-1.193800e-02 
-4.504900e-02 
4.320200e-02 
5.824600e-02 
5.041500e-02 
5.340700e-02 
3.181600e-02 
-7.214000e-03 
-3.186900e-02 
-6.900000e-03 
2.129000e-03 
-3.545000e-03 
2.788000e-03 
5.587000e-03 
1.738000e-03 
-7.340000e-03 
-2.327100e-02 
-4.874300e-02 
-5.052300e-02 
-8.601000e-03 
6.912400e-02 
5.281000e-02 
-2.639200e-02 
-1.831000e-02 
3.174500e-02 
1.125400e-02 
1.072900e-02 
2.747500e-02 
1.169400e-02 
1.393800e-02 
-8.467000e-03 
-7.678000e-03 
4.237600e-02 
2.781700e-02 
6.465000e-03 
-1.397800e-02 
4.186000e-03 
1.371230e-01 
5.638900e-02 
-1.608260e-01 
-1.361720e-01 
4.422000e-03 
2.573400e-02 
9.325000e-03 
2.689300e-02 
-5.470000e-03 
-3.304800e-02 
2.911300e-02 
4.566900e-02 
3.456000e-03 
4.869000e-03 
4.916000e-02 
4.019100e-02 
-2.681500e-02 
-1.750000e-02 
-9.657000e-03 
6.559000e-03 
1.602400e-02 
1.099000e-03 
-3.136200e-02 
-1.188300e-02 
4.684200e-02 
7.724500e-02 
5.820700e-02 
-7.006000e-03 
-5.077500e-02 
9.045000e-03 
9.993200e-02 
1.229400e-01 
4.172000e-03 
-1.703250e-01 
-1.405500e-01 
-7.291400e-02 
-6.284900e-02 
-4.474700e-02 
1.536900e-02 
2.448500e-02 
-4.666500e-02 
-1.128400e-01 
-1.210130e-01 
-4.005400e-02 
-2.460200e-02 
1.003900e-02 
1.097100e-01 
1.317200e-01 
7.755200e-02 
-1.762000e-03 
-3.830000e-04 
3.131100e-02 
2.556300e-02 
-1.187400e-02 
-4.702700e-02 
-2.852300e-02 
2.071900e-02 
2.391500e-02 
-2.642200e-02 
-3.972700e-02 
2.472500e-02 
2.996600e-02 
-2.732800e-02 
-5.302200e-02 
-8.300200e-02 
-1.038090e-01 
-5.427300e-02 
7.657400e-02 
6.645800e-02 
-1.134000e-02 
1.335700e-02 
1.613700e-02 
2.830100e-02 
4.065100e-02 
6.474000e-02 
7.187500e-02 
5.301500e-02 
4.710400e-02 
2.730800e-02 
-4.008000e-03 
-1.885900e-02 
7.670000e-04 
2.351000e-02 
4.451400e-02 
7.189400e-02 
4.801100e-02 
-4.235600e-02 
-1.073500e-01 
-8.053200e-02 
8.090000e-04 
8.657000e-03 
-1.915000e-03 
3.691400e-02 
5.461100e-02 
3.997900e-02 
-3.090000e-04 
-4.977000e-02 
-7.203900e-02 
-3.807200e-02 
-1.708000e-02 
2.504800e-02 
1.043150e-01 
1.416250e-01 
1.095480e-01 
1.643200e-02 
-4.533200e-02 
-9.565200e-02 
-5.960000e-02 
3.718600e-02 
1.412100e-02 
-5.563200e-02 
-4.358500e-02 
1.450100e-02 
2.140800e-02 
-1.431100e-02 
-1.082000e-02 
-2.663100e-02 
-5.148700e-02 
-3.613300e-02 
-6.543400e-02 
-4.754800e-02 
9.047000e-03 
-8.687000e-03 
-5.984400e-02 
-2.091100e-02 
5.831000e-02 
8.788900e-02 
2.333900e-02 
-1.626010e-01 
-2.162770e-01 
-1.426730e-01 
-8.495100e-02 
-1.488100e-02 
3.961800e-02 
6.171700e-02 
1.006880e-01 
8.579800e-02 
-4.751000e-03 
-9.146300e-02 
-9.527200e-02 
-3.101300e-02 
-1.223800e-02 
1.832500e-02 
-3.817000e-03 
-2.470000e-04 
3.875400e-02 
2.599300e-02 
2.990900e-02 
4.347000e-02 
-8.757000e-03 
-6.988100e-02 
-5.333000e-03 
3.455300e-02 
2.171400e-02 
1.574800e-02 
-1.110000e-03 
-5.433400e-02 
-4.985800e-02 
-1.038000e-03 
-2.125400e-02 
-2.274100e-02 
1.536400e-02 
2.252300e-02 
-1.269000e-03 
-1.206600e-02 
-2.657900e-02 
-3.037300e-02 
9.002000e-03 
5.788200e-02 
5.313600e-02 
-1.825600e-02 
-7.124700e-02 
-4.679800e-02 
2.028600e-02 
5.618800e-02 
3.571800e-02 
-1.516100e-02 
-4.972900e-02 
-2.665200e-02 
3.578700e-02 
3.625300e-02 
-5.078000e-03 
-4.186400e-02 
-7.648100e-02 
-5.697100e-02 
1.394300e-02 
7.371300e-02 
6.946100e-02 
1.481800e-02 
-2.406800e-02 
1.456000e-03 
5.421500e-02 
6.522400e-02 
5.290600e-02 
1.490600e-02 
-3.405000e-03 
-3.027000e-03 
-2.882100e-02 
-1.338500e-02 
4.938000e-02 
6.207100e-02 
1.175500e-02 
-3.611700e-02 
-3.467500e-02 
1.255000e-03 
-8.500000e-04 
-6.347600e-02 
-6.168300e-02 
1.200700e-02 
2.958600e-02 
1.982800e-02 
-1.557000e-02 
-2.996600e-02 
-1.311600e-02 
-2.975600e-02 
-5.022200e-02 
-7.714900e-02 
-6.547400e-02 
-1.883700e-02 
2.125500e-02 
8.679600e-02 
1.241650e-01 
4.453400e-02 
-1.029580e-01 
-9.311700e-02 
3.708500e-02 
1.115160e-01 
9.699000e-02 
1.335700e-02 
-4.167400e-02 
-7.197500e-02 
-3.943600e-02 
7.659300e-02 
4.378500e-02 
-1.148130e-01 
-1.887090e-01 
-1.263070e-01 
-2.206100e-02 
-1.524100e-02 
-4.272900e-02 
-4.448300e-02 
3.279200e-02 
1.023530e-01 
8.229000e-02 
3.206300e-02 
-2.547000e-03 
-4.814000e-03 
4.215600e-02 
8.526200e-02 
1.194580e-01 
1.059980e-01 
4.949800e-02 
3.337000e-03 
-2.557000e-02 
1.546100e-02 
6.709800e-02 
1.056920e-01 
5.968400e-02 
-7.918700e-02 
-1.960290e-01 
-1.998230e-01 
-9.946800e-02 
-3.005400e-02 
3.909000e-03 
2.082700e-02 
-2.329300e-02 
-1.327750e-01 
-1.518000e-01 
-4.111900e-02 
2.741600e-02 
1.134180e-01 
2.039760e-01 
1.462190e-01 
7.787800e-02 
5.514900e-02 
6.798000e-02 
1.172400e-01 
1.289340e-01 
1.269680e-01 
2.112000e-02 
-1.882830e-01 
-4.282800e-02 
4.926000e-02 
-2.169130e-01 
-2.092330e-01 
-7.353600e-02 
5.634000e-02 
1.860960e-01 
4.879000e-02 
-8.358000e-03 
4.244400e-02 
3.368800e-02 
6.395400e-02 
-1.590800e-02 
8.151100e-02 
1.761070e-01 
9.617500e-02 
-6.471000e-02 
-1.088600e-01 
-8.726000e-03 
6.437700e-02 
1.112370e-01 
7.033700e-02 
-7.886200e-02 
-9.448400e-02 
3.239000e-02 
9.575100e-02 
1.035390e-01 
4.550700e-02 
-4.090000e-03 
-1.531600e-02 
-3.735000e-03 
-1.901900e-02 
-4.536300e-02 
-6.349800e-02 
-1.180660e-01 
-1.277720e-01 
-1.030590e-01 
-4.655300e-02 
3.361400e-02 
9.188800e-02 
1.633060e-01 
1.969790e-01 
1.921400e-01 
1.434410e-01 
2.773000e-02 
-4.734500e-02 
-7.290800e-02 
-3.325000e-02 
-2.941300e-02 
-3.598500e-02 
3.865000e-02 
1.030000e-01 
1.553130e-01 
1.380410e-01 
-2.013000e-03 
-1.075600e-01 
-1.399230e-01 
-1.281230e-01 
-9.030600e-02 
-8.063300e-02 
-4.916500e-02 
-1.975600e-02 
9.201000e-03 
4.156900e-02 
4.378200e-02 
5.841200e-02 
5.629900e-02 
-2.118700e-02 
-6.641400e-02 
-9.507400e-02 
-1.089090e-01 
-1.120670e-01 
-8.584000e-02 
3.824400e-02 
1.123740e-01 
3.362400e-02 
-1.301970e-01 
-1.524520e-01 
-5.200800e-02 
2.803900e-02 
8.219100e-02 
6.128700e-02 
-4.919400e-02 
-5.481100e-02 
3.990400e-02 
1.978400e-02 
2.210300e-02 
5.358200e-02 
2.523700e-02 
-1.712200e-02 
-6.469000e-02 
-1.155000e-01 
-1.137910e-01 
-4.452500e-02 
1.345800e-02 
6.079000e-02 
4.841300e-02 
-3.873200e-02 
-7.149900e-02 
-1.814500e-02 
1.696000e-03 
7.371000e-03 
1.430800e-02 
-3.682600e-02 
-5.043600e-02 
-1.034100e-02 
1.169900e-02 
2.203800e-02 
4.214600e-02 
3.680800e-02 
8.380000e-04 
-2.034600e-02 
-3.368100e-02 
-2.381000e-02 
1.062700e-02 
1.042000e-03 
-4.332800e-02 
-2.561900e-02 
3.313800e-02 
5.051800e-02 
3.889600e-02 
-6.050000e-03 
-4.994800e-02 
-2.506400e-02 
4.118200e-02 
5.323500e-02 
3.627900e-02 
3.314600e-02 
1.245000e-03 
-3.968400e-02 
-3.154100e-02 
2.003000e-02 
7.695000e-03 
-2.611400e-02 
-3.296800e-02 
-8.311100e-02 
-6.818400e-02 
-1.464000e-02 
5.135000e-03 
4.130300e-02 
2.961000e-03 
-2.825600e-02 
-5.531000e-03 
-2.851400e-02 
-7.757300e-02 
-7.515900e-02 
-2.526300e-02 
1.562400e-02 
3.067400e-02 
5.073100e-02 
5.286700e-02 
1.928300e-02 
3.502000e-03 
6.081000e-03 
3.236000e-02 
4.036200e-02 
2.615000e-02 
3.912600e-02 
4.542300e-02 
4.727200e-02 
6.015000e-02 
8.089300e-02 
2.550200e-02 
-8.682500e-02 
-1.524880e-01 
-1.638880e-01 
-9.061600e-02 
-3.689400e-02 
-9.354000e-03 
2.361800e-02 
3.465800e-02 
2.795000e-03 
-1.868900e-02 
3.351300e-02 
9.944500e-02 
8.339800e-02 
4.584000e-03 
-4.630000e-03 
1.959900e-02 
-1.062800e-02 
-4.535800e-02 
-3.284500e-02 
-1.894000e-02 
-3.540100e-02 
-3.311700e-02 
-5.212100e-02 
-1.448600e-02 
9.826000e-02 
1.511200e-01 
9.714400e-02 
-1.445000e-02 
-6.891400e-02 
-6.771300e-02 
-1.871500e-02 
2.635900e-02 
5.876400e-02 
6.335800e-02 
2.723500e-02 
7.329000e-03 
5.953400e-02 
9.450500e-02 
3.227900e-02 
-1.552300e-02 
-2.903000e-02 
2.868000e-03 
1.846400e-02 
9.108000e-03 
4.448600e-02 
8.615400e-02 
9.865900e-02 
5.161200e-02 
-7.331000e-03 
-5.073900e-02 
-7.266600e-02 
-8.559100e-02 
-8.485200e-02 
-1.154500e-02 
5.679000e-02 
1.027850e-01 
7.452100e-02 
-2.675000e-02 
-9.010300e-02 
-7.262800e-02 
1.487800e-02 
2.388600e-02 
-2.126400e-02 
-3.184400e-02 
-2.387500e-02 
4.142600e-02 
9.897700e-02 
7.862900e-02 
5.288000e-03 
-6.322900e-02 
-7.479700e-02 
-5.771000e-03 
3.995000e-02 
4.561500e-02 
2.277700e-02 
-2.419500e-02 
-4.708400e-02 
-2.521600e-02 
1.232300e-02 
2.258900e-02 
2.518100e-02 
6.126800e-02 
2.646100e-02 
-8.278000e-02 
-8.959400e-02 
3.623000e-03 
4.129500e-02 
-5.101000e-03 
-5.951700e-02 
-4.766900e-02 
1.007800e-02 
4.884800e-02 
4.321400e-02 
-3.027500e-02 
-4.417100e-02 
2.877800e-02 
7.764400e-02 
6.835600e-02 
2.628200e-02 
-9.642000e-03 
-5.650100e-02 
-6.907700e-02 
-6.770900e-02 
-7.890500e-02 
-8.604100e-02 
-6.297800e-02 
2.733400e-02 
8.167100e-02 
4.920300e-02 
-2.695800e-02 
-7.690300e-02 
-8.463800e-02 
-6.147000e-02 
-4.016700e-02 
-3.509000e-02 
-3.728300e-02 
-2.115600e-02 
4.344000e-03 
3.454400e-02 
6.094400e-02 
5.200900e-02 
-2.890000e-04 
-3.888100e-02 
-5.070400e-02 
-5.277200e-02 
2.316000e-03 
3.944000e-02 
3.960500e-02 
2.842300e-02 
3.885900e-02 
4.875400e-02 
2.019800e-02 
1.657400e-02 
3.129300e-02 
-8.796000e-03 
-3.332400e-02 
4.422000e-03 
2.266000e-03 
-2.580000e-02 
-5.862000e-03 
2.104500e-02 
3.089300e-02 
2.850300e-02 
5.363600e-02 
6.590300e-02 
2.096900e-02 
-1.931500e-02 
-2.767700e-02 
1.111900e-02 
1.444100e-02 
-2.844000e-02 
-4.714500e-02 
-3.596200e-02 
1.657100e-02 
3.975200e-02 
-1.503100e-02 
-4.995200e-02 
-1.796200e-02 
-7.550000e-04 
-2.832500e-02 
-2.676200e-02 
3.091500e-02 
8.130800e-02 
6.404000e-02 
-9.143000e-03 
-4.052000e-02 
6.425000e-03 
5.270000e-02 
3.798500e-02 
-4.690000e-04 
-4.126200e-02 
-5.422400e-02 
-3.864700e-02 
-3.865100e-02 
-2.277300e-02 
-2.280400e-02 
-1.999000e-02 
5.121000e-03 
2.822800e-02 
1.958800e-02 
-3.297700e-02 
-3.154000e-02 
1.643900e-02 
3.308200e-02 
1.747300e-02 
2.474000e-02 
3.368200e-02 
1.256500e-02 
3.011000e-02 
4.216000e-02 
6.525000e-03 
-7.600000e-03 
3.083900e-02 
4.332500e-02 
2.024000e-03 
-5.616700e-02 
-6.200500e-02 
-3.199100e-02 
-1.097000e-03 
5.072000e-02 
9.962600e-02 
1.035830e-01 
3.509600e-02 
-4.117000e-03 
-2.992600e-02 
-4.146700e-02 
-9.706000e-03 
-4.227300e-02 
-5.577300e-02 
1.489600e-02 
7.496400e-02 
6.237900e-02 
-2.871300e-02 
-1.215820e-01 
-1.055400e-01 
6.500000e-03 
6.797900e-02 
7.818500e-02 
3.319100e-02 
-6.444600e-02 
-5.819200e-02 
2.354900e-02 
7.320900e-02 
7.560800e-02 
7.625000e-03 
-8.008500e-02 
-1.042320e-01 
-2.565600e-02 
1.769600e-02 
4.442200e-02 
3.534800e-02 
-3.068700e-02 
-7.184200e-02 
-6.269400e-02 
-1.704100e-02 
-1.349600e-02 
1.354600e-02 
5.485800e-02 
4.793800e-02 
0 
-4.072700e-02 
-2.239700e-02 
1.830200e-02 
2.050500e-02 
2.378200e-02 
3.842500e-02 
4.933200e-02 
6.153000e-03 
-4.400000e-03 
6.652400e-02 
8.263900e-02 
6.888000e-03 
-8.263300e-02 
-9.770200e-02 
-3.815300e-02 
2.323000e-03 
2.488200e-02 
3.846100e-02 
1.673000e-02 
-5.661100e-02 
-6.348000e-02 
4.503100e-02 
6.468900e-02 
-1.284000e-03 
-2.446900e-02 
6.024000e-03 
2.407600e-02 
2.236800e-02 
2.178000e-03 
-2.040700e-02 
-1.730800e-02 
-3.240600e-02 
-4.358200e-02 
-2.077500e-02 
-1.591500e-02 
-2.436200e-02 
-3.771200e-02 
-4.588500e-02 
-1.157400e-02 
1.059800e-02 
2.577000e-03 
-4.154500e-02 
-3.759500e-02 
2.846200e-02 
2.656800e-02 
-2.883500e-02 
-3.428900e-02 
9.484000e-03 
3.060700e-02 
1.975400e-02 
6.173000e-03 
1.144700e-02 
1.312700e-02 
-1.173700e-02 
-6.506000e-03 
1.367000e-02 
8.830000e-03 
-3.872000e-03 
1.886500e-02 
2.592200e-02 
2.325800e-02 
9.307000e-03 
-6.416500e-02 
-8.249900e-02 
-3.501900e-02 
-6.878000e-03 
1.843000e-02 
1.051600e-02 
-2.319500e-02 
-1.590000e-04 
3.043400e-02 
4.179700e-02 
6.681400e-02 
6.320600e-02 
-1.078400e-02 
-6.364900e-02 
-4.856100e-02 
1.327000e-02 
6.263200e-02 
8.409600e-02 
7.449100e-02 
-3.173000e-03 
-3.823500e-02 
-1.433000e-03 
-8.819000e-03 
-7.328000e-03 
5.737700e-02 
6.333800e-02 
-2.385100e-02 
-5.107000e-02 
-2.060800e-02 
-2.536700e-02 
-1.949600e-02 
2.034000e-03 
-1.269400e-02 
-5.519500e-02 
-7.390000e-02 
-6.526300e-02 
-2.933000e-02 
3.303000e-03 
2.886800e-02 
1.674200e-02 
-8.090400e-02 
-9.277700e-02 
3.134100e-02 
8.203000e-02 
4.942800e-02 
2.192300e-02 
-3.957700e-02 
-5.674900e-02 
1.144600e-02 
4.612000e-02 
5.326100e-02 
3.671600e-02 
1.082900e-02 
-6.074000e-03 
-2.661200e-02 
-2.717000e-02 
-1.089900e-02 
8.570000e-03 
4.288300e-02 
5.814900e-02 
2.413200e-02 
-4.156100e-02 
-6.135200e-02 
-1.739000e-02 
-1.656000e-03 
7.389000e-03 
8.109000e-03 
-8.452000e-03 
-1.617200e-02 
-7.276000e-03 
-2.302000e-02 
-3.396300e-02 
-1.112400e-02 
5.746000e-03 
3.148500e-02 
4.159000e-02 
2.346500e-02 
-7.089000e-03 
-3.472100e-02 
-2.025000e-03 
6.388100e-02 
8.797300e-02 
5.059500e-02 
-2.222900e-02 
-4.968800e-02 
6.210000e-04 
5.284900e-02 
7.113300e-02 
4.082900e-02 
-1.490300e-02 
-4.520800e-02 
-2.560600e-02 
-1.275000e-03 
1.779600e-02 
2.051500e-02 
-2.063200e-02 
-3.433900e-02 
-1.108000e-03 
2.367900e-02 
2.680300e-02 
-1.054800e-02 
-2.698600e-02 
2.238000e-02 
2.950900e-02 
-5.410000e-03 
2.353000e-03 
2.494100e-02 
-8.709000e-03 
-2.705900e-02 
6.546000e-03 
3.454000e-02 
2.402700e-02 
-3.849300e-02 
-9.071800e-02 
-7.144400e-02 
1.282600e-02 
5.598100e-02 
4.432300e-02 
-1.085700e-02 
-8.619400e-02 
-8.249000e-02 
-1.078400e-02 
1.897600e-02 
1.070500e-02 
1.716700e-02 
-1.892500e-02 
-5.145200e-02 
-2.577000e-02 
1.058000e-03 
6.385000e-03 
-2.442500e-02 
-4.296400e-02 
-6.886000e-03 
2.836100e-02 
3.391100e-02 
1.384800e-02 
-7.358000e-03 
-3.024600e-02 
-3.825100e-02 
-3.726000e-03 
3.094900e-02 
3.822200e-02 
9.873000e-03 
-2.840000e-02 
-2.561100e-02 
2.187000e-02 
6.152300e-02 
5.510400e-02 
1.338900e-02 
-2.489400e-02 
-2.118100e-02 
2.095000e-03 
3.478000e-03 
2.764800e-02 
4.654900e-02 
2.004400e-02 
-1.696600e-02 
-3.358700e-02 
-3.775000e-03 
1.641600e-02 
-1.902500e-02 
-4.572000e-02 
-1.200500e-02 
4.660000e-02 
6.255300e-02 
1.260100e-02 
-1.243200e-02 
-1.160300e-02 
-8.963000e-03 
2.516900e-02 
3.668900e-02 
1.532300e-02 
5.907000e-03 
