1 
1.000000e-02 
-2.622595e-04 
-2.192732e-04 
-4.535098e-07 
2.186611e-04 
2.360649e-04 
-1.132585e-05 
-4.345560e-04 
-6.779754e-04 
-4.488379e-04 
-1.543409e-05 
1.286859e-04 
4.059825e-05 
1.957282e-04 
6.303190e-04 
6.186791e-04 
-1.007934e-04 
-7.662319e-04 
-5.615369e-04 
-2.239430e-05 
-1.566248e-04 
-8.101432e-04 
-6.896055e-04 
6.979952e-04 
2.150753e-03 
2.240365e-03 
9.546506e-04 
-6.204273e-04 
-1.547726e-03 
-1.511591e-03 
-6.038991e-04 
6.645721e-04 
1.657190e-03 
2.167923e-03 
2.594814e-03 
2.900316e-03 
2.208381e-03 
4.378450e-04 
-1.000799e-03 
-6.753003e-04 
8.553988e-04 
2.080023e-03 
2.619554e-03 
3.236645e-03 
3.754510e-03 
3.113103e-03 
1.584901e-03 
8.433962e-04 
1.434307e-03 
1.797652e-03 
1.165137e-03 
1.023342e-03 
2.548961e-03 
3.910038e-03 
2.905625e-03 
7.364839e-04 
6.814721e-04 
3.027760e-03 
4.634755e-03 
3.714574e-03 
2.380495e-03 
2.845504e-03 
3.881048e-03 
3.213471e-03 
1.514150e-03 
1.509167e-03 
3.410930e-03 
4.541882e-03 
3.588971e-03 
2.428850e-03 
2.964290e-03 
3.941594e-03 
3.094866e-03 
9.882265e-04 
3.654204e-04 
2.126030e-03 
4.039829e-03 
4.025492e-03 
2.853561e-03 
2.739834e-03 
4.023248e-03 
4.828832e-03 
4.075896e-03 
3.173189e-03 
4.009048e-03 
6.023396e-03 
6.667130e-03 
4.750103e-03 
2.247571e-03 
1.720014e-03 
3.083337e-03 
4.070992e-03 
3.738047e-03 
3.736920e-03 
5.159987e-03 
6.223545e-03 
4.444377e-03 
8.026161e-04 
-7.038000e-04 
1.835639e-03 
5.638552e-03 
6.585840e-03 
4.182515e-03 
1.439066e-03 
8.434658e-04 
1.865425e-03 
2.788800e-03 
2.953345e-03 
2.596646e-03 
1.688215e-03 
9.035380e-05 
-1.468088e-03 
-1.921282e-03 
-1.027589e-03 
3.938966e-04 
1.571621e-03 
2.397164e-03 
3.011243e-03 
3.485358e-03 
3.988057e-03 
4.460344e-03 
4.388881e-03 
3.180082e-03 
1.395511e-03 
4.925701e-04 
1.231938e-03 
2.733062e-03 
3.579072e-03 
3.141250e-03 
1.824724e-03 
4.605815e-04 
8.790239e-05 
1.262688e-03 
3.126311e-03 
3.751290e-03 
2.661736e-03 
1.621257e-03 
2.409403e-03 
4.158742e-03 
4.475009e-03 
2.728888e-03 
1.133079e-03 
1.874065e-03 
4.656828e-03 
7.228467e-03 
7.309559e-03 
4.309014e-03 
-3.800885e-05 
-2.517320e-03 
-1.047236e-03 
3.044056e-03 
6.116179e-03 
6.097581e-03 
3.905835e-03 
1.649368e-03 
3.583107e-04 
4.211803e-04 
2.032178e-03 
4.085472e-03 
4.410301e-03 
2.191036e-03 
-3.007507e-04 
-4.848217e-04 
1.249632e-03 
2.758525e-03 
3.580918e-03 
5.070779e-03 
7.220089e-03 
7.883021e-03 
5.740668e-03 
2.448183e-03 
5.122682e-04 
7.551513e-04 
2.274447e-03 
3.979512e-03 
4.961378e-03 
4.591260e-03 
3.468006e-03 
3.470159e-03 
5.504815e-03 
7.820152e-03 
7.947871e-03 
5.697330e-03 
3.311996e-03 
2.476725e-03 
2.633820e-03 
2.473213e-03 
2.253562e-03 
3.364490e-03 
5.837479e-03 
7.629955e-03 
6.801294e-03 
3.983221e-03 
1.850193e-03 
1.897427e-03 
2.881290e-03 
2.619945e-03 
8.330456e-04 
-5.603943e-04 
5.230727e-04 
4.836161e-03 
1.100836e-02 
1.581756e-02 
1.578118e-02 
1.073153e-02 
5.012222e-03 
3.358163e-03 
5.388164e-03 
6.796370e-03 
5.925553e-03 
6.276811e-03 
1.033623e-02 
1.413023e-02 
1.156493e-02 
3.238484e-03 
-3.373533e-03 
-3.082617e-03 
4.502302e-04 
8.507746e-05 
-5.262796e-03 
-9.358105e-03 
-6.890183e-03 
-3.188289e-04 
3.419404e-03 
1.583317e-03 
-1.638518e-03 
-1.097983e-03 
2.776456e-03 
5.322220e-03 
4.195979e-03 
1.683522e-03 
6.772693e-04 
1.319497e-03 
2.549997e-03 
4.609695e-03 
7.688363e-03 
9.985202e-03 
9.707679e-03 
8.161826e-03 
7.994152e-03 
8.687828e-03 
6.941048e-03 
1.857474e-03 
-2.883246e-03 
-3.257929e-03 
6.195210e-04 
5.733537e-03 
9.976703e-03 
1.291270e-02 
1.385996e-02 
1.181185e-02 
7.263632e-03 
2.267725e-03 
-1.481047e-03 
-4.072095e-03 
-6.366081e-03 
-8.770859e-03 
-1.093716e-02 
-1.198975e-02 
-1.055151e-02 
-6.204082e-03 
-9.936060e-04 
1.382434e-03 
-7.579032e-04 
-4.971064e-03 
-7.362478e-03 
-7.275231e-03 
-7.359481e-03 
-8.819379e-03 
-8.386343e-03 
-2.985174e-03 
4.624936e-03 
7.592935e-03 
3.271103e-03 
-3.511823e-03 
-6.771850e-03 
-6.328722e-03 
-5.918460e-03 
-6.333631e-03 
-4.834471e-03 
-7.827130e-04 
2.095467e-03 
1.015955e-03 
-1.501530e-03 
-9.538205e-04 
3.231824e-03 
7.255180e-03 
8.144316e-03 
6.837017e-03 
6.106675e-03 
6.663488e-03 
6.564497e-03 
3.743704e-03 
-1.068362e-03 
-4.853414e-03 
-5.451504e-03 
-4.117129e-03 
-3.520331e-03 
-4.483594e-03 
-5.402795e-03 
-5.008828e-03 
-3.479900e-03 
-1.016020e-03 
2.507339e-03 
5.697473e-03 
5.856290e-03 
2.567615e-03 
-2.919247e-04 
1.402450e-03 
6.878962e-03 
1.100821e-02 
9.451077e-03 
1.977365e-03 
-7.666823e-03 
-1.387173e-02 
-1.206895e-02 
-2.854336e-03 
7.422003e-03 
1.265469e-02 
1.306386e-02 
1.296341e-02 
1.368944e-02 
1.196838e-02 
5.561805e-03 
-3.201464e-03 
-9.929369e-03 
-1.210541e-02 
-9.767295e-03 
-5.434556e-03 
-3.803127e-03 
-7.888210e-03 
-1.415285e-02 
-1.473174e-02 
-6.910569e-03 
2.936745e-03 
6.981194e-03 
4.492263e-03 
2.408415e-04 
-2.990237e-03 
-6.040815e-03 
-9.254728e-03 
-1.088854e-02 
-9.338234e-03 
-5.074362e-03 
-7.257853e-05 
2.881178e-03 
2.145976e-03 
-2.452543e-04 
6.051617e-04 
6.591302e-03 
1.289824e-02 
1.272371e-02 
4.949185e-03 
-5.195045e-03 
-1.210083e-02 
-1.370412e-02 
-1.104555e-02 
-7.406849e-03 
-7.625229e-03 
-1.431357e-02 
-2.373918e-02 
-2.833547e-02 
-2.397499e-02 
-1.384967e-02 
-5.133755e-03 
-3.511421e-03 
-9.738012e-03 
-1.888165e-02 
-2.313299e-02 
-1.923336e-02 
-1.232198e-02 
-1.040163e-02 
-1.512102e-02 
-2.088326e-02 
-2.163236e-02 
-1.526804e-02 
-2.972581e-03 
1.073436e-02 
1.841336e-02 
1.609868e-02 
9.711260e-03 
8.681313e-03 
1.268326e-02 
1.190462e-02 
1.811888e-03 
-1.048743e-02 
-1.854273e-02 
-2.608655e-02 
-3.700348e-02 
-4.376082e-02 
-3.657659e-02 
-2.055431e-02 
-1.178237e-02 
-1.619113e-02 
-2.274836e-02 
-2.073407e-02 
-1.435298e-02 
-1.392999e-02 
-1.949398e-02 
-2.101996e-02 
-1.298312e-02 
-1.546841e-03 
3.664585e-03 
4.269110e-04 
-5.712826e-03 
-8.769014e-03 
-8.056538e-03 
-6.897530e-03 
-7.472366e-03 
-8.864208e-03 
-9.688890e-03 
-1.096759e-02 
-1.393170e-02 
-1.651472e-02 
-1.478857e-02 
-8.239347e-03 
-4.278889e-04 
5.436277e-03 
9.210675e-03 
1.105913e-02 
9.647185e-03 
4.921759e-03 
-3.378285e-04 
-3.965737e-03 
-7.598308e-03 
-1.348063e-02 
-1.953854e-02 
-2.074124e-02 
-1.536282e-02 
-8.079043e-03 
-6.275707e-03 
-1.275436e-02 
-2.163380e-02 
-2.315228e-02 
-1.464651e-02 
-3.835104e-03 
1.852982e-03 
5.598430e-03 
1.424305e-02 
2.409282e-02 
2.374812e-02 
1.175970e-02 
3.315463e-04 
-3.067222e-03 
-6.529424e-03 
-1.829760e-02 
-2.930794e-02 
-2.387046e-02 
-3.626892e-03 
1.190729e-02 
1.024604e-02 
1.302990e-03 
3.065719e-03 
1.837032e-02 
3.237371e-02 
3.096007e-02 
1.706016e-02 
6.036303e-03 
6.443429e-03 
1.050493e-02 
6.867017e-03 
-1.749986e-03 
-3.179302e-03 
2.625462e-03 
6.344520e-04 
-1.483854e-02 
-2.664259e-02 
-1.888459e-02 
-3.262282e-03 
-3.604435e-03 
-1.989419e-02 
-2.874353e-02 
-1.921567e-02 
-6.735830e-03 
-5.821715e-03 
-9.675810e-03 
-7.747417e-03 
-5.629016e-03 
-1.218023e-02 
-1.996677e-02 
-1.743705e-02 
-1.134570e-02 
-1.771847e-02 
-3.433277e-02 
-4.229439e-02 
-3.562774e-02 
-3.013259e-02 
-3.776785e-02 
-4.925639e-02 
-5.089652e-02 
-4.510362e-02 
-4.266415e-02 
-4.413564e-02 
-4.181539e-02 
-3.458767e-02 
-2.930961e-02 
-2.898330e-02 
-2.866592e-02 
-2.337278e-02 
-1.379669e-02 
-4.578518e-03 
-1.836858e-03 
-1.031346e-02 
-2.790306e-02 
-4.448192e-02 
-5.130246e-02 
-5.017664e-02 
-4.910988e-02 
-5.115270e-02 
-5.324344e-02 
-5.358621e-02 
-5.403964e-02 
-5.594896e-02 
-6.018464e-02 
-6.981998e-02 
-8.559805e-02 
-9.910436e-02 
-9.889240e-02 
-8.523025e-02 
-7.211579e-02 
-6.954115e-02 
-7.189378e-02 
-6.660719e-02 
-4.841453e-02 
-2.399929e-02 
-1.718648e-03 
1.371908e-02 
2.378350e-02 
3.582299e-02 
5.533392e-02 
8.024041e-02 
9.841788e-02 
1.013792e-01 
9.395785e-02 
8.686006e-02 
8.221385e-02 
7.157308e-02 
4.762545e-02 
1.496964e-02 
-1.598591e-02 
-4.064464e-02 
-5.947182e-02 
-7.754639e-02 
-9.992102e-02 
-1.324281e-01 
-1.744776e-01 
-2.140500e-01 
-2.382650e-01 
-2.461510e-01 
-2.499186e-01 
-2.579961e-01 
-2.645389e-01 
-2.590079e-01 
-2.433189e-01 
-2.275845e-01 
-2.151632e-01 
-1.943323e-01 
-1.532365e-01 
-9.702923e-02 
-4.161098e-02 
2.614719e-03 
3.953400e-02 
7.565358e-02 
1.105512e-01 
1.404485e-01 
1.630182e-01 
1.750475e-01 
1.715630e-01 
1.536260e-01 
1.333223e-01 
1.196344e-01 
1.033944e-01 
6.664966e-02 
6.308758e-03 
-6.233358e-02 
-1.242688e-01 
-1.763703e-01 
-2.169489e-01 
-2.385636e-01 
-2.431803e-01 
-2.468271e-01 
-2.612873e-01 
-2.723002e-01 
-2.561604e-01 
-2.125572e-01 
-1.632712e-01 
-1.228905e-01 
-8.157085e-02 
-2.641620e-02 
3.964656e-02 
1.055447e-01 
1.681623e-01 
2.263432e-01 
2.695072e-01 
2.857864e-01 
2.803024e-01 
2.708600e-01 
2.641024e-01 
2.494490e-01 
2.193054e-01 
1.861949e-01 
1.703449e-01 
1.784416e-01 
2.020573e-01 
2.318112e-01 
2.612871e-01 
2.818600e-01 
2.840870e-01 
2.690646e-01 
2.490034e-01 
2.321474e-01 
2.146841e-01 
1.904057e-01 
1.622914e-01 
1.364745e-01 
1.110645e-01 
8.225150e-02 
5.697325e-02 
5.001919e-02 
6.805410e-02 
1.004182e-01 
1.331099e-01 
1.609815e-01 
1.862602e-01 
2.107838e-01 
2.209871e-01 
2.378597e-01 
2.844521e-01 
2.814614e-01 
2.650266e-01 
2.330394e-01 
2.037142e-01 
2.316394e-01 
2.394345e-01 
2.390004e-01 
2.203228e-01 
1.317620e-01 
5.079545e-02 
-5.021690e-02 
-3.810061e-02 
-9.056607e-02 
-9.379356e-02 
-1.907499e-01 
-2.125300e-01 
-3.076736e-01 
-3.045485e-01 
-3.686695e-01 
-3.325908e-01 
-3.086235e-01 
-2.726269e-01 
-2.286502e-01 
-1.443146e-01 
-8.959547e-02 
-1.129014e-02 
-1.161921e-02 
5.055099e-02 
3.401113e-03 
3.253404e-02 
3.950444e-03 
3.067088e-02 
8.910201e-03 
-1.508097e-02 
-1.066127e-01 
-1.531005e-01 
-1.994308e-01 
-1.738401e-01 
-1.739115e-01 
-1.415723e-01 
-1.845363e-01 
-1.970396e-01 
-2.088435e-01 
-2.159618e-01 
-2.129407e-01 
-2.469344e-01 
-2.147798e-01 
-2.582338e-01 
-3.236714e-01 
-3.716953e-01 
-4.038066e-01 
-4.155992e-01 
-4.146492e-01 
-3.246073e-01 
-2.668711e-01 
-2.353561e-01 
-2.256996e-01 
-1.787828e-01 
-1.163795e-01 
-2.982019e-02 
1.023739e-01 
1.896659e-01 
2.325380e-01 
2.577606e-01 
2.408850e-01 
3.000739e-01 
3.741099e-01 
4.776381e-01 
5.227876e-01 
6.747570e-01 
4.990044e-01 
4.456632e-01 
3.821801e-01 
4.463412e-01 
4.729072e-01 
5.881044e-01 
4.736654e-01 
3.758384e-01 
2.337815e-01 
2.607914e-01 
2.307167e-01 
3.506269e-01 
3.628579e-01 
3.740248e-01 
2.826052e-01 
2.227917e-01 
8.419509e-02 
1.962815e-01 
1.975527e-01 
2.280247e-01 
1.972648e-01 
2.417888e-01 
2.365323e-01 
2.975746e-01 
2.583442e-01 
3.485868e-01 
3.764957e-01 
4.068122e-01 
4.017933e-01 
2.941831e-01 
1.787745e-01 
1.380051e-01 
-2.946299e-03 
-4.668216e-02 
-3.532847e-02 
2.322231e-02 
-5.269537e-02 
6.667254e-02 
1.444374e-01 
2.066386e-01 
2.514522e-01 
1.810430e-01 
2.797431e-02 
1.307837e-02 
-7.651637e-02 
-3.392511e-01 
-3.397635e-01 
-1.353443e-01 
1.129419e-01 
3.553186e-01 
4.122446e-01 
3.339192e-01 
1.165286e-01 
-3.371180e-02 
-9.011457e-02 
-1.268512e-01 
-1.336107e-01 
-7.415236e-03 
5.752875e-02 
1.107378e-01 
6.191285e-02 
-1.747011e-02 
-1.035853e-01 
-1.477139e-01 
-7.108461e-02 
1.306211e-01 
2.964281e-01 
3.891728e-01 
3.042254e-01 
1.629791e-01 
4.516435e-02 
8.482145e-02 
8.241502e-02 
1.190085e-01 
1.423069e-01 
8.802052e-02 
1.704822e-02 
-6.373384e-02 
-1.497931e-01 
-2.213747e-01 
-2.572421e-01 
-2.631812e-01 
-1.631404e-01 
-1.246698e-01 
-8.988992e-02 
-1.457762e-01 
-2.996666e-01 
-2.337840e-01 
-1.574269e-01 
-2.750508e-01 
-3.021426e-01 
-2.035837e-01 
-3.092335e-01 
-1.794532e-01 
-1.791532e-01 
-1.949533e-01 
-2.734063e-01 
-3.126500e-01 
-3.928458e-01 
-3.924352e-01 
-3.720057e-01 
-3.276856e-01 
-2.973050e-01 
-2.805521e-01 
-3.464734e-01 
-3.776941e-01 
-3.928515e-01 
-3.882509e-01 
-3.684317e-01 
-3.074282e-01 
-2.385344e-01 
-1.276304e-01 
-5.657756e-02 
-6.236950e-02 
-1.279682e-01 
-2.061143e-01 
-2.845714e-01 
-3.181183e-01 
-5.384003e-01 
-5.847685e-01 
-6.134202e-01 
-3.225857e-01 
-5.271676e-01 
-2.919629e-01 
-4.619689e-01 
-1.748227e-01 
-2.119463e-01 
-3.425962e-01 
-1.262303e-01 
-3.638345e-01 
-3.492129e-01 
-6.601590e-02 
-2.334869e-01 
-4.393030e-02 
-1.304779e-01 
4.292684e-02 
-1.174174e-01 
1.638760e-01 
-6.815667e-02 
2.757026e-01 
3.827842e-02 
2.805709e-01 
4.631583e-02 
2.708273e-01 
3.162614e-02 
1.769349e-01 
7.508856e-03 
2.057146e-01 
2.669291e-02 
9.554184e-02 
1.245133e-01 
3.459276e-01 
1.146609e-01 
2.724716e-01 
5.964099e-02 
1.071425e-01 
1.339708e-02 
4.341273e-02 
-1.930531e-02 
2.155115e-02 
1.093458e-01 
8.151919e-02 
1.179852e-01 
1.025136e-01 
1.004140e-01 
7.771305e-02 
-3.386934e-02 
2.490235e-02 
1.033668e-01 
6.486576e-02 
2.091988e-02 
-4.833189e-04 
-8.226296e-02 
-1.086910e-01 
-1.053609e-01 
-2.802930e-02 
1.164714e-02 
1.594838e-01 
2.027809e-01 
2.304304e-01 
2.598808e-01 
3.325453e-01 
3.964826e-01 
4.532631e-01 
4.645402e-01 
4.223855e-01 
4.176310e-01 
2.909282e-01 
2.364479e-01 
1.296490e-01 
6.161323e-02 
-2.040722e-02 
-8.100526e-02 
-7.143894e-02 
1.164053e-02 
7.576611e-02 
9.389056e-02 
6.208933e-02 
2.885940e-02 
4.074750e-02 
9.730726e-02 
1.513894e-01 
1.798845e-01 
1.712365e-01 
1.455626e-01 
1.869847e-01 
2.325132e-01 
2.014804e-01 
1.556823e-01 
1.070031e-01 
6.642940e-02 
3.934498e-02 
2.847358e-02 
1.945848e-02 
-1.221172e-02 
-5.285001e-02 
-6.995634e-02 
-5.497051e-02 
-2.140106e-02 
3.221767e-03 
-1.407070e-02 
-7.099251e-02 
-1.247911e-01 
-1.342831e-01 
-8.711713e-02 
-1.625668e-02 
2.168831e-02 
-3.807483e-04 
-6.679065e-02 
-1.519893e-01 
-2.367324e-01 
-3.182609e-01 
-4.006611e-01 
-4.820590e-01 
-5.498737e-01 
-5.871655e-01 
-6.473606e-01 
-5.921465e-01 
-5.770599e-01 
-5.015607e-01 
-4.277506e-01 
-3.285126e-01 
-2.233176e-01 
3.102627e-02 
-1.561856e-01 
-2.608602e-01 
-2.457545e-01 
-2.975553e-01 
-1.881276e-01 
-1.080599e-01 
-2.006889e-03 
-8.491486e-03 
-5.053858e-02 
-1.601604e-01 
-1.524325e-01 
-1.338803e-01 
-3.040204e-02 
3.043792e-02 
9.280848e-02 
6.908763e-02 
2.865375e-01 
1.280470e-01 
2.354328e-01 
1.857095e-01 
2.933110e-01 
1.142071e-01 
-7.337062e-02 
-4.046288e-01 
-3.154584e-01 
-3.933038e-01 
-4.270147e-01 
-2.730568e-01 
-2.697769e-01 
-2.589890e-01 
-2.860258e-01 
-2.289711e-01 
-1.108589e-01 
-4.067147e-02 
-5.635844e-02 
-1.001048e-01 
-1.337080e-01 
-4.597264e-02 
1.282667e-01 
3.666895e-01 
5.154082e-01 
6.147322e-01 
5.048253e-01 
5.959114e-01 
7.311828e-01 
5.621933e-01 
4.688866e-01 
3.536099e-01 
2.669026e-01 
2.076532e-01 
1.549874e-01 
1.400383e-01 
7.957715e-02 
6.594039e-02 
2.044994e-02 
4.723577e-02 
1.800762e-02 
7.496376e-02 
2.380358e-02 
1.164634e-01 
1.104580e-01 
2.322480e-01 
5.196650e-03 
3.437803e-02 
6.328970e-02 
9.124679e-03 
-9.885319e-02 
-3.480654e-02 
-5.377309e-02 
-2.816622e-02 
2.026191e-02 
1.628444e-01 
3.376825e-01 
4.783596e-01 
5.528376e-01 
4.683852e-01 
4.375012e-01 
2.731178e-01 
1.109314e-01 
-1.079416e-02 
-1.457902e-01 
-1.543969e-01 
-7.680967e-02 
2.257400e-03 
1.884880e-01 
3.572945e-01 
4.251795e-01 
4.779162e-01 
4.755556e-01 
3.937015e-01 
3.484651e-01 
5.585604e-01 
3.338641e-01 
1.053889e-01 
2.734835e-02 
-6.478399e-02 
4.207539e-02 
9.916058e-02 
1.274560e-01 
6.146555e-02 
-4.109951e-03 
-1.046393e-01 
-9.661577e-03 
6.074148e-02 
8.100313e-02 
1.147671e-01 
1.500381e-01 
1.936394e-01 
1.311901e-01 
4.679899e-02 
-3.212612e-03 
2.121347e-05 
4.696611e-02 
4.080931e-02 
6.538149e-02 
2.067745e-02 
2.896323e-03 
8.829641e-02 
1.722823e-02 
3.379488e-02 
-6.967343e-02 
2.526000e-03 
-7.655116e-02 
-1.315657e-01 
-2.345318e-01 
-2.406839e-01 
-2.799938e-01 
-2.472770e-01 
-2.340921e-01 
-1.665882e-01 
-1.711920e-01 
-1.448441e-01 
-2.162808e-01 
-2.094311e-01 
-2.250662e-01 
-1.560850e-01 
-1.440786e-01 
-1.002941e-01 
-1.401232e-01 
-1.574435e-01 
-2.027851e-01 
-1.989940e-01 
-2.257552e-01 
-2.344097e-01 
-3.000693e-01 
-3.619735e-01 
-4.411907e-01 
-4.826692e-01 
-5.141529e-01 
-4.972946e-01 
-4.752723e-01 
-4.286295e-01 
-3.886369e-01 
-3.448410e-01 
-3.191720e-01 
-2.900452e-01 
-2.705712e-01 
-2.324279e-01 
-1.734596e-01 
-8.979774e-02 
-1.514512e-02 
3.130649e-02 
3.100226e-02 
1.187896e-02 
-4.889976e-03 
-1.168465e-02 
-2.746285e-02 
-6.137897e-02 
-1.100440e-01 
-2.005419e-01 
-1.795864e-01 
-1.253993e-01 
-6.937914e-02 
-7.641376e-03 
3.442113e-02 
3.462603e-02 
-1.217151e-02 
-4.718991e-02 
-7.388086e-02 
-1.263325e-02 
1.269784e-01 
1.070805e-01 
1.182037e-01 
7.559112e-02 
3.490572e-02 
1.787354e-02 
3.074383e-02 
4.800127e-02 
7.880830e-02 
9.813889e-02 
1.259509e-01 
1.495504e-01 
1.461919e-01 
1.259022e-01 
1.300817e-01 
1.774495e-01 
2.602982e-01 
3.342767e-01 
3.555176e-01 
2.893224e-01 
2.560474e-01 
1.934904e-01 
1.941248e-01 
1.823625e-01 
2.303903e-01 
2.354710e-01 
2.512044e-01 
2.124215e-01 
2.132780e-01 
1.996210e-01 
1.929735e-01 
2.604114e-02 
1.171549e-01 
8.769958e-02 
5.728374e-02 
-1.068875e-01 
-2.831934e-01 
-3.199905e-01 
-3.070850e-01 
-3.217049e-01 
-3.330515e-01 
-2.931411e-01 
-2.138589e-01 
-1.327737e-01 
-3.394064e-02 
4.975292e-02 
1.176154e-01 
1.539059e-01 
1.600279e-01 
1.606119e-01 
1.486621e-01 
1.461442e-01 
1.405742e-01 
1.472435e-01 
1.498901e-01 
1.583740e-01 
1.620979e-01 
1.704312e-01 
1.738790e-01 
1.818442e-01 
1.818183e-01 
1.761128e-01 
2.787814e-01 
1.912562e-01 
1.919006e-04 
1.026495e-01 
-1.080432e-01 
-1.008686e-02 
-8.230398e-02 
-1.536900e-01 
9.264007e-03 
5.264392e-02 
-2.907115e-01 
3.496872e-02 
-3.042665e-01 
2.963809e-02 
-2.953532e-01 
6.696301e-02 
-2.499560e-01 
-2.760858e-01 
-3.356646e-02 
2.024585e-01 
-1.476971e-01 
-2.077542e-02 
3.230234e-01 
5.251513e-02 
1.451044e-01 
1.167605e-01 
3.376082e-01 
2.223378e-01 
2.101704e-01 
1.926501e-01 
1.571910e-01 
1.451542e-01 
1.025772e-01 
7.325805e-02 
2.277373e-02 
-9.316916e-03 
-6.145673e-02 
-7.333521e-02 
-9.007431e-02 
-6.235983e-02 
-4.681639e-02 
-6.371463e-03 
-3.969505e-03 
-1.299803e-02 
-1.652043e-02 
3.544480e-02 
-1.654156e-02 
-9.120541e-02 
-1.269472e-01 
-1.417012e-01 
-1.978408e-01 
-2.230636e-01 
-2.586848e-01 
-2.876954e-01 
-2.953477e-01 
-2.753552e-01 
-3.171891e-01 
-2.766349e-01 
-2.661592e-01 
-2.203669e-01 
-2.069082e-01 
-1.378536e-01 
-1.592381e-01 
-1.090202e-01 
-7.850604e-02 
-4.707161e-02 
-1.759917e-02 
1.494576e-02 
1.312632e-02 
2.816184e-02 
-1.388078e-03 
6.401428e-03 
-1.883261e-02 
-9.642800e-03 
-2.366498e-02 
-3.384077e-02 
-2.058326e-02 
-4.756785e-02 
-3.583551e-02 
-4.983184e-02 
-5.819231e-02 
-8.783881e-02 
-1.085997e-01 
-1.461598e-01 
-1.686866e-01 
-1.519006e-01 
-1.622740e-01 
-1.466157e-01 
-9.566656e-02 
-9.336665e-02 
-6.459996e-02 
-7.055702e-02 
-7.346112e-02 
-9.376337e-02 
-1.332211e-01 
-1.375416e-01 
-1.669242e-01 
-1.728517e-01 
-2.520262e-01 
-2.636199e-01 
-2.734836e-01 
-1.885363e-01 
-1.121387e-01 
-3.352801e-02 
-1.262526e-02 
-1.754367e-02 
-2.366135e-02 
3.219890e-02 
4.487595e-02 
1.254849e-01 
1.168499e-01 
1.493538e-01 
1.054708e-01 
8.284609e-02 
1.062285e-01 
9.572795e-02 
8.242607e-02 
6.298927e-02 
6.448122e-02 
9.589605e-02 
1.396993e-01 
1.813564e-01 
1.614030e-01 
1.109454e-01 
5.914311e-02 
5.411190e-02 
1.012831e-01 
1.546249e-01 
1.593314e-01 
1.186662e-01 
6.305050e-02 
2.906592e-02 
4.727482e-02 
8.603785e-02 
1.168560e-01 
2.033025e-01 
1.617017e-01 
3.046460e-02 
1.119562e-01 
1.079680e-01 
1.213930e-01 
6.415044e-02 
1.793772e-01 
6.693869e-02 
2.111492e-02 
1.080320e-01 
9.819575e-02 
1.144415e-01 
1.128576e-01 
3.114692e-02 
8.600242e-02 
-3.424084e-02 
1.753231e-02 
-1.333171e-02 
-7.716321e-02 
-1.903376e-01 
-1.471494e-01 
-4.975165e-02 
-1.030688e-01 
-7.078364e-02 
6.898623e-02 
2.995385e-02 
1.700742e-01 
1.227027e-01 
2.098477e-01 
1.572125e-01 
1.879214e-01 
8.783616e-02 
1.590595e-01 
3.479788e-02 
1.058679e-01 
-2.937950e-03 
8.365668e-02 
7.056069e-04 
1.067718e-01 
3.798068e-02 
1.209773e-01 
5.132018e-02 
8.826729e-02 
2.176339e-03 
6.957661e-02 
-2.395017e-02 
3.865286e-02 
-7.171975e-02 
2.486777e-02 
-8.149748e-02 
1.503370e-02 
-5.835039e-02 
2.357110e-02 
-3.834847e-02 
4.158160e-02 
-6.027582e-02 
1.424813e-02 
-9.176796e-02 
-2.180258e-02 
-1.166369e-01 
-4.675595e-02 
-1.376530e-01 
-5.462792e-02 
-1.482114e-01 
-5.515659e-02 
-1.286793e-01 
-3.166138e-03 
-3.927228e-02 
8.742154e-02 
5.126030e-02 
1.678630e-01 
9.498192e-02 
1.993162e-01 
9.391473e-02 
1.777429e-01 
7.875229e-02 
1.369713e-01 
3.333252e-02 
9.422875e-02 
-1.305365e-02 
6.359860e-02 
-5.029719e-02 
3.499552e-02 
-8.031731e-02 
9.777097e-03 
-6.075370e-02 
3.414304e-02 
-1.154453e-02 
9.631659e-02 
1.403912e-02 
9.017676e-02 
-4.333345e-03 
5.310979e-02 
-4.804001e-02 
3.322574e-02 
-6.805961e-02 
2.017500e-02 
-7.861828e-02 
1.798802e-02 
-6.141933e-02 
5.135395e-02 
-1.512722e-02 
7.715312e-02 
1.410159e-02 
9.732034e-02 
4.510486e-03 
1.060164e-01 
9.244882e-03 
9.907324e-02 
6.075338e-03 
8.289528e-02 
-3.857560e-03 
9.271813e-02 
3.910121e-02 
1.331008e-01 
7.253449e-02 
1.445094e-01 
3.152151e-02 
8.993890e-02 
-1.550358e-02 
3.060249e-02 
-7.034823e-02 
4.951204e-03 
-9.544800e-02 
-1.476130e-03 
-7.889817e-02 
3.112240e-02 
-3.290048e-02 
8.972290e-02 
2.739647e-02 
1.193674e-01 
3.883868e-02 
9.623222e-02 
1.371253e-02 
7.040685e-02 
-1.262176e-02 
3.097103e-02 
-4.969227e-02 
-4.581696e-03 
-1.013934e-01 
-2.274574e-02 
-1.217799e-01 
-2.330996e-02 
-1.062150e-01 
-7.526480e-03 
-8.205783e-02 
2.495431e-02 
-4.235742e-02 
4.304552e-02 
-2.628277e-02 
3.935288e-02 
-3.611248e-02 
2.246922e-02 
-5.055072e-02 
1.037037e-02 
-4.771413e-02 
2.815131e-02 
-3.272801e-02 
4.831961e-02 
-7.498690e-03 
5.735441e-02 
-6.511291e-03 
4.831481e-02 
-3.247503e-02 
8.368560e-03 
-8.561764e-02 
-4.626271e-02 
-1.396468e-01 
-8.557240e-02 
-1.673267e-01 
-9.387844e-02 
-1.491258e-01 
-6.215440e-02 
-1.042263e-01 
-1.086924e-02 
-5.152366e-02 
2.569918e-02 
-2.199568e-02 
3.534074e-02 
-2.958312e-02 
1.457773e-02 
-5.226098e-02 
-4.864611e-03 
-6.412580e-02 
-1.135532e-02 
-6.352112e-02 
-1.418335e-03 
-4.441710e-02 
1.594971e-02 
-2.539813e-02 
3.477930e-02 
-1.287690e-02 
4.095163e-02 
-1.148097e-02 
3.191499e-02 
-3.161646e-02 
1.797674e-02 
-3.465782e-02 
2.015045e-03 
-5.049244e-02 
-7.281923e-03 
-6.568354e-02 
-2.814739e-02 
-7.163932e-02 
-3.141714e-02 
-5.783413e-02 
-7.532952e-03 
-5.174860e-02 
-2.117665e-02 
-7.737239e-02 
-6.164817e-02 
-1.163596e-01 
-6.083015e-02 
-8.612788e-02 
-3.354742e-02 
-3.778936e-02 
2.878489e-02 
1.819103e-02 
8.791165e-02 
7.525768e-02 
1.286466e-01 
1.004239e-01 
1.093103e-01 
5.358610e-02 
5.738186e-02 
2.624276e-02 
2.917316e-02 
-1.870709e-03 
1.569623e-02 
-3.182406e-02 
-2.300114e-02 
-5.576796e-02 
-1.474261e-02 
-1.188838e-02 
3.635773e-02 
1.877126e-02 
3.630589e-02 
-5.544330e-03 
3.237509e-03 
-2.782307e-02 
-5.237048e-04 
-1.839295e-02 
-1.040803e-03 
-1.226280e-02 
6.120681e-03 
5.398037e-04 
1.968419e-02 
3.053095e-02 
-2.108284e-02 
4.413224e-02 
-7.305039e-03 
6.950591e-02 
2.908007e-02 
1.035500e-01 
5.005391e-02 
9.934045e-02 
2.994316e-02 
8.935448e-02 
2.588459e-02 
7.479858e-02 
2.735195e-02 
9.538422e-02 
4.695886e-02 
1.123240e-01 
3.971379e-02 
9.529907e-02 
-2.712442e-04 
4.788220e-02 
-4.978232e-02 
-6.521079e-03 
-7.532503e-02 
-3.418037e-02 
-1.745131e-02 
-1.217372e-01 
3.634011e-03 
-1.185828e-01 
1.760447e-02 
-1.032859e-01 
2.251504e-02 
-9.888029e-02 
2.345841e-02 
-1.008612e-01 
1.840030e-02 
-8.947896e-02 
-1.127904e-02 
-1.286120e-01 
-2.172035e-02 
-1.657617e-01 
-3.696227e-02 
-1.382293e-01 
-1.226416e-02 
-1.064158e-01 
1.987970e-02 
-8.617889e-02 
3.976135e-02 
-7.265957e-02 
5.336435e-02 
-7.634574e-02 
6.202615e-02 
-6.648074e-02 
5.459982e-02 
-7.103559e-02 
5.240601e-02 
-8.078357e-02 
4.132817e-02 
-7.711663e-02 
4.354991e-02 
-5.526408e-02 
6.626143e-02 
-5.621050e-02 
7.806028e-02 
-5.608295e-02 
6.595626e-02 
-7.609366e-02 
3.667005e-02 
-9.800370e-02 
1.552512e-02 
-1.166802e-01 
8.975491e-04 
-1.213789e-01 
2.111923e-02 
-9.754269e-02 
3.160452e-02 
-7.703495e-02 
4.527123e-02 
-5.769867e-02 
8.922304e-02 
-4.411706e-02 
9.951813e-02 
-4.218795e-02 
7.992923e-02 
-5.253716e-02 
7.958906e-02 
-4.497101e-02 
8.733780e-02 
-4.253558e-02 
8.934782e-02 
-3.968837e-02 
9.608070e-02 
-3.121709e-02 
9.706717e-02 
-3.545150e-02 
8.155923e-02 
-7.491274e-02 
4.126787e-02 
-1.077913e-01 
5.408744e-03 
-1.212622e-01 
-4.036799e-03 
-1.243271e-01 
3.281257e-03 
-1.350729e-01 
-7.822508e-03 
-1.414310e-01 
-1.872222e-02 
-1.490325e-01 
-1.212861e-02 
-1.372051e-01 
-6.488112e-03 
-1.457946e-01 
-1.182944e-02 
-1.564869e-01 
-2.092736e-02 
-1.443103e-01 
2.661626e-03 
-9.731272e-02 
5.092603e-02 
-5.859463e-02 
8.842896e-02 
-3.189777e-02 
1.025079e-01 
-2.113590e-02 
1.148004e-01 
-1.146561e-02 
1.132808e-01 
-1.740751e-02 
1.032988e-01 
-3.573718e-02 
8.238593e-02 
-5.717960e-02 
6.207022e-02 
-6.981476e-02 
4.927743e-02 
-8.231306e-02 
3.747866e-02 
-1.050201e-01 
1.030282e-02 
-1.279589e-01 
-2.998394e-03 
-1.300618e-01 
3.226149e-03 
-1.098723e-01 
3.160660e-02 
-7.889065e-02 
5.763669e-02 
-5.389364e-02 
8.208954e-02 
-3.274078e-02 
8.520676e-02 
-3.914792e-02 
8.095457e-02 
-3.669298e-02 
9.694954e-02 
-1.797113e-02 
1.209941e-01 
-5.938531e-04 
1.158581e-01 
-1.149843e-02 
1.076305e-01 
-9.027280e-03 
1.238209e-01 
1.432547e-02 
1.328159e-01 
1.541897e-02 
1.360168e-01 
1.387468e-02 
1.295362e-01 
1.172691e-02 
1.209681e-01 
-2.781899e-03 
1.039274e-01 
-3.335086e-02 
7.314495e-02 
-4.895717e-02 
5.612206e-02 
-5.920185e-02 
6.006775e-02 
-4.495440e-02 
7.599446e-02 
-2.924558e-02 
8.796517e-02 
-2.020272e-02 
9.442032e-02 
-1.431108e-02 
1.018966e-01 
-1.218812e-03 
1.089684e-01 
-2.669767e-03 
1.102300e-01 
-9.107064e-04 
1.032464e-01 
-4.862719e-03 
1.012773e-01 
-6.201697e-03 
9.510491e-02 
-1.632739e-02 
7.932316e-02 
-3.470652e-02 
5.938727e-02 
-5.308419e-02 
4.593380e-02 
-6.054079e-02 
3.768174e-02 
-6.315680e-02 
4.017286e-02 
-6.098794e-02 
4.119622e-02 
-5.200115e-02 
4.532120e-02 
-5.860898e-02 
3.997397e-02 
-5.640967e-02 
2.629035e-02 
-7.502688e-02 
2.324212e-02 
-6.967135e-02 
5.055076e-02 
-2.961907e-02 
4.991220e-02 
-4.924787e-02 
2.832083e-02 
-5.778231e-02 
2.241254e-02 
-3.389330e-02 
6.241969e-02 
-2.806483e-02 
6.540013e-02 
-4.671756e-02 
3.909463e-02 
-4.304596e-02 
5.058853e-02 
-4.089684e-02 
5.482675e-02 
-4.854478e-02 
3.108378e-02 
-4.643442e-02 
1.830760e-02 
-5.357482e-02 
1.497909e-02 
-5.842247e-02 
1.269700e-02 
-7.723115e-02 
-1.965948e-02 
-1.115374e-01 
-3.921225e-02 
-1.116007e-01 
-3.349272e-02 
-7.863830e-02 
-2.079801e-03 
-7.063757e-02 
-1.218658e-04 
-6.049297e-02 
8.688869e-03 
-5.555258e-02 
1.931715e-02 
-6.376316e-02 
1.148262e-02 
-5.584190e-02 
3.974107e-03 
-3.886385e-02 
3.295818e-02 
-2.463587e-02 
4.160728e-02 
-9.626552e-03 
4.442839e-02 
-2.307996e-02 
5.146317e-02 
-1.445269e-02 
4.556253e-02 
5.303464e-03 
4.570175e-02 
-1.671269e-02 
4.334670e-02 
-9.125668e-03 
2.247281e-02 
-2.126299e-02 
1.284764e-02 
-5.499827e-02 
-6.612839e-03 
-6.269250e-02 
-1.502628e-02 
-5.932231e-02 
-1.608550e-02 
-7.081605e-02 
-3.035112e-02 
-6.498392e-02 
-3.429977e-02 
-6.200037e-02 
-1.550349e-02 
-6.130115e-02 
-1.123315e-02 
-3.814613e-02 
5.259328e-03 
-2.596503e-02 
1.573461e-02 
-2.400302e-02 
9.149603e-03 
-1.519750e-02 
3.034382e-02 
1.359763e-02 
5.646044e-02 
1.816814e-02 
3.349335e-02 
3.884150e-03 
2.872612e-02 
9.877193e-03 
5.873970e-02 
4.361550e-02 
6.664996e-02 
3.910707e-02 
5.121253e-02 
2.276551e-02 
3.857311e-02 
1.907078e-02 
3.398381e-02 
1.460191e-02 
3.064660e-02 
8.459385e-03 
2.890697e-02 
1.415179e-02 
2.105361e-02 
3.320735e-03 
1.541554e-02 
4.102711e-03 
2.295248e-02 
2.498160e-02 
4.010366e-02 
3.234397e-02 
3.690960e-02 
2.861286e-02 
4.026847e-02 
4.780175e-02 
6.445008e-02 
6.708395e-02 
7.240602e-02 
6.143587e-02 
5.235505e-02 
4.888336e-02 
4.576049e-02 
4.430117e-02 
3.768140e-02 
3.213187e-02 
1.771989e-02 
1.282554e-02 
-1.231226e-04 
-2.864653e-03 
-1.720423e-02 
-1.626847e-02 
-2.846171e-02 
-1.605793e-02 
-1.955971e-02 
-3.789749e-03 
-1.137856e-02 
2.419639e-03 
-1.413632e-02 
-3.709828e-04 
-1.176574e-02 
8.832669e-03 
-3.637798e-03 
1.493435e-02 
-4.547483e-03 
1.247035e-02 
-7.163398e-03 
1.473219e-02 
-4.464376e-03 
1.815539e-02 
-1.008316e-02 
4.673858e-03 
-2.724912e-02 
-8.836194e-03 
-3.981510e-02 
-1.647347e-02 
-4.723545e-02 
-2.281715e-02 
-5.440777e-02 
-2.592923e-02 
-5.652638e-02 
-2.558335e-02 
-6.039135e-02 
-3.310636e-02 
-7.161182e-02 
-3.950440e-02 
-7.316514e-02 
-3.247711e-02 
-6.397471e-02 
-2.498141e-02 
-6.280853e-02 
-2.348350e-02 
-6.074667e-02 
-1.558765e-02 
-4.974936e-02 
-8.377146e-04 
-3.673951e-02 
1.264379e-02 
-2.436789e-02 
2.906844e-02 
-5.837542e-03 
4.941806e-02 
9.633476e-03 
6.227046e-02 
1.733456e-02 
6.785560e-02 
1.934870e-02 
6.902128e-02 
1.508802e-02 
6.254861e-02 
5.263664e-03 
5.372676e-02 
-3.812610e-03 
4.647704e-02 
-1.466467e-02 
3.266362e-02 
-3.374564e-02 
1.333350e-02 
-5.087378e-02 
6.042588e-03 
-5.038880e-02 
1.466479e-02 
-3.916132e-02 
2.863503e-02 
-2.490743e-02 
4.712084e-02 
-5.633702e-03 
6.695898e-02 
1.001488e-02 
8.019344e-02 
1.943212e-02 
9.050839e-02 
2.901660e-02 
1.014864e-01 
3.828298e-02 
1.104194e-01 
4.129537e-02 
1.059858e-01 
2.870816e-02 
9.127740e-02 
1.335375e-02 
7.814766e-02 
-7.627237e-03 
6.305077e-02 
-1.200263e-02 
5.753925e-02 
-1.585336e-02 
5.217181e-02 
-3.607243e-02 
2.452931e-02 
-6.173611e-02 
1.479634e-02 
-5.703457e-02 
3.040380e-02 
-4.845706e-02 
3.196577e-02 
-5.419118e-02 
2.033168e-02 
-6.162636e-02 
3.068318e-02 
-4.120178e-02 
4.932839e-02 
-2.840064e-02 
5.552831e-02 
-2.521565e-02 
6.734196e-02 
-9.567398e-03 
8.415992e-02 
4.297770e-03 
9.553024e-02 
1.157412e-02 
1.019251e-01 
1.265599e-02 
9.522284e-02 
-9.357205e-04 
7.701797e-02 
-2.647509e-02 
5.412686e-02 
-4.612765e-02 
3.814316e-02 
-5.576958e-02 
2.951025e-02 
-7.607341e-02 
1.582268e-02 
-9.125473e-02 
-1.199331e-02 
-1.131868e-01 
-3.001584e-02 
-1.172814e-01 
-1.829565e-02 
-9.689888e-02 
1.106972e-02 
-7.647864e-02 
3.153195e-02 
-7.429707e-02 
3.398767e-02 
-5.333108e-02 
5.403730e-02 
-3.105699e-02 
8.020766e-02 
-1.770198e-02 
7.813843e-02 
-2.887221e-02 
6.425148e-02 
-3.786157e-02 
5.968181e-02 
-4.181186e-02 
5.629007e-02 
-4.523583e-02 
5.206580e-02 
-5.826835e-02 
4.357192e-02 
-6.404592e-02 
3.473620e-02 
-6.492797e-02 
3.991611e-02 
-6.263606e-02 
4.044945e-02 
-7.019283e-02 
2.596287e-02 
-9.024984e-02 
6.233864e-03 
-1.041619e-01 
-1.289882e-04 
-1.079305e-01 
-9.574739e-03 
-1.219957e-01 
-1.815329e-02 
-1.281052e-01 
-1.769972e-02 
-1.166547e-01 
-6.559367e-04 
-9.845227e-02 
1.704832e-02 
-8.466107e-02 
2.872577e-02 
-7.474679e-02 
3.734871e-02 
-6.688622e-02 
4.414460e-02 
-6.397450e-02 
4.191565e-02 
-6.938710e-02 
3.278719e-02 
-8.699752e-02 
1.376224e-02 
-1.039767e-01 
7.018638e-04 
-1.105543e-01 
-1.121125e-03 
-1.109298e-01 
-2.703828e-03 
-1.146651e-01 
-6.060770e-03 
-1.142174e-01 
1.056078e-05 
-1.046249e-01 
1.192065e-02 
-9.280421e-02 
1.992204e-02 
-8.850053e-02 
2.511522e-02 
-8.288788e-02 
3.045300e-02 
-7.764248e-02 
3.526779e-02 
-7.203627e-02 
4.188812e-02 
-6.502148e-02 
4.851106e-02 
-5.938660e-02 
5.394408e-02 
-5.262989e-02 
6.427787e-02 
-4.029391e-02 
7.428769e-02 
-3.394488e-02 
7.574055e-02 
-3.800867e-02 
6.868467e-02 
-4.376425e-02 
6.618725e-02 
-4.311109e-02 
6.704738e-02 
-4.355523e-02 
6.538656e-02 
-4.495225e-02 
6.473962e-02 
-4.388214e-02 
6.797502e-02 
-3.869352e-02 
7.462359e-02 
-2.970243e-02 
8.442607e-02 
-1.969582e-02 
9.394970e-02 
-1.096960e-02 
1.009172e-01 
-4.631204e-03 
1.072335e-01 
2.408460e-03 
1.127702e-01 
4.778473e-03 
1.106179e-01 
5.992265e-04 
1.062860e-01 
-1.980933e-03 
1.053042e-01 
-1.584868e-03 
1.045522e-01 
-3.562933e-03 
1.013067e-01 
-5.588609e-03 
9.997498e-02 
-6.256356e-03 
1.000949e-01 
-5.429841e-03 
9.788056e-02 
-1.071888e-02 
8.862019e-02 
-2.127505e-02 
7.575381e-02 
-3.628406e-02 
5.956545e-02 
-5.082648e-02 
4.832016e-02 
-5.766168e-02 
4.306551e-02 
-6.258312e-02 
3.626657e-02 
-7.043110e-02 
2.859406e-02 
-7.375448e-02 
2.976005e-02 
-6.692289e-02 
3.906884e-02 
-5.583469e-02 
4.903904e-02 
-4.633955e-02 
5.681519e-02 
-4.075224e-02 
5.860190e-02 
-4.210931e-02 
5.303394e-02 
-4.923703e-02 
4.402591e-02 
-5.687343e-02 
3.731310e-02 
-6.142963e-02 
3.371978e-02 
-6.216288e-02 
3.546437e-02 
-5.720985e-02 
4.054775e-02 
-5.245018e-02 
4.260749e-02 
-5.187613e-02 
4.072643e-02 
-5.466794e-02 
3.597927e-02 
-5.966638e-02 
2.893301e-02 
-6.767427e-02 
1.775106e-02 
-8.075549e-02 
2.358044e-03 
-9.522112e-02 
-1.185645e-02 
-1.079148e-01 
-2.454890e-02 
-1.183525e-01 
-3.354791e-02 
-1.240252e-01 
-3.838091e-02 
-1.268312e-01 
-3.969958e-02 
-1.239055e-01 
-3.412159e-02 
-1.144344e-01 
-2.339706e-02 
-1.017224e-01 
-1.054182e-02 
-8.730969e-02 
3.412438e-03 
-7.296787e-02 
1.476537e-02 
-6.477966e-02 
1.723195e-02 
-6.546437e-02 
1.311006e-02 
-6.951953e-02 
9.101472e-03 
-7.020789e-02 
1.124565e-02 
-6.332224e-02 
1.983092e-02 
-5.287028e-02 
2.862056e-02 
-4.490335e-02 
3.348716e-02 
-4.114195e-02 
3.479694e-02 
-4.031672e-02 
3.306129e-02 
-4.257151e-02 
2.916549e-02 
-4.487416e-02 
2.767580e-02 
-4.310772e-02 
3.115206e-02 
-3.590376e-02 
3.983902e-02 
-2.452497e-02 
5.107743e-02 
-1.166352e-02 
6.372723e-02 
2.610663e-03 
7.712834e-02 
1.697198e-02 
9.089429e-02 
3.233420e-02 
1.052169e-01 
4.647459e-02 
1.165368e-01 
5.704359e-02 
1.230782e-01 
6.051116e-02 
1.224039e-01 
5.836067e-02 
1.154580e-01 
4.819188e-02 
1.008531e-01 
3.163619e-02 
8.222898e-02 
1.523226e-02 
6.842837e-02 
8.400053e-03 
6.612450e-02 
1.097851e-02 
6.971947e-02 
1.560662e-02 
7.123935e-02 
1.279763e-02 
6.093196e-02 
-3.254827e-04 
4.466721e-02 
-1.164450e-02 
3.999348e-02 
-7.449232e-03 
5.034983e-02 
9.175489e-03 
7.021707e-02 
3.150742e-02 
9.181622e-02 
5.149415e-02 
1.054799e-01 
5.809743e-02 
1.009746e-01 
4.797744e-02 
8.760658e-02 
3.818483e-02 
8.035725e-02 
3.671118e-02 
8.065364e-02 
3.696964e-02 
7.669337e-02 
2.868691e-02 
6.142476e-02 
9.288890e-03 
3.761663e-02 
-1.325238e-02 
1.652001e-02 
-2.999372e-02 
5.887561e-04 
-4.329359e-02 
-1.297885e-02 
-5.609553e-02 
-2.632251e-02 
-6.717735e-02 
-3.632593e-02 
-7.339404e-02 
-4.002529e-02 
-7.297779e-02 
-3.847663e-02 
-6.899420e-02 
-3.522492e-02 
-6.438441e-02 
-3.232523e-02 
-6.135518e-02 
-3.092013e-02 
-5.850650e-02 
-2.850471e-02 
-5.404539e-02 
-2.170263e-02 
-4.108020e-02 
-5.068273e-03 
-2.025619e-02 
1.522004e-02 
-1.663426e-03 
2.682115e-02 
2.695706e-03 
2.042182e-02 
-1.166601e-02 
-1.100993e-03 
-3.400981e-02 
-2.117524e-02 
-4.602476e-02 
-2.674256e-02 
-4.475646e-02 
-2.308519e-02 
-3.925243e-02 
-2.027365e-02 
-3.875610e-02 
-2.541038e-02 
-4.674355e-02 
-3.559668e-02 
-5.407597e-02 
-3.998316e-02 
-5.249406e-02 
-3.441359e-02 
-4.159037e-02 
-2.130761e-02 
-2.610209e-02 
-6.809607e-03 
-1.081188e-02 
6.996579e-03 
3.305261e-03 
1.970303e-02 
1.706858e-02 
3.263368e-02 
3.075287e-02 
4.424627e-02 
4.101191e-02 
5.036723e-02 
4.449952e-02 
4.970548e-02 
4.300290e-02 
4.660092e-02 
4.062400e-02 
4.293445e-02 
3.772436e-02 
3.864655e-02 
3.320630e-02 
3.034614e-02 
2.083268e-02 
1.109118e-02 
-2.268214e-03 
-1.520927e-02 
-2.726211e-02 
-3.867244e-02 
-4.549186e-02 
-5.149911e-02 
-4.950881e-02 
-4.842818e-02 
-3.886276e-02 
-3.435571e-02 
-2.260251e-02 
-2.081274e-02 
-1.215155e-02 
-1.591203e-02 
-1.033933e-02 
-1.717444e-02 
-1.057537e-02 
-1.552123e-02 
-3.400956e-03 
-4.494811e-03 
1.153836e-02 
1.017571e-02 
2.514193e-02 
1.866116e-02 
2.821506e-02 
1.392400e-02 
1.848988e-02 
-3.865869e-05 
4.172777e-03 
-1.516583e-02 
-9.603817e-03 
-2.895205e-02 
-2.196920e-02 
-4.206968e-02 
-3.430561e-02 
-5.429940e-02 
-4.351549e-02 
-6.124505e-02 
-4.686650e-02 
-6.290797e-02 
-4.524693e-02 
-5.986517e-02 
-4.028332e-02 
-5.565450e-02 
-3.588482e-02 
-5.234584e-02 
-3.156789e-02 
-4.788807e-02 
-2.462157e-02 
-3.841516e-02 
-9.906691e-03 
-1.985357e-02 
1.258936e-02 
3.164134e-03 
3.555092e-02 
2.279474e-02 
5.117190e-02 
3.121133e-02 
5.333577e-02 
2.722833e-02 
4.667334e-02 
1.860218e-02 
3.912031e-02 
1.225692e-02 
3.619933e-02 
1.141280e-02 
3.742827e-02 
1.129585e-02 
3.506469e-02 
4.026328e-03 
2.395098e-02 
-1.118243e-02 
7.457383e-03 
-2.793411e-02 
-5.608166e-03 
-3.591912e-02 
-6.456102e-03 
-3.210141e-02 
7.182408e-04 
-2.447377e-02 
9.383087e-03 
-1.608778e-02 
1.824154e-02 
-7.714531e-03 
2.793366e-02 
2.729972e-03 
3.968661e-02 
1.375796e-02 
5.045057e-02 
2.326049e-02 
5.949362e-02 
3.017387e-02 
6.485816e-02 
3.329910e-02 
6.700369e-02 
3.345165e-02 
6.614140e-02 
3.116677e-02 
6.373460e-02 
2.716208e-02 
5.757523e-02 
1.687961e-02 
4.416678e-02 
2.795253e-04 
2.578876e-02 
-1.966206e-02 
6.724392e-03 
-3.693376e-02 
-6.377056e-03 
-4.579276e-02 
-1.031205e-02 
-4.642309e-02 
-8.580952e-03 
-4.499550e-02 
-7.917651e-03 
-4.604262e-02 
-9.737231e-03 
-4.836396e-02 
-1.040918e-02 
-4.650196e-02 
-4.060244e-03 
-3.557228e-02 
1.169958e-02 
-1.690714e-02 
3.185306e-02 
1.765729e-03 
4.753215e-02 
1.255534e-02 
5.324938e-02 
1.272329e-02 
4.954781e-02 
6.621253e-03 
4.358488e-02 
1.408605e-03 
3.919370e-02 
-3.913742e-03 
3.247299e-02 
-1.292844e-02 
2.138903e-02 
-2.618898e-02 
6.890249e-03 
-4.142922e-02 
-7.407510e-03 
-5.433528e-02 
-1.851424e-02 
-6.412831e-02 
-2.697710e-02 
-7.165747e-02 
-3.315313e-02 
-7.661588e-02 
-3.587111e-02 
-7.600399e-02 
-3.052120e-02 
-6.587631e-02 
-1.573969e-02 
-4.761865e-02 
4.839119e-03 
-2.667439e-02 
2.432241e-02 
-9.951246e-03 
3.846598e-02 
1.840979e-03 
4.808175e-02 
9.121283e-03 
5.338465e-02 
1.287116e-02 
5.643307e-02 
1.544413e-02 
5.858551e-02 
1.685898e-02 
5.856973e-02 
1.452266e-02 
5.315911e-02 
5.924765e-03 
4.223462e-02 
-7.766530e-03 
2.396910e-02 
-2.680969e-02 
1.158717e-02 
-3.106664e-02 
1.441911e-02 
-2.660391e-02 
1.670153e-02 
-2.853768e-02 
5.791680e-03 
-4.079842e-02 
-2.097950e-03 
-4.063333e-02 
6.909142e-03 
-2.886333e-02 
1.820565e-02 
-2.096449e-02 
2.331419e-02 
-1.455935e-02 
3.511086e-02 
3.193952e-04 
5.124788e-02 
2.508344e-02 
7.121558e-02 
2.769655e-02 
7.034545e-02 
2.677203e-02 
5.992353e-02 
6.627253e-03 
3.568995e-02 
-9.505804e-03 
3.215870e-02 
-1.243660e-02 
2.437127e-02 
-1.316054e-02 
2.089146e-02 
-3.171703e-02 
-4.128632e-05 
-3.402788e-02 
7.436838e-03 
-2.841723e-02 
1.979594e-02 
-1.940151e-02 
1.635461e-02 
-2.939756e-02 
-2.914302e-04 
-5.445061e-02 
-1.820649e-02 
-5.445581e-02 
-8.949917e-03 
-2.691782e-02 
2.103074e-02 
-1.268616e-02 
2.775879e-02 
-1.591682e-02 
1.096267e-02 
-3.124152e-02 
1.806468e-02 
-1.212046e-02 
3.542415e-02 
7.566847e-03 
4.208325e-02 
-3.216801e-03 
2.647651e-02 
-1.625502e-02 
2.191051e-02 
-6.515723e-03 
2.926336e-02 
-7.571115e-03 
2.224472e-02 
-2.748021e-02 
-6.085114e-03 
-4.941822e-02 
-1.703077e-02 
-5.515542e-02 
-1.651357e-02 
-4.738041e-02 
-1.589576e-02 
-5.192665e-02 
-2.498324e-02 
-6.446270e-02 
-3.335266e-02 
-6.476361e-02 
-2.640797e-02 
-4.774387e-02 
-6.209555e-03 
-3.682768e-02 
-4.567628e-03 
-3.838330e-02 
-7.923876e-03 
-3.737612e-02 
4.130715e-03 
-1.756156e-02 
2.105509e-02 
-4.708630e-03 
2.621620e-02 
-3.163247e-03 
2.917282e-02 
1.627133e-03 
3.564371e-02 
1.075913e-02 
4.127727e-02 
1.138972e-02 
3.855769e-02 
5.438884e-03 
2.672429e-02 
-6.671949e-03 
1.759051e-02 
-1.336045e-02 
1.169534e-02 
-1.900542e-02 
8.480682e-04 
-3.494540e-02 
-2.024693e-02 
-5.653971e-02 
-3.587208e-02 
-6.261389e-02 
-3.610553e-02 
-5.755769e-02 
-2.838281e-02 
-4.988229e-02 
-2.220520e-02 
-4.149575e-02 
-1.192883e-02 
-2.827937e-02 
4.192443e-03 
-1.024825e-02 
1.977250e-02 
2.520192e-03 
2.795971e-02 
9.683374e-03 
3.579331e-02 
1.859055e-02 
4.419326e-02 
2.805299e-02 
5.204510e-02 
3.259391e-02 
5.205886e-02 
2.961025e-02 
4.501463e-02 
2.142591e-02 
3.678037e-02 
1.479999e-02 
2.992750e-02 
6.255746e-03 
1.543897e-02 
-1.287866e-02 
-7.109236e-03 
-3.420795e-02 
-2.444904e-02 
-4.545669e-02 
-3.274325e-02 
-5.115183e-02 
-3.727829e-02 
-5.432292e-02 
-4.044071e-02 
-5.458295e-02 
-3.747583e-02 
-4.692418e-02 
-2.686257e-02 
-3.332279e-02 
-1.197421e-02 
-1.639723e-02 
4.667355e-03 
8.756865e-04 
2.225072e-02 
1.954320e-02 
3.918916e-02 
3.437947e-02 
4.887230e-02 
3.799733e-02 
4.490488e-02 
2.927153e-02 
3.266441e-02 
1.733001e-02 
2.130443e-02 
7.813666e-03 
1.196488e-02 
-1.122438e-03 
1.250695e-03 
-1.214068e-02 
-1.051268e-02 
-2.313018e-02 
-2.150153e-02 
-3.234504e-02 
-2.993403e-02 
-3.864042e-02 
-3.489531e-02 
-4.102152e-02 
-3.596542e-02 
-3.911609e-02 
-3.197862e-02 
-3.204046e-02 
-2.304000e-02 
-2.016182e-02 
-1.008181e-02 
-5.120034e-03 
5.191362e-03 
1.099511e-02 
2.198095e-02 
2.961772e-02 
3.926426e-02 
4.536266e-02 
5.184279e-02 
5.572626e-02 
5.895050e-02 
6.105926e-02 
6.103965e-02 
6.170913e-02 
5.949131e-02 
5.910666e-02 
5.477564e-02 
5.318991e-02 
4.538820e-02 
4.093295e-02 
2.989580e-02 
2.450150e-02 
1.273445e-02 
9.616851e-03 
2.454456e-05 
1.013786e-03 
-5.397020e-03 
-4.172119e-04 
-4.268746e-03 
4.592268e-03 
3.193341e-03 
1.500619e-02 
1.451198e-02 
2.720810e-02 
2.536665e-02 
3.765775e-02 
3.504038e-02 
4.870891e-02 
4.653755e-02 
6.189139e-02 
5.968327e-02 
7.531491e-02 
7.161047e-02 
8.534855e-02 
7.676537e-02 
8.707891e-02 
7.514527e-02 
8.445280e-02 
7.063096e-02 
7.789459e-02 
5.945597e-02 
6.341686e-02 
4.133446e-02 
4.356001e-02 
1.933073e-02 
2.061607e-02 
-5.465071e-03 
-3.833648e-03 
-2.914926e-02 
-2.500081e-02 
-4.892195e-02 
-4.172778e-02 
-6.321584e-02 
-5.129167e-02 
-6.892515e-02 
-5.330923e-02 
-6.928915e-02 
-5.019984e-02 
-6.329323e-02 
-4.091329e-02 
-5.315540e-02 
-3.007156e-02 
-4.230981e-02 
-1.708346e-02 
-2.933917e-02 
-5.965482e-03 
-2.313707e-02 
-2.421720e-03 
-2.172311e-02 
1.496006e-04 
-1.557073e-02 
1.182922e-02 
-7.238895e-03 
1.771607e-02 
-7.293763e-03 
4.301114e-03 
-2.361698e-02 
-6.549420e-03 
-2.932870e-02 
-4.939698e-03 
-2.733285e-02 
-7.032674e-03 
-3.880447e-02 
-2.434533e-02 
-5.778111e-02 
-3.764056e-02 
-6.354510e-02 
-4.017728e-02 
-6.799214e-02 
-4.407030e-02 
-7.451501e-02 
-5.118314e-02 
-7.598496e-02 
-4.669520e-02 
-6.612166e-02 
-2.932822e-02 
-4.341719e-02 
-2.165716e-03 
-1.727312e-02 
1.975689e-02 
-3.168950e-03 
2.889272e-02 
2.860642e-03 
3.458897e-02 
1.073906e-02 
4.545062e-02 
1.845334e-02 
4.929758e-02 
1.688896e-02 
4.311400e-02 
1.043092e-02 
4.133830e-02 
1.218720e-02 
4.383837e-02 
1.002809e-02 
3.709586e-02 
4.172219e-04 
2.941691e-02 
-5.583714e-03 
2.539878e-02 
-8.451100e-03 
2.311430e-02 
-1.099612e-02 
2.252468e-02 
-1.200099e-02 
1.986584e-02 
-1.680677e-02 
1.467640e-02 
-2.120000e-02 
1.365579e-02 
-1.958926e-02 
1.729708e-02 
-1.720884e-02 
1.787650e-02 
-1.889311e-02 
1.821215e-02 
-1.460469e-02 
2.691636e-02 
-3.470181e-03 
3.863475e-02 
5.135112e-03 
4.443483e-02 
8.294521e-03 
4.578183e-02 
6.344883e-03 
4.024661e-02 
-3.780217e-03 
2.716313e-02 
-1.960829e-02 
1.035115e-02 
-3.668083e-02 
-4.570175e-03 
-4.964718e-02 
-1.434302e-02 
-5.603374e-02 
-1.711891e-02 
-5.748492e-02 
-1.843989e-02 
-6.081966e-02 
-2.296025e-02 
-6.609878e-02 
-2.718768e-02 
-6.865827e-02 
-2.635194e-02 
-6.537523e-02 
-2.148625e-02 
-6.128775e-02 
-1.840541e-02 
-5.934705e-02 
-1.557262e-02 
-5.609993e-02 
-1.264979e-02 
-5.500625e-02 
-1.274307e-02 
-5.607722e-02 
-1.301390e-02 
-5.554509e-02 
-1.111413e-02 
-5.308133e-02 
-7.550888e-03 
-4.878313e-02 
-1.677800e-03 
-4.235882e-02 
4.522229e-03 
-3.819982e-02 
6.905114e-03 
-3.779422e-02 
6.636373e-03 
-3.874101e-02 
5.206810e-03 
-4.183110e-02 
6.274714e-04 
-4.792339e-02 
-5.027784e-03 
-5.180187e-02 
-5.096152e-03 
-4.793032e-02 
2.567184e-03 
-3.818993e-02 
1.395803e-02 
-2.605649e-02 
2.646996e-02 
-1.525026e-02 
3.493820e-02 
-9.366702e-03 
3.975051e-02 
-5.138826e-03 
4.425023e-02 
-3.949711e-04 
5.023541e-02 
6.787078e-03 
5.867941e-02 
1.505182e-02 
6.634124e-02 
2.141634e-02 
7.197038e-02 
2.590820e-02 
7.496786e-02 
2.635403e-02 
7.363386e-02 
2.435577e-02 
7.266408e-02 
2.435730e-02 
7.296696e-02 
2.338389e-02 
7.061560e-02 
1.932474e-02 
6.555338e-02 
1.302824e-02 
5.818979e-02 
4.156833e-03 
4.812060e-02 
-7.160334e-03 
3.654326e-02 
-1.775169e-02 
2.867326e-02 
-2.285666e-02 
2.623632e-02 
-2.309586e-02 
2.888172e-02 
-1.747244e-02 
3.719862e-02 
-8.175296e-03 
4.630972e-02 
-2.924210e-04 
5.269413e-02 
4.169829e-03 
5.534218e-02 
4.645580e-03 
5.360508e-02 
3.147613e-04 
4.721489e-02 
-7.168561e-03 
4.061581e-02 
-1.172317e-02 
3.857649e-02 
-1.221910e-02 
3.836401e-02 
-1.332569e-02 
3.623911e-02 
-1.659080e-02 
3.174045e-02 
-2.306491e-02 
2.313948e-02 
-3.303091e-02 
1.376437e-02 
-4.047994e-02 
8.631684e-03 
-4.423341e-02 
5.728706e-03 
-4.635574e-02 
4.585170e-03 
-4.703024e-02 
3.784774e-03 
-4.822793e-02 
2.794091e-03 
-4.830184e-02 
3.985235e-03 
-4.599329e-02 
7.692122e-03 
-4.047822e-02 
1.513274e-02 
-3.205931e-02 
2.324393e-02 
-2.501068e-02 
2.930351e-02 
-1.998872e-02 
3.267067e-02 
-1.904064e-02 
3.085529e-02 
-2.372564e-02 
2.341216e-02 
-3.322404e-02 
1.315379e-02 
-4.306505e-02 
4.281441e-03 
-5.054654e-02 
-1.161177e-03 
-5.317521e-02 
-9.905978e-04 
-5.071059e-02 
3.331267e-03 
-4.464787e-02 
1.036474e-02 
-3.793696e-02 
1.565576e-02 
-3.396911e-02 
1.882925e-02 
-3.120168e-02 
2.107492e-02 
-2.887883e-02 
2.438798e-02 
-2.398700e-02 
3.017437e-02 
-1.820444e-02 
3.534459e-02 
-1.340227e-02 
3.983628e-02 
-9.166682e-03 
4.353229e-02 
-5.815296e-03 
4.634874e-02 
-3.545306e-03 
4.803233e-02 
-1.915487e-03 
4.960625e-02 
-6.782469e-04 
4.949781e-02 
-2.523987e-03 
4.569329e-02 
-7.884702e-03 
3.869208e-02 
-1.619353e-02 
2.903956e-02 
-2.669784e-02 
1.806143e-02 
-3.685716e-02 
9.787290e-03 
-4.225312e-02 
7.012462e-03 
-4.240205e-02 
9.391434e-03 
-3.695572e-02 
1.746789e-02 
-2.687482e-02 
2.793133e-02 
-1.714310e-02 
3.567616e-02 
-1.148231e-02 
3.926722e-02 
-9.117344e-03 
4.025759e-02 
-9.543149e-03 
3.800723e-02 
-1.278438e-02 
3.429971e-02 
-1.600543e-02 
3.153685e-02 
-1.783759e-02 
3.041915e-02 
-1.809995e-02 
3.000117e-02 
-1.902646e-02 
2.771397e-02 
-2.240013e-02 
2.329291e-02 
-2.708481e-02 
1.806936e-02 
-3.260242e-02 
1.194966e-02 
-3.857814e-02 
6.424864e-03 
-4.297854e-02 
2.273972e-03 
-4.709371e-02 
-2.496256e-03 
-5.208167e-02 
-7.625433e-03 
-5.595278e-02 
-9.554767e-03 
-5.490495e-02 
-5.925273e-03 
-4.848493e-02 
2.888586e-03 
-3.707019e-02 
1.532499e-02 
-2.456923e-02 
2.667975e-02 
-1.397169e-02 
3.596069e-02 
-6.432404e-03 
4.006264e-02 
-5.783642e-03 
3.718242e-02 
-1.091805e-02 
3.013706e-02 
-1.861858e-02 
2.179063e-02 
-2.672403e-02 
1.372309e-02 
-3.396928e-02 
7.136883e-03 
-3.911325e-02 
2.879110e-03 
-4.207041e-02 
5.535104e-04 
-4.370225e-02 
-1.574744e-03 
-4.618969e-02 
-4.928775e-03 
-4.945143e-02 
-8.314988e-03 
-5.230649e-02 
-1.107339e-02 
-5.395906e-02 
-1.166421e-02 
-5.262447e-02 
-9.034047e-03 
-4.843060e-02 
-4.232824e-03 
-4.255467e-02 
2.012159e-03 
-3.563409e-02 
8.720630e-03 
-2.848766e-02 
1.603940e-02 
-2.017969e-02 
2.438586e-02 
-1.168591e-02 
3.203759e-02 
-4.645029e-03 
3.696939e-02 
-2.139199e-03 
3.582619e-02 
-6.151428e-03 
2.890146e-02 
-1.454957e-02 
1.904194e-02 
-2.473397e-02 
8.147032e-03 
-3.514921e-02 
-1.557010e-03 
-4.250062e-02 
-6.836409e-03 
-4.513052e-02 
-7.744865e-03 
-4.355049e-02 
-4.444584e-03 
-3.810792e-02 
1.892584e-03 
-3.068565e-02 
9.099695e-03 
-2.341096e-02 
1.564585e-02 
-1.660412e-02 
2.220935e-02 
-9.493295e-03 
2.886879e-02 
-2.715978e-03 
3.491934e-02 
3.346534e-03 
4.032204e-02 
9.122168e-03 
4.563174e-02 
1.434238e-02 
4.945456e-02 
1.717897e-02 
5.019860e-02 
1.643166e-02 
4.727883e-02 
1.281184e-02 
4.300787e-02 
9.076048e-03 
3.871613e-02 
4.838109e-03 
3.374110e-02 
3.328196e-05 
2.794501e-02 
-6.369235e-03 
2.008174e-02 
-1.408333e-02 
1.266852e-02 
-1.954536e-02 
8.855865e-03 
-2.032490e-02 
1.066531e-02 
-1.495064e-02 
1.793593e-02 
-6.016542e-03 
2.693999e-02 
3.456242e-03 
3.547272e-02 
1.160954e-02 
4.189066e-02 
1.741127e-02 
4.666033e-02 
2.185746e-02 
4.900185e-02 
2.270403e-02 
4.785230e-02 
2.119541e-02 
4.546853e-02 
1.879192e-02 
4.199373e-02 
1.552885e-02 
3.801583e-02 
1.154132e-02 
3.306920e-02 
6.982680e-03 
2.789878e-02 
1.830705e-03 
2.129407e-02 
-5.596357e-03 
1.207005e-02 
-1.507873e-02 
2.131931e-03 
-2.339389e-02 
-4.936235e-03 
-2.827843e-02 
-9.034657e-03 
-3.049675e-02 
-1.025453e-02 
-2.974425e-02 
-8.635812e-03 
-2.611386e-02 
-4.054685e-03 
-1.959379e-02 
3.162711e-03 
-1.061581e-02 
1.277349e-02 
1.658525e-04 
2.263853e-02 
9.613725e-03 
3.040552e-02 
1.645916e-02 
3.450581e-02 
1.831551e-02 
3.283439e-02 
1.461359e-02 
2.649432e-02 
7.291512e-03 
1.767196e-02 
-1.194920e-03 
8.945325e-03 
-8.440941e-03 
2.554614e-03 
-1.265617e-02 
-9.947650e-04 
-1.488693e-02 
-3.490518e-03 
-1.661056e-02 
-5.691127e-03 
-1.804578e-02 
-7.309066e-03 
-1.828097e-02 
-7.266049e-03 
-1.685377e-02 
-5.690215e-03 
-1.382632e-02 
-2.425021e-03 
-9.085783e-03 
2.749596e-03 
-1.882924e-03 
1.084142e-02 
8.011632e-03 
2.068730e-02 
1.851406e-02 
2.999456e-02 
2.724007e-02 
3.631370e-02 
3.221975e-02 
3.872157e-02 
3.344348e-02 
3.759892e-02 
3.146139e-02 
3.365761e-02 
2.692124e-02 
2.705585e-02 
1.938202e-02 
1.714364e-02 
8.295982e-03 
3.792014e-03 
-5.077385e-03 
-9.777201e-03 
-1.669302e-02 
-2.053360e-02 
-2.502235e-02 
-2.715155e-02 
-2.785330e-02 
-2.749396e-02 
-2.516723e-02 
-2.418345e-02 
-2.039018e-02 
-1.949056e-02 
-1.468746e-02 
-1.498788e-02 
-1.096845e-02 
-1.373781e-02 
-1.013330e-02 
-1.372265e-02 
-9.057314e-03 
-1.318986e-02 
-7.982728e-03 
-1.299949e-02 
-6.932299e-03 
-1.225031e-02 
-5.084941e-03 
-1.098953e-02 
-3.264580e-03 
-1.037071e-02 
-2.687443e-03 
-1.152498e-02 
-4.302772e-03 
-1.505211e-02 
-8.113476e-03 
-2.059101e-02 
-1.399651e-02 
-2.801513e-02 
-2.068788e-02 
-3.469143e-02 
-2.568606e-02 
-3.984155e-02 
-2.978361e-02 
-4.410971e-02 
-3.212952e-02 
-4.584614e-02 
-3.201034e-02 
-4.562281e-02 
-3.039783e-02 
-4.423603e-02 
-2.748313e-02 
-4.090235e-02 
-2.170337e-02 
-3.392104e-02 
-1.224326e-02 
-2.418116e-02 
-1.466738e-03 
-1.484590e-02 
6.956776e-03 
-9.392513e-03 
1.130045e-02 
-7.197826e-03 
1.356274e-02 
-5.809479e-03 
1.603030e-02 
-3.485191e-03 
1.993283e-02 
-6.806376e-05 
2.407398e-02 
3.385360e-03 
2.849616e-02 
7.571397e-03 
3.411283e-02 
1.167176e-02 
3.714621e-02 
1.155800e-02 
3.543903e-02 
7.464447e-03 
3.166777e-02 
3.087592e-03 
2.833113e-02 
-7.943567e-04 
2.497076e-02 
-5.953304e-03 
2.027758e-02 
-1.117777e-02 
1.724574e-02 
-1.227465e-02 
1.981433e-02 
-8.736001e-03 
2.518028e-02 
-3.034532e-03 
3.183677e-02 
1.499191e-03 
3.615717e-02 
3.774743e-03 
3.867035e-02 
6.011625e-03 
4.191872e-02 
8.400745e-03 
4.410019e-02 
7.338463e-03 
4.078200e-02 
1.085866e-03 
3.457288e-02 
-6.327125e-03 
2.926297e-02 
-1.090659e-02 
2.588280e-02 
-1.515172e-02 
2.278841e-02 
-1.841352e-02 
2.183311e-02 
-1.883589e-02 
2.269724e-02 
-1.907449e-02 
2.194906e-02 
-2.272574e-02 
1.737463e-02 
-2.925023e-02 
1.086346e-02 
-3.676784e-02 
5.168615e-03 
-4.224758e-02 
1.489146e-03 
-4.557654e-02 
8.049498e-05 
-4.710138e-02 
1.724844e-04 
-4.693830e-02 
2.587357e-03 
-4.415363e-02 
6.740180e-03 
-4.063409e-02 
1.143207e-02 
-3.697725e-02 
1.462772e-02 
-3.634213e-02 
1.483750e-02 
-3.806117e-02 
1.287561e-02 
-4.239600e-02 
7.896458e-03 
-4.893796e-02 
2.359388e-03 
-5.496199e-02 
-2.409414e-03 
-5.995303e-02 
-5.721101e-03 
-6.317021e-02 
-7.179262e-03 
-6.459538e-02 
-6.560363e-03 
-6.357175e-02 
-3.713121e-03 
-6.078165e-02 
1.267034e-03 
-5.537007e-02 
8.044372e-03 
-4.978762e-02 
1.370379e-02 
-4.583944e-02 
1.750879e-02 
-4.395796e-02 
1.963085e-02 
-4.246224e-02 
2.264850e-02 
-3.976953e-02 
2.680903e-02 
-3.553596e-02 
3.299813e-02 
-2.923209e-02 
4.076785e-02 
-2.223722e-02 
4.822553e-02 
-1.647112e-02 
5.360387e-02 
-1.319503e-02 
5.674579e-02 
-1.173106e-02 
5.819199e-02 
-1.218662e-02 
5.744120e-02 
-1.488255e-02 
5.469377e-02 
-1.913029e-02 
5.113452e-02 
-2.297557e-02 
4.907604e-02 
-2.489024e-02 
4.904938e-02 
-2.455842e-02 
5.153515e-02 
-2.184865e-02 
5.560018e-02 
-1.873046e-02 
5.910570e-02 
-1.653424e-02 
6.165402e-02 
-1.534438e-02 
6.309321e-02 
-1.519658e-02 
6.384952e-02 
-1.541269e-02 
6.395954e-02 
-1.682382e-02 
6.285965e-02 
-1.885258e-02 
6.207425e-02 
-1.959719e-02 
6.322817e-02 
-1.803979e-02 
6.675184e-02 
-1.449461e-02 
7.144125e-02 
-1.073255e-02 
7.540466e-02 
-8.600458e-03 
7.686512e-02 
-9.829454e-03 
7.432811e-02 
-1.516885e-02 
6.818272e-02 
-2.306668e-02 
6.075700e-02 
-3.119298e-02 
5.354108e-02 
-3.915596e-02 
4.643951e-02 
-4.665058e-02 
4.021452e-02 
-5.327408e-02 
3.473401e-02 
-5.862621e-02 
3.191000e-02 
-6.004353e-02 
3.297637e-02 
-5.866535e-02 
3.574257e-02 
-5.638603e-02 
3.859876e-02 
-5.456206e-02 
4.100165e-02 
-5.299568e-02 
4.270375e-02 
-5.331975e-02 
4.203684e-02 
-5.464876e-02 
4.221336e-02 
-5.477430e-02 
4.256395e-02 
-5.564806e-02 
4.199103e-02 
-5.716812e-02 
4.108318e-02 
-5.853434e-02 
4.079353e-02 
-5.955292e-02 
3.997767e-02 
-6.104399e-02 
4.013220e-02 
-6.051870e-02 
4.135856e-02 
-6.108956e-02 
3.989421e-02 
-6.433831e-02 
3.679203e-02 
-6.825271e-02 
3.367636e-02 
-7.171118e-02 
3.117063e-02 
-7.409709e-02 
3.092044e-02 
-7.330462e-02 
3.355125e-02 
-7.084926e-02 
3.651465e-02 
-6.857138e-02 
3.955116e-02 
-6.600969e-02 
4.318435e-02 
-6.201918e-02 
4.834613e-02 
-5.789663e-02 
5.188634e-02 
-5.607470e-02 
5.366508e-02 
-5.524887e-02 
5.413319e-02 
-5.669424e-02 
5.235754e-02 
-5.916807e-02 
5.096862e-02 
-6.009206e-02 
5.154079e-02 
-5.961637e-02 
5.250199e-02 
-5.945699e-02 
5.277881e-02 
-6.009235e-02 
5.222487e-02 
-6.162906e-02 
5.095430e-02 
-6.334586e-02 
4.996006e-02 
-6.423847e-02 
5.047495e-02 
-6.358373e-02 
5.140064e-02 
-6.374030e-02 
5.152338e-02 
-6.345257e-02 
5.314771e-02 
-6.199742e-02 
5.474984e-02 
-6.089876e-02 
5.660429e-02 
-5.926232e-02 
5.845387e-02 
-5.820785e-02 
5.941151e-02 
-5.852175e-02 
5.825072e-02 
-6.101236e-02 
5.612413e-02 
-6.307610e-02 
5.455534e-02 
-6.518462e-02 
5.287151e-02 
-6.669856e-02 
5.235122e-02 
-6.729764e-02 
5.224443e-02 
-6.734190e-02 
5.264081e-02 
-6.763353e-02 
5.274288e-02 
-6.659632e-02 
5.601786e-02 
-6.234337e-02 
6.053440e-02 
-5.875423e-02 
6.427935e-02 
-5.500057e-02 
6.807800e-02 
-5.226905e-02 
7.007279e-02 
-5.151961e-02 
7.018140e-02 
-5.226792e-02 
6.949235e-02 
-5.275196e-02 
6.982095e-02 
-5.247959e-02 
7.010571e-02 
-5.263730e-02 
6.999923e-02 
-5.273340e-02 
7.059167e-02 
-5.199175e-02 
7.134801e-02 
-5.162841e-02 
7.213551e-02 
-5.023729e-02 
7.405028e-02 
-4.922038e-02 
7.391843e-02 
-5.008512e-02 
7.321774e-02 
-5.102526e-02 
7.184297e-02 
-5.273251e-02 
7.066856e-02 
-5.341898e-02 
7.010048e-02 
-5.395927e-02 
7.060848e-02 
-5.206669e-02 
7.316978e-02 
-4.987847e-02 
7.504742e-02 
-4.792762e-02 
7.712583e-02 
-4.608406e-02 
7.874775e-02 
-4.433558e-02 
8.043800e-02 
-4.335378e-02 
8.029546e-02 
-4.416605e-02 
7.915210e-02 
-4.538649e-02 
7.814430e-02 
-4.537238e-02 
7.923576e-02 
-4.364514e-02 
8.095332e-02 
-4.162279e-02 
8.327895e-02 
-3.917149e-02 
8.488054e-02 
-3.840284e-02 
8.493526e-02 
-3.879046e-02 
8.332366e-02 
-4.139653e-02 
7.992659e-02 
-4.473733e-02 
7.649501e-02 
-4.796038e-02 
7.309510e-02 
-5.097013e-02 
7.040331e-02 
-5.259238e-02 
6.948150e-02 
-5.288718e-02 
6.853514e-02 
-5.393291e-02 
6.803842e-02 
-5.244048e-02 
7.067165e-02 
-4.952171e-02 
7.213513e-02 
-4.902536e-02 
7.169781e-02 
-4.924059e-02 
7.127705e-02 
-4.935345e-02 
7.051439e-02 
-5.019887e-02 
6.899251e-02 
-5.170953e-02 
6.674800e-02 
-5.379583e-02 
6.438212e-02 
-5.558839e-02 
6.228159e-02 
-5.720385e-02 
6.060675e-02 
-5.802338e-02 
5.935189e-02 
-5.893768e-02 
5.864409e-02 
-5.826089e-02 
5.898899e-02 
-5.836768e-02 
5.768722e-02 
-5.897084e-02 
5.676352e-02 
-6.054433e-02 
5.307896e-02 
-6.386564e-02 
5.060187e-02 
-6.461621e-02 
4.959702e-02 
-6.485936e-02 
4.966518e-02 
-6.346232e-02 
5.047400e-02 
-6.233052e-02 
5.150000e-02 
-6.006879e-02 
5.272644e-02 
-5.971978e-02 
5.124683e-02 
-6.075535e-02 
4.996949e-02 
-6.138681e-02 
4.835122e-02 
-6.248991e-02 
4.683162e-02 
-6.315723e-02 
4.540966e-02 
-6.409254e-02 
4.367834e-02 
-6.514700e-02 
4.189771e-02 
-6.614709e-02 
4.060624e-02 
-6.596205e-02 
4.075069e-02 
-6.476767e-02 
4.115323e-02 
-6.364586e-02 
4.158264e-02 
-6.225398e-02 
4.234719e-02 
-6.087477e-02 
4.244968e-02 
-6.079680e-02 
4.067553e-02 
-6.273401e-02 
3.752500e-02 
-6.482215e-02 
3.502467e-02 
-6.599292e-02 
3.381419e-02 
-6.518848e-02 
3.494488e-02 
-6.204499e-02 
3.838792e-02 
-5.662756e-02 
4.344930e-02 
-5.107616e-02 
4.709281e-02 
-4.764656e-02 
4.839706e-02 
-4.687933e-02 
4.672124e-02 
-4.876305e-02 
4.331682e-02 
-5.107178e-02 
4.060893e-02 
-5.233172e-02 
3.826164e-02 
-5.436779e-02 
3.497229e-02 
-5.582327e-02 
3.386340e-02 
-5.533631e-02 
3.266801e-02 
-5.666619e-02 
2.959856e-02 
-5.860374e-02 
2.717846e-02 
-5.932578e-02 
2.605337e-02 
-5.882519e-02 
2.574077e-02 
-5.814719e-02 
2.482180e-02 
-5.893597e-02 
2.212366e-02 
-6.054123e-02 
2.004268e-02 
-6.107427e-02 
1.796421e-02 
-6.264748e-02 
1.566502e-02 
-6.238643e-02 
1.584052e-02 
-6.097115e-02 
1.621932e-02 
-5.836308e-02 
1.898715e-02 
-5.417868e-02 
2.086661e-02 
-5.248680e-02 
2.068801e-02 
-5.167104e-02 
1.992123e-02 
-5.167861e-02 
1.821780e-02 
-5.306435e-02 
1.439823e-02 
-5.620401e-02 
1.056160e-02 
-5.759078e-02 
8.631249e-03 
-5.862196e-02 
5.887663e-03 
-5.941292e-02 
5.451983e-03 
-5.733657e-02 
6.298650e-03 
-5.579656e-02 
6.384798e-03 
-5.353304e-02 
8.528190e-03 
-4.937005e-02 
1.157066e-02 
-4.504941e-02 
1.435776e-02 
-4.102633e-02 
1.724754e-02 
-3.665315e-02 
1.977235e-02 
-3.379735e-02 
2.080969e-02 
-3.060936e-02 
2.347911e-02 
-2.710547e-02 
2.435494e-02 
-2.504894e-02 
2.600309e-02 
-2.150316e-02 
2.767409e-02 
-1.834774e-02 
3.034564e-02 
-1.461999e-02 
3.011382e-02 
-1.565772e-02 
2.808760e-02 
-1.500401e-02 
2.655438e-02 
-1.690778e-02 
2.370864e-02 
-1.566228e-02 
2.456126e-02 
-1.487078e-02 
2.347944e-02 
-1.163865e-02 
2.834863e-02 
-5.126446e-03 
3.218435e-02 
8.659580e-04 
3.863713e-02 
8.776689e-03 
4.316544e-02 
1.403128e-02 
4.820476e-02 
2.129610e-02 
5.267581e-02 
2.574826e-02 
5.545900e-02 
3.022222e-02 
5.756518e-02 
3.262120e-02 
5.760462e-02 
3.271612e-02 
5.363687e-02 
2.819384e-02 
4.730090e-02 
2.358138e-02 
4.029818e-02 
1.684642e-02 
3.233019e-02 
1.220516e-02 
2.718605e-02 
8.416600e-03 
2.187542e-02 
5.233860e-03 
1.741988e-02 
2.093013e-03 
1.289569e-02 
-1.507366e-04 
9.365678e-03 
-3.075782e-03 
3.981724e-03 
-6.346742e-03 
2.465530e-04 
-8.295541e-03 
-3.453156e-03 
-9.583183e-03 
-4.487078e-03 
-7.538275e-03 
-3.268864e-03 
-4.010207e-03 
9.842452e-05 
1.903694e-03 
3.874736e-03 
5.870977e-03 
5.554520e-03 
9.165806e-03 
7.046835e-03 
1.112081e-02 
5.832122e-03 
1.031679e-02 
2.990224e-03 
8.653166e-03 
-7.400560e-04 
6.111441e-03 
-5.397522e-03 
2.318486e-03 
-1.133195e-02 
-2.277569e-03 
-1.750945e-02 
-7.020955e-03 
-2.440635e-02 
-1.271502e-02 
-3.089580e-02 
-1.590403e-02 
-3.378191e-02 
-1.542492e-02 
-3.310036e-02 
-1.172314e-02 
-3.039379e-02 
-7.848923e-03 
-2.894070e-02 
-5.509518e-03 
-2.872024e-02 
-4.297665e-03 
-2.916559e-02 
-2.506442e-03 
-2.808006e-02 
6.210544e-04 
-2.636762e-02 
3.931024e-03 
-2.480876e-02 
6.669933e-03 
-2.368582e-02 
1.015919e-02 
-2.049836e-02 
1.528584e-02 
-1.817112e-02 
1.672335e-02 
-2.070131e-02 
1.418799e-02 
-2.516264e-02 
1.200409e-02 
-2.761434e-02 
1.211063e-02 
-2.902668e-02 
1.078378e-02 
-3.420821e-02 
5.384484e-03 
-4.083575e-02 
2.635899e-03 
-4.236621e-02 
3.603260e-03 
-4.396525e-02 
2.428622e-03 
-4.603683e-02 
3.792399e-03 
-4.432204e-02 
8.490336e-03 
-3.944006e-02 
1.676710e-02 
-3.158105e-02 
2.555011e-02 
-2.572515e-02 
3.156014e-02 
-2.240275e-02 
3.495284e-02 
-2.155851e-02 
3.700837e-02 
-2.067076e-02 
3.940864e-02 
-2.012832e-02 
4.122676e-02 
-1.947872e-02 
4.338713e-02 
-1.911492e-02 
4.515865e-02 
-1.802349e-02 
4.850061e-02 
-1.607822e-02 
5.068408e-02 
-1.706494e-02 
4.987322e-02 
-1.952917e-02 
4.939656e-02 
-2.059619e-02 
4.974481e-02 
-2.257954e-02 
4.822478e-02 
-2.535348e-02 
4.769073e-02 
-2.640866e-02 
4.843675e-02 
-2.666119e-02 
5.007579e-02 
-2.608341e-02 
5.146262e-02 
-2.699837e-02 
5.130842e-02 
-2.835331e-02 
5.184345e-02 
-2.853891e-02 
5.303025e-02 
-2.913944e-02 
5.313474e-02 
-3.036004e-02 
5.396347e-02 
-2.986725e-02 
5.579690e-02 
-3.017235e-02 
5.578895e-02 
-3.186339e-02 
5.525167e-02 
-3.380482e-02 
5.404084e-02 
-3.696280e-02 
5.137531e-02 
-4.138582e-02 
4.812438e-02 
-4.509991e-02 
4.659086e-02 
-4.727514e-02 
4.586732e-02 
-4.862590e-02 
4.658067e-02 
-4.827406e-02 
4.825149e-02 
-4.798178e-02 
4.965127e-02 
-4.743109e-02 
5.146260e-02 
-4.671380e-02 
5.347508e-02 
-4.531975e-02 
5.666605e-02 
-4.256457e-02 
6.061017e-02 
-4.036164e-02 
6.279489e-02 
-3.990305e-02 
6.449686e-02 
-3.876078e-02 
6.624621e-02 
-3.937564e-02 
6.555442e-02 
-4.140852e-02 
6.446246e-02 
-4.362765e-02 
6.314165e-02 
-4.586381e-02 
6.207764e-02 
-4.762215e-02 
6.165455e-02 
-4.836047e-02 
6.213249e-02 
-4.921507e-02 
6.178954e-02 
-5.020058e-02 
6.228517e-02 
-5.013136e-02 
6.372306e-02 
-4.944870e-02 
6.433313e-02 
-5.139352e-02 
6.257567e-02 
-5.229916e-02 
6.501240e-02 
-5.011413e-02 
6.659053e-02 
-5.027488e-02 
6.768012e-02 
-4.926935e-02 
6.991306e-02 
-4.681263e-02 
7.443589e-02 
-4.348842e-02 
7.564917e-02 
-4.544815e-02 
7.498622e-02 
-4.511929e-02 
7.534627e-02 
-4.798571e-02 
7.210697e-02 
-5.060051e-02 
7.144201e-02 
-5.250741e-02 
6.894646e-02 
-5.575724e-02 
6.666585e-02 
-5.885786e-02 
6.458812e-02 
-5.963776e-02 
6.608804e-02 
-5.897249e-02 
6.640889e-02 
-5.833960e-02 
7.024975e-02 
-5.361768e-02 
7.391203e-02 
-5.315278e-02 
7.386032e-02 
-5.257947e-02 
7.675632e-02 
-4.946669e-02 
7.885837e-02 
-5.080996e-02 
7.575196e-02 
-5.419332e-02 
7.455114e-02 
-5.513681e-02 
7.261222e-02 
-5.887931e-02 
6.987390e-02 
-6.050271e-02 
6.883795e-02 
-6.275153e-02 
6.680330e-02 
-6.427921e-02 
6.602013e-02 
-6.617167e-02 
6.347872e-02 
-6.932543e-02 
6.053111e-02 
-7.311971e-02 
5.629554e-02 
-7.793466e-02 
5.157792e-02 
-8.296562e-02 
4.725050e-02 
-8.637072e-02 
4.517106e-02 
-8.828014e-02 
4.355036e-02 
-8.939017e-02 
4.405039e-02 
-8.750242e-02 
4.727309e-02 
-8.377860e-02 
5.099830e-02 
-8.106863e-02 
5.288467e-02 
-7.961338e-02 
5.416285e-02 
-7.953072e-02 
5.273090e-02 
-8.189173e-02 
5.045024e-02 
-8.441147e-02 
4.682422e-02 
-8.943244e-02 
4.131079e-02 
-9.439845e-02 
3.748716e-02 
-9.656738e-02 
3.691155e-02 
-9.651252e-02 
3.604107e-02 
-9.882187e-02 
3.295943e-02 
-1.009436e-01 
3.282950e-02 
-9.889844e-02 
3.510073e-02 
-9.882042e-02 
3.170998e-02 
-1.028411e-01 
3.091294e-02 
-9.870485e-02 
3.652469e-02 
-9.559351e-02 
3.531807e-02 
-9.878680e-02 
3.298568e-02 
-9.683971e-02 
4.052643e-02 
-8.399224e-02 
5.413830e-02 
-7.396216e-02 
5.836676e-02 
-7.242075e-02 
5.995284e-02 
-6.933408e-02 
6.247053e-02 
-6.818491e-02 
6.145006e-02 
-7.005700e-02 
5.887383e-02 
-7.157955e-02 
5.834001e-02 
-7.065334e-02 
5.925137e-02 
-6.900878e-02 
6.143067e-02 
-6.493626e-02 
6.610176e-02 
-5.987055e-02 
6.990217e-02 
-5.639936e-02 
7.268976e-02 
-5.243743e-02 
7.746098e-02 
-4.633077e-02 
8.249495e-02 
-4.251026e-02 
8.390167e-02 
-4.140068e-02 
8.508744e-02 
-3.794016e-02 
8.976914e-02 
-3.215501e-02 
9.369373e-02 
-2.947838e-02 
9.556340e-02 
-2.522354e-02 
1.009763e-01 
-1.881455e-02 
1.060145e-01 
-1.354862e-02 
1.109053e-01 
-8.091526e-03 
1.145952e-01 
-4.874228e-03 
1.159955e-01 
-4.804814e-03 
1.119539e-01 
-1.225048e-02 
1.001668e-01 
-2.387015e-02 
8.922326e-02 
-3.332272e-02 
8.004413e-02 
-3.997414e-02 
7.410559e-02 
-4.094106e-02 
7.606424e-02 
-3.969498e-02 
7.450138e-02 
-4.183191e-02 
7.150452e-02 
-4.119111e-02 
7.321929e-02 
-3.979110e-02 
7.084610e-02 
-4.249474e-02 
6.790001e-02 
-4.241199e-02 
6.895061e-02 
-4.127151e-02 
6.733466e-02 
-4.215514e-02 
6.525461e-02 
-4.397976e-02 
6.247149e-02 
-4.696151e-02 
5.792684e-02 
-4.976150e-02 
5.504063e-02 
-5.082359e-02 
5.346612e-02 
-5.178127e-02 
4.983015e-02 
-5.585222e-02 
4.431649e-02 
-5.984707e-02 
4.076111e-02 
-6.182320e-02 
3.574837e-02 
-6.820074e-02 
2.635200e-02 
-7.802090e-02 
1.540892e-02 
-8.652628e-02 
8.176370e-03 
-8.960247e-02 
6.485030e-03 
-8.896979e-02 
6.548885e-03 
-8.658510e-02 
9.392616e-03 
-8.123138e-02 
1.420117e-02 
-7.618046e-02 
1.684980e-02 
-7.291829e-02 
1.781236e-02 
-7.289527e-02 
1.475880e-02 
-7.521968e-02 
1.301364e-02 
-7.282780e-02 
1.597352e-02 
-6.884109e-02 
1.720679e-02 
-6.828626e-02 
1.500397e-02 
-6.966612e-02 
1.264369e-02 
-7.027505e-02 
1.194381e-02 
-6.863141e-02 
1.219266e-02 
-6.814449e-02 
1.040828e-02 
-6.842924e-02 
1.044527e-02 
-6.547481e-02 
1.292907e-02 
-6.113870e-02 
1.645910e-02 
-5.659934e-02 
1.862057e-02 
-5.391082e-02 
2.013734e-02 
-4.996609e-02 
2.379881e-02 
-4.459612e-02 
2.855034e-02 
-3.676268e-02 
3.679348e-02 
-2.605593e-02 
4.681449e-02 
-1.418691e-02 
5.746732e-02 
-2.988002e-03 
6.515276e-02 
3.261498e-03 
6.710648e-02 
3.325259e-03 
6.231313e-02 
-2.610945e-03 
5.417425e-02 
-8.619798e-03 
4.837848e-02 
-1.141106e-02 
4.533480e-02 
-1.232992e-02 
4.359141e-02 
-1.189389e-02 
4.326957e-02 
-1.113448e-02 
4.115881e-02 
-1.287143e-02 
3.870412e-02 
-1.207597e-02 
3.907098e-02 
-1.093394e-02 
3.783925e-02 
-9.876375e-03 
4.011224e-02 
-4.241279e-03 
4.316177e-02 
-3.766954e-03 
3.778144e-02 
-9.557293e-03 
3.196013e-02 
-1.104013e-02 
3.090094e-02 
-1.088586e-02 
2.845330e-02 
-1.155622e-02 
2.894789e-02 
-6.799433e-03 
3.219091e-02 
-5.713499e-03 
2.741717e-02 
-1.054237e-02 
2.347244e-02 
-9.005997e-03 
2.604345e-02 
-5.850406e-03 
2.384930e-02 
-1.155275e-02 
1.255957e-02 
-2.376715e-02 
-2.066646e-03 
-3.695031e-02 
-1.557510e-02 
-4.600124e-02 
-2.107353e-02 
-4.413527e-02 
-1.600997e-02 
-3.594284e-02 
-1.071691e-02 
-3.209127e-02 
-1.095064e-02 
-3.266380e-02 
-1.464270e-02 
-3.667080e-02 
-2.111801e-02 
-4.102391e-02 
-2.458053e-02 
-3.996423e-02 
-2.200078e-02 
-3.331837e-02 
-1.514445e-02 
-2.539072e-02 
-1.157133e-02 
-2.465242e-02 
-1.572023e-02 
-2.810271e-02 
-1.904676e-02 
-2.786278e-02 
-1.885245e-02 
-2.579662e-02 
-1.801348e-02 
-2.275659e-02 
-1.527116e-02 
-1.763553e-02 
-1.097328e-02 
-1.166834e-02 
-6.458813e-03 
-6.371633e-03 
-4.316221e-03 
-5.315654e-03 
-7.128164e-03 
-8.150314e-03 
-1.114165e-02 
-9.204630e-03 
-1.206980e-02 
-8.077623e-03 
-1.250734e-02 
-7.145310e-03 
-1.175250e-02 
-2.405875e-03 
-4.922030e-03 
9.179979e-03 
7.280689e-03 
2.201417e-02 
1.530354e-02 
2.710823e-02 
1.547792e-02 
2.600385e-02 
1.080342e-02 
2.145166e-02 
6.052535e-03 
2.164440e-02 
8.910422e-03 
2.806885e-02 
1.443760e-02 
3.467034e-02 
1.900664e-02 
3.869268e-02 
1.837386e-02 
3.589406e-02 
1.267206e-02 
3.225147e-02 
9.618225e-03 
3.199362e-02 
8.412018e-03 
3.209057e-02 
8.287431e-03 
3.507466e-02 
1.096233e-02 
3.771262e-02 
9.146904e-03 
3.409331e-02 
3.177056e-03 
3.004993e-02 
-9.684108e-04 
2.787454e-02 
-4.026556e-03 
2.641797e-02 
-6.109766e-03 
2.592927e-02 
-7.928780e-03 
2.510106e-02 
-9.503865e-03 
2.611531e-02 
-7.655887e-03 
3.087371e-02 
-3.407587e-03 
3.545239e-02 
-2.551055e-03 
3.362280e-02 
-9.163250e-03 
2.607037e-02 
-1.833578e-02 
1.809781e-02 
-2.738417e-02 
1.108791e-02 
-3.265260e-02 
1.090557e-02 
-3.089958e-02 
1.453333e-02 
-2.923701e-02 
1.567227e-02 
-3.100536e-02 
1.313063e-02 
-3.600152e-02 
8.686614e-03 
-4.119888e-02 
4.968402e-03 
-4.537435e-02 
2.910355e-03 
-4.687548e-02 
3.962795e-03 
-4.543263e-02 
7.707013e-03 
-4.146170e-02 
1.339751e-02 
-3.701645e-02 
1.768179e-02 
-3.481445e-02 
1.997170e-02 
-3.422384e-02 
2.089192e-02 
-3.413499e-02 
2.296991e-02 
-3.123804e-02 
2.799172e-02 
-2.728102e-02 
3.162452e-02 
-2.566078e-02 
3.386798e-02 
-2.352258e-02 
3.780869e-02 
-2.037874e-02 
4.047156e-02 
-2.066247e-02 
3.903328e-02 
-2.400439e-02 
3.620201e-02 
-2.750984e-02 
3.406552e-02 
-2.894620e-02 
3.578512e-02 
-2.528299e-02 
4.238908e-02 
-1.840450e-02 
4.973003e-02 
-1.313527e-02 
5.338901e-02 
-1.333025e-02 
5.059424e-02 
-1.920574e-02 
4.479826e-02 
-2.441973e-02 
4.233493e-02 
-2.555429e-02 
4.381478e-02 
-2.241274e-02 
4.980721e-02 
-1.592569e-02 
5.617708e-02 
-1.244754e-02 
5.728392e-02 
-1.470637e-02 
5.366544e-02 
-1.948920e-02 
4.996200e-02 
-2.306772e-02 
4.737152e-02 
-2.555852e-02 
4.642008e-02 
-2.621742e-02 
4.624698e-02 
-2.757499e-02 
4.458586e-02 
-3.025064e-02 
4.194916e-02 
-3.363213e-02 
3.916684e-02 
-3.646815e-02 
3.671423e-02 
-4.002555e-02 
3.284681e-02 
-4.443438e-02 
2.931274e-02 
-4.767158e-02 
2.698955e-02 
-4.974880e-02 
2.662020e-02 
-4.810570e-02 
3.146946e-02 
-4.157022e-02 
3.804680e-02 
-3.789811e-02 
3.875209e-02 
-3.993741e-02 
3.555120e-02 
-4.400955e-02 
3.190578e-02 
-4.704826e-02 
3.038697e-02 
-4.754749e-02 
3.139639e-02 
-4.530215e-02 
3.467538e-02 
-4.337702e-02 
3.367057e-02 
-4.800469e-02 
2.694838e-02 
-5.549480e-02 
2.015967e-02 
-6.138954e-02 
1.569704e-02 
-6.457678e-02 
1.390939e-02 
-6.514058e-02 
1.486183e-02 
-6.334629e-02 
1.669635e-02 
-6.241779e-02 
1.663381e-02 
-6.333812e-02 
1.532938e-02 
-6.451893e-02 
1.522808e-02 
-6.272998e-02 
1.908380e-02 
-5.722276e-02 
2.584127e-02 
-4.942677e-02 
3.387287e-02 
-4.241231e-02 
3.875918e-02 
-3.923186e-02 
4.171431e-02 
-3.504287e-02 
4.648042e-02 
-3.134424e-02 
4.751366e-02 
-3.274639e-02 
4.436717e-02 
-3.648688e-02 
4.003507e-02 
-4.113576e-02 
3.512483e-02 
-4.516992e-02 
3.252177e-02 
-4.530802e-02 
3.444008e-02 
-4.203367e-02 
3.692128e-02 
-4.148471e-02 
3.436429e-02 
-4.600659e-02 
2.906506e-02 
-4.991325e-02 
2.707201e-02 
-4.918865e-02 
2.988984e-02 
-4.379661e-02 
3.662842e-02 
-3.642232e-02 
4.285840e-02 
-3.094269e-02 
4.734304e-02 
-2.645451e-02 
5.101473e-02 
-2.308377e-02 
5.358014e-02 
-2.035042e-02 
5.565488e-02 
-1.820942e-02 
5.718320e-02 
-1.642271e-02 
5.816238e-02 
-1.568569e-02 
5.774498e-02 
-1.638473e-02 
5.568373e-02 
-1.893353e-02 
5.210587e-02 
-2.220879e-02 
4.803179e-02 
-2.664092e-02 
4.234173e-02 
-3.179934e-02 
3.733174e-02 
-3.551340e-02 
3.397078e-02 
-3.691801e-02 
3.401798e-02 
-3.436027e-02 
3.745208e-02 
-2.923094e-02 
4.268980e-02 
-2.383170e-02 
4.566070e-02 
-2.248124e-02 
4.524253e-02 
-2.263888e-02 
4.398556e-02 
-2.390214e-02 
4.226474e-02 
-2.342306e-02 
4.421815e-02 
-1.948025e-02 
4.753757e-02 
-1.649611e-02 
4.775775e-02 
-1.857838e-02 
4.225816e-02 
-2.472164e-02 
3.543499e-02 
-3.043118e-02 
2.925057e-02 
-3.558973e-02 
2.411858e-02 
-3.894427e-02 
2.068012e-02 
-4.160884e-02 
1.680141e-02 
-4.549384e-02 
1.150778e-02 
-5.009831e-02 
6.753819e-03 
-5.291491e-02 
4.545893e-03 
-5.310404e-02 
4.409963e-03 
-5.161673e-02 
6.158540e-03 
-4.765839e-02 
1.052978e-02 
-4.188754e-02 
1.545857e-02 
-3.603701e-02 
2.096060e-02 
-2.918306e-02 
2.670258e-02 
-2.411776e-02 
2.830243e-02 
-2.451293e-02 
2.482831e-02 
-2.816117e-02 
2.020596e-02 
-3.149133e-02 
1.667638e-02 
-3.282768e-02 
1.616437e-02 
-3.103877e-02 
1.751776e-02 
-2.891205e-02 
1.855632e-02 
-2.729574e-02 
1.785812e-02 
-2.947858e-02 
1.273265e-02 
-3.378733e-02 
8.978004e-03 
-3.467325e-02 
8.745328e-03 
-3.236697e-02 
1.187730e-02 
-2.671726e-02 
1.710812e-02 
-2.102441e-02 
2.086705e-02 
-1.694874e-02 
2.381083e-02 
-1.279894e-02 
2.723571e-02 
-8.143523e-03 
3.116257e-02 
-2.765923e-03 
3.612887e-02 
3.840831e-03 
4.207887e-02 
1.079295e-02 
4.741133e-02 
1.589911e-02 
4.979956e-02 
1.757939e-02 
4.905133e-02 
1.698228e-02 
4.666903e-02 
1.482619e-02 
4.276874e-02 
1.165295e-02 
3.844007e-02 
8.158283e-03 
3.342119e-02 
3.862869e-03 
2.864173e-02 
1.757269e-03 
2.731657e-02 
2.869488e-03 
2.795108e-02 
4.358299e-03 
2.725864e-02 
2.757581e-03 
2.229968e-02 
-2.559082e-03 
1.597728e-02 
-6.540169e-03 
1.274240e-02 
-6.504872e-03 
1.403805e-02 
-2.193163e-03 
1.799633e-02 
2.470897e-03 
2.088296e-02 
5.941659e-03 
2.266671e-02 
7.846237e-03 
2.243643e-02 
8.146291e-03 
2.145349e-02 
7.783636e-03 
1.900714e-02 
5.642375e-03 
1.549509e-02 
2.942690e-03 
1.083538e-02 
-1.892881e-03 
3.668191e-03 
-8.843200e-03 
-4.912165e-03 
-1.660858e-02 
-1.357482e-02 
-2.345356e-02 
-2.067223e-02 
-2.861184e-02 
-2.579202e-02 
-3.083646e-02 
-2.681634e-02 
-2.834490e-02 
-2.333953e-02 
-2.218543e-02 
-1.736482e-02 
-1.501329e-02 
-1.190446e-02 
-9.356767e-03 
-8.262900e-03 
-5.707094e-03 
-6.959794e-03 
-4.461336e-03 
-7.580117e-03 
-4.356855e-03 
-8.697398e-03 
-4.251034e-03 
-9.000991e-03 
-2.291712e-03 
-6.894896e-03 
1.749368e-03 
-3.665373e-03 
5.617583e-03 
-2.073649e-03 
6.362565e-03 
-4.575599e-03 
3.381909e-03 
-9.182091e-03 
-2.483309e-05 
-1.335901e-02 
-2.825488e-03 
-1.670398e-02 
-4.194283e-03 
-1.795691e-02 
-3.321158e-03 
-1.741060e-02 
-1.400412e-03 
-1.645712e-02 
8.250144e-04 
-1.459550e-02 
4.773336e-03 
-1.069230e-02 
1.034542e-02 
-5.846027e-03 
1.639981e-02 
-7.733514e-04 
2.230497e-02 
3.829180e-03 
2.764736e-02 
7.654039e-03 
3.147010e-02 
9.063799e-03 
3.246414e-02 
7.854324e-03 
2.884342e-02 
-5.068697e-03 
